1	2
1	3
1	4
1	5
1	6
1	7
1	8
1	9
1	10
1	13
1	19
1	25
1	30
1	35
1	43
1	57
1	62
1	72
1	73
1	91
1	98
1	100
1	112
1	129
1	166
1	194
1	230
1	278
1	349
1	385
1	387
1	410
1	499
1	587
1	592
1	1247
1	1992
2	3
2	4
2	5
2	6
2	7
2	8
2	9
2	10
2	11
2	12
2	13
2	14
2	22
2	38
2	61
2	72
2	87
2	123
2	138
2	156
2	201
2	356
2	368
2	426
2	434
2	460
2	537
2	684
2	984
2	1243
2	1245
2	1681
3	4
3	5
3	6
3	7
3	8
3	9
3	10
3	16
3	17
3	22
3	28
3	36
3	43
3	49
3	67
3	74
3	101
3	108
3	139
3	255
3	261
3	358
3	427
3	656
3	685
3	759
3	1085
3	1386
3	1647
4	5
4	6
4	7
4	8
4	9
4	11
4	15
4	21
4	42
4	49
4	75
4	79
4	93
4	128
4	147
4	199
4	209
4	224
4	342
4	373
4	490
4	579
4	681
4	1183
4	1253
4	1280
4	1506
5	6
5	7
5	8
5	9
5	10
5	12
5	15
5	17
5	20
5	28
5	31
5	34
5	38
5	39
5	54
5	55
5	59
5	72
5	86
5	96
5	104
5	110
5	130
5	232
5	290
5	339
5	545
5	617
5	703
5	763
5	796
5	1304
5	1572
6	7
6	8
6	9
6	11
6	12
6	13
6	14
6	15
6	19
6	23
6	25
6	26
6	28
6	31
6	36
6	39
6	43
6	45
6	62
6	63
6	92
6	99
6	129
6	137
6	176
6	186
6	198
6	227
6	234
6	298
6	341
6	379
6	420
6	521
6	568
6	619
6	795
6	1033
6	1340
6	1837
7	8
7	9
7	13
7	14
7	17
7	18
7	21
7	26
7	32
7	42
7	56
7	61
7	68
7	128
7	150
7	153
7	162
7	208
7	218
7	249
7	440
7	578
7	635
7	689
7	745
7	887
7	916
7	923
7	1297
7	1440
8	9
8	14
8	16
8	18
8	20
8	22
8	24
8	29
8	37
8	45
8	47
8	51
8	58
8	76
8	89
8	98
8	105
8	106
8	121
8	184
8	193
8	253
8	287
8	692
8	735
8	743
8	860
8	891
8	1307
8	1782
8	1821
8	1969
9	10
9	11
9	19
9	27
9	41
9	42
9	43
9	61
9	90
9	94
9	125
9	155
9	161
9	178
9	214
9	269
9	605
9	673
9	989
9	1009
9	1115
9	1125
9	1207
10	11
10	12
10	14
10	15
10	17
10	34
10	35
10	36
10	40
10	53
10	56
10	62
10	63
10	65
10	67
10	115
10	124
10	125
10	169
10	190
10	262
10	315
10	389
10	416
10	459
10	532
10	725
10	799
10	1591
10	1638
11	12
11	13
11	16
11	18
11	19
11	25
11	26
11	30
11	35
11	66
11	86
11	95
11	205
11	225
11	252
11	276
11	295
11	311
11	317
11	340
11	380
11	538
11	617
11	770
11	818
11	833
11	1535
11	1545
11	1711
12	22
12	23
12	24
12	28
12	32
12	36
12	41
12	54
12	103
12	114
12	141
12	142
12	146
12	189
12	317
12	435
12	551
12	791
12	863
12	1055
12	1112
12	1165
12	1441
12	1877
13	15
13	18
13	23
13	33
13	40
13	50
13	80
13	130
13	133
13	147
13	149
13	171
13	195
13	202
13	211
13	338
13	524
13	605
13	798
13	993
13	1842
14	16
14	18
14	20
14	51
14	54
14	61
14	65
14	84
14	108
14	109
14	149
14	220
14	225
14	260
14	264
14	281
14	322
14	366
14	420
14	462
14	468
14	471
14	559
14	1319
15	16
15	21
15	24
15	27
15	32
15	33
15	50
15	53
15	68
15	81
15	85
15	88
15	113
15	141
15	156
15	223
15	320
15	596
15	602
15	677
15	807
15	821
15	913
15	1182
15	1255
15	1309
15	1324
15	1618
16	17
16	21
16	23
16	35
16	37
16	38
16	59
16	89
16	106
16	124
16	160
16	173
16	179
16	204
16	253
16	397
16	463
16	613
16	666
16	732
16	748
16	1016
16	1041
16	1065
16	1169
16	1927
17	19
17	21
17	22
17	34
17	40
17	46
17	57
17	79
17	90
17	118
17	131
17	142
17	159
17	160
17	184
17	196
17	200
17	250
17	254
17	282
17	468
17	494
17	612
17	707
17	750
17	752
17	808
17	980
17	1163
17	1176
17	1208
17	1238
18	20
18	23
18	28
18	29
18	32
18	33
18	35
18	44
18	51
18	52
18	62
18	71
18	85
18	105
18	135
18	137
18	166
18	235
18	242
18	244
18	287
18	451
18	506
18	522
18	593
18	658
18	928
18	1026
18	1232
18	1292
18	1404
18	1489
19	20
19	24
19	26
19	30
19	34
19	46
19	47
19	77
19	80
19	91
19	93
19	95
19	111
19	114
19	124
19	164
19	190
19	235
19	338
19	414
19	509
19	567
19	1644
20	26
20	32
20	34
20	42
20	52
20	66
20	135
20	188
20	255
20	329
20	334
20	342
20	379
20	464
20	502
20	587
20	636
20	940
20	1010
20	1180
20	1770
21	25
21	31
21	39
21	40
21	47
21	71
21	72
21	83
21	89
21	103
21	125
21	126
21	148
21	165
21	170
21	183
21	214
21	215
21	217
21	250
21	273
21	319
21	366
21	465
21	779
22	27
22	29
22	30
22	33
22	39
22	41
22	48
22	64
22	110
22	120
22	121
22	135
22	153
22	212
22	246
22	322
22	342
22	423
22	664
22	677
22	990
22	1124
22	1362
22	1364
22	1444
22	1701
23	24
23	27
23	29
23	38
23	48
23	51
23	57
23	78
23	85
23	159
23	162
23	163
23	170
23	202
23	367
23	612
23	655
23	898
23	993
23	1069
23	1156
23	1667
23	1810
23	1902
24	25
24	27
24	31
24	37
24	50
24	56
24	58
24	69
24	76
24	88
24	110
24	115
24	129
24	228
24	250
24	277
24	293
24	321
24	337
24	480
24	804
24	899
24	949
24	1232
24	1499
25	36
25	41
25	55
25	57
25	60
25	87
25	90
25	91
25	107
25	166
25	179
25	343
25	347
25	348
25	377
25	435
25	447
25	1016
25	1212
25	1219
26	29
26	45
26	49
26	51
26	63
26	71
26	76
26	79
26	80
26	81
26	82
26	85
26	88
26	98
26	102
26	154
26	156
26	183
26	257
26	261
26	316
26	363
26	392
26	955
26	1092
26	1404
27	30
27	37
27	43
27	73
27	77
27	84
27	86
27	125
27	139
27	236
27	240
27	327
27	388
27	577
27	627
27	645
27	678
27	737
27	842
27	1004
27	1577
27	1865
27	1879
28	37
28	46
28	55
28	62
28	82
28	92
28	111
28	144
28	177
28	192
28	252
28	284
28	338
28	394
28	437
28	473
28	781
28	1050
28	1135
28	1507
28	1761
28	1877
29	31
29	33
29	41
29	46
29	53
29	54
29	79
29	80
29	95
29	122
29	131
29	159
29	202
29	237
29	643
29	682
29	776
29	818
29	838
29	945
29	1097
29	1345
29	1447
29	1728
29	1914
30	38
30	53
30	65
30	69
30	76
30	82
30	99
30	108
30	119
30	255
30	295
30	304
30	376
30	394
30	588
30	712
30	964
30	1455
31	40
31	44
31	60
31	92
31	99
31	150
31	270
31	283
31	401
31	471
31	524
31	559
31	565
31	667
31	746
31	1769
31	1830
31	1918
32	44
32	66
32	69
32	128
32	167
32	172
32	192
32	198
32	213
32	226
32	238
32	289
32	485
32	549
32	569
32	574
32	828
32	1110
32	1553
32	1586
33	82
33	97
33	165
33	189
33	399
33	403
33	547
33	617
33	657
33	868
33	1074
33	1371
33	1544
33	1780
34	64
34	65
34	73
34	79
34	83
34	96
34	109
34	116
34	132
34	140
34	168
34	185
34	195
34	213
34	218
34	241
34	260
34	312
34	339
34	496
34	553
34	659
34	805
34	967
34	998
34	1019
34	1112
34	1471
34	1648
35	47
35	52
35	67
35	69
35	71
35	88
35	94
35	123
35	140
35	152
35	181
35	204
35	250
35	352
35	385
35	407
35	492
35	597
35	671
35	782
35	1037
35	1087
35	1120
35	1316
35	1488
36	39
36	44
36	46
36	48
36	60
36	63
36	81
36	93
36	104
36	140
36	162
36	168
36	169
36	190
36	206
36	208
36	256
36	277
36	484
36	556
36	592
36	619
36	1094
36	1126
36	1604
36	1628
36	1683
37	44
37	102
37	133
37	137
37	152
37	216
37	360
37	850
37	920
37	1233
37	1946
37	1994
38	42
38	45
38	47
38	49
38	55
38	85
38	170
38	185
38	241
38	332
38	355
38	444
38	480
38	509
38	809
38	841
38	1326
38	1454
39	52
39	68
39	74
39	80
39	124
39	214
39	318
39	388
39	402
39	489
39	667
39	693
39	708
39	963
39	1365
39	1726
40	45
40	134
40	158
40	184
40	246
40	279
40	315
40	411
40	479
40	601
40	660
40	765
40	920
40	1002
40	1196
40	1407
40	1726
40	1866
40	1912
41	49
41	52
41	58
41	70
41	78
41	94
41	97
41	112
41	134
41	136
41	177
41	209
41	210
41	242
41	246
41	381
41	436
41	520
41	670
41	719
41	968
41	1184
41	1195
41	1279
41	1419
41	1574
41	1964
42	58
42	178
42	191
42	205
42	304
42	332
42	337
42	357
42	483
42	527
42	562
42	774
42	953
42	1088
42	1121
42	1162
43	50
43	74
43	81
43	118
43	127
43	265
43	272
43	304
43	454
43	457
43	594
43	672
43	819
43	964
43	1086
43	1125
43	1211
43	1748
44	68
44	74
44	75
44	78
44	86
44	91
44	99
44	117
44	135
44	219
44	258
44	279
44	314
44	354
44	371
44	552
44	564
44	869
44	1424
44	1557
44	1778
45	48
45	77
45	158
45	178
45	183
45	221
45	247
45	284
45	314
45	337
45	424
45	512
45	728
45	800
45	983
45	1109
45	1498
45	1916
46	50
46	82
46	87
46	100
46	110
46	222
46	233
46	263
46	318
46	324
46	550
46	1241
46	1314
46	1416
46	1559
47	48
47	54
47	56
47	60
47	98
47	133
47	180
47	276
47	307
47	383
47	542
47	618
47	877
47	957
47	1076
47	1291
47	1502
48	57
48	61
48	65
48	87
48	97
48	113
48	121
48	132
48	143
48	171
48	207
48	247
48	296
48	400
48	555
48	610
48	611
48	640
48	686
48	869
48	1239
48	1372
48	1414
48	1492
48	1501
48	1507
49	55
49	72
49	84
49	95
49	179
49	188
49	205
49	308
49	377
49	413
49	449
49	462
49	874
49	920
49	949
49	966
49	969
49	1074
49	1177
49	1267
49	1297
49	1649
49	1901
49	1951
50	53
50	64
50	122
50	134
50	174
50	232
50	259
50	300
50	464
50	633
50	636
50	1164
50	1495
51	59
51	86
51	90
51	123
51	134
51	187
51	188
51	224
51	270
51	323
51	412
51	458
51	477
51	503
51	576
51	577
51	633
51	635
51	843
51	868
51	1173
51	1707
52	58
52	70
52	114
52	115
52	177
52	203
52	232
52	238
52	251
52	383
52	472
52	782
52	848
52	925
52	1160
52	1175
52	1264
52	1414
52	1507
52	1729
53	60
53	67
53	109
53	166
53	172
53	217
53	253
53	333
53	348
53	366
53	387
53	391
53	507
53	551
53	603
53	671
53	1520
53	1556
53	1703
53	1808
54	59
54	71
54	84
54	89
54	111
54	158
54	196
54	254
54	322
54	1152
54	1185
54	1836
55	56
55	75
55	77
55	100
55	104
55	121
55	122
55	168
55	175
55	229
55	290
55	387
55	554
55	561
55	603
55	663
55	743
55	912
55	983
55	1447
55	1639
55	1703
56	75
56	155
56	267
56	283
56	312
56	330
56	374
56	498
56	686
56	885
56	1350
56	1824
56	1949
56	1985
57	70
57	109
57	115
57	118
57	139
57	141
57	148
57	154
57	221
57	252
57	330
57	475
57	648
57	710
57	716
57	853
57	1104
57	1205
57	1294
58	59
58	66
58	74
58	78
58	98
58	105
58	109
58	154
58	173
58	345
58	448
58	526
58	808
58	1023
58	1045
58	1112
58	1568
58	1733
59	64
59	66
59	77
59	83
59	87
59	138
59	146
59	152
59	209
59	245
59	291
59	376
59	380
59	407
59	495
59	516
59	553
59	638
59	658
59	812
59	835
59	1224
59	1634
60	67
60	70
60	92
60	101
60	131
60	161
60	164
60	168
60	175
60	197
60	225
60	227
60	238
60	333
60	370
60	409
60	414
60	503
60	801
60	1347
60	1418
60	1723
61	63
61	76
61	121
61	147
61	217
61	236
61	238
61	256
61	266
61	379
61	488
61	521
61	857
61	881
61	1170
61	1254
61	1586
61	1613
62	73
62	95
62	110
62	199
62	286
62	315
62	322
62	336
62	368
62	450
62	467
62	537
62	660
62	697
62	942
62	1801
63	64
63	75
63	105
63	116
63	122
63	148
63	151
63	191
63	231
63	232
63	321
63	377
63	671
63	679
63	792
63	1863
64	69
64	101
64	132
64	143
64	178
64	187
64	219
64	326
64	476
64	644
64	703
64	889
64	1479
64	1844
65	97
65	118
65	140
65	144
65	196
65	307
65	326
65	385
65	437
65	440
65	443
65	596
65	651
65	714
65	917
65	963
65	1502
65	1565
65	1798
66	68
66	118
66	127
66	152
66	309
66	310
66	398
66	549
66	710
66	721
66	878
66	1025
66	1735
66	1896
67	78
67	92
67	111
67	131
67	138
67	151
67	163
67	169
67	218
67	302
67	372
67	392
67	407
67	431
67	441
67	444
67	532
67	638
67	657
67	989
67	1462
67	1478
67	1723
68	70
68	136
68	144
68	266
68	346
68	402
68	414
68	423
68	626
68	682
68	789
68	814
68	901
68	1102
68	1187
68	1206
68	1275
68	1352
68	1619
69	100
69	103
69	117
69	120
69	141
69	143
69	160
69	161
69	176
69	231
69	239
69	256
69	266
69	285
69	289
69	325
69	388
69	424
69	528
69	547
69	565
69	726
69	1171
69	1182
69	1308
69	1434
69	1523
69	1603
69	1820
70	88
70	93
70	173
70	185
70	192
70	195
70	197
70	316
70	359
70	369
70	428
70	514
70	534
70	560
70	604
70	665
70	675
70	1640
71	73
71	101
71	117
71	126
71	145
71	153
71	167
71	170
71	206
71	215
71	380
71	437
71	523
71	640
71	765
71	796
71	994
71	1005
71	1252
71	1254
71	1469
71	1472
71	1494
71	1786
71	1939
72	81
72	102
72	120
72	126
72	297
72	384
72	477
72	499
72	502
72	628
72	692
72	717
72	925
72	1220
72	1359
72	1938
73	89
73	123
73	143
73	333
73	351
73	391
73	404
73	422
73	756
73	941
73	1239
73	1280
73	1525
73	1996
74	122
74	130
74	132
74	251
74	311
74	383
74	505
74	585
74	846
74	893
74	1848
74	1869
75	114
75	123
75	127
75	138
75	151
75	159
75	180
75	200
75	214
75	225
75	370
75	474
75	652
75	1092
75	1363
75	1590
75	1597
75	1750
76	103
76	108
76	117
76	133
76	233
76	237
76	275
76	299
76	309
76	332
76	507
76	519
76	711
76	753
76	1068
76	1134
76	1250
76	1761
76	1987
77	94
77	102
77	127
77	149
77	234
77	254
77	413
77	459
77	510
77	609
77	668
77	810
77	973
77	983
77	1977
78	83
78	105
78	136
78	264
78	312
78	345
78	409
78	435
78	497
78	1068
78	1767
79	96
79	119
79	124
79	137
79	147
79	148
79	149
79	238
79	245
79	256
79	311
79	493
79	1684
79	1825
80	99
80	130
80	131
80	145
80	146
80	158
80	182
80	187
80	198
80	220
80	371
80	467
80	540
80	541
80	803
80	929
80	1239
80	1283
80	1362
80	1541
81	83
81	106
81	272
81	334
81	536
81	858
81	927
81	1017
81	1066
81	1106
81	1422
81	1428
82	96
82	134
82	139
82	293
82	525
82	542
82	581
82	584
82	649
82	747
82	1028
82	1044
82	1318
82	1390
83	84
83	96
83	116
83	142
83	182
83	280
83	303
83	308
83	344
83	669
83	788
83	939
83	948
83	1570
84	103
84	157
84	189
84	201
84	288
84	375
84	423
84	487
84	557
84	791
84	816
84	897
84	1564
84	1878
84	1912
85	179
85	188
85	204
85	231
85	235
85	331
85	337
85	469
85	536
85	694
85	874
85	1092
85	1701
86	202
86	206
86	210
86	353
86	434
86	438
86	466
86	746
86	754
86	895
86	1250
86	1275
86	1657
87	90
87	91
87	107
87	176
87	314
87	317
87	481
87	521
87	529
87	594
87	769
87	814
87	900
87	1325
87	1757
87	1872
88	93
88	97
88	119
88	176
88	189
88	191
88	298
88	301
88	968
88	1223
88	1647
88	1847
88	1890
88	1903
89	106
89	107
89	116
89	129
89	167
89	172
89	180
89	208
89	276
89	287
89	406
89	467
89	811
89	1030
89	1265
89	1757
90	94
90	104
90	133
90	150
90	247
90	261
90	279
90	296
90	375
90	392
90	513
90	578
90	726
90	960
90	1310
90	1445
90	1526
90	1724
90	1912
91	151
91	162
91	191
91	193
91	200
91	267
91	287
91	331
91	371
91	374
91	406
91	495
91	509
91	958
91	1148
92	155
92	174
92	192
92	216
92	265
92	299
92	304
92	308
92	310
92	336
92	520
92	563
92	568
92	596
92	638
92	922
92	1008
92	1243
92	1319
92	1584
93	106
93	144
93	201
93	232
93	593
93	730
93	1206
93	1300
93	1583
94	113
94	231
94	235
94	259
94	280
94	349
94	376
94	386
94	1272
94	1574
94	1592
95	107
95	128
95	137
95	196
95	263
95	378
95	600
95	624
95	892
95	1139
95	1471
95	1872
96	111
96	119
96	161
96	183
96	251
96	282
96	336
96	503
96	513
96	534
96	1383
96	1696
96	1698
97	100
97	170
97	179
97	192
97	356
97	498
97	602
97	708
97	795
97	807
97	1092
97	1285
97	1537
97	1717
98	125
98	180
98	284
98	390
98	548
98	566
98	711
98	852
98	1544
98	1773
98	1869
99	101
99	107
99	201
99	212
99	279
99	320
99	363
99	528
99	552
99	554
99	570
99	695
99	872
99	1030
99	1236
99	1250
99	1987
100	102
100	119
100	120
100	139
100	152
100	164
100	193
100	339
100	344
100	382
100	793
100	907
100	1067
100	1104
100	1200
100	1979
101	115
101	126
101	153
101	187
101	257
101	269
101	292
101	311
101	327
101	424
101	439
101	648
101	695
101	778
101	840
101	844
101	941
101	1119
101	1211
101	1467
101	1848
102	104
102	120
102	154
102	206
102	245
102	288
102	454
102	487
102	559
102	803
102	907
102	1055
102	1075
102	1318
103	108
103	142
103	173
103	190
103	275
103	413
103	421
103	438
103	463
103	590
103	698
103	723
103	729
103	849
103	905
103	907
103	1112
103	1257
103	1477
104	116
104	476
104	712
104	783
104	1323
104	1659
104	1742
104	1779
104	1781
104	1902
105	114
105	136
105	168
105	227
105	233
105	589
105	717
105	744
105	834
105	843
105	864
105	1116
105	1121
105	1150
105	1650
106	127
106	225
106	259
106	306
106	318
106	396
106	505
106	921
106	991
106	1736
106	1828
107	138
107	248
107	500
107	561
107	586
107	597
107	713
107	928
107	979
107	1128
107	1359
107	1555
108	143
108	151
108	190
108	384
108	473
108	578
108	1207
108	1262
108	1297
108	1659
108	1979
109	112
109	113
109	260
109	281
109	569
109	1058
109	1391
109	1402
109	1437
109	1512
109	1829
109	1855
110	112
110	145
110	350
110	384
110	393
110	444
110	450
110	455
110	796
110	886
110	888
110	1188
111	112
111	113
111	128
111	129
111	191
111	313
111	342
111	471
111	661
111	1525
111	1690
112	197
112	215
112	231
112	300
112	364
112	488
112	947
112	1239
112	1673
112	1727
113	126
113	155
113	164
113	222
113	346
113	524
113	592
113	672
113	785
113	1043
113	1475
114	165
114	244
114	256
114	426
114	528
114	575
114	629
114	639
114	644
114	699
114	729
114	1101
114	1447
114	1650
115	144
115	204
115	205
115	218
115	358
115	375
115	396
115	454
115	461
115	478
115	662
115	800
115	820
115	880
115	963
115	1491
115	1569
115	1691
115	1786
116	117
116	155
116	213
116	296
116	297
116	321
116	351
116	366
116	641
116	696
116	988
116	1116
116	1323
116	1642
116	2000
117	130
117	167
117	188
117	210
117	251
117	299
117	734
117	945
117	1065
117	1083
117	1555
118	136
118	215
118	543
118	583
118	799
118	816
118	1084
118	1321
118	1382
118	1384
118	1489
118	1606
118	1714
118	1890
119	145
119	157
119	229
119	249
119	303
119	384
119	387
119	430
119	446
119	912
119	1085
119	1193
119	1443
119	1808
120	312
120	426
120	500
120	720
120	752
121	262
121	493
121	504
121	540
121	544
121	797
121	836
121	842
121	906
121	1388
122	141
122	145
122	186
122	241
122	294
122	324
122	475
122	618
122	696
122	697
122	706
122	745
122	1223
122	1237
122	1328
122	1628
123	167
123	199
123	206
123	281
123	404
123	410
123	432
123	445
123	558
123	754
123	772
123	1166
123	1262
123	1330
123	1461
123	1552
123	1588
123	1735
124	140
124	153
124	214
124	226
124	240
124	397
124	557
124	562
124	1143
124	1210
124	1465
124	1948
124	1962
125	197
125	216
125	221
125	274
125	335
125	713
125	1431
126	135
126	181
126	222
126	303
126	421
126	526
126	571
126	618
126	869
126	888
126	946
126	1315
126	1435
126	1478
126	1487
126	1565
126	1744
126	1858
126	1917
127	132
127	174
127	233
127	247
127	275
127	292
127	417
127	543
127	1174
127	1225
127	1236
127	1248
127	1344
127	1787
127	1942
128	163
128	198
128	203
128	242
128	324
128	389
128	402
128	407
128	497
128	933
128	1062
128	1383
128	1473
128	1623
128	1644
128	1671
129	147
129	149
129	177
129	241
129	341
129	381
129	571
129	578
129	698
129	707
129	817
129	827
129	927
130	156
130	173
130	182
130	196
130	203
130	211
130	265
130	309
130	318
130	352
130	544
130	767
130	1051
130	1354
130	1474
130	1939
131	184
131	314
131	618
131	746
131	793
131	799
131	922
131	999
131	1069
131	1338
132	157
132	201
132	202
132	469
132	495
132	522
132	1227
132	1265
132	1400
132	1440
132	1503
132	1530
133	165
133	207
133	236
133	319
133	343
133	897
133	955
133	1026
133	1449
134	142
134	182
134	337
134	449
134	896
134	1227
134	1332
134	1560
134	1607
135	161
135	162
135	174
135	182
135	194
135	204
135	295
135	341
135	405
135	474
135	681
135	838
135	866
135	926
135	1030
135	1268
135	1317
135	1455
135	1598
135	1708
135	1716
136	172
136	186
136	252
136	321
136	405
136	573
136	595
136	787
136	933
136	1224
136	1567
136	1568
136	1988
137	163
137	216
137	298
137	442
137	580
137	798
137	1000
138	164
138	166
138	169
138	295
138	328
138	356
138	379
138	405
138	678
138	1033
138	1034
138	1149
138	1179
138	1242
138	1448
138	1524
138	1670
138	1733
138	1953
139	148
139	150
139	156
139	165
139	200
139	301
139	316
139	326
139	356
139	473
139	676
139	786
139	921
139	1002
139	1023
139	1213
139	1500
139	1555
139	1711
139	1828
140	207
140	226
140	280
140	286
140	323
140	328
140	373
140	431
140	436
140	504
140	520
140	715
140	773
140	881
140	1064
140	1136
140	1438
140	1908
140	1981
141	211
141	218
141	330
141	452
141	925
141	1279
141	1504
141	1606
142	146
142	154
142	186
142	194
142	224
142	347
142	399
142	463
142	576
142	603
142	870
142	928
142	1549
142	1621
142	1680
142	1756
142	1859
143	172
143	210
143	274
143	296
143	327
143	427
143	467
143	546
143	587
143	843
143	954
143	956
143	1020
143	1155
143	1266
143	1552
143	1732
143	1861
143	1884
144	146
144	150
144	160
144	203
144	226
144	240
144	243
144	378
144	547
144	585
144	979
144	1298
144	1371
144	1699
145	171
145	175
145	353
145	360
145	466
145	534
145	586
145	897
145	1153
145	1904
146	186
146	398
146	453
146	529
146	651
146	1177
147	157
147	178
147	181
147	260
147	382
147	427
147	480
147	481
147	582
147	631
147	661
147	728
147	804
147	826
147	839
147	1584
148	159
148	169
148	220
148	247
148	258
148	259
148	271
148	376
148	501
148	510
148	610
148	622
148	630
148	660
148	735
148	792
148	817
148	866
148	907
148	923
148	965
148	1033
148	1147
148	1260
148	1600
148	1774
148	1879
149	160
149	268
149	285
149	304
149	335
149	389
149	425
149	503
149	996
149	1037
149	1343
150	157
150	177
150	183
150	239
150	412
150	431
150	534
150	556
150	599
150	646
150	829
150	837
150	962
150	1483
150	1530
150	1546
151	246
151	305
151	343
151	675
151	736
151	847
151	864
151	1282
151	1498
151	1599
152	171
152	195
152	226
152	239
152	268
152	330
152	347
152	888
152	973
152	1024
152	1049
152	1388
152	1519
152	1608
152	1741
152	1791
152	1866
152	1967
153	163
153	273
153	287
153	303
153	319
153	349
153	361
153	365
153	370
153	419
153	581
153	590
153	599
153	899
153	1049
153	1050
153	1553
153	1656
153	1984
154	216
154	219
154	227
154	277
154	281
154	314
154	456
154	495
154	712
154	747
154	1504
155	243
155	263
155	343
155	449
155	453
155	513
155	737
155	740
155	752
155	829
155	844
155	1709
156	158
156	175
156	180
156	205
156	278
156	363
156	516
156	545
156	579
156	682
156	1238
156	1353
156	1674
156	1795
157	223
157	268
157	720
157	984
157	1118
157	1192
157	1255
158	517
158	634
158	1063
158	1131
158	1145
158	1150
159	181
159	219
159	289
159	330
159	476
159	545
159	683
159	724
159	781
159	1166
159	1174
159	1295
159	1421
159	1583
159	1751
159	1796
160	274
160	326
160	452
160	490
160	856
160	1124
160	1198
161	207
161	428
161	493
161	497
161	624
161	650
161	677
161	1013
161	1281
161	1737
162	184
162	380
162	439
162	539
162	605
162	706
162	772
162	933
162	969
162	1157
162	1180
162	1351
162	1533
162	1687
162	1882
163	174
163	301
163	469
163	507
163	570
163	643
163	662
163	714
163	1268
163	1561
163	1603
163	1966
164	185
164	269
164	333
164	335
164	548
164	595
164	655
164	1217
164	1257
165	210
165	241
165	464
165	649
165	705
165	783
165	866
165	1075
165	1625
166	175
166	284
166	415
166	417
166	419
166	488
166	491
166	602
166	683
166	1055
166	1225
166	1238
166	1260
166	1453
166	1562
166	1994
167	249
167	276
167	283
167	293
167	357
167	429
167	467
167	491
167	514
167	651
167	873
167	932
167	1049
167	1256
168	176
168	181
168	217
168	234
168	271
168	332
168	601
168	667
168	671
168	672
168	751
168	828
168	880
168	1067
168	1268
168	1305
168	1415
168	1446
168	1509
168	1916
169	194
169	195
169	242
169	278
169	307
169	507
169	652
169	1028
169	1214
169	1266
169	1568
170	171
170	198
170	262
170	271
170	326
170	376
170	381
170	445
170	516
170	623
170	632
170	685
170	697
170	915
170	1084
170	1098
170	1129
170	1516
170	1648
170	1832
170	1921
171	230
171	264
171	381
171	447
171	594
171	595
171	631
171	655
171	699
171	859
171	1076
171	1223
172	189
172	345
172	352
172	408
172	428
172	664
172	665
172	671
172	676
172	703
172	739
172	1006
172	1381
173	193
173	208
173	224
173	228
173	254
173	266
173	328
173	363
173	530
173	632
173	706
173	918
173	1375
173	1549
173	1550
173	1587
173	1815
174	185
174	223
174	267
174	285
174	289
174	616
174	774
174	937
174	983
174	1336
174	1693
175	187
175	228
175	240
175	292
175	362
175	456
175	492
175	520
175	670
175	895
175	1066
175	1128
175	1210
175	1824
175	1961
176	200
176	251
176	352
176	410
176	418
176	445
176	555
176	590
176	610
176	712
176	910
176	1120
176	1629
176	1784
176	1795
177	209
177	220
177	233
177	298
177	436
177	538
177	1168
177	1221
177	1621
178	240
178	361
178	412
178	575
178	1195
178	1252
178	1637
178	1870
179	215
179	219
179	248
179	269
179	386
179	414
179	434
179	453
179	465
179	647
179	731
179	1059
179	1202
179	1219
179	1283
179	1320
179	1412
180	211
180	223
180	302
180	342
180	400
180	469
180	583
180	681
180	856
180	863
180	903
180	967
180	1541
180	1572
180	1668
181	193
181	212
181	323
181	359
181	461
181	876
181	1093
181	1123
181	1127
181	1138
181	1169
181	1299
181	1337
181	1686
181	1803
182	348
182	367
182	420
182	558
182	566
182	853
182	1283
182	1736
183	207
183	230
183	267
183	297
183	382
183	626
183	834
183	1207
184	249
184	282
184	305
184	310
184	353
184	489
184	538
184	790
184	1143
184	1153
184	1500
184	1535
185	209
185	223
185	245
185	294
185	390
185	447
185	472
185	529
185	626
185	718
185	785
185	882
185	910
185	1045
185	1277
185	1643
185	1740
185	1978
186	199
186	217
186	221
186	317
186	364
186	403
186	477
186	710
186	1403
186	1611
187	244
187	246
187	369
187	416
187	484
187	713
187	815
187	960
187	1159
187	1400
187	1473
188	248
188	254
188	285
188	608
188	1268
188	1310
189	339
189	629
189	1259
189	1292
189	1384
189	1719
189	1734
189	1823
189	1860
190	234
190	369
190	441
190	479
190	589
190	696
190	746
190	788
190	849
190	874
190	1173
190	1198
190	1539
191	194
191	244
191	270
191	272
191	361
191	380
191	541
191	573
191	612
191	649
191	732
191	804
191	1212
191	1381
192	199
192	229
192	237
192	258
192	273
192	275
192	293
192	346
192	369
192	433
192	719
192	834
192	999
192	1117
192	1168
192	1277
192	1719
192	1805
193	208
193	212
193	213
193	253
193	305
193	353
193	416
193	492
193	555
193	604
193	693
193	723
193	745
193	879
193	1071
193	1081
193	1731
194	227
194	264
194	413
194	512
194	608
194	751
194	873
194	1260
194	1269
194	1682
195	220
195	234
195	258
195	265
195	299
195	372
195	401
195	535
195	560
195	591
195	1313
195	1565
195	1791
196	197
196	203
196	412
196	430
196	481
196	790
196	901
196	1639
197	292
197	321
197	421
197	443
197	515
197	597
197	730
197	761
197	806
197	1480
198	631
198	635
198	798
198	900
198	952
198	1014
198	1479
198	1486
198	1760
199	213
199	230
199	302
199	313
199	481
199	518
199	600
199	740
199	1105
199	1442
199	1543
200	224
200	340
200	351
200	357
200	392
200	408
200	423
200	490
200	492
200	505
200	562
200	585
200	647
200	701
200	1019
200	1352
200	1436
200	1568
200	1878
201	237
201	344
201	411
201	456
201	614
201	961
201	1035
201	1175
201	1477
201	1788
201	1894
202	228
202	236
202	296
202	351
202	461
202	501
202	549
202	715
202	747
202	802
203	229
203	313
203	352
203	680
203	704
203	779
203	1542
204	255
204	306
204	345
204	568
204	607
204	614
204	1383
205	239
205	245
205	323
205	432
205	482
205	512
205	551
205	1296
205	1481
205	1577
205	1704
206	228
206	288
206	291
206	401
206	526
206	997
206	1031
206	1111
206	1462
207	212
207	266
207	271
207	596
207	765
207	787
207	913
207	962
207	1231
207	1512
207	1754
208	230
208	243
208	383
208	566
208	657
208	782
208	914
208	1070
208	1228
208	1304
208	1662
208	1767
209	236
209	320
209	420
209	542
209	834
209	889
209	929
209	1096
209	1172
209	1410
209	1448
209	1928
210	211
210	305
210	346
210	422
210	680
210	950
210	978
210	1182
210	1523
210	1526
210	1575
211	250
211	260
211	284
211	309
211	493
211	513
211	887
211	1066
211	1160
211	1323
211	1621
211	1968
212	268
212	271
212	273
212	279
212	290
212	452
212	465
212	587
212	1028
212	1337
212	1368
212	1867
213	221
213	222
213	244
213	259
213	272
213	283
213	294
213	355
213	365
213	642
213	654
213	868
213	1010
213	1137
213	1193
213	1305
213	1415
213	1467
213	1675
214	235
214	243
214	340
214	356
214	562
214	667
214	705
214	789
214	891
214	916
214	1002
214	1112
214	1429
214	1444
214	1746
214	1903
214	1945
215	237
215	263
215	334
215	401
215	416
215	443
215	511
215	597
215	604
215	842
215	1077
215	1084
215	1363
215	1665
216	248
216	274
216	332
216	335
216	347
216	480
216	665
216	773
216	926
216	1989
217	239
217	277
217	367
217	437
217	582
217	701
217	1518
217	1595
217	1598
218	261
218	262
218	270
218	286
218	290
218	508
218	585
218	588
218	733
218	1086
219	248
219	267
219	300
219	451
219	458
219	531
219	575
219	925
219	1613
220	263
220	274
220	277
220	320
220	358
220	409
220	893
220	1668
220	1979
221	222
221	409
221	535
221	536
221	989
221	1819
222	264
222	293
222	346
222	499
222	567
222	591
222	1130
223	229
223	278
223	470
223	475
223	531
223	579
223	651
223	673
223	1225
223	1226
223	1551
223	1554
223	1699
223	1961
224	281
224	291
224	325
224	390
224	391
224	484
224	567
224	639
224	737
224	815
224	916
224	1696
225	319
225	348
225	368
225	494
225	584
225	586
225	611
225	1365
225	1392
225	1488
225	1653
225	1793
225	1879
226	286
226	415
226	540
226	560
226	730
226	1546
226	1807
227	459
227	514
227	794
227	942
227	1307
227	1315
227	1396
227	1451
227	1799
228	294
228	298
228	308
228	311
228	327
228	550
228	630
228	649
228	1131
228	1898
229	257
229	307
229	350
229	408
229	510
229	569
229	587
229	1101
229	1452
229	1657
230	265
230	424
230	450
230	462
230	519
230	663
230	774
230	1053
230	1080
230	1166
230	1861
231	306
231	324
231	435
231	475
231	625
231	700
231	716
231	819
232	309
232	395
232	399
232	403
232	463
232	510
232	548
232	972
232	1702
232	1705
232	1951
233	253
233	336
233	357
233	612
233	717
233	733
233	844
233	1105
233	1303
234	258
234	318
234	348
234	373
234	386
234	409
234	444
234	479
234	523
234	906
234	932
234	1216
234	1651
234	1670
235	339
235	448
235	538
235	543
235	824
235	868
235	1151
235	1198
235	1642
235	1697
236	310
236	329
236	400
236	770
236	797
236	820
236	965
236	973
236	1038
236	1169
236	1425
237	249
237	262
237	425
237	462
237	553
237	573
237	574
237	625
237	760
237	857
237	1019
237	1725
238	243
238	255
238	358
238	472
238	522
238	567
238	624
238	682
238	948
238	1109
238	1325
238	1442
238	1571
239	366
239	687
239	760
239	977
239	1190
239	1569
239	1931
239	1947
240	242
240	276
240	290
240	403
240	427
240	563
240	586
240	758
240	1041
240	1082
240	1209
240	1398
240	1399
240	1429
240	1613
240	1664
240	1991
241	433
241	525
241	540
241	544
241	678
241	726
241	730
241	893
241	903
241	1082
241	1423
241	1459
242	261
242	268
242	507
242	511
242	686
242	859
242	1041
242	1911
243	270
243	361
243	496
243	588
243	769
243	813
243	842
243	1055
243	1253
243	1395
243	1519
243	1958
244	252
244	280
244	331
244	367
244	406
244	742
244	991
244	1026
244	1045
245	272
245	400
245	472
245	599
245	617
245	768
245	835
245	908
246	307
246	340
246	378
246	489
246	903
246	1704
246	1997
247	257
247	316
247	331
247	345
247	439
247	445
247	520
247	1343
247	1488
248	273
248	336
248	398
248	650
248	1432
248	1517
249	299
249	367
249	396
249	592
249	1118
249	1374
249	1447
249	1985
250	322
250	334
250	343
250	446
250	483
250	488
250	555
250	584
250	591
250	608
250	669
250	1178
250	1187
250	1937
250	1960
251	283
251	291
251	393
251	396
251	423
251	465
251	474
251	578
251	713
251	813
251	817
251	1107
251	1324
251	1720
252	313
252	414
252	637
252	784
252	1237
252	1249
252	1476
252	1697
253	269
253	417
253	615
253	936
253	1293
253	1455
253	1579
253	1631
253	1656
253	1821
254	294
254	325
254	378
254	383
254	422
254	470
254	837
254	1003
254	1499
254	1574
255	344
255	393
255	487
255	539
255	727
255	1152
255	1955
256	257
256	374
256	560
256	957
256	1031
256	1044
256	1155
256	1187
256	1270
256	1323
256	1361
256	1386
257	289
257	316
257	354
257	362
257	442
257	564
257	736
257	741
257	776
257	969
257	1205
257	1287
257	1311
257	1956
258	297
258	398
258	483
258	1295
259	300
259	303
259	403
259	491
259	565
259	1161
259	1652
259	1798
259	1986
260	370
260	371
260	461
260	568
260	650
260	808
260	913
260	1251
260	1353
260	1530
261	491
261	598
261	635
261	783
261	872
261	1299
261	1595
261	1617
262	335
262	471
262	482
262	580
262	645
262	751
262	773
262	784
262	861
262	1142
263	306
263	362
263	521
263	675
263	695
263	826
263	846
263	847
263	1481
263	1518
264	382
264	468
264	549
264	745
264	881
264	975
264	1038
264	1360
264	1680
265	577
265	591
265	1014
265	1294
265	1720
266	300
266	432
266	627
266	864
266	912
266	1382
267	328
267	399
267	448
267	1044
267	1083
267	1151
267	1537
267	1673
268	313
268	394
268	499
268	629
268	877
268	1345
268	1847
268	1944
268	1968
269	288
269	355
269	365
269	388
269	418
269	526
269	553
269	582
269	724
269	917
269	1010
270	371
270	375
270	537
270	559
270	599
270	625
270	738
270	1073
270	1223
271	278
271	295
271	329
271	372
271	802
271	855
271	1171
271	1414
272	302
272	349
272	362
272	364
272	374
272	483
272	485
272	688
272	892
272	969
272	1059
272	1088
272	1159
272	1201
272	1727
273	275
273	323
273	452
273	482
273	996
273	1046
273	1361
273	1620
274	280
274	319
274	328
274	329
274	372
274	432
274	453
274	527
274	613
274	860
274	879
274	1013
274	1098
274	1138
274	1301
274	1495
274	1678
275	306
275	325
275	350
275	411
275	426
275	436
275	487
275	791
275	820
275	1069
275	1189
275	1344
275	1443
275	1736
276	369
276	486
276	705
276	837
276	847
276	942
276	1078
276	1406
276	1570
277	305
277	308
277	490
277	581
277	620
277	629
277	684
277	744
277	990
277	1538
277	1600
277	1739
277	1865
278	282
278	302
278	363
278	531
278	547
278	684
278	704
278	787
278	850
278	1034
278	1304
278	1371
278	1722
278	1743
279	327
279	360
279	390
279	419
279	893
279	1531
280	282
280	333
280	419
280	477
280	738
280	1373
280	1475
280	1501
280	1869
281	286
281	320
281	329
281	350
281	595
281	866
281	1217
281	1489
281	1627
281	1695
281	1900
281	1906
282	301
282	368
282	500
282	584
282	719
282	816
282	964
282	1504
282	1584
283	338
283	374
283	502
283	539
283	679
283	739
283	1156
283	1450
283	1484
284	285
284	404
284	431
284	716
284	986
284	1123
284	1614
284	1759
285	291
285	438
285	513
285	529
285	564
285	606
285	631
285	649
285	939
285	988
285	1078
285	1376
285	1404
285	1910
286	288
286	364
286	486
286	620
286	673
286	718
286	822
286	861
286	865
286	918
286	1515
286	1606
287	370
287	418
287	495
287	993
287	1192
287	1700
288	458
288	488
288	491
288	497
288	546
288	644
288	661
288	667
288	740
288	759
288	800
288	863
288	875
288	927
288	1032
288	1048
288	1075
288	1200
288	1279
288	1674
289	297
289	312
289	595
289	654
289	811
289	822
289	897
289	909
289	1022
289	1113
289	1207
289	1963
289	1982
290	315
290	420
290	425
290	505
290	613
290	678
290	1233
290	1442
290	1454
290	1877
291	292
291	394
291	408
291	506
291	567
291	742
291	892
291	960
291	1079
291	1240
291	1418
291	1687
291	1827
291	1929
292	372
292	433
292	1027
292	1154
292	1214
293	310
293	690
293	765
293	783
293	1253
293	1358
293	1371
293	1494
293	1571
294	550
294	759
294	1336
294	1379
295	355
295	375
295	388
295	433
295	563
295	607
295	760
295	922
295	1288
295	1849
296	354
296	385
296	528
296	530
296	753
296	824
296	971
296	1193
296	1355
296	1417
297	324
297	401
297	479
297	702
297	838
297	865
297	1437
297	1931
298	358
298	417
298	508
298	960
298	995
298	1089
298	1220
298	1313
298	1897
299	341
299	377
299	405
299	551
299	558
299	772
299	1196
300	301
300	394
300	439
300	442
300	471
300	503
300	556
300	625
300	758
300	788
300	797
300	882
300	919
300	970
300	1012
300	1129
300	1225
300	1331
300	1558
300	1751
301	517
301	532
301	605
301	1072
301	1186
301	1370
302	410
302	790
302	827
302	834
302	840
302	1480
303	315
303	669
303	886
303	945
303	1175
303	1340
303	1371
303	1891
304	361
304	387
304	755
304	759
304	1029
304	1086
304	1405
304	1505
304	1573
304	1600
304	1956
305	400
305	499
305	882
305	904
305	915
305	1221
305	1789
305	1911
306	424
306	502
306	541
306	1039
306	1210
306	1810
307	338
307	1054
307	1213
307	1405
307	1714
308	425
308	479
308	554
308	618
308	700
308	852
308	854
308	888
308	895
308	929
308	1005
308	1097
308	1256
309	411
309	515
309	666
309	693
309	875
309	1065
309	1156
309	1654
310	441
310	456
310	458
310	831
310	1069
310	1072
311	325
311	464
311	558
311	916
311	1180
311	1259
311	1545
311	1594
311	1930
312	317
312	473
312	530
312	538
312	757
312	787
312	1020
312	1252
312	1320
313	331
313	347
313	354
313	395
313	1219
313	1421
313	1439
313	1670
313	1810
314	397
314	477
314	598
314	699
314	782
314	1177
314	1394
314	1465
314	1499
314	1695
315	704
315	748
315	900
315	1292
315	1719
315	1796
316	451
316	458
316	615
316	626
316	1036
316	1126
316	1144
316	1340
316	1626
317	416
317	505
317	572
317	605
317	798
317	851
317	902
317	1151
317	1339
317	1362
317	1605
318	402
318	406
318	450
318	508
318	515
318	640
318	743
319	399
319	654
319	1024
319	1046
319	1346
319	1463
320	341
320	362
320	569
320	687
320	721
320	792
320	880
320	1196
320	1527
320	1630
320	1808
320	1826
321	334
321	368
321	525
321	863
321	867
321	1106
321	1351
321	1604
321	1995
322	350
322	378
322	445
322	500
322	589
322	590
322	635
322	1032
322	1298
322	1717
322	1731
323	340
323	402
323	535
323	563
323	750
323	791
323	836
323	849
323	1003
323	1107
323	1114
323	1147
323	1284
323	1368
323	1639
323	1793
324	579
324	580
324	740
324	1090
324	1230
324	1388
324	1954
325	459
325	498
325	744
325	1012
325	1721
326	446
326	568
326	720
326	812
326	981
326	1078
326	1380
326	1406
326	1497
326	1821
326	1858
327	441
327	443
327	444
327	468
327	517
327	796
327	884
327	921
327	1524
327	1570
327	1862
328	398
328	461
328	624
328	636
328	666
328	975
328	1040
328	1147
328	1249
328	1730
328	1747
329	390
329	443
329	448
329	493
329	704
329	721
329	755
329	1040
329	1155
329	1573
329	1746
329	1863
330	351
330	359
330	506
330	518
330	696
330	812
330	985
330	1014
330	1085
330	1115
330	1354
331	373
331	404
331	431
331	455
331	676
331	1144
331	1539
332	466
332	486
332	724
332	733
332	784
332	984
332	1036
332	1198
332	1681
332	1753
332	1895
333	349
333	355
333	395
333	894
333	963
333	1012
333	1325
333	1373
333	1377
333	1396
334	344
334	353
334	533
334	643
334	652
334	769
334	905
334	1072
334	1393
335	379
335	561
335	904
335	1618
335	1813
336	360
336	476
336	683
336	780
336	817
336	1348
336	1602
336	1620
336	1820
337	382
337	395
337	525
337	546
337	821
337	910
337	1178
337	1182
337	1699
337	1889
338	359
338	435
338	641
338	778
338	810
338	823
338	970
338	1103
338	1123
338	1169
338	1592
338	1688
338	1898
338	1975
339	360
339	440
339	763
339	854
340	359
340	514
340	830
340	862
340	1117
341	421
341	581
341	681
341	709
341	1167
341	1561
341	1645
342	354
342	391
342	410
342	411
342	664
342	1133
342	1486
342	1881
342	1930
343	427
343	502
343	1051
343	1160
343	1234
343	1441
343	1522
343	1657
344	703
344	831
344	985
344	1152
344	1569
345	429
345	430
345	650
345	793
345	893
345	940
345	1131
345	1430
345	1513
346	446
346	509
346	594
346	634
346	707
346	952
346	1267
346	1650
346	1664
346	1840
346	1989
347	451
347	466
347	832
347	872
347	1018
348	450
348	463
348	484
348	512
348	515
348	990
348	1152
348	1551
348	1554
348	1726
348	1768
348	1943
349	629
349	954
349	1302
349	1425
349	1677
349	1790
349	1925
350	396
350	430
350	432
350	656
350	677
350	701
350	862
350	1327
350	1581
351	422
351	433
351	485
351	523
351	546
351	566
351	694
351	810
351	951
351	979
351	1041
351	1091
351	1113
351	1240
351	1651
351	1739
352	460
352	496
352	543
352	666
352	946
352	987
352	1056
352	1333
352	1779
352	1957
353	527
353	533
353	550
353	611
353	676
353	689
353	853
353	934
353	1030
354	357
354	679
354	755
354	777
354	819
354	950
354	1284
354	1706
355	365
355	514
355	620
355	936
355	1285
355	1416
355	1892
355	1902
355	1968
356	404
356	413
356	441
356	485
356	565
356	978
356	1202
356	1355
356	1397
356	1762
356	1928
356	1966
357	498
357	672
357	876
357	922
357	1023
357	1056
357	1520
357	1576
358	373
358	381
358	389
358	446
358	496
358	515
358	534
358	823
359	391
359	563
359	661
359	762
359	857
359	860
359	1012
359	1073
359	1536
360	442
360	487
360	871
360	1111
360	1138
360	1337
360	1680
360	1818
361	364
361	365
361	525
361	572
361	651
361	917
361	1377
362	377
362	804
362	1943
363	386
363	452
363	619
363	628
363	653
363	1740
363	1886
364	617
364	668
364	732
364	980
364	1016
364	1221
364	1480
364	1520
364	1730
365	392
365	439
365	611
365	688
365	731
365	1272
365	1904
366	575
366	621
366	681
366	772
366	1430
366	1452
366	1523
367	384
367	543
367	620
367	1117
367	1530
367	1591
367	1730
367	1734
367	1817
368	627
368	702
368	728
368	750
368	817
368	1015
368	1479
368	1590
368	1652
368	1796
368	1859
369	385
369	632
369	780
369	1160
370	428
370	468
370	556
370	604
370	1165
370	1289
370	1575
371	395
371	583
371	794
371	843
371	905
371	999
371	1014
371	1016
371	1286
371	1388
371	1658
371	1661
372	405
372	428
372	437
372	559
372	905
372	1509
372	1659
373	397
373	417
373	670
373	709
373	885
373	1077
374	440
374	580
374	820
374	993
374	1000
374	1816
374	1971
375	407
375	589
375	771
375	810
375	840
375	948
375	1278
375	1396
375	1513
375	1517
376	434
376	438
376	447
376	453
376	747
376	895
376	1692
376	1704
376	1758
377	456
377	628
377	642
377	943
377	1142
377	1254
377	1322
377	1330
377	1366
377	1401
377	1633
377	1851
378	623
378	697
378	1234
378	1509
379	406
379	418
379	582
379	628
379	720
379	772
379	786
379	919
379	933
379	1171
379	1806
380	386
380	397
380	415
380	593
380	674
380	680
380	826
380	846
380	927
380	1137
380	1306
380	1314
380	1321
380	1444
380	1693
380	1978
381	408
381	571
381	770
381	1041
381	1245
381	1344
381	1800
381	1833
381	1972
382	389
382	434
382	554
382	644
382	1550
382	1642
383	519
383	652
383	709
383	744
383	1039
383	1094
383	1300
383	1409
383	1660
383	1771
384	429
384	436
384	830
384	892
384	1547
384	1897
385	422
385	527
385	539
385	608
385	717
385	981
385	997
385	1690
385	1870
385	1937
385	1941
386	472
386	484
386	707
386	746
386	1124
386	1162
386	1172
386	1477
386	1614
386	1662
386	1890
387	630
387	753
387	801
387	835
387	1111
387	1206
387	1659
388	393
388	421
388	454
388	573
388	881
388	894
388	1725
389	415
389	504
389	511
389	625
389	727
389	1565
389	1779
390	482
390	535
390	777
390	903
390	950
390	1051
390	1080
391	393
391	474
391	523
391	575
391	610
391	623
391	1347
391	1635
391	1708
391	1766
392	415
392	485
392	552
392	576
392	1686
393	474
393	494
393	536
393	658
393	660
393	785
393	1210
393	1632
393	1679
394	637
394	689
394	988
394	1276
394	1427
394	1604
395	506
395	519
395	532
395	715
395	734
395	745
395	1105
395	1374
395	1564
395	1883
396	909
396	921
396	973
396	1258
397	454
397	464
397	576
397	620
397	806
397	975
397	1251
397	1280
397	1640
397	1670
398	460
398	504
398	508
398	548
398	577
398	779
398	876
398	1252
398	1513
398	1530
398	1761
399	541
400	430
400	460
400	486
400	577
400	761
400	831
400	845
400	848
400	926
400	1110
401	898
401	1332
401	1552
401	1580
402	412
402	440
402	540
402	598
402	616
402	622
402	642
402	946
402	1189
402	1382
402	1749
403	455
403	762
403	896
403	1469
403	1957
404	510
404	639
404	697
404	933
404	964
404	1015
404	1021
404	1206
404	1663
404	1713
405	455
405	506
405	761
405	914
405	932
405	954
405	1268
405	1992
406	685
406	896
406	949
406	1460
406	1838
407	460
407	855
407	1047
407	1063
407	1109
407	1307
408	554
408	1042
408	1103
408	1318
408	1635
408	1941
409	521
409	561
409	616
409	646
409	1081
409	1121
409	1458
409	1576
410	429
410	518
410	800
410	825
410	979
410	1520
410	1706
410	1828
410	1839
411	419
411	457
411	558
411	584
411	747
411	1030
411	1422
411	1651
412	457
412	478
412	844
412	1052
412	1460
412	1499
412	1525
412	1745
413	576
413	778
413	896
413	1028
413	1029
413	1454
413	1601
413	1748
413	1762
414	457
414	570
414	710
414	733
414	1510
414	1832
415	462
415	701
415	857
415	987
415	1058
415	1401
415	1475
415	1952
416	603
416	713
416	891
416	935
416	991
416	1082
416	1287
416	1491
416	1841
417	418
417	530
417	1377
418	802
418	811
418	835
418	1114
418	1288
418	1306
418	1369
418	1901
418	1960
418	1970
419	609
419	632
419	633
419	645
419	668
419	794
419	806
419	891
419	1875
419	1920
420	442
420	700
420	946
420	1122
420	1199
420	1634
421	425
421	429
421	470
421	517
421	662
421	801
421	841
421	859
421	1614
422	469
422	610
422	731
422	809
422	875
422	1231
422	1279
422	1390
422	1465
423	449
423	572
423	619
423	764
423	788
423	1438
424	489
424	556
424	841
424	1094
424	1099
424	1353
424	1940
425	426
425	607
425	735
425	831
425	1578
425	1593
425	1660
426	438
426	705
426	711
426	836
426	901
426	923
426	1101
426	1248
426	1645
427	457
427	527
427	753
427	789
427	1909
428	492
428	727
428	1627
428	1950
429	711
429	913
429	996
429	1159
429	1482
429	1532
429	1545
429	1717
430	555
430	884
430	957
430	1173
430	1265
430	1466
431	470
431	596
431	947
431	1333
431	1407
431	1421
431	1491
432	589
432	1474
432	1488
433	465
433	678
433	732
433	816
433	1120
434	564
434	648
434	659
434	1049
434	1687
435	451
435	535
435	641
435	714
435	814
435	986
435	1306
435	1381
435	1952
436	478
436	494
436	630
436	997
436	1050
436	1370
436	1843
436	1867
436	1924
436	1982
437	624
437	642
437	658
437	727
437	729
437	1435
437	1580
437	1909
438	497
438	512
438	930
438	957
438	1045
438	1077
438	1206
438	1418
439	480
439	529
439	590
439	643
439	696
439	756
439	782
439	849
439	1113
439	1511
440	482
440	680
440	792
440	1038
440	1071
440	1421
441	449
441	466
441	494
441	542
441	552
441	653
441	724
441	751
441	780
441	1049
441	1079
441	1185
441	1195
441	1271
441	1862
442	606
442	702
442	775
442	947
442	1021
442	1137
442	1402
442	1409
442	1463
442	1585
443	448
443	565
443	1043
443	1282
443	1571
443	1655
443	1683
444	674
444	871
444	1001
444	1145
444	1535
445	455
445	938
445	1485
445	1565
445	1786
445	1915
446	447
446	489
446	498
446	727
446	841
446	1618
446	1755
447	607
447	673
447	749
447	766
447	931
447	1282
447	1533
447	1683
447	1685
447	1702
447	1727
447	1854
447	1861
447	1886
448	475
448	703
448	847
448	914
448	1809
448	1829
449	582
449	767
449	776
449	1277
450	548
450	561
450	627
450	786
450	1596
450	1619
450	1682
450	1777
451	483
451	691
451	1599
451	1621
451	1845
451	1902
452	473
452	566
452	580
452	598
452	614
452	723
452	813
452	947
452	1029
452	1153
452	1672
453	459
453	711
453	723
453	1218
453	1312
453	1582
453	1709
453	1780
454	762
454	781
454	796
454	961
454	997
454	1004
454	1009
454	1104
454	1307
454	1389
454	1552
455	692
455	811
455	1245
455	1391
455	1758
456	501
456	645
456	653
456	768
456	795
456	818
456	877
456	1124
456	1129
456	1144
456	1256
456	1428
456	1669
457	490
457	616
457	660
457	749
457	1095
457	1410
457	1746
457	1890
458	501
458	769
458	827
458	848
458	871
458	904
459	518
459	613
459	639
459	668
459	758
459	944
460	798
460	926
460	946
460	1224
460	1411
461	470
461	541
461	633
461	686
461	700
461	940
461	1157
461	1189
461	1190
461	1413
461	1532
462	537
462	545
462	805
462	959
462	1033
462	1109
462	1212
463	476
463	511
463	522
463	528
463	906
463	1017
463	1333
463	1955
463	1993
464	773
464	867
464	1237
464	1748
465	574
465	648
465	883
465	884
465	900
465	965
465	1451
465	1694
465	1893
465	1964
466	486
466	517
466	523
466	638
466	743
466	1137
466	1744
467	606
467	639
467	675
467	708
467	717
467	808
467	986
467	1521
467	1596
467	1620
467	1772
467	1774
468	478
468	501
468	594
468	685
468	1023
468	1273
468	1333
468	1398
468	1449
468	1458
468	1533
469	504
469	607
469	626
469	656
469	669
469	688
469	851
469	1059
469	1770
469	1925
470	478
470	603
470	623
470	702
470	736
470	738
470	910
470	919
470	930
470	934
470	1408
470	1741
470	1811
471	516
471	531
471	715
471	778
471	828
471	847
471	1172
471	1261
472	560
472	882
472	958
472	983
472	1061
472	1310
472	1521
473	481
473	1285
473	1853
474	606
474	1197
474	1230
474	1326
474	1658
474	1787
475	539
475	769
475	850
475	970
475	1043
475	1116
475	1124
475	1364
475	1478
475	1930
476	583
476	736
476	915
476	1368
476	1564
476	1835
477	815
477	865
477	874
477	954
477	1042
477	1456
477	1690
477	1842
478	500
478	574
478	752
478	844
478	934
478	1163
478	1479
478	1712
478	1921
479	733
479	748
479	768
479	879
479	1228
479	1608
479	1940
479	1962
480	509
480	522
480	562
480	571
480	665
480	725
480	832
480	932
480	1019
480	1093
480	1270
480	1357
480	1505
481	623
481	729
481	775
481	1485
481	1497
482	977
482	1027
482	1547
483	601
483	732
483	865
483	1544
484	699
484	761
484	832
484	1134
484	1179
484	1922
485	496
485	508
485	1000
485	1075
485	1165
485	1765
486	557
486	588
486	679
486	830
486	1258
486	1260
486	1569
486	1827
486	1850
487	591
487	735
487	853
487	919
487	998
487	1048
487	1215
487	1310
487	1666
488	546
488	636
488	721
488	1213
488	1229
488	1665
488	1884
488	1893
489	806
489	839
489	1626
490	838
490	1214
490	1385
490	1467
490	1664
490	1812
490	1871
491	531
491	614
491	768
491	1096
491	1209
491	1419
491	1554
492	593
492	613
492	634
492	766
492	832
492	885
492	958
492	1300
492	1343
492	1854
492	1893
493	530
493	549
493	622
493	647
493	672
493	680
493	695
493	1025
493	1418
493	1652
493	1669
494	641
494	749
494	917
494	984
494	1010
494	1262
494	1560
494	1881
495	593
495	797
495	842
495	928
495	963
495	1135
495	1274
496	840
496	858
497	661
497	786
498	676
498	960
498	1292
498	1345
498	1423
498	1564
498	1611
499	526
499	659
499	691
499	1271
499	1431
499	1730
499	1784
500	547
500	839
500	952
500	962
500	1459
501	519
501	532
501	627
501	670
501	904
501	941
501	1929
502	511
502	533
502	654
502	754
502	1028
502	1373
502	1380
502	1385
502	1809
503	524
503	544
503	1192
503	1225
503	1594
503	1679
504	541
504	1201
504	1527
504	1674
505	516
505	643
505	982
505	1005
505	1138
505	1526
505	1646
505	1772
506	725
506	815
506	833
506	855
506	863
506	1127
506	1636
506	1671
506	1855
507	641
507	776
507	789
507	973
507	1061
507	1151
507	1252
507	1398
507	1483
507	1576
508	650
508	778
508	962
508	985
508	1302
508	1503
508	1755
508	1834
509	646
509	698
509	1036
509	1047
509	1127
509	1134
509	1343
509	1578
510	986
510	1004
510	1222
510	1354
510	1426
510	1610
511	564
511	631
511	1254
511	1338
511	1409
511	1487
511	1834
512	518
512	621
512	670
512	999
512	1164
512	1315
512	1651
512	1732
512	1818
513	685
513	704
513	707
513	999
513	1476
513	1781
514	767
514	1916
515	551
515	633
515	699
515	981
515	1087
515	1181
516	524
516	544
516	802
516	1002
516	1088
516	1242
516	1303
516	1464
516	1656
516	1734
517	552
517	601
517	911
517	1432
517	1450
518	616
518	761
518	859
518	1114
518	1155
518	1222
518	1490
518	1693
519	557
519	715
519	1223
519	1231
519	1270
519	1676
519	1999
520	536
520	656
520	870
520	1053
521	533
521	764
521	882
521	886
521	1058
521	1094
521	1635
521	1648
522	718
522	726
522	737
522	818
522	873
522	1140
522	1176
522	1589
523	579
523	738
523	912
523	968
523	974
523	1293
523	1599
523	1758
524	674
524	1021
524	1079
524	1362
524	1466
524	1568
524	1663
524	1957
525	638
525	862
525	982
525	1104
525	1204
525	1973
526	621
526	1060
526	1152
526	1294
526	1463
526	1526
526	1676
527	533
527	762
527	828
527	1211
527	1590
527	1673
528	602
528	775
528	1411
528	1558
528	1916
529	537
529	615
529	889
529	911
529	984
529	1040
529	1397
529	1646
529	1647
529	1763
529	1947
530	599
530	666
530	687
530	718
530	787
530	976
530	1027
530	1157
530	1220
531	690
531	783
531	833
531	996
531	1485
532	612
532	637
532	663
532	767
532	799
532	940
532	1131
532	1135
532	1550
532	1913
533	553
533	570
533	664
533	823
533	889
533	1179
533	1458
533	1610
533	1716
534	542
534	653
534	780
534	833
534	1147
534	1917
534	1928
535	572
535	583
535	719
535	850
535	998
535	1329
535	1853
535	1855
536	716
536	794
536	807
536	809
536	908
536	1070
536	1409
536	1503
536	1832
537	585
537	683
537	1138
537	1236
537	1246
537	1348
537	1425
537	1489
537	1496
537	1548
537	1693
538	609
538	690
538	971
538	1159
538	1905
539	592
539	615
539	662
539	741
539	779
539	1151
539	1182
539	1361
539	1372
540	636
540	653
540	686
540	698
540	763
540	821
540	1338
540	1528
541	690
541	935
541	992
541	1232
541	1456
541	1619
541	1898
541	1947
541	1994
542	545
542	766
542	1021
542	1163
542	1497
542	1651
543	550
543	640
543	723
543	1350
543	1397
543	1641
543	1810
543	1958
544	947
544	1184
544	1297
544	1722
545	1203
545	1219
545	1290
545	1462
545	1822
546	887
546	1384
546	1427
546	1882
546	1952
547	571
547	622
547	664
547	1399
547	1943
548	581
548	648
548	722
548	754
548	1007
548	1200
548	1270
548	1793
549	657
549	659
549	663
549	845
549	1427
549	1691
549	1709
550	586
550	632
550	652
550	918
550	1027
550	1161
550	1617
551	621
551	843
551	939
551	1450
551	1495
552	637
552	642
552	647
552	698
552	1231
552	1511
552	1629
552	1699
553	706
553	832
553	856
553	991
553	1944
554	557
554	597
554	684
554	845
554	1060
554	1308
554	1913
555	720
555	950
555	1022
555	1158
555	1170
555	1173
555	1209
555	1396
555	1443
555	1757
556	691
556	801
556	829
556	898
556	1174
556	1394
556	1593
556	1688
556	1731
556	1915
556	1996
557	600
557	621
557	880
557	1087
557	1088
557	1410
558	572
558	987
558	1133
558	1204
558	1427
558	1635
558	1695
558	1739
559	569
559	619
559	741
559	766
559	794
559	860
559	937
559	1072
559	1166
559	1196
559	1602
559	1978
560	574
560	600
560	687
560	786
560	871
560	1768
561	573
561	683
561	1380
561	1459
562	570
562	684
562	692
562	757
562	961
562	965
562	1064
562	1205
562	1378
562	1560
562	1813
562	1857
563	602
563	836
563	890
563	924
563	1099
563	1608
563	1753
563	1797
564	980
564	1334
564	1351
564	1470
564	1712
564	1844
565	606
565	754
565	1248
566	1044
566	1653
567	734
567	805
567	836
567	866
567	877
567	1101
567	1243
567	1529
567	1573
568	1037
568	1181
568	1323
568	1392
568	1439
568	1767
568	1871
569	765
569	809
569	886
569	896
569	961
569	1099
569	1375
569	1873
570	791
570	1213
570	1716
571	689
571	886
571	1322
571	1358
571	1465
571	1626
571	1658
572	647
572	758
572	775
572	807
572	1017
572	1148
572	1184
572	1277
572	1696
573	682
573	731
573	1020
573	1700
573	1788
574	1046
574	1412
574	1466
574	1841
575	601
575	691
575	692
575	887
575	892
575	951
575	1170
575	1440
575	1795
576	604
576	777
576	908
576	1073
576	1444
576	1755
577	695
577	968
577	1057
577	1081
577	1674
577	1950
578	645
578	655
578	803
578	819
578	869
578	918
578	948
578	1031
578	1274
578	1495
578	1546
578	1662
579	668
579	1052
579	1164
579	1647
580	622
580	640
580	839
580	1516
580	1571
580	1586
580	1657
580	1766
580	1962
581	588
581	961
581	1048
581	1086
581	1724
582	822
582	917
583	609
583	654
583	807
583	849
583	974
583	1065
583	1090
583	1534
583	1811
584	757
584	809
584	816
584	848
584	936
584	981
584	992
584	1039
584	1244
585	774
585	993
585	1143
585	1491
586	628
586	675
586	1079
586	1487
586	1567
586	1576
586	1846
587	1080
587	1253
588	762
588	1140
588	1457
589	600
589	614
589	1088
589	1095
589	1109
589	1175
589	1453
589	1505
590	785
590	974
590	1052
590	1190
590	1480
590	1627
591	634
591	737
591	908
591	1100
591	1103
591	1322
591	1358
591	1441
591	1489
592	658
592	691
592	722
592	1096
592	1493
592	1512
592	1676
593	608
593	1638
594	729
594	1600
594	1910
595	611
595	742
595	821
595	1042
595	1125
595	1629
596	646
596	1015
596	1473
597	598
597	901
597	972
597	1229
597	1377
597	1646
598	709
598	719
598	722
598	770
598	826
598	1145
598	1792
599	706
599	813
599	1168
600	1126
600	1422
600	1540
601	1347
602	687
602	1103
602	1332
603	674
603	799
603	949
603	1293
603	1406
603	1847
603	1896
604	823
604	1303
604	1309
604	1983
605	615
605	630
605	637
605	669
605	708
605	795
606	905
606	924
606	929
606	1198
606	1386
606	1538
606	1856
607	646
607	792
607	800
607	856
607	1667
607	1705
607	1797
608	609
608	775
608	854
608	1191
608	1201
608	1424
608	1490
608	1563
608	1724
609	644
609	655
609	808
609	865
609	900
609	1014
609	1047
610	797
610	1272
611	876
611	879
611	1062
611	1649
611	1799
611	1937
612	673
612	750
612	1066
612	1756
612	1766
613	1022
613	1038
613	1089
613	1231
613	1434
614	736
614	743
614	812
614	837
614	1335
614	1411
614	1780
614	1967
615	784
615	1078
615	1101
615	1531
615	1660
615	1884
616	674
616	694
616	771
616	914
616	1222
616	1618
616	1663
616	1795
616	1837
616	1912
617	1313
617	1682
617	1756
617	1975
617	1982
618	1068
618	1071
618	1435
618	1759
619	690
619	972
619	994
619	1031
619	1473
619	1517
620	948
620	953
620	1282
620	1521
620	1877
621	751
621	846
621	1156
621	1269
621	1438
621	1484
621	1637
621	1810
622	768
622	833
622	1080
622	1188
622	1191
622	1336
622	1342
622	1349
622	1654
622	1701
623	1108
623	1183
623	1482
623	1694
623	1756
624	941
624	1105
624	1756
624	1993
625	742
625	952
625	994
625	1130
625	1214
625	1478
625	1601
625	1792
626	688
626	771
626	995
626	1311
627	659
627	908
627	1052
627	1185
627	1243
627	1290
627	1703
627	1724
628	744
628	821
628	955
628	976
628	1638
629	705
629	890
629	907
629	1018
629	1185
629	1233
629	1261
629	1283
629	1384
629	1548
630	864
630	1841
631	634
631	901
631	953
631	1050
631	1110
631	1629
631	1910
631	1982
632	657
632	846
632	939
632	1248
632	1278
632	1347
633	688
633	748
633	885
633	1556
633	1752
633	1979
634	656
634	735
634	755
634	760
634	838
634	967
635	739
635	742
635	924
635	1097
635	1100
635	1135
635	1287
635	1474
635	1533
636	824
636	877
636	1308
637	700
637	982
637	1424
637	1471
637	1633
637	1665
637	1987
638	1374
638	1817
638	1941
638	1965
639	728
639	899
639	957
639	1032
639	1153
639	1175
639	1236
640	1102
640	1134
641	748
641	1118
641	1995
642	888
642	929
642	1186
642	1561
642	1905
643	725
643	752
643	774
643	1327
643	1609
644	1011
644	1271
644	1287
644	1628
644	1935
645	763
645	1120
645	1545
645	1566
646	677
646	710
646	861
646	934
646	943
646	971
646	1056
646	1294
646	1295
647	956
647	1209
647	1920
648	663
648	1001
648	1054
648	1227
648	1915
649	828
649	937
649	978
649	1006
649	1087
649	1321
649	1431
650	718
650	987
650	1180
650	1339
651	665
652	852
652	871
652	959
652	1024
652	1107
652	1461
652	1486
652	1653
653	945
653	1226
653	1518
654	662
654	694
654	1011
654	1426
654	1553
655	693
655	716
655	1064
655	1253
655	1367
655	1991
656	759
656	945
656	1051
656	1369
656	1681
656	1745
656	1900
656	1939
657	679
657	722
657	781
657	795
657	824
657	1119
657	1289
657	1384
657	1458
657	1460
658	739
658	1108
658	1141
658	1291
658	1710
658	1873
659	714
659	1181
659	1485
659	1818
659	1845
660	741
660	773
660	942
660	1158
660	1216
661	708
661	756
661	876
661	1027
661	1250
661	1793
662	755
662	931
662	1335
663	693
663	859
663	875
663	891
663	1056
663	1610
664	845
664	938
664	1211
664	1410
664	1538
664	1767
665	694
665	738
665	1172
665	1201
665	1360
665	1758
665	1875
666	714
667	1007
667	1511
667	1721
668	749
668	909
668	1271
668	1325
668	1648
668	1907
669	725
669	777
669	1294
669	1413
669	1601
669	1976
670	788
670	902
670	1647
671	811
671	1402
671	1710
671	1717
671	1823
672	825
672	867
672	956
672	971
673	771
673	959
673	1179
673	1405
673	1436
673	1663
673	1749
673	1860
673	1920
674	689
674	709
674	712
674	825
674	858
674	1194
674	1669
675	934
675	1212
675	1737
676	827
676	981
676	1090
676	1367
677	1305
677	1316
677	1362
677	1476
677	1745
677	1803
678	852
678	902
678	1003
678	1420
678	1482
678	1712
679	815
679	931
679	943
679	979
679	1661
679	1700
680	1047
680	1288
680	1309
680	1922
680	1938
681	701
681	969
681	1188
682	757
682	927
682	1023
682	1354
682	1506
682	1535
683	728
684	801
684	1374
684	1416
684	1534
684	1778
685	864
685	1008
685	1219
685	1347
685	1522
685	1616
685	1925
686	763
686	822
686	1319
686	1377
687	910
687	1379
687	1709
687	1775
688	830
688	855
688	858
688	959
688	1025
688	1110
688	1214
689	868
689	1013
689	1060
689	1098
689	1099
689	1559
689	1614
689	1685
690	753
690	938
690	1209
690	1496
690	1834
690	2000
691	915
691	1095
691	1317
691	1588
691	1794
691	1874
692	840
692	857
692	1174
692	1551
692	1662
692	1700
692	1722
692	1787
692	1791
693	924
693	1454
693	1615
694	1009
694	1062
694	1113
694	1179
694	1193
694	1233
695	1191
696	1321
697	789
697	851
697	1012
697	1074
697	1277
698	730
698	777
698	1312
698	1703
698	1953
699	739
699	756
699	814
699	976
699	1191
699	1380
700	724
700	756
700	873
700	1370
700	1479
701	702
701	858
701	909
701	967
701	1452
701	1729
701	1804
702	918
702	1048
702	1360
702	1376
702	1387
703	850
703	904
703	978
703	1107
703	1132
703	1220
703	1301
703	1361
704	951
704	1331
704	1585
705	818
705	1127
705	1650
705	1755
706	722
706	726
706	848
706	1609
706	1677
707	741
707	1133
707	1332
707	1419
707	1710
708	764
708	874
708	930
708	1006
708	1350
708	1460
708	1483
708	1932
709	740
709	790
709	862
709	913
709	1341
709	1923
710	734
710	970
710	1146
710	1246
710	1888
711	1119
711	1128
711	1516
711	1617
712	889
712	1194
712	1257
712	1285
712	1299
712	1311
712	1616
712	1704
713	988
713	1034
713	1035
713	1157
713	1729
714	827
714	940
715	1302
715	1477
715	1609
715	1861
716	721
716	1157
716	1815
717	1328
717	1444
717	1501
717	1754
718	779
718	804
718	825
718	966
718	1123
718	1327
718	1566
718	1764
719	984
719	1032
719	1058
719	1750
719	1785
720	758
720	760
720	899
720	1007
720	1081
720	1097
720	1309
720	1319
720	1401
720	1869
720	1962
721	856
721	920
721	1070
721	1073
721	1203
721	1422
721	1625
722	1063
722	1083
722	1210
722	1848
722	1976
723	784
723	1348
723	1386
724	812
724	1097
724	1304
724	1379
725	731
725	883
725	1293
725	1698
725	1736
725	1870
726	757
726	780
726	952
726	962
726	991
726	1493
726	1494
726	1577
726	1868
726	1945
727	781
727	1021
727	1079
727	1156
727	1168
727	1194
727	1711
728	1085
728	1301
728	1583
728	1705
729	764
729	1475
730	1146
731	734
731	1205
731	1228
731	1606
731	1732
732	749
732	944
732	1142
732	1536
732	1541
732	1613
732	1655
733	790
733	1188
733	1242
733	1471
733	1637
734	750
734	899
734	1560
734	1794
735	1173
735	1265
735	1340
735	1421
736	771
736	1314
737	1034
737	1217
737	1221
737	1493
737	1689
738	890
738	911
738	931
738	1244
739	854
739	1054
739	1235
739	1663
739	1891
739	1942
740	823
740	1105
740	1604
740	1702
740	1906
741	835
741	1095
742	767
742	793
742	1122
742	1130
742	1249
742	1510
743	1187
743	1356
743	1469
743	1686
744	1022
744	1331
745	943
745	1874
745	1987
745	1996
746	870
746	878
746	921
746	1453
746	1630
747	883
747	972
747	1069
747	1165
747	1245
747	1873
747	1933
748	1015
748	1016
748	1791
748	1950
749	776
749	1199
749	1449
749	1456
749	1537
749	1543
749	1640
749	1773
749	1791
750	770
750	1197
750	1442
750	1804
751	884
751	1332
751	1350
751	1619
751	1639
751	1698
751	1808
752	764
752	989
752	1024
752	1446
752	1460
753	898
753	1011
753	1259
753	1538
753	1580
753	1667
753	1672
754	951
754	994
754	995
754	1025
754	1106
754	1335
754	1363
754	1547
755	902
755	1169
755	1514
755	1771
755	1951
756	824
756	1290
756	1591
757	870
757	954
757	1264
757	1616
758	766
758	820
758	1006
758	1078
758	1159
759	785
759	923
759	998
759	1057
760	1889
760	1896
760	1908
761	829
761	839
761	851
761	937
761	1068
761	1140
761	1369
761	1911
762	870
762	1399
762	1437
762	1812
762	1966
763	805
763	911
763	1001
763	1341
763	1500
763	1907
764	873
764	1048
764	1261
764	1598
765	885
765	906
765	939
765	1019
765	1067
765	1833
766	831
766	1213
766	1264
767	1026
767	1059
767	1281
768	825
768	875
768	1228
768	1556
769	822
769	853
769	1008
770	974
770	1089
770	1249
770	1675
770	1731
771	976
771	1141
771	1752
772	951
772	1100
772	1234
772	1785
772	1829
773	1300
773	1338
773	1346
773	1373
774	1050
774	1058
774	1070
774	1215
774	1432
774	1588
774	1684
774	1743
774	1777
774	1813
775	1046
775	1364
775	1504
775	1638
776	810
776	841
776	845
776	878
776	1149
776	2000
777	914
777	1116
777	1932
778	806
778	880
778	965
778	1038
778	1220
778	1472
778	1554
778	1636
779	895
779	1093
779	1650
780	1666
780	1874
780	1905
781	851
781	994
781	1369
781	1854
781	1881
781	1988
782	813
782	1130
782	1240
782	1668
782	1714
782	1903
783	793
783	942
783	1149
783	1224
783	1380
784	802
784	1741
785	997
785	1509
785	1712
786	803
786	1147
787	1816
788	992
788	1774
789	819
789	1070
789	1117
789	1728
789	1811
790	829
790	996
791	924
791	928
791	1263
791	1295
791	1378
791	1583
791	1889
792	894
792	909
792	1044
792	1336
793	837
793	894
793	1280
793	1349
794	1008
794	1162
794	1390
794	1498
794	1805
794	1946
794	1999
795	953
795	1010
795	1241
795	1357
795	1835
796	805
796	1009
796	1128
796	1178
797	803
797	883
797	964
798	894
798	906
798	1141
799	1316
799	1361
799	1405
799	1696
800	966
800	1418
800	1463
800	1631
800	1768
800	1793
801	879
802	1215
802	1350
802	1397
802	1806
802	1851
802	1951
802	1990
803	1457
803	1665
804	814
804	867
804	1011
804	1076
804	1148
804	1677
804	1897
805	854
805	941
805	1287
805	1359
805	1381
806	1029
806	1510
807	990
807	1899
807	1984
808	1071
808	1718
809	1132
809	1375
809	1478
810	926
810	972
810	1274
810	1468
810	1888
810	1924
811	1125
811	1576
811	1601
811	1656
811	1803
811	1934
812	861
812	887
812	1047
812	1256
812	1446
813	860
813	916
813	987
813	1096
813	1261
813	1346
813	1372
813	1661
814	861
814	1042
814	1259
814	1295
814	1443
814	1797
814	1910
815	1433
815	1467
815	1630
816	1532
816	1736
816	1991
817	1786
818	1100
818	1126
818	1218
818	1382
818	1454
818	1691
818	1751
818	1838
819	872
819	1013
819	1747
819	1831
819	1977
820	855
820	867
820	966
820	1020
820	1178
820	1311
821	830
821	1234
821	1402
821	1464
821	1542
821	1645
822	884
822	1247
822	1346
822	1394
822	1918
823	995
823	1020
823	1094
823	1357
823	1560
823	1894
824	826
824	1000
824	1086
825	1133
825	1244
825	1353
825	1372
825	1563
825	1614
826	1074
826	1451
827	1003
827	1033
827	1122
827	1250
827	1718
828	1686
828	1848
828	1902
829	897
829	975
829	1040
829	1056
829	1519
830	878
830	902
830	990
830	1248
830	1375
830	1475
831	1061
831	1163
831	1695
832	936
832	992
832	1089
832	1326
832	1379
832	1743
832	1873
833	950
833	1498
833	1503
833	1984
834	881
834	1035
834	1622
834	1971
835	956
835	1042
835	1713
835	1769
835	1933
836	852
836	1091
836	1715
837	920
837	1317
837	1657
837	1981
838	1134
838	1158
838	1466
838	1773
839	898
839	949
839	1046
839	1508
839	1513
839	1822
840	930
840	1001
840	1008
840	1108
840	1171
840	1284
840	1566
840	1678
840	1880
840	1882
841	935
841	944
841	982
841	1199
841	1316
841	1804
841	1894
841	1976
842	878
842	1098
842	1204
842	1329
842	1732
842	1765
843	1036
843	1108
843	1229
843	1251
843	1666
844	872
844	1245
844	1528
844	1874
845	925
845	935
845	1603
845	1760
846	970
846	1132
846	1404
846	1517
846	1715
846	1855
846	1867
847	912
847	1076
847	1795
847	1985
848	938
848	1013
848	1400
848	1775
849	1139
849	1298
849	1304
850	923
850	1862
850	1969
851	1067
851	1339
851	1534
851	1914
852	1121
852	1616
853	1061
853	1228
853	1257
853	1453
853	1529
854	869
854	903
854	1227
854	1471
854	1804
854	1977
854	1990
855	1373
855	1664
855	1876
856	1222
856	1302
856	1426
856	1592
857	1812
858	958
858	1005
858	1335
858	1412
858	1639
858	1925
859	1468
860	862
860	1143
860	1237
861	953
861	1162
861	1174
861	1241
861	1391
861	1492
861	1784
861	1866
862	938
862	955
862	968
862	1661
862	1985
863	1154
863	1339
863	1346
863	1581
864	922
864	956
864	1055
864	1104
865	1449
865	1509
866	1871
866	1950
866	1967
866	1970
867	944
867	977
867	1195
868	930
868	1693
868	1816
869	1002
869	1034
869	1282
869	1904
870	1001
870	1168
870	1297
870	1528
870	1543
870	1610
870	1751
871	1290
871	1483
871	1594
871	1825
872	1150
872	1765
873	890
873	936
873	966
873	975
873	1289
873	1360
874	883
874	1114
874	1286
874	1310
875	1355
875	1839
875	1892
876	915
876	1126
876	1738
877	943
877	1017
877	1266
877	1720
877	1932
878	890
878	1122
878	1555
878	1991
879	932
879	1299
879	1324
879	1745
880	958
880	1376
880	1399
880	1575
880	1701
881	955
881	1148
881	1490
881	1574
881	1990
882	1192
882	1837
883	1099
883	1301
884	1059
884	1145
884	1154
884	1367
884	1416
884	1512
885	1203
886	967
886	1009
886	1337
886	1385
886	1470
886	1816
886	1895
887	978
887	1054
887	1591
887	1673
888	1057
888	1064
888	1123
888	1191
888	1229
888	1276
888	1707
888	1866
889	1089
889	1189
889	1284
889	1291
889	1400
889	1457
889	1997
890	1247
890	1331
890	1622
890	1632
891	919
891	1150
891	1263
891	1358
891	1689
891	1764
892	931
892	1121
892	1441
892	1814
893	1146
893	1315
893	1556
893	1680
893	1844
894	1060
894	1114
894	1144
894	1202
894	1550
894	1993
895	1378
895	1711
895	1971
896	944
896	1559
896	1941
897	1029
897	1328
897	1510
897	1676
897	1820
898	1063
898	1170
898	1764
898	1798
899	911
899	1120
899	1155
899	1843
900	1655
900	1908
901	1032
901	1238
901	1366
901	1414
901	1461
901	1816
901	1928
902	1122
902	1441
902	1480
902	1880
902	1974
903	986
903	1230
903	1326
903	1413
903	1797
904	982
904	985
904	1611
905	1229
905	1243
905	1937
906	1208
906	1318
906	1715
907	935
907	1208
907	1481
907	1543
909	1018
909	1043
909	1098
910	1874
910	1972
911	980
911	1035
911	1334
911	1383
911	1464
911	1527
911	1729
912	1075
912	1241
912	1821
912	1846
913	1366
913	1389
913	1504
914	1037
914	1136
914	1540
914	1933
915	1090
915	1242
915	1870
915	1945
916	1003
916	1167
916	1296
916	1411
917	1142
917	1318
918	959
918	1129
918	1140
918	1330
918	1428
919	1286
919	1417
919	1593
919	1934
920	985
920	1062
920	1119
920	1393
920	1492
920	1895
921	1866
922	1017
922	1272
922	1607
922	1957
923	1488
923	1830
924	1018
924	1232
924	1293
925	1100
925	1544
925	1559
925	1637
925	1942
926	1491
926	1589
926	1602
926	1802
926	1811
927	1096
927	1801
928	971
928	998
928	1052
928	1200
928	1612
929	1216
929	1241
929	1986
930	1054
930	1881
930	1984
931	992
931	1057
931	1063
932	1234
932	1378
932	1494
932	1552
932	1700
933	1199
934	1022
934	1255
935	1548
935	1640
935	1907
936	937
936	1025
936	1074
936	1273
936	1506
936	1571
936	1970
936	1973
937	1258
937	1265
937	1564
937	1818
938	1167
938	1407
938	1817
938	1945
938	1972
939	1026
939	1091
939	1242
940	1163
940	1673
941	988
941	1102
941	1115
941	1172
941	1688
942	995
942	1007
942	1129
942	1342
943	1095
943	1288
943	1357
943	1649
944	1813
945	1143
946	977
946	1452
946	1459
947	1263
947	1494
947	1628
947	1654
947	1806
948	1949
949	1144
949	1200
949	1262
949	1484
949	1684
949	1689
949	1929
950	989
950	1197
950	1302
950	1414
950	1605
951	1226
951	1516
951	1645
951	1890
952	1007
952	1289
952	1592
952	1838
953	1011
953	1193
953	1227
953	1351
953	1719
953	1936
954	1018
954	1195
954	1887
955	1108
955	1309
955	1593
956	1043
956	1118
956	1392
957	1344
957	1482
958	976
958	1000
958	1039
958	1465
958	1739
959	977
959	1118
959	1146
959	1334
959	1522
960	1004
960	1177
960	1271
960	1555
960	1903
960	1968
961	1045
961	1068
961	1077
961	1110
961	1204
961	1365
961	1393
961	1596
961	1754
962	1093
962	1291
962	1419
962	1527
962	1541
962	1984
962	1988
963	1117
963	1274
963	1501
963	1732
964	1060
964	1133
964	1429
964	1997
965	1285
965	1649
966	1006
966	1292
966	1334
966	1387
966	1836
966	1959
967	1176
967	1406
967	1712
968	1071
968	1106
968	1306
968	1477
968	1726
968	1787
969	1246
969	1273
969	1388
969	1468
970	974
970	1091
971	1266
972	1077
972	1575
972	1615
972	1842
973	1217
973	1281
973	1662
974	1085
974	1880
975	1024
975	1772
976	1005
976	1062
976	1136
976	1181
976	1284
976	1561
976	1685
977	1149
977	1427
977	1609
977	1737
978	1440
978	1675
978	1849
978	1879
979	980
979	1093
979	1431
979	1667
979	1777
979	1809
980	1836
981	1053
981	1511
981	1757
982	1031
982	1246
982	1349
983	1102
983	1298
983	1462
983	1821
984	1487
984	1622
985	1015
985	1425
985	1537
985	1620
985	1667
985	1832
986	1116
986	1154
986	1370
986	1429
986	1990
987	1087
987	1908
988	1037
988	1066
988	1106
988	1141
988	1716
988	1729
988	1917
989	1065
989	1076
989	1103
989	1194
989	1551
989	1771
989	1776
990	1683
992	1102
992	1216
992	1258
993	1177
993	1513
993	1615
993	1860
994	1142
994	1694
994	1853
995	1678
996	1146
996	1153
996	1438
996	1445
997	1004
997	1148
998	1083
998	1171
998	1176
998	1202
998	1496
998	1707
999	1314
999	1385
999	1474
1000	1666
1000	1994
1001	1345
1001	1425
1001	1472
1001	1708
1002	1183
1002	1969
1003	1632
1003	1762
1004	1040
1004	1369
1004	1776
1005	1433
1005	1631
1006	1275
1006	1456
1007	1119
1007	1161
1007	1714
1008	1057
1008	1330
1008	1704
1009	1132
1009	1348
1009	1368
1010	1035
1010	1238
1010	1519
1010	1722
1010	1873
1010	1978
1011	1082
1011	1741
1011	1800
1011	1921
1012	1130
1012	1306
1013	1051
1013	1053
1013	1137
1013	1690
1013	1979
1013	1980
1014	1713
1014	1719
1015	1891
1016	1668
1017	1139
1017	1186
1017	1235
1017	1303
1017	1334
1017	1368
1017	1722
1017	1742
1017	1965
1018	1244
1018	1423
1018	1459
1018	1697
1019	1623
1019	1637
1019	1970
1021	1091
1021	1185
1021	1917
1022	1039
1022	1083
1022	1170
1022	1273
1022	1412
1022	1433
1022	1731
1022	1753
1022	1932
1022	1955
1023	1296
1023	1424
1024	1161
1024	1942
1025	1036
1025	1154
1025	1192
1025	1240
1025	1342
1025	1394
1025	1508
1026	1315
1026	1456
1026	1679
1026	1690
1026	1824
1026	1852
1027	1090
1027	1363
1027	1976
1028	1164
1028	1344
1029	1240
1029	1264
1029	1389
1029	1588
1029	1738
1029	1987
1030	1275
1030	1440
1030	1598
1030	1782
1030	1882
1031	1389
1032	1164
1032	1226
1033	1111
1033	1149
1033	1934
1033	1969
1034	1158
1034	1472
1035	1462
1035	1554
1036	1067
1036	1391
1036	1708
1037	1073
1037	1127
1037	1415
1038	1053
1038	1337
1039	1081
1039	1320
1039	1374
1039	1850
1039	1857
1040	1064
1040	1080
1040	1204
1041	1270
1041	1517
1042	1211
1042	1290
1042	1378
1042	1382
1042	1579
1042	1621
1042	1809
1042	1851
1043	1311
1043	1524
1043	1638
1043	1852
1043	1876
1044	1115
1044	1218
1044	1540
1044	1782
1044	1959
1045	1072
1045	1625
1046	1232
1046	1233
1047	1061
1047	1161
1047	1276
1047	1312
1047	1852
1047	1942
1048	1420
1048	1548
1048	1888
1049	1218
1049	1396
1049	1644
1049	1903
1049	1911
1050	1141
1050	1186
1050	1365
1050	1914
1051	1189
1051	1249
1051	1313
1051	1429
1051	1515
1051	1557
1051	1799
1052	1359
1052	1691
1052	1968
1053	1342
1053	1448
1053	1856
1053	1926
1054	1413
1054	1605
1055	1166
1055	1194
1055	1490
1055	1935
1056	1556
1057	1197
1057	1549
1058	1281
1058	1317
1059	1082
1059	1379
1059	1397
1060	1424
1060	1899
1061	1508
1061	1773
1062	1178
1062	1718
1063	1573
1063	1595
1063	1840
1064	1260
1064	1398
1064	1794
1065	1655
1065	1748
1066	1386
1066	1403
1067	1092
1067	1562
1067	1644
1067	1985
1068	1188
1068	1383
1068	1567
1069	1165
1069	1184
1069	1235
1069	1512
1069	1567
1069	1948
1070	1158
1070	1321
1070	1329
1070	1423
1071	1113
1071	1291
1072	1084
1072	1244
1072	1305
1072	1395
1072	1727
1074	1468
1074	1871
1075	1136
1075	1865
1076	1325
1076	1415
1076	1448
1077	1326
1077	1524
1077	1735
1077	1781
1078	1084
1078	1196
1078	1215
1078	1428
1078	1699
1078	1749
1078	1814
1078	1958
1079	1140
1079	1207
1079	1434
1079	1605
1080	1269
1080	1320
1080	1607
1080	1649
1080	1672
1080	1799
1080	1825
1080	1916
1081	1247
1081	1322
1081	1433
1081	1809
1081	1828
1082	1236
1082	1341
1082	1688
1083	1582
1083	1623
1084	1305
1084	1356
1084	1765
1084	1860
1086	1215
1088	1115
1088	1341
1088	1431
1088	1625
1088	1653
1089	1434
1089	1671
1089	1965
1090	1430
1091	1125
1091	1203
1091	1303
1091	1805
1092	1328
1092	1562
1092	1582
1093	1183
1093	1298
1093	1419
1093	1525
1093	1854
1094	1974
1095	1132
1095	1180
1095	1261
1095	1632
1095	1898
1096	1135
1096	1759
1096	1946
1097	1145
1097	1420
1097	1792
1098	1107
1098	1912
1098	1922
1099	1908
1100	1278
1100	1867
1101	1451
1101	1849
1101	1857
1102	1256
1103	1131
1103	1199
1103	1611
1103	1612
1103	1808
1103	1957
1104	1208
1104	1691
1105	1341
1105	1539
1106	1136
1106	1212
1107	1428
1107	1483
1107	1609
1107	1936
1108	1358
1108	1496
1108	1820
1108	1900
1109	1286
1109	1308
1109	1395
1109	1433
1109	1536
1110	1111
1110	1162
1110	1482
1110	1499
1111	1391
1111	1665
1111	1743
1111	1899
1113	1167
1113	1451
1113	1528
1114	1167
1114	1280
1114	1330
1114	1750
1115	1407
1115	1503
1115	1769
1116	1128
1116	1202
1116	1671
1117	1239
1117	1549
1117	1929
1118	1327
1119	1590
1119	1825
1120	1184
1120	1457
1120	1749
1120	1927
1120	1966
1121	1629
1122	1139
1122	1759
1123	1150
1124	1235
1124	1237
1124	1464
1125	1197
1125	1222
1125	1356
1125	1557
1125	1956
1126	1308
1126	1392
1127	1186
1127	1445
1127	1847
1127	1909
1128	1417
1128	1583
1129	1407
1129	1466
1129	1589
1129	1601
1129	1883
1131	1389
1131	1536
1131	1840
1132	1203
1132	1705
1133	1205
1133	1507
1133	1763
1134	1779
1135	1139
1135	1296
1136	1468
1136	1631
1136	1822
1137	1546
1137	1735
1138	1547
1138	1929
1139	1395
1139	1749
1140	1329
1140	1672
1141	1540
1141	1672
1142	1300
1142	1630
1143	1190
1143	1216
1143	1455
1143	1747
1144	1322
1144	1532
1144	1778
1145	1375
1145	1577
1145	1954
1146	1181
1146	1246
1146	1356
1146	1514
1147	1218
1147	1420
1148	1190
1148	1588
1149	1367
1149	1398
1149	1500
1149	1814
1149	1907
1150	1706
1150	1765
1150	1819
1150	1883
1151	1364
1151	1547
1152	1160
1152	1898
1153	1251
1153	1274
1153	1403
1154	1183
1154	1359
1154	1881
1154	1944
1155	1235
1155	1457
1155	1529
1156	1470
1156	1655
1156	1718
1157	1706
1157	1723
1157	1953
1158	1408
1158	1450
1158	1744
1159	1853
1160	1278
1161	1430
1161	1591
1161	1619
1162	1520
1162	1927
1163	1445
1163	1633
1163	1961
1164	1247
1164	1258
1164	1461
1164	1872
1165	1217
1165	1264
1165	1319
1165	1356
1166	1176
1166	1336
1166	1615
1166	1658
1166	1742
1166	1967
1166	1992
1167	1387
1167	1558
1167	1789
1168	1257
1168	1886
1169	1352
1169	1515
1169	1636
1169	1794
1170	1490
1170	1539
1170	1627
1171	1539
1171	1679
1171	1834
1172	1201
1172	1579
1172	1707
1172	1905
1173	1715
1173	1986
1174	1822
1175	1401
1175	1422
1175	1432
1175	1713
1175	1726
1176	1387
1176	1404
1177	1224
1177	1226
1177	1705
1177	1999
1178	1289
1178	1364
1178	1416
1178	1904
1179	1892
1180	1597
1181	1597
1181	1803
1182	1366
1182	1467
1182	1582
1184	1572
1186	1187
1186	1355
1186	1734
1187	1761
1187	1999
1188	1266
1188	1452
1189	1208
1190	1324
1190	1572
1191	1542
1191	1781
1191	1831
1192	1615
1192	1818
1192	1887
1193	1254
1193	1349
1193	1367
1193	1594
1194	1426
1194	1863
1194	1980
1195	1434
1195	1624
1195	1802
1195	1920
1196	1296
1198	1331
1198	1505
1198	1514
1198	1596
1198	1608
1199	1272
1199	1446
1199	1661
1200	1316
1200	1485
1200	1802
1202	1255
1202	1343
1202	1352
1203	1717
1204	1566
1204	1894
1205	1230
1205	1569
1206	1586
1206	1587
1206	1846
1207	1230
1207	1553
1207	1698
1210	1393
1210	1692
1211	1276
1211	1403
1211	1436
1211	1686
1211	1838
1212	1262
1212	1273
1212	1581
1212	1762
1213	1891
1213	1969
1214	1317
1214	1595
1215	1275
1215	1278
1215	1423
1215	1894
1216	1221
1216	1640
1216	1643
1216	1798
1217	1408
1218	1301
1219	1780
1220	1299
1220	1500
1220	1608
1221	1372
1222	1263
1222	1385
1222	1506
1222	1515
1222	1676
1223	1279
1223	1664
1224	1516
1225	1453
1225	1641
1226	1506
1226	1689
1228	1435
1228	1501
1228	1885
1229	1286
1229	1342
1229	1760
1229	1827
1229	1915
1230	1531
1230	1683
1231	1817
1231	1830
1231	1996
1233	1648
1234	1694
1234	1697
1234	1863
1235	1439
1235	1910
1236	1328
1236	1815
1237	1269
1237	1755
1237	1946
1238	1394
1238	1542
1239	1267
1239	1572
1239	1617
1240	1931
1241	1251
1241	1255
1241	1390
1241	1932
1242	1788
1242	1923
1243	1283
1243	1819
1243	1997
1244	1281
1244	1901
1245	1276
1245	1644
1246	1420
1246	1879
1247	1267
1248	1426
1248	1436
1248	1913
1249	1541
1249	1716
1249	1926
1250	1263
1250	1531
1250	1980
1251	1324
1251	1630
1251	1733
1252	1798
1253	1408
1253	1447
1254	1312
1254	1393
1255	1472
1255	1803
1255	1986
1256	1353
1256	1486
1257	1259
1257	1620
1258	1831
1259	1766
1259	1871
1260	1521
1260	1634
1260	1909
1260	1938
1261	1267
1261	1625
1261	1933
1262	1314
1262	1473
1262	1497
1263	1941
1264	1269
1264	1446
1264	1876
1266	1603
1267	1408
1267	1522
1267	1523
1267	1550
1267	1843
1268	1376
1268	1523
1268	1778
1269	1339
1269	1606
1270	1767
1270	1917
1270	1945
1271	1288
1272	1348
1272	1458
1272	1887
1273	1320
1273	1413
1273	1436
1273	1830
1273	1868
1274	1823
1274	1919
1275	1777
1277	1610
1277	1895
1277	1956
1278	1335
1279	1807
1280	1327
1280	1403
1280	1679
1281	1349
1281	1548
1281	1577
1281	1817
1281	1892
1282	1333
1282	1872
1284	1668
1285	1401
1285	1455
1285	1733
1286	1313
1286	1464
1286	1542
1286	1641
1286	1783
1286	1789
1286	1918
1287	1400
1288	1752
1288	1792
1289	1931
1290	1524
1291	1581
1291	1642
1291	1738
1291	1869
1291	1964
1292	1345
1292	1450
1292	1775
1293	1811
1293	1935
1294	1338
1295	1529
1295	1947
1297	1363
1297	1696
1297	1706
1297	1835
1298	1409
1298	1545
1298	1850
1298	1897
1299	1399
1299	1448
1300	1439
1300	1754
1300	1862
1300	1973
1301	1370
1303	1312
1303	1390
1303	1511
1303	1806
1304	1307
1304	1443
1304	1505
1304	1533
1304	1624
1306	1352
1306	1357
1308	1518
1308	1646
1310	1354
1310	1405
1310	1593
1310	1718
1311	1365
1311	1469
1311	1944
1312	1493
1312	1507
1312	1557
1312	1730
1312	1836
1313	1626
1313	1677
1314	1955
1316	1487
1317	1411
1317	1562
1317	1805
1317	1878
1317	1994
1318	1329
1318	1502
1319	1340
1319	1376
1320	1395
1320	1432
1321	1585
1321	1761
1321	1998
1322	1496
1322	1498
1322	1841
1324	1580
1325	1445
1325	1998
1326	1855
1328	1381
1329	1623
1330	1843
1331	1510
1331	1579
1331	1807
1332	1723
1332	1742
1333	1725
1333	1911
1334	1780
1334	1964
1335	1481
1335	1529
1335	1544
1336	1406
1336	1773
1336	1801
1336	1831
1337	1351
1337	1549
1337	1757
1338	1570
1339	1461
1339	1800
1340	1992
1342	1502
1342	1527
1343	1360
1343	1538
1343	1746
1343	1936
1344	1633
1345	1430
1345	1439
1346	1812
1346	1863
1348	1641
1348	1721
1349	1355
1349	1366
1349	1470
1349	1844
1350	1536
1350	1563
1351	1965
1352	1697
1352	1770
1352	1826
1353	1951
1354	1580
1354	1678
1355	1470
1356	1514
1357	1587
1357	1711
1357	1753
1358	1387
1358	1558
1360	1410
1360	1531
1360	1562
1360	1567
1360	1585
1362	1692
1363	1417
1363	1656
1363	1989
1364	1876
1365	1493
1365	1845
1366	1807
1367	1624
1367	1636
1368	1543
1369	1721
1370	1437
1370	1682
1370	1754
1372	1660
1372	1885
1373	1535
1373	1595
1373	1812
1374	1796
1375	1492
1375	1899
1376	1578
1376	1850
1377	1502
1377	1737
1378	1438
1378	1551
1378	1764
1378	1833
1379	1449
1379	1469
1379	1858
1380	1412
1380	1770
1381	1590
1381	1774
1381	1859
1381	1930
1382	1463
1383	1602
1385	1628
1385	1872
1386	1653
1387	1392
1387	1566
1387	1832
1387	1852
1388	1633
1388	1782
1388	1801
1389	1758
1389	1868
1389	1907
1389	1998
1390	1728
1392	1776
1393	1658
1393	1915
1395	1402
1395	1680
1396	1537
1396	1725
1396	1899
1396	1905
1397	1417
1397	1624
1397	1674
1397	1738
1398	1476
1398	1495
1398	1522
1398	1875
1398	1896
1399	1521
1401	1737
1401	1952
1402	1839
1403	1519
1403	1528
1404	1497
1404	1858
1405	1616
1406	1815
1407	1437
1408	1692
1408	1854
1409	1607
1410	1575
1411	1715
1411	1769
1411	1783
1412	1750
1412	1764
1413	1540
1413	1886
1414	1415
1414	1594
1414	1612
1414	1838
1414	1900
1415	1515
1416	1599
1417	1442
1417	1553
1417	1563
1417	1605
1418	1939
1419	1474
1419	1532
1420	1561
1420	1901
1421	1574
1421	1763
1421	1946
1422	1747
1422	1828
1423	1752
1423	1978
1424	1481
1424	1635
1425	1435
1425	1785
1425	1833
1425	1953
1426	1534
1426	1582
1426	1824
1428	1975
1429	1476
1429	1825
1429	1840
1430	1597
1430	1612
1431	1887
1431	1901
1431	1934
1432	1514
1433	1776
1433	1883
1433	1923
1434	1587
1434	1624
1434	1959
1435	1972
1437	1492
1437	1827
1438	1753
1439	1584
1439	1587
1439	1819
1439	1880
1440	1709
1440	1851
1440	1996
1442	1586
1443	1578
1443	1599
1445	1626
1445	1671
1445	1860
1446	1579
1447	1518
1447	1721
1447	1924
1448	1623
1448	1763
1450	1622
1450	1770
1451	1937
1454	1950
1455	1508
1455	1864
1455	1954
1457	1835
1457	1944
1457	1977
1458	1926
1459	1643
1460	1702
1460	1960
1460	1988
1461	1739
1462	1597
1463	1931
1464	1958
1464	1961
1466	1684
1466	1815
1467	1800
1468	1645
1468	1751
1468	1827
1469	1792
1469	1888
1470	1636
1470	1837
1470	1922
1471	1785
1472	1546
1472	1740
1472	1783
1474	1484
1475	1484
1477	1675
1477	1865
1479	1684
1480	1720
1480	1766
1480	1875
1480	1919
1481	1573
1481	1581
1481	1701
1481	1819
1482	1893
1483	1486
1485	1771
1486	1995
1488	1783
1490	1589
1490	1851
1491	1734
1492	1622
1492	1725
1493	1508
1493	1839
1496	1666
1496	1724
1496	1759
1497	1848
1497	1875
1498	1534
1498	1802
1501	1703
1502	1570
1502	1887
1503	1681
1506	1844
1506	1857
1506	1878
1507	1652
1507	1689
1508	1602
1508	1727
1508	1934
1512	1526
1513	1558
1514	1659
1516	1939
1517	1762
1517	1784
1520	1525
1520	1681
1521	1557
1521	1603
1522	1563
1523	1790
1525	1940
1526	1559
1526	1708
1527	1824
1527	1859
1528	1830
1529	1596
1529	1607
1529	1842
1529	1849
1531	1682
1532	1988
1533	1790
1535	1654
1537	1685
1537	1886
1539	1618
1539	1627
1540	1584
1541	1743
1542	1829
1543	1922
1544	1612
1547	1904
1548	1733
1549	1920
1551	1878
1552	1585
1552	1981
1554	1995
1557	1654
1558	1802
1558	1983
1560	1748
1560	1880
1561	1600
1562	1807
1562	1876
1566	1993
1568	1641
1568	1678
1569	1643
1569	1675
1570	1963
1571	1745
1573	1789
1574	1772
1574	1963
1575	1578
1575	1949
1576	1926
1579	1882
1580	1613
1582	1589
1582	1604
1582	1961
1583	1669
1584	1738
1584	1918
1585	1763
1587	1747
1588	1670
1588	1991
1589	1999
1590	1592
1590	1598
1593	1611
1593	1687
1593	1992
1595	1862
1596	1660
1596	1928
1600	1927
1601	1617
1601	1710
1601	1740
1601	1785
1601	1974
1602	1971
1604	1632
1604	1768
1608	1669
1608	1801
1608	1823
1610	1634
1610	1800
1613	1728
1613	1846
1613	1884
1614	1634
1614	1642
1614	1728
1614	1804
1616	1826
1618	1643
1620	1688
1620	1784
1621	1652
1621	1921
1622	1790
1622	1960
1623	1723
1623	1744
1623	1788
1624	1646
1626	1858
1628	1631
1628	1695
1628	1713
1630	1774
1632	1750
1632	1760
1633	1778
1633	1782
1633	1868
1635	1856
1635	1930
1636	1923
1637	1720
1639	1831
1640	1906
1641	1806
1641	1893
1643	1687
1643	1786
1646	1694
1647	1805
1647	1846
1647	1935
1648	1794
1648	1925
1650	1842
1651	1769
1651	1849
1653	1752
1653	1993
1654	1685
1654	1710
1654	1956
1654	1973
1654	1977
1655	1760
1656	2000
1657	1829
1658	1962
1660	1772
1661	1702
1663	1954
1664	1933
1665	1677
1665	1906
1665	1913
1665	1947
1666	1870
1668	1896
1670	1833
1670	1980
1673	1864
1674	1740
1674	1783
1674	1823
1675	1938
1676	1714
1676	1972
1677	1822
1678	1954
1683	1692
1686	1943
1687	1967
1692	1698
1692	1850
1694	1775
1696	1826
1696	1841
1697	1707
1697	1771
1698	1797
1698	1983
1699	1820
1702	1864
1704	1777
1709	1742
1709	1779
1713	1885
1713	1927
1715	1859
1715	1918
1719	1883
1719	1955
1720	1735
1720	1741
1721	1891
1723	1746
1730	1909
1732	1776
1732	1974
1733	1744
1733	1837
1733	1900
1735	1788
1735	1789
1735	1914
1735	1960
1738	1781
1738	1943
1739	1768
1739	1982
1740	1948
1741	1975
1742	1813
1742	1840
1742	1852
1743	1924
1748	1775
1749	1861
1752	1796
1754	1787
1755	1864
1758	1940
1759	1877
1759	1936
1761	1963
1762	1963
1773	1864
1774	1799
1779	1935
1781	1997
1782	1973
1783	1919
1784	1919
1786	1845
1786	1853
1787	1966
1788	1867
1788	1948
1789	1790
1790	1964
1791	1836
1797	1839
1800	1856
1800	1892
1801	1843
1802	1826
1803	1865
1803	1975
1804	1936
1808	1814
1810	1814
1810	1923
1811	1959
1814	1847
1816	1919
1816	1938
1817	1834
1820	2000
1821	1845
1825	1857
1826	1983
1828	1940
1830	1835
1830	1949
1832	1895
1833	1995
1834	1990
1843	1971
1844	1924
1846	1958
1849	1856
1851	1885
1857	1897
1859	1889
1860	1868
1860	1986
1861	1888
1865	1976
1869	1921
1873	1884
1873	1974
1879	1889
1881	1885
1881	1906
1881	1998
1885	1914
1894	1926
1902	1948
1902	1981
1908	1913
1915	1981
1917	1953
1921	1989
1923	1998
1928	1949
1932	1959
1939	1965
1940	1989
1945	1952
1945	1970
1969	1980
1970	1983
