1	2
1	3
1	4
1	5
1	6
1	10
1	12
1	19
1	32
1	68
1	109
1	147
1	284
1	466
1	475
1	1044
1	1096
1	1426
2	3
2	4
2	5
2	17
2	23
2	24
2	29
2	34
2	40
2	41
2	58
2	79
2	90
2	117
2	147
2	178
2	201
2	228
2	256
2	394
2	432
2	488
2	787
2	1561
3	4
3	5
3	7
3	9
3	12
3	14
3	15
3	16
3	48
3	53
3	63
3	74
3	75
3	80
3	94
3	132
3	200
3	473
3	529
3	548
3	895
3	912
3	1160
3	1225
3	1375
3	1653
3	1936
4	5
4	6
4	9
4	26
4	27
4	43
4	96
4	100
4	212
4	236
4	625
4	703
4	887
4	1171
4	1502
4	1876
4	1949
5	7
5	13
5	28
5	43
5	78
5	84
5	112
5	120
5	130
5	484
5	602
5	1966
6	8
6	15
6	16
6	22
6	26
6	36
6	38
6	47
6	61
6	385
6	396
6	436
6	448
6	735
6	932
6	951
7	8
7	54
7	64
7	232
7	497
7	539
7	778
7	902
7	928
7	1122
7	1931
8	10
8	11
8	18
8	23
8	46
8	65
8	153
8	207
8	358
8	502
8	880
8	1105
8	1590
9	11
9	20
9	24
9	120
9	121
9	139
9	261
9	563
10	13
10	35
10	128
10	138
10	295
10	302
10	309
10	471
10	690
10	1603
10	1614
11	21
11	40
11	58
11	72
11	101
11	151
11	279
11	719
11	790
11	909
12	20
12	25
12	53
12	82
12	83
12	95
12	157
12	283
12	349
12	522
12	1507
12	1911
13	14
13	19
13	27
13	37
13	41
13	84
13	225
13	383
13	406
13	511
13	732
14	17
14	25
14	100
14	176
14	347
14	353
14	422
14	475
14	868
15	18
15	21
15	23
15	133
15	356
15	1381
15	1474
15	1523
15	1784
16	36
16	89
16	141
16	142
16	198
16	306
16	346
16	401
16	1284
16	1995
17	22
17	35
17	55
17	103
17	126
17	155
17	239
17	266
17	618
17	782
17	836
17	996
17	1111
18	60
18	117
18	124
18	146
18	177
18	216
18	253
18	441
18	834
18	1078
18	1081
18	1244
18	1372
18	1499
19	56
19	63
19	68
19	69
19	219
19	235
19	831
19	870
19	1076
19	1105
19	1144
19	1237
20	29
20	50
20	82
20	113
20	344
20	716
20	719
20	1030
21	39
21	48
21	52
21	73
21	99
21	103
21	187
21	326
21	930
21	1127
22	28
22	33
22	42
22	67
22	77
22	143
22	153
22	247
22	318
22	953
22	984
23	31
23	50
23	76
23	119
23	137
23	201
23	246
23	370
23	780
23	1121
24	31
24	45
24	419
24	434
24	666
24	776
24	892
25	30
25	97
25	109
25	333
25	449
25	469
25	655
25	1730
26	66
26	128
26	130
26	160
26	424
26	485
27	30
27	55
27	107
27	112
27	226
27	361
27	494
27	516
27	955
27	1457
28	32
28	38
28	68
28	87
28	111
28	116
28	518
28	1269
28	1506
29	121
29	197
29	499
29	1012
29	1383
30	44
30	54
30	182
30	341
30	377
30	521
30	692
30	915
30	1379
30	1391
30	1931
31	33
31	44
31	46
31	49
31	52
31	59
31	65
31	89
31	106
31	108
31	188
31	219
31	227
31	369
31	514
32	34
32	75
32	77
32	98
32	189
32	330
32	387
32	512
32	1064
32	1741
32	1990
33	37
33	42
33	179
33	193
33	218
33	304
33	417
33	594
33	644
33	1387
33	1789
34	76
34	173
34	255
34	872
34	1178
34	1351
34	1957
35	39
35	96
35	105
35	131
35	224
35	240
35	452
35	496
35	506
35	979
35	1858
36	61
36	87
36	92
36	152
36	321
36	550
36	625
36	696
36	765
36	773
36	1668
37	45
37	56
37	67
37	148
37	186
37	430
37	664
37	1592
37	1807
38	72
38	93
38	158
38	195
38	198
38	241
38	242
38	303
38	382
38	600
38	635
38	793
38	941
38	1106
38	1761
39	70
39	116
39	421
39	719
40	104
40	166
40	251
40	312
40	392
40	710
40	890
41	109
41	352
41	374
41	601
41	899
41	1472
41	1769
42	51
42	78
42	114
42	237
42	260
42	384
42	496
42	624
43	47
43	86
43	88
43	192
43	245
43	311
44	106
44	374
44	613
44	1258
44	1589
44	1684
44	1792
45	49
45	54
45	57
45	135
45	205
45	325
45	345
45	355
45	1040
45	1192
46	57
46	64
46	92
46	93
46	319
46	380
46	390
46	1479
47	73
47	206
47	244
47	282
47	393
47	562
48	99
48	246
48	363
48	480
48	715
48	727
49	51
49	62
49	102
49	125
49	285
49	301
49	338
49	444
49	854
49	1218
49	1326
49	1362
50	86
50	259
50	373
50	667
50	876
50	1443
50	1612
51	69
51	112
51	127
51	226
51	286
51	368
51	1448
52	60
52	94
52	147
52	158
52	340
52	343
52	382
52	601
52	792
52	861
52	1164
52	1524
53	70
53	155
53	296
53	329
53	692
53	1109
53	1711
54	87
54	100
54	101
54	214
54	292
54	394
54	640
55	71
55	292
55	408
55	1915
56	59
56	168
56	225
56	229
56	339
56	381
56	490
56	1027
57	62
57	444
57	480
57	1226
57	1350
57	1353
57	1643
57	1683
57	1868
58	71
58	74
58	89
58	107
58	1037
58	1615
59	95
59	125
59	134
59	175
59	213
59	215
59	283
59	1285
59	1347
59	1547
60	182
60	793
61	66
61	98
61	135
61	165
61	355
61	716
61	789
61	1243
61	1950
62	81
62	123
62	141
62	211
62	248
62	313
62	717
62	1238
63	114
63	127
63	177
63	183
63	241
63	734
63	791
64	536
64	691
64	796
64	913
64	1170
64	1687
65	88
65	110
65	180
65	665
65	694
65	745
65	902
66	400
66	1366
66	1855
67	85
67	131
67	199
67	208
67	217
67	650
67	661
67	889
67	1321
67	1458
67	1460
68	227
68	324
68	761
69	83
69	91
69	123
69	136
69	399
69	537
69	642
69	1293
70	159
70	257
70	276
70	452
70	501
70	508
70	517
70	603
70	669
70	1038
70	1495
70	1575
71	134
71	337
71	542
71	700
71	841
71	1091
72	258
72	308
72	751
72	995
72	1194
73	81
73	105
73	252
73	279
74	91
74	115
74	804
74	828
75	104
75	140
75	143
75	171
75	781
75	859
75	892
75	900
75	1464
76	79
76	80
76	85
76	205
76	674
76	1537
77	111
77	154
77	162
77	167
77	209
77	456
77	1189
77	1207
77	1278
77	1755
78	110
78	129
78	210
78	243
78	290
78	331
78	383
78	572
78	748
78	1475
78	1951
79	606
79	965
79	1927
79	1971
80	133
80	144
80	661
80	1578
81	190
81	316
81	373
81	559
81	689
82	129
82	194
82	347
82	1103
82	1316
82	1525
83	167
83	171
83	381
83	435
83	960
84	115
84	126
84	174
84	216
84	249
84	331
84	344
84	345
84	820
84	919
84	1584
85	184
85	260
85	318
85	454
85	562
85	877
86	510
86	1220
86	1875
87	180
87	293
87	334
87	403
87	416
87	780
87	817
87	917
87	1882
87	1995
88	90
88	113
88	122
88	161
88	220
88	415
88	1478
88	1721
88	1768
89	97
89	207
89	342
89	655
89	713
90	123
90	172
90	184
90	465
90	862
90	1192
90	1331
90	1868
91	108
91	145
91	245
91	351
91	395
91	479
91	508
91	824
91	1053
91	1694
92	164
92	202
92	263
92	288
92	328
92	528
92	567
92	730
92	827
92	918
92	1087
92	1233
92	1511
92	1548
93	100
93	140
93	446
93	520
93	555
93	556
93	774
93	924
93	1742
94	159
94	207
94	366
94	468
94	628
94	707
94	1108
94	1266
94	1492
95	162
95	409
95	1051
96	273
96	362
96	1553
97	169
97	287
97	363
97	404
97	410
97	492
97	671
97	732
98	102
98	110
98	712
98	1548
98	1810
99	234
99	491
99	634
99	759
99	861
99	1883
99	1928
100	388
100	396
100	561
100	1913
101	229
101	396
101	505
102	300
102	432
102	631
102	933
102	1583
103	250
103	803
103	858
103	1162
103	1201
103	1298
104	138
104	352
104	439
105	150
105	329
105	500
105	594
105	626
106	195
106	368
106	391
106	476
106	1748
107	200
107	211
107	299
107	304
107	515
107	1391
107	1694
108	389
108	595
108	1104
108	1112
108	1541
109	124
109	145
109	203
109	235
109	448
109	687
109	1749
110	118
110	149
110	175
110	320
110	376
110	411
110	705
110	737
110	1865
111	118
111	119
111	137
111	194
111	223
111	257
111	466
111	684
111	711
111	876
112	146
112	366
112	636
112	1036
112	1795
113	517
113	673
113	925
113	946
114	217
114	320
114	606
114	748
114	831
114	1306
115	122
115	272
115	486
115	519
115	693
115	815
115	994
116	150
116	176
116	212
116	221
116	239
116	298
116	839
116	890
116	1335
116	1393
116	1630
117	189
117	196
117	699
117	762
118	164
118	231
118	305
118	715
118	1471
119	168
119	293
119	361
119	397
119	678
119	1624
119	1663
120	385
120	405
120	1171
120	1461
120	1526
121	1247
121	1340
122	139
122	553
122	567
122	777
122	1023
122	1731
122	1773
123	145
123	165
123	181
123	357
123	502
123	1424
124	132
124	214
124	269
124	453
124	1252
125	144
125	185
125	289
125	398
125	504
125	916
125	1013
125	1093
126	148
126	265
126	467
126	740
126	1618
127	138
127	187
127	350
127	822
128	136
128	256
128	288
128	389
128	427
128	462
128	628
128	1686
129	482
129	555
129	720
130	170
130	294
130	413
130	491
130	513
130	521
130	652
130	672
130	1257
130	1318
131	154
131	178
131	294
131	558
131	843
132	160
132	262
132	381
132	409
132	547
132	652
132	725
132	739
132	959
133	423
133	749
133	1739
134	186
134	379
134	415
134	650
134	743
134	985
134	1656
135	142
135	149
135	168
135	639
135	766
135	778
135	893
135	1060
136	1884
137	181
137	183
137	201
137	371
137	406
137	729
137	865
137	1854
138	222
138	267
138	276
138	617
138	1843
139	286
139	402
139	472
139	705
140	161
140	204
140	370
140	821
141	156
141	157
141	221
141	228
141	270
141	506
141	579
141	772
142	199
142	421
142	1317
142	1453
143	190
143	268
143	356
143	365
143	1117
143	1396
143	1494
143	1631
143	1782
144	192
144	193
144	280
144	291
144	367
144	501
144	1158
145	303
145	375
145	481
145	576
145	698
145	1251
145	1703
146	151
146	152
146	174
146	332
146	607
146	936
146	1018
146	1249
146	1253
146	1701
147	261
147	359
147	416
147	677
148	397
149	169
149	251
149	253
149	405
149	412
149	544
149	599
149	658
149	963
150	179
150	213
150	249
150	287
150	374
150	695
151	327
151	353
151	399
151	530
152	166
152	218
152	420
152	873
152	1859
153	163
153	170
153	172
153	173
153	809
153	923
153	1516
153	1860
153	1939
154	334
154	335
154	412
154	949
154	1333
154	1815
155	156
155	234
155	270
156	468
156	857
156	1120
156	1209
157	282
157	354
157	685
158	206
158	338
158	445
158	704
158	789
158	878
158	1386
159	529
159	1123
159	1319
159	1638
160	202
160	274
160	662
160	737
160	768
160	798
160	1788
161	163
161	191
161	208
161	635
161	785
161	905
162	350
162	512
162	668
162	825
162	1018
162	1078
162	1113
162	1362
163	487
163	593
163	649
163	1094
163	1188
164	464
164	554
164	570
164	592
164	1442
164	1455
165	306
165	528
165	694
165	1180
165	1685
166	209
166	210
166	291
166	296
166	938
167	196
167	1117
167	1281
167	1423
168	505
168	608
168	1480
169	175
169	197
169	215
169	285
169	395
170	185
170	188
170	230
170	266
170	641
170	934
170	1035
170	1312
170	1486
171	573
171	1099
171	1430
172	336
172	690
172	864
173	191
173	222
173	588
173	604
173	682
173	927
173	951
174	250
174	254
174	353
174	962
175	281
175	313
175	621
175	896
175	1507
175	1864
176	331
176	1094
176	1519
177	248
177	262
177	314
177	430
177	871
177	1007
177	1159
178	233
178	247
178	428
178	509
178	1015
178	1825
179	204
179	276
179	348
179	372
179	523
179	1652
180	284
180	1269
181	232
181	547
181	706
181	1091
181	1196
182	495
182	548
182	776
182	913
182	1284
182	1448
182	1728
183	323
183	407
183	1137
183	1370
184	380
184	587
184	895
184	964
184	1227
185	676
185	1017
185	1107
185	1543
185	1693
185	1743
186	264
186	308
186	427
186	801
186	1934
187	223
187	351
187	542
187	1065
187	1138
188	258
188	307
188	315
188	576
188	1634
188	1877
189	237
189	299
189	659
189	821
189	987
189	1048
189	1124
190	220
190	273
190	354
190	983
190	1364
191	281
191	1003
192	228
192	252
192	272
192	386
192	562
192	812
192	1151
193	457
193	1590
193	1655
194	364
194	376
194	1222
194	1741
195	360
195	379
195	744
195	1147
195	1963
196	310
196	541
196	560
196	595
197	203
197	411
198	322
198	515
198	542
198	868
199	231
199	435
199	575
200	271
200	307
200	326
200	522
200	643
200	702
201	295
201	433
201	582
201	639
201	701
201	752
201	1101
201	1138
201	1294
201	1402
201	1449
201	1660
202	378
202	540
202	645
202	1136
203	238
203	305
203	565
203	1787
204	279
204	822
204	1118
205	1282
206	627
207	669
208	424
208	447
208	534
208	708
208	1054
208	1295
209	230
209	303
209	523
209	1852
210	259
210	454
210	1379
211	390
211	991
211	1389
211	1989
212	269
212	302
212	335
212	542
212	660
213	437
213	520
213	622
213	974
213	1119
213	1161
213	1546
214	312
214	319
214	564
215	267
215	309
215	407
215	463
215	679
215	991
215	1321
216	224
216	463
216	808
216	1031
216	1142
216	1360
216	1415
217	298
217	403
217	724
218	233
218	240
218	461
218	1004
218	1162
218	1780
218	1818
219	268
219	301
219	487
219	551
219	806
219	1295
220	323
220	518
220	1203
220	1343
220	2000
221	428
221	465
221	627
221	1072
221	1151
222	329
222	357
222	527
222	1804
223	516
223	635
223	939
223	1930
224	242
224	275
224	297
224	343
224	871
224	1363
225	485
225	632
225	906
225	1483
226	236
226	1489
226	1746
227	254
227	360
227	404
227	800
227	1466
228	278
228	359
228	1889
229	960
229	1892
230	441
230	1222
230	1459
231	422
231	718
231	741
231	816
231	915
231	925
231	1655
232	525
232	709
232	1088
233	358
233	649
233	830
233	962
233	1135
234	391
234	782
234	1154
234	1999
235	446
235	927
235	1219
235	1757
236	336
236	443
236	469
236	630
236	762
236	850
236	906
237	238
237	328
237	332
237	511
237	1627
238	280
238	327
238	493
238	507
238	530
238	543
238	655
238	838
238	893
238	1358
238	1428
239	471
239	551
239	891
239	961
239	1134
240	556
240	846
240	1469
240	1490
241	243
241	244
241	1147
241	1229
241	1635
241	1837
242	1694
242	1736
243	414
243	495
244	265
244	362
244	756
244	1411
244	1606
245	1029
245	1344
245	1427
245	1806
246	348
246	369
246	686
247	315
247	451
247	790
247	1209
247	1414
248	275
248	425
248	934
248	1190
248	1303
249	325
249	589
249	706
250	459
250	497
250	1009
250	1234
250	1879
251	489
251	743
251	1840
252	255
252	277
252	300
252	546
252	958
252	1667
253	344
253	647
253	1036
253	1199
253	1450
254	314
254	599
254	624
254	646
254	738
254	1056
254	1181
254	1378
254	1554
255	1106
255	1502
256	431
256	851
256	873
257	263
257	615
257	633
257	859
257	1073
257	1154
257	1386
258	387
258	657
258	1110
258	1723
258	1895
259	590
259	1436
259	1702
260	317
260	464
260	981
261	455
261	544
261	658
261	675
261	1829
262	293
262	413
262	948
262	1388
263	264
263	274
263	289
263	477
264	981
264	1070
264	1878
265	277
265	374
265	626
265	785
265	933
268	1784
269	271
269	311
269	398
269	442
269	973
269	1573
269	1987
270	527
270	1325
271	346
271	365
271	678
271	1505
272	278
272	423
272	676
272	996
272	1240
273	1191
274	483
274	498
274	609
274	726
274	1010
274	1518
275	586
275	1280
276	315
276	728
276	1937
277	342
277	439
277	674
277	1187
277	1322
277	1368
278	316
278	788
278	942
278	1116
278	1316
278	1461
278	1994
279	568
279	585
279	598
280	578
281	408
281	1622
281	1857
282	290
282	1129
282	1545
282	1661
282	1845
283	505
283	1212
283	1244
284	310
284	337
284	554
284	760
284	1717
284	1762
285	908
285	910
285	1568
286	317
286	583
286	928
287	401
287	524
287	620
287	925
287	1405
287	1799
288	410
288	493
288	621
289	324
289	450
289	885
289	1023
290	297
290	333
290	340
290	375
290	381
290	426
290	695
290	1159
290	1664
290	1715
291	330
291	378
291	869
291	968
291	1342
292	442
292	1198
293	413
293	420
293	574
293	1103
293	1596
293	1602
293	1744
294	393
294	478
294	488
294	1685
295	418
295	1096
295	1645
296	630
296	1006
297	364
297	436
297	632
297	745
297	847
297	1307
297	1700
298	513
298	1228
299	504
299	884
300	402
300	660
300	1923
301	371
301	557
301	683
301	817
301	1139
302	681
302	769
302	810
302	1309
303	530
303	598
303	653
303	1682
304	718
304	1367
304	1491
304	1591
305	1262
305	1621
305	1774
306	673
306	1089
306	1179
307	431
307	455
307	482
307	585
307	1534
308	592
308	1856
309	719
309	1549
309	1582
310	1067
310	1870
311	337
311	568
311	818
311	992
311	1554
312	812
312	1214
312	1384
312	1438
312	1738
313	689
313	961
313	1039
313	1206
313	1579
313	1834
314	388
314	434
314	597
314	725
314	1124
314	1172
314	1330
315	321
315	363
315	462
315	666
315	770
315	810
315	978
315	1086
315	1504
316	462
316	489
317	407
318	610
319	854
319	863
319	1681
319	1862
320	322
320	349
320	458
320	920
321	1032
321	1225
321	1240
321	1958
322	339
322	392
322	425
322	549
322	800
322	844
323	372
323	432
323	704
323	935
323	1242
324	386
324	638
324	947
324	1789
325	648
325	680
325	1732
327	429
327	760
327	875
327	1035
327	1256
327	1565
327	1811
328	418
328	840
328	990
329	687
329	1061
330	384
330	508
330	577
330	634
330	1302
330	1542
331	341
331	433
331	940
331	1088
331	1177
331	1276
332	664
332	784
332	883
332	1032
333	636
333	779
333	1254
333	1351
333	1598
334	440
334	601
334	1026
334	1069
334	1403
334	1713
335	1111
336	765
336	946
336	1202
336	1648
337	877
337	921
338	473
338	828
339	394
339	588
339	1261
339	1914
340	734
340	842
340	1055
340	1432
341	503
341	1152
342	486
342	610
342	1627
342	1796
343	367
343	1047
343	1082
343	1480
343	1671
344	616
344	795
345	478
345	581
345	1457
345	1665
345	1720
345	1812
346	754
346	1155
346	1315
347	645
347	849
347	1092
347	1308
347	1328
348	777
348	901
348	1594
349	526
349	722
349	1608
350	546
350	700
350	728
350	825
350	1457
350	1819
350	1885
351	956
351	966
351	1443
352	545
352	571
352	701
353	472
353	532
353	1406
353	1469
354	711
354	1977
356	611
356	944
356	1298
357	982
357	1346
358	603
358	764
359	633
359	1133
359	1586
359	1675
360	1119
360	1339
360	1372
361	440
361	569
361	802
361	966
361	1430
362	781
362	1270
363	460
363	589
363	1065
363	1115
363	1173
363	1421
363	1982
364	680
364	729
364	1300
365	552
365	1835
366	499
366	1409
366	1487
366	1632
367	445
367	580
367	912
368	784
368	919
368	1800
369	615
369	731
369	1136
369	1224
370	453
370	535
370	943
370	1659
371	560
371	825
371	1123
371	1786
371	1916
372	924
372	1095
373	429
373	997
373	1396
374	1290
374	2000
375	377
375	799
375	1293
375	1376
376	460
376	481
377	1280
378	414
378	590
378	621
378	891
378	1619
378	1751
378	1890
379	419
379	770
380	417
380	572
380	969
380	1873
381	490
381	546
381	719
381	932
381	1166
381	1250
382	1855
383	537
384	637
384	1816
384	1968
385	637
385	1090
386	775
387	464
387	497
387	1039
387	1876
388	400
388	555
388	941
388	1027
388	1158
389	1412
390	514
390	753
390	838
390	865
390	1052
390	1700
393	451
393	552
393	931
393	1752
394	498
394	573
394	763
394	855
394	1905
395	1212
397	558
397	641
397	757
398	438
398	447
398	450
398	679
398	682
398	1813
398	1988
399	768
399	1102
399	1281
400	456
400	797
400	1319
400	1445
402	484
402	526
402	904
402	1312
402	1629
403	600
403	619
403	1524
404	449
404	891
404	985
405	426
405	479
405	1907
406	811
406	1235
406	1347
407	497
407	653
407	702
407	1657
407	1684
407	1728
408	886
409	483
410	437
410	733
411	730
411	884
411	1146
411	1991
413	536
413	605
414	464
414	523
414	532
414	614
414	724
414	904
414	1193
414	1394
414	1528
414	1538
414	1647
415	457
415	470
415	685
415	1776
416	443
416	1070
416	1337
417	467
417	476
417	510
417	640
417	696
417	774
417	796
417	1111
418	459
418	525
418	998
419	438
419	604
419	742
419	1433
420	575
421	665
422	1097
422	1619
422	1821
423	470
423	719
423	1828
424	461
424	631
424	667
424	1022
424	1886
424	1947
424	2000
425	559
425	581
425	905
425	1230
425	1674
426	474
426	541
426	1354
427	1423
427	1641
427	1874
428	657
429	1377
430	1135
431	764
432	1007
432	1057
432	1665
432	1902
433	832
433	1060
433	1574
433	1699
434	458
434	494
434	747
434	786
435	749
435	1513
437	524
437	898
437	1214
437	1929
438	613
438	846
438	1710
438	1809
439	533
440	1013
440	1272
441	723
441	819
441	976
441	1176
441	1495
442	565
442	814
442	1095
442	1301
443	670
443	746
444	882
444	1054
444	1084
444	1662
444	1914
445	819
445	1239
445	1420
445	1885
445	1991
446	550
446	1085
446	1374
447	474
447	684
447	1058
447	1268
448	852
448	1011
449	688
449	801
449	939
449	1306
449	1464
450	477
450	591
450	1029
450	1097
451	835
451	911
451	1497
452	1216
453	545
453	1326
453	1437
453	1776
453	1913
454	643
454	775
454	1128
454	1473
454	1550
454	1676
454	1788
455	1167
455	1453
457	874
458	500
458	531
458	1540
459	1330
460	1005
460	1349
461	509
461	1382
461	1560
463	706
464	552
464	671
464	1236
464	1422
465	611
465	725
465	1002
465	1289
465	1365
466	563
466	697
466	824
467	519
467	557
467	798
467	986
467	1277
468	938
468	1165
468	1204
468	1446
469	639
469	747
469	983
469	1404
469	1900
470	802
470	1234
470	1540
471	566
472	584
472	591
472	684
472	1086
472	1146
472	1180
472	1273
473	605
473	956
474	492
474	507
474	1232
474	1318
475	505
475	538
475	623
475	672
475	683
475	726
475	1796
476	1012
476	1536
477	712
477	714
477	1255
477	1401
477	1693
478	754
478	954
479	1068
479	1416
480	1800
480	1903
481	535
481	608
481	839
481	1200
482	612
482	783
482	1307
483	1320
484	617
484	886
485	1440
486	968
486	1315
486	1929
487	1015
487	1545
487	1760
488	654
488	1695
489	1153
490	629
490	830
490	1299
490	1775
491	546
492	901
492	1257
493	1721
494	681
494	757
494	1467
494	1860
495	809
495	813
495	1961
496	577
496	769
496	853
497	503
497	897
498	837
498	966
498	1247
498	1383
498	1517
498	1909
500	1493
500	1717
500	1962
501	847
501	1165
501	1265
501	1633
502	564
502	596
503	642
503	867
503	1680
503	1735
504	561
504	1254
505	620
505	814
505	817
505	1521
505	1856
505	1900
506	597
506	844
506	1229
506	1677
507	855
507	1987
508	881
509	571
510	1184
510	1699
511	840
511	1055
512	574
512	714
513	897
513	1024
513	1228
513	1907
514	735
515	1143
515	1396
515	1563
516	699
517	533
517	826
518	614
518	1106
518	1232
519	654
520	707
520	882
520	1102
520	1642
520	1764
521	570
521	647
521	994
521	1077
522	1399
522	1601
523	1639
524	531
524	709
524	1001
524	1801
525	773
526	818
526	979
526	1377
526	1823
527	1188
527	1653
528	808
528	842
528	1844
530	543
530	758
530	879
530	894
530	1195
531	741
531	797
531	1435
532	538
532	555
532	677
532	738
532	763
532	1077
533	534
533	1035
533	1368
533	1492
533	1504
533	1593
534	539
534	540
534	899
534	926
535	1059
535	1157
536	579
537	583
537	586
537	616
537	717
537	980
537	1137
538	1378
538	1534
538	1733
538	1756
539	978
539	1470
539	1539
540	549
540	670
540	1045
540	1705
541	1666
541	1937
542	1416
542	1922
543	618
543	759
543	1131
544	587
544	688
544	836
545	553
545	1075
545	1169
546	652
546	929
546	1067
546	1697
547	602
547	756
547	834
547	930
547	1152
548	1414
548	1448
548	1820
549	631
549	1427
549	1587
550	651
550	1287
550	1487
550	1524
551	555
551	740
551	1297
551	1452
552	580
552	970
553	582
553	1379
554	1092
554	1569
555	774
555	777
555	1967
557	774
557	907
557	958
557	1262
557	1310
558	578
558	1471
559	566
559	629
559	1133
559	1814
560	845
560	875
560	1087
560	1252
560	1761
561	596
561	651
561	1072
561	1450
561	1683
561	1848
562	656
562	799
562	910
562	1371
562	1400
563	1997
564	896
564	1347
564	1625
565	903
565	975
565	1742
566	1047
566	1296
566	1620
567	569
567	644
568	1353
569	593
569	630
569	753
569	1185
569	1930
570	869
570	1749
571	721
571	786
571	917
571	1659
573	619
573	863
573	870
573	1673
574	942
574	1248
574	1275
575	663
575	682
575	1058
575	1108
575	1195
575	1853
576	612
576	1707
576	1892
576	1904
577	1417
578	584
578	1405
578	1572
579	691
579	1609
580	622
580	920
580	929
581	1341
582	804
582	1049
583	589
583	903
583	1143
583	1441
584	675
584	736
584	972
584	1231
584	1376
584	1646
584	1712
585	1355
585	1381
586	858
586	1237
586	1624
587	783
587	1431
588	1705
589	609
589	1216
589	1458
589	1542
590	943
591	750
591	866
591	987
591	1698
592	656
592	788
592	1777
593	623
593	1844
594	819
594	1497
594	1941
595	1506
596	1275
597	1031
598	1128
598	1219
600	607
601	708
601	969
601	1336
602	937
602	1260
603	795
603	1283
603	1366
603	1959
604	662
604	1206
604	1327
604	1403
604	1520
604	1529
605	1046
606	1726
607	648
607	1255
607	1771
607	1919
608	697
608	727
608	1755
608	1961
609	663
609	671
609	1177
609	1700
609	1847
610	739
610	766
610	1277
610	1795
612	736
612	744
612	851
612	1230
612	1446
613	867
613	999
613	1888
614	1009
615	936
616	1297
616	1395
616	1900
617	1370
617	1726
618	638
618	893
619	1175
619	1727
620	771
620	831
620	1220
620	1557
620	1615
620	1719
620	1928
621	723
621	1017
621	1973
622	1043
622	1432
622	1904
623	972
623	1348
624	1174
624	1354
625	693
625	829
625	866
625	1142
625	1156
626	1207
626	1208
627	843
627	1160
627	1291
628	710
629	921
629	955
630	731
630	1194
630	1783
631	666
631	767
631	1241
631	1919
632	1335
633	1022
633	1063
633	1208
633	1401
634	1016
634	1431
635	703
635	1424
636	646
636	1258
636	1508
637	1179
637	1215
637	1869
638	909
638	1357
638	1555
638	1943
639	966
639	1980
640	1567
641	659
641	1004
642	916
642	1089
643	720
644	852
644	1581
644	1636
644	1890
645	974
645	1314
646	1114
647	807
647	1112
647	1364
648	713
648	794
648	1243
649	686
650	1150
650	1172
650	1626
650	1718
651	668
651	805
651	829
651	873
651	1286
651	1879
652	1290
653	1074
653	1211
653	1374
653	1737
654	767
654	945
654	1580
655	722
655	1145
655	1356
656	864
657	1646
657	1745
658	857
658	907
658	953
658	1481
659	1593
660	750
660	1273
660	1383
660	1408
660	1708
661	1354
662	1200
663	1850
664	1426
664	1916
665	1016
666	812
666	1005
666	1019
667	746
667	1264
668	1408
668	1459
668	1926
669	772
669	1715
669	1850
669	1984
670	1080
670	1441
671	1020
672	700
672	1496
673	826
673	837
673	889
673	1226
673	1520
675	761
675	1279
675	1866
676	1285
676	1660
677	952
677	1001
678	827
678	999
678	1006
678	1113
679	1313
679	1442
680	698
680	771
681	1831
682	755
682	980
682	1026
682	1267
683	1266
684	824
685	705
685	733
685	881
686	874
686	875
686	1046
686	1051
686	1600
686	1703
687	1025
687	1225
687	1468
688	1681
689	758
689	806
689	1604
689	2000
690	950
690	1217
690	1413
690	1883
691	957
691	1259
691	1292
692	1002
692	1275
693	811
694	803
695	1183
695	1671
695	1814
696	1149
696	1300
697	841
698	1021
698	1132
699	1764
700	856
700	918
701	742
701	1588
702	869
703	1253
703	1858
703	1861
704	823
704	922
704	1073
704	1125
704	1688
705	900
706	751
706	816
706	995
706	997
706	1759
707	721
707	1978
708	1090
708	1300
709	1093
709	1178
709	1669
710	791
710	807
710	1014
710	1479
711	1144
711	1148
711	1211
712	794
712	1099
712	1254
713	1028
713	1632
714	996
714	1886
715	967
715	1313
715	1333
715	1473
716	832
716	856
716	1226
716	1271
716	1932
717	1460
718	869
719	1066
719	1466
720	1080
720	1302
721	792
722	752
722	813
722	1312
723	1074
723	1865
724	787
724	1917
725	848
726	1292
726	1792
727	845
727	849
727	1223
728	833
729	1064
729	1149
729	1293
729	1818
729	1944
730	1700
731	914
731	947
731	1527
732	975
732	1062
732	1751
734	1951
735	755
735	779
735	1610
735	1625
735	1869
736	833
737	1122
737	1429
737	1719
737	1820
737	1933
739	823
739	935
739	1373
740	1084
740	1375
741	982
742	812
742	1049
742	1394
743	821
743	854
743	952
743	976
743	1547
744	1139
744	1476
745	944
745	1215
745	1634
745	1982
746	964
746	1994
747	1583
747	1738
749	1204
750	801
750	989
750	1887
752	923
752	1648
752	1687
753	1991
754	1329
755	860
756	1400
756	1896
757	1168
758	878
760	1925
761	1246
761	1998
762	805
762	1633
762	1918
763	1033
763	1068
763	1997
764	887
765	951
765	1079
765	1502
767	888
767	911
767	986
767	1104
768	850
770	1279
770	1633
771	1053
771	1342
771	1397
771	1415
772	862
773	883
773	1578
773	1832
774	1068
775	1245
775	1441
775	1656
776	1198
776	1369
776	1859
777	1344
777	1410
778	835
779	1267
780	1014
780	1987
782	885
784	914
784	1050
786	1191
786	1226
786	1458
787	1076
787	1164
788	848
788	973
788	983
788	1966
789	1062
789	1187
789	1407
789	1759
792	820
792	1186
792	1360
793	1451
795	1217
796	1564
797	1901
798	1010
799	1040
799	1470
800	1533
800	1747
801	948
801	1289
803	1227
803	1251
803	1268
803	1558
804	1645
805	815
807	1034
807	1299
808	1577
809	914
810	1008
810	1130
810	1523
811	967
812	898
812	1807
813	853
813	1734
814	1196
814	1521
815	1990
816	1288
816	1556
816	1802
817	1025
820	988
820	1249
821	1595
821	1803
822	1710
824	1085
824	1801
824	1854
825	1083
825	1126
825	1311
825	1324
826	872
826	1079
826	1130
827	1174
827	1210
827	1853
828	1175
829	860
829	1394
829	1870
830	1353
830	1482
830	1851
832	1256
832	1399
833	1193
833	1345
833	1696
833	1868
834	937
835	1986
836	1331
837	880
838	1478
838	1509
839	888
840	990
840	1048
842	1558
843	1107
843	1565
844	1998
845	910
845	1481
845	1516
845	1733
846	1398
846	1735
847	926
848	1000
849	993
849	1496
849	1707
849	1782
850	894
850	1140
851	879
851	940
851	1579
851	1613
852	1336
852	1617
853	1019
854	959
854	1042
856	922
857	1491
858	1692
858	1934
859	884
859	1203
859	1696
860	864
860	1380
860	1667
861	1098
861	1527
861	1979
862	1038
863	1041
864	1596
865	977
865	1439
866	1043
866	1056
866	1465
867	1390
868	1291
868	1500
868	1977
869	992
871	963
871	1530
872	1189
874	1574
874	1646
876	1182
876	1952
877	1301
877	1976
878	1604
879	1619
880	1901
880	1966
881	1834
882	1629
883	1346
884	1127
884	1903
885	1373
885	1584
885	1598
886	1145
886	1296
886	1349
887	971
888	965
888	1116
888	1334
888	1750
889	1050
889	1444
891	1028
891	1816
892	1398
892	1905
893	908
893	1428
894	1402
894	1651
895	931
895	1798
896	1110
897	1184
898	1202
898	1598
899	1389
900	1044
900	1156
900	1311
900	1447
902	1570
903	948
903	996
903	1419
905	1153
905	1942
907	1902
909	945
909	1100
909	1661
909	1970
910	1102
910	1118
911	1111
912	1037
912	1132
912	1932
915	1203
915	1221
915	1532
916	1121
917	1221
917	1320
918	1042
918	1463
918	1485
918	1838
918	1984
919	1011
919	1057
919	1069
919	1361
920	1350
920	1356
921	954
921	1714
923	957
923	1413
924	1270
925	949
925	1197
926	1380
926	1387
926	1418
927	1141
928	989
928	1706
928	1976
930	1529
931	977
931	1775
931	1983
932	988
932	1083
932	1131
932	1357
933	1120
934	1030
935	1614
936	1666
937	1024
937	1303
937	1334
937	1675
938	1181
938	1787
939	1085
940	1559
941	984
941	1248
942	971
943	950
943	986
943	1576
945	1640
946	1476
947	1155
948	1511
949	1637
949	1778
951	1797
952	1033
953	1456
953	1876
954	1224
954	1817
954	1821
955	1063
955	1785
956	1173
956	1286
958	1101
958	1213
958	1355
959	1100
959	1833
960	1422
960	1750
961	1213
961	1392
961	1501
963	1071
963	1332
963	1519
963	1923
963	1941
965	970
965	1475
965	1599
966	1254
967	1263
967	1449
968	1134
969	1385
970	1448
971	1008
971	1075
971	1167
971	1210
972	1205
973	1341
973	1467
978	1000
978	1343
978	1779
978	1840
979	993
979	1199
979	1668
979	1908
980	1302
981	1066
981	1468
981	1752
982	1532
982	1533
982	1554
983	1274
983	1571
983	1777
983	1945
984	998
984	1163
984	1238
984	1772
986	1729
987	1161
987	1451
987	1730
988	1020
988	1041
989	1003
990	1352
992	1242
992	1305
992	1340
993	1183
993	1572
994	1021
994	1765
994	1867
994	1973
995	1830
996	1239
996	1250
996	1711
997	1412
997	1503
998	1321
999	1327
999	1468
1000	1236
1001	1418
1002	1140
1003	1185
1003	1897
1004	1261
1004	1294
1004	1324
1005	1846
1007	1357
1007	1438
1009	1392
1009	1553
1009	1605
1010	1444
1011	1985
1012	1197
1013	1176
1013	1791
1014	1713
1015	1082
1016	1288
1017	1098
1019	1924
1020	1045
1020	1150
1021	1034
1021	1157
1022	1419
1022	1689
1023	1141
1024	1567
1024	1621
1024	1894
1025	1125
1030	1061
1030	1799
1031	1305
1031	1748
1032	1667
1032	1754
1032	1920
1036	1059
1036	1964
1037	1970
1038	1071
1038	1109
1038	1278
1038	1304
1038	1670
1039	1163
1043	1454
1043	1815
1043	1905
1045	1397
1045	1494
1045	1826
1046	1585
1046	1992
1047	1531
1049	1274
1049	1571
1051	1052
1051	1559
1051	1616
1051	1957
1052	1308
1054	1468
1055	1569
1055	1762
1055	1841
1057	1591
1058	1166
1058	1695
1059	1760
1060	1359
1060	1910
1062	1519
1062	1558
1063	1114
1064	1338
1065	1265
1066	1072
1066	1170
1068	1138
1068	1482
1070	1081
1073	1104
1073	1906
1075	1589
1075	1618
1076	1972
1077	1562
1078	1772
1080	1483
1083	1263
1084	1421
1084	1566
1085	1871
1087	1601
1088	1794
1089	1429
1090	1843
1091	1588
1093	1564
1094	1259
1096	1639
1097	1115
1097	1276
1098	1899
1099	1329
1100	1324
1100	1388
1102	1581
1103	1136
1104	1606
1104	1617
1105	1513
1105	1524
1106	1168
1106	1432
1107	1832
1108	1514
1110	1332
1110	1922
1111	1608
1112	1233
1113	1543
1114	1310
1114	1321
1114	1363
1114	1602
1114	1706
1116	1215
1116	1557
1118	1126
1118	1688
1120	1395
1121	1129
1123	1559
1123	1783
1124	1148
1124	1301
1124	1450
1125	1753
1128	1563
1128	1651
1129	1287
1132	1650
1132	1747
1133	1488
1134	1512
1135	1842
1136	1698
1136	1709
1136	1897
1137	1435
1141	1613
1141	1793
1142	1337
1142	1611
1142	1813
1144	1361
1144	1407
1145	1515
1145	1781
1147	1526
1147	1745
1148	1878
1150	1521
1151	1205
1152	1190
1154	1182
1154	1186
1154	1568
1154	1864
1155	1539
1156	1827
1158	1218
1159	1848
1159	1996
1160	1654
1161	1650
1162	1264
1162	1382
1164	1169
1164	1348
1165	1790
1165	1962
1165	1974
1166	1652
1166	1657
1167	1893
1168	1246
1168	1462
1168	1472
1169	1960
1170	1757
1171	1597
1173	1241
1173	1440
1173	1536
1176	1201
1176	1740
1177	1535
1178	1235
1178	1658
1178	1818
1179	1477
1179	1486
1179	1490
1184	1780
1184	1849
1185	1463
1185	1691
1185	1895
1189	1377
1190	1338
1191	1309
1191	1654
1191	1898
1192	1909
1193	1709
1194	1599
1195	1817
1196	1231
1196	1836
1197	1822
1198	1975
1198	2000
1199	1367
1199	1552
1200	1877
1201	1555
1202	1245
1202	1843
1204	1282
1204	1768
1208	1223
1208	1454
1210	1260
1210	1323
1211	1369
1211	1672
1212	1643
1212	1763
1213	1366
1215	1404
1215	1631
1215	1797
1215	1803
1215	1900
1217	1549
1217	1867
1222	1434
1222	1842
1224	1433
1224	1679
1225	1271
1228	1323
1229	1436
1230	1339
1230	1663
1232	1384
1234	1396
1234	1678
1235	1724
1237	1736
1237	1891
1237	1894
1238	1439
1238	1603
1239	1358
1240	1544
1240	1936
1242	1531
1242	1866
1245	1393
1245	1946
1246	1580
1249	1325
1249	1808
1250	1680
1250	1833
1252	1612
1253	1673
1253	1926
1254	1283
1258	1587
1258	1724
1259	1409
1259	1514
1259	1649
1259	1935
1260	1556
1260	1766
1260	1805
1260	1843
1262	1644
1262	1754
1263	1964
1266	1272
1267	1740
1267	1774
1268	1314
1268	1671
1270	1519
1271	1317
1274	1863
1275	1503
1277	1304
1277	1411
1277	1725
1278	1324
1280	1425
1281	1943
1282	1437
1283	1646
1285	1679
1287	1420
1287	1522
1288	1410
1288	1640
1289	1981
1289	1986
1290	1938
1292	1328
1292	1434
1292	1498
1292	1531
1292	1594
1292	1694
1292	1756
1292	1954
1293	1322
1296	1708
1297	1561
1297	1635
1297	1662
1299	1469
1299	1539
1299	1862
1300	1385
1302	1646
1303	1447
1307	1484
1308	1987
1310	1465
1311	1510
1311	1592
1313	1365
1313	1595
1317	1417
1317	1552
1319	1948
1320	1498
1320	1758
1321	1638
1321	1966
1327	1509
1330	1352
1330	1456
1330	1731
1330	1893
1331	1455
1332	1462
1333	1345
1333	1390
1335	1425
1336	1956
1337	1889
1338	1357
1338	1912
1339	1597
1342	1918
1343	1461
1343	1845
1344	1406
1344	1628
1344	1694
1346	1551
1347	1692
1349	1493
1351	1525
1351	1546
1351	1641
1351	1658
1351	1856
1352	1359
1352	1678
1353	1616
1356	1510
1357	1605
1357	1702
1358	1550
1360	1489
1360	1607
1360	1899
1361	1839
1363	1607
1369	1912
1370	1371
1371	1501
1372	1561
1375	1872
1380	1508
1380	1722
1382	1452
1382	1526
1383	1847
1383	1857
1384	1517
1386	1515
1386	1585
1388	1512
1388	1562
1388	1805
1389	1485
1389	1630
1390	1697
1391	1808
1392	1771
1393	1734
1393	1974
1394	1426
1394	1541
1395	1691
1399	1586
1400	1647
1402	1669
1403	1804
1403	1921
1406	1947
1407	1598
1408	1765
1411	1872
1413	1690
1414	1609
1414	1674
1415	1642
1415	1781
1416	1737
1416	1802
1418	1560
1418	1743
1419	1727
1422	1544
1422	1610
1423	1828
1425	1873
1430	1480
1431	1716
1432	1810
1433	1488
1433	1773
1434	1968
1435	1505
1441	1500
1441	1535
1441	1779
1442	1528
1443	1445
1443	1477
1443	1906
1444	1952
1445	1449
1445	1623
1445	1672
1445	1786
1446	1474
1448	1927
1449	1770
1452	1812
1454	1518
1454	1620
1454	1829
1455	1953
1456	1626
1459	1945
1460	1499
1461	1686
1463	1484
1463	1955
1468	1704
1471	1637
1473	1537
1473	1835
1475	1735
1478	1944
1480	1960
1482	1623
1485	1582
1486	1712
1487	1575
1487	1788
1487	1991
1492	1811
1494	1689
1496	1628
1496	1975
1497	1538
1499	1530
1501	1570
1502	1956
1504	1794
1507	1636
1509	1954
1511	1887
1512	1522
1514	1891
1516	1701
1516	1911
1518	1927
1520	1819
1523	1720
1524	1949
1527	1732
1528	1758
1529	1830
1530	1600
1530	1969
1531	1988
1533	1763
1534	1576
1535	1670
1537	1573
1538	1551
1538	1908
1540	1644
1542	1966
1543	1611
1543	1723
1544	1992
1545	1861
1546	1577
1548	1729
1548	1933
1549	1682
1551	1958
1551	1969
1555	1884
1556	1971
1561	1980
1562	1566
1564	1622
1569	1704
1571	1938
1572	1714
1573	1839
1574	1676
1578	1823
1579	1965
1580	1965
1583	1739
1584	1903
1588	1753
1590	1852
1591	1825
1602	1924
1604	1871
1611	1824
1613	1999
1614	1725
1617	1979
1618	1649
1618	1836
1620	1729
1620	1798
1621	1778
1628	1716
1631	1920
1633	1849
1637	1921
1640	1989
1641	1978
1642	1939
1643	1769
1643	1959
1647	1690
1652	1664
1653	1948
1656	1919
1661	1677
1664	1963
1665	1880
1669	1993
1672	1851
1674	1915
1674	1996
1676	1981
1677	1722
1681	1793
1687	1829
1688	1824
1688	1898
1690	1806
1691	1729
1693	1766
1694	1744
1699	1718
1700	1767
1700	1848
1701	1767
1703	1940
1707	1708
1707	1770
1709	1785
1710	1746
1714	1910
1718	1935
1725	1831
1747	1790
1752	1846
1756	1822
1761	1955
1765	1791
1770	1874
1775	1993
1776	1838
1778	1809
1781	1881
1784	1837
1785	1841
1785	1863
1789	1880
1795	1826
1800	1972
1801	1827
1818	1985
1823	1882
1840	1875
1843	1975
1847	1881
1858	1888
1864	1925
1879	1917
1885	1896
1890	1993
1896	1967
1899	1940
1914	1946
1925	1942
1941	1950
1952	1953
1969	1983
