1	2
1	3
1	4
1	5
1	6
1	7
1	9
1	12
1	13
1	14
1	19
1	22
1	26
1	34
1	44
1	45
1	50
1	66
1	69
1	76
1	103
1	120
1	138
1	201
1	262
1	330
1	596
1	625
1	759
1	838
1	1296
1	1336
1	1576
1	1605
2	3
2	4
2	5
2	6
2	10
2	11
2	18
2	28
2	42
2	79
2	87
2	92
2	100
2	122
2	139
2	212
2	231
2	236
2	265
2	537
2	573
2	998
2	1134
2	1511
2	1530
3	4
3	5
3	6
3	7
3	9
3	11
3	19
3	27
3	41
3	45
3	50
3	63
3	70
3	81
3	114
3	137
3	143
3	154
3	261
3	471
3	506
3	518
3	522
3	593
3	674
3	858
3	1126
3	1297
3	1464
3	1654
4	5
4	6
4	7
4	8
4	10
4	13
4	18
4	21
4	40
4	57
4	58
4	59
4	66
4	93
4	100
4	107
4	125
4	153
4	211
4	408
4	453
4	473
4	487
4	547
4	638
4	969
4	1095
5	6
5	7
5	8
5	11
5	24
5	29
5	86
5	170
5	401
5	458
5	567
5	842
5	881
5	1340
5	1882
6	8
6	10
6	14
6	27
6	40
6	103
6	112
6	146
6	161
6	163
6	233
6	307
6	431
6	437
6	523
6	528
6	644
6	770
6	1646
6	1809
7	8
7	9
7	12
7	15
7	21
7	23
7	24
7	25
7	52
7	88
7	93
7	105
7	217
7	244
7	247
7	499
7	733
7	870
7	1035
7	1047
7	1862
7	1907
8	9
8	10
8	12
8	14
8	15
8	16
8	30
8	36
8	64
8	68
8	134
8	140
8	170
8	238
8	328
8	405
8	609
8	885
8	889
8	1010
9	11
9	12
9	15
9	20
9	28
9	30
9	31
9	59
9	95
9	133
9	149
9	178
9	200
9	1038
9	1076
9	1112
9	1161
9	1681
10	13
10	14
10	17
10	18
10	22
10	31
10	39
10	61
10	80
10	132
10	135
10	173
10	185
10	227
10	245
10	268
10	297
10	310
10	314
10	324
10	427
10	433
10	579
10	689
10	711
10	1031
10	1332
11	13
11	15
11	16
11	18
11	43
11	64
11	76
11	112
11	119
11	122
11	128
11	149
11	155
11	198
11	269
11	370
11	474
11	540
11	646
11	652
11	1554
11	1953
12	16
12	17
12	23
12	25
12	29
12	38
12	45
12	60
12	77
12	90
12	94
12	199
12	227
12	280
12	480
12	527
12	583
12	661
12	762
12	919
12	1060
12	1398
12	1799
12	1869
13	16
13	17
13	20
13	23
13	24
13	29
13	32
13	59
13	79
13	85
13	91
13	132
13	150
13	194
13	279
13	284
13	318
13	415
13	449
13	483
13	977
13	1643
13	1939
14	20
14	25
14	31
14	40
14	63
14	69
14	101
14	147
14	154
14	273
14	356
14	412
14	439
14	467
14	484
14	587
14	595
14	666
14	704
14	736
14	824
14	843
14	897
14	1003
14	1470
14	1865
15	19
15	21
15	24
15	26
15	48
15	145
15	180
15	201
15	202
15	204
15	257
15	265
15	274
15	302
15	434
15	914
15	939
15	1092
15	1778
16	17
16	19
16	34
16	35
16	47
16	82
16	98
16	143
16	165
16	286
16	726
16	791
16	1053
16	1613
16	1646
16	1707
17	21
17	22
17	30
17	32
17	35
17	41
17	43
17	71
17	78
17	94
17	95
17	109
17	128
17	186
17	344
17	640
17	683
17	824
17	1169
18	20
18	25
18	26
18	38
18	57
18	83
18	106
18	117
18	169
18	174
18	228
18	244
18	268
18	275
18	282
18	300
18	370
18	520
18	679
18	706
18	831
18	1244
18	1293
19	23
19	26
19	27
19	28
19	32
19	35
19	108
19	121
19	205
19	254
19	259
19	277
19	403
19	442
19	477
19	580
19	656
19	722
19	1033
19	1037
20	22
20	48
20	73
20	74
20	93
20	107
20	125
20	128
20	146
20	204
20	253
20	269
20	304
20	422
20	554
20	589
20	600
20	729
20	813
20	1044
20	1057
20	1118
21	55
21	56
21	100
21	102
21	240
21	305
21	459
21	558
21	578
21	663
21	822
21	949
21	976
21	1335
21	1353
21	1449
22	39
22	41
22	53
22	56
22	172
22	181
22	185
22	199
22	202
22	264
22	316
22	396
22	739
22	1362
22	1375
22	1947
23	28
23	33
23	37
23	47
23	113
23	121
23	127
23	153
23	301
23	415
23	867
23	942
23	1217
23	1325
23	1661
24	29
24	32
24	34
24	35
24	40
24	51
24	54
24	55
24	67
24	80
24	97
24	111
24	135
24	192
24	203
24	378
24	380
24	464
24	510
24	574
24	590
24	699
24	922
24	1082
24	1291
24	1345
24	1420
25	36
25	37
25	68
25	96
25	127
25	224
25	227
25	306
25	348
25	417
25	436
25	472
25	645
25	687
25	1445
25	1462
25	1914
26	27
26	33
26	34
26	36
26	37
26	46
26	56
26	67
26	72
26	73
26	85
26	90
26	96
26	106
26	124
26	264
26	345
26	348
26	439
26	484
26	905
26	965
26	1600
26	1803
26	1913
27	30
27	36
27	71
27	73
27	75
27	152
27	219
27	261
27	412
27	430
27	922
27	1041
27	1078
27	1337
27	1387
27	1488
27	1573
27	1789
27	1898
28	31
28	46
28	49
28	110
28	113
28	182
28	210
28	252
28	271
28	398
28	429
28	531
28	737
28	799
28	1247
28	1440
29	38
29	49
29	53
29	54
29	88
29	256
29	574
29	964
29	983
29	1602
29	1959
30	33
30	37
30	57
30	69
30	97
30	109
30	210
30	224
30	283
30	285
30	385
30	463
30	525
30	659
30	680
30	871
31	38
31	42
31	43
31	50
31	64
31	65
31	174
31	182
31	295
31	388
31	1062
31	1379
32	33
32	48
32	53
32	79
32	129
32	157
32	181
32	216
32	445
32	523
32	620
32	945
32	959
32	1947
32	1980
33	42
33	44
33	52
33	62
33	164
33	176
33	183
33	251
33	252
33	800
33	1084
33	1259
33	1864
34	46
34	54
34	101
34	135
34	156
34	166
34	183
34	186
34	281
34	284
34	337
34	553
34	606
34	663
34	1212
34	1266
35	39
35	47
35	55
35	66
35	78
35	82
35	88
35	92
35	94
35	96
35	218
35	236
35	283
35	366
35	377
35	483
35	535
35	570
35	923
36	48
36	58
36	64
36	78
36	87
36	89
36	113
36	216
36	250
36	263
36	303
36	425
36	468
36	502
36	754
36	1391
36	1449
36	1948
37	39
37	41
37	43
37	47
37	52
37	61
37	62
37	110
37	126
37	130
37	137
37	179
37	215
37	772
37	841
37	896
37	1026
37	1193
37	1330
38	56
38	91
38	198
38	209
38	214
38	215
38	241
38	248
38	306
38	487
38	502
38	615
38	722
38	765
38	895
38	1219
38	1690
39	42
39	60
39	66
39	72
39	97
39	147
39	171
39	235
39	272
39	378
39	392
39	393
39	730
39	1078
40	45
40	51
40	68
40	103
40	145
40	156
40	207
40	418
40	451
40	470
40	667
40	748
40	802
40	909
40	1087
40	1627
41	53
41	59
41	77
41	105
41	106
41	162
41	191
41	239
41	244
41	332
41	522
41	619
41	760
41	909
41	1787
42	44
42	52
42	58
42	70
42	104
42	108
42	116
42	119
42	151
42	207
42	341
42	401
42	941
42	1097
42	1495
42	1992
43	44
43	51
43	67
43	85
43	86
43	97
43	112
43	206
43	247
43	323
43	494
43	567
43	617
43	632
43	784
43	1150
43	1302
43	1415
43	1595
43	1885
44	46
44	67
44	84
44	89
44	180
44	323
44	330
44	340
44	354
44	538
44	669
44	1068
44	1145
44	1279
44	1388
45	49
45	50
45	61
45	62
45	75
45	99
45	120
45	141
45	143
45	270
45	319
45	328
45	342
45	483
45	490
45	508
45	1001
46	60
46	91
46	107
46	116
46	158
46	168
46	235
46	422
46	450
46	694
46	983
46	1521
47	49
47	58
47	65
47	71
47	73
47	104
47	148
47	226
47	250
47	299
47	352
47	405
47	608
47	785
47	928
48	55
48	60
48	76
48	111
48	118
48	218
48	221
48	300
48	761
48	1043
49	51
49	90
49	151
49	308
49	311
49	320
49	363
49	403
49	616
49	645
49	1106
49	1149
49	1524
49	1826
49	1837
50	68
50	77
50	86
50	191
50	212
50	284
50	292
50	357
50	526
50	777
50	857
50	1492
50	1655
51	54
51	61
51	80
51	94
51	150
51	169
51	170
51	177
51	210
51	441
51	454
51	528
51	560
51	1407
51	1451
51	1836
52	114
52	216
52	223
52	250
52	320
52	647
52	921
52	1053
52	1094
52	1371
52	1588
52	1989
53	69
53	81
53	109
53	113
53	162
53	171
53	238
53	253
53	338
53	364
53	413
53	485
53	511
53	865
53	1280
53	1391
53	1551
53	1838
54	57
54	82
54	83
54	114
54	173
54	212
54	219
54	283
54	340
54	443
54	600
54	691
54	1424
54	1650
54	1752
54	1943
55	70
55	71
55	100
55	116
55	223
55	285
55	376
55	388
55	406
55	461
55	519
55	571
55	1225
55	1389
55	1556
55	1760
55	1871
56	85
56	87
56	98
56	106
56	230
56	241
56	566
56	958
56	1063
56	1902
56	1929
57	62
57	63
57	84
57	121
57	138
57	145
57	168
57	180
57	195
57	217
57	289
57	317
57	599
57	732
58	72
58	131
58	235
58	272
58	346
58	350
58	408
58	644
58	778
58	781
58	1100
58	1136
59	65
59	77
59	81
59	89
59	105
59	205
59	292
59	434
59	541
59	674
59	684
59	690
59	782
59	1700
60	89
60	110
60	142
60	196
60	201
60	260
60	381
60	690
60	779
60	1046
60	1264
60	1350
60	1632
60	1650
61	80
61	118
61	129
61	136
61	144
61	163
61	186
61	190
61	284
61	325
61	361
61	453
61	511
61	538
61	817
61	848
61	1212
61	1248
61	1260
62	63
62	74
62	104
62	109
62	149
62	192
62	231
62	295
62	351
62	450
62	542
62	697
62	711
62	747
62	1028
62	1230
62	1459
62	1671
63	117
63	126
63	147
63	297
63	401
63	548
63	611
63	844
63	871
63	1322
63	1734
64	65
64	91
64	102
64	110
64	142
64	204
64	469
64	542
64	588
64	601
64	744
64	917
64	1004
64	1195
64	1298
64	1450
64	1484
64	1499
64	1617
64	1832
65	72
65	79
65	81
65	99
65	129
65	206
65	233
65	578
65	780
65	910
65	1177
65	1285
65	1677
66	70
66	75
66	131
66	171
66	189
66	233
66	259
66	319
66	398
66	423
66	574
66	863
66	1277
66	1402
66	1439
66	1866
67	74
67	84
67	96
67	104
67	188
67	192
67	214
67	1231
67	1460
67	1584
67	1589
67	1658
68	99
68	118
68	144
68	182
68	199
68	452
68	554
68	1136
68	1197
69	86
69	95
69	150
69	154
69	187
69	189
69	267
69	296
69	351
69	514
69	550
69	964
69	1458
69	1686
69	1937
70	74
70	76
70	83
70	93
70	102
70	167
70	241
70	291
70	299
70	371
70	495
70	510
70	1412
71	151
71	194
71	278
71	292
71	372
71	579
71	1175
71	1419
71	1532
72	117
72	173
72	183
72	204
72	247
72	253
72	255
72	343
72	409
72	441
72	480
72	506
72	543
72	647
73	92
73	98
73	115
73	166
73	187
73	233
73	239
73	354
73	369
73	708
73	753
73	817
73	950
73	1241
73	1367
73	1397
74	75
74	114
74	123
74	160
74	255
74	338
74	359
74	377
74	422
74	484
74	593
74	1119
75	83
75	116
75	146
75	175
75	226
75	424
75	430
75	456
75	503
75	643
75	788
75	953
75	1109
75	1263
75	1656
76	78
76	118
76	140
76	193
76	201
76	489
76	811
76	904
76	1118
76	1307
76	1414
76	1524
77	82
77	90
77	95
77	105
77	140
77	196
77	275
77	327
77	342
77	404
77	432
77	607
77	637
77	683
77	1187
77	1285
77	1500
78	108
78	120
78	125
78	127
78	135
78	150
78	353
78	595
78	655
78	888
78	920
78	1314
78	1488
78	1498
78	1515
78	1537
79	115
79	177
79	185
79	275
79	383
79	509
79	533
79	887
79	1077
79	1585
79	1944
80	84
80	87
80	167
80	218
80	285
80	287
80	290
80	424
80	476
80	545
80	702
80	1807
81	147
81	225
81	317
81	372
81	464
81	927
81	1045
81	1328
81	1332
82	296
82	411
82	459
82	568
82	646
82	723
82	803
82	862
82	911
82	1450
83	99
83	122
83	133
83	194
83	225
83	281
83	288
83	333
83	342
83	505
83	547
83	627
83	648
83	808
83	1079
83	1677
83	1951
84	302
84	384
84	389
84	503
84	566
84	626
84	693
84	961
84	1007
84	1524
85	92
85	107
85	137
85	159
85	184
85	332
85	343
85	426
85	448
85	456
85	482
85	911
85	988
85	1036
85	1181
85	1718
86	175
86	176
86	213
86	248
86	293
86	340
86	364
86	457
86	475
86	1098
86	1333
86	1715
87	88
87	101
87	130
87	136
87	159
87	208
87	236
87	311
87	332
87	342
87	360
87	376
87	475
87	546
87	558
87	610
87	665
87	763
87	904
87	1008
87	1248
87	1912
88	122
88	208
88	214
88	279
88	362
88	380
88	389
88	530
88	826
88	828
88	874
88	888
88	1751
89	155
89	165
89	271
89	1864
90	98
90	102
90	121
90	198
90	336
90	455
90	652
90	751
90	1116
90	1236
90	1851
91	131
91	134
91	314
91	368
91	399
91	539
91	940
91	1191
91	1438
91	1452
91	1553
92	103
92	159
92	225
92	396
92	527
92	535
92	547
92	715
92	1267
92	1919
93	123
93	142
93	328
93	341
93	399
93	524
93	855
93	1484
93	1902
93	1932
94	115
94	315
94	428
94	525
94	549
94	769
94	903
94	1132
94	1292
94	1765
95	144
95	156
95	177
95	216
95	256
95	516
95	662
95	664
95	940
95	1524
95	1857
96	107
96	111
96	160
96	178
96	185
96	197
96	258
96	263
96	277
96	381
96	383
96	409
96	558
96	654
96	854
96	1032
96	1244
97	111
97	112
97	131
97	187
97	237
97	309
97	341
97	378
97	743
97	760
97	761
97	1988
98	178
98	256
98	513
98	651
98	768
98	830
98	936
98	947
98	1051
98	1256
98	1443
98	1650
98	1881
98	1971
99	101
99	142
99	190
99	198
99	254
99	537
99	539
99	551
99	658
99	1072
99	1379
100	108
100	172
100	220
100	324
100	438
100	694
100	724
100	1189
101	117
101	126
101	148
101	153
101	209
101	302
101	366
101	368
101	580
101	581
101	698
101	897
101	1219
101	1392
101	1621
102	124
102	152
102	161
102	208
102	530
102	539
102	727
102	774
102	1041
102	1094
102	1374
102	1731
103	139
103	172
103	190
103	195
103	211
103	264
103	330
103	402
103	446
103	755
103	902
103	974
104	138
104	153
104	161
104	243
104	351
104	401
104	619
104	640
104	886
104	1835
105	124
105	157
105	217
105	276
105	286
105	329
105	426
105	709
105	815
105	876
105	1538
105	1708
106	145
106	160
106	161
106	206
106	250
106	355
106	400
106	431
106	439
106	556
106	570
106	595
106	842
106	878
106	979
106	1276
106	1399
106	1615
106	1715
107	120
107	133
107	136
107	166
107	199
107	287
107	320
107	739
107	1308
107	1989
108	181
108	202
108	208
108	236
108	278
108	301
108	804
108	807
108	860
108	1155
108	1253
108	1749
108	1945
109	195
109	264
109	413
109	677
109	1037
109	1097
109	1240
109	1250
109	1549
110	115
110	124
110	247
110	451
110	520
110	575
110	681
110	1785
111	119
111	141
111	191
111	205
111	222
111	231
111	527
111	576
111	698
111	709
111	750
111	840
111	926
111	1221
111	1793
111	1915
112	126
112	134
112	210
112	230
112	493
112	577
112	908
113	148
113	213
113	224
113	360
113	382
113	587
113	1026
114	167
114	374
114	463
114	489
114	594
114	998
114	1064
114	1655
115	226
115	290
115	326
115	550
115	968
115	1136
115	1407
115	1479
116	123
116	137
116	140
116	165
116	241
116	324
116	617
116	725
116	1422
116	1659
116	1795
116	1805
117	159
117	164
117	169
117	172
117	243
117	257
117	438
117	482
117	563
117	613
117	858
117	882
117	943
117	1252
117	1475
118	119
118	143
118	188
118	277
118	331
118	473
118	552
118	671
118	801
118	814
118	921
118	1046
118	1437
119	123
119	188
119	232
119	374
119	541
119	555
119	590
119	598
119	1634
119	1637
119	1647
119	1749
120	127
120	134
120	149
120	220
120	229
120	260
120	286
120	314
120	388
120	413
120	666
120	1031
120	1277
121	125
121	128
121	151
121	162
121	176
121	178
121	281
121	339
121	390
121	544
121	612
121	714
121	1094
121	1380
121	1622
122	132
122	162
122	248
122	698
122	740
122	1042
122	1273
122	1428
122	1992
123	130
123	146
123	229
123	333
123	397
123	431
123	623
123	1164
123	1215
123	1989
124	130
124	139
124	200
124	209
124	260
124	443
124	473
124	609
124	660
124	778
124	797
124	868
124	1648
125	138
125	238
125	246
125	332
125	356
125	742
125	1159
125	1178
125	1212
125	1428
125	1611
125	1814
126	136
126	196
126	269
126	369
126	404
126	445
126	492
126	524
126	1375
126	1502
127	157
127	166
127	228
127	229
127	232
127	262
127	313
127	340
127	367
127	700
127	1193
127	1909
128	129
128	163
128	165
128	251
128	300
128	352
128	430
128	547
128	852
128	1029
128	1248
128	1251
129	154
129	686
129	1090
129	1245
129	1306
129	1369
129	1733
129	1771
130	133
130	193
130	266
130	412
130	1073
130	1194
130	1459
130	1586
130	1756
131	132
131	476
131	862
131	896
131	931
131	1180
131	1229
131	1462
132	171
132	196
132	271
132	348
132	414
132	1097
132	1111
132	1421
132	1577
132	1655
133	163
133	214
133	252
133	309
133	410
133	614
133	697
133	993
133	1660
133	1863
134	184
134	255
134	446
134	449
134	934
134	1302
134	1934
135	155
135	173
135	290
135	603
135	619
135	655
135	1452
135	1470
135	1852
135	1876
136	139
136	152
136	197
136	273
136	321
136	399
136	680
136	870
136	950
136	992
136	1359
136	1396
137	168
137	207
137	363
137	505
137	568
137	665
137	756
137	1160
137	1409
138	141
138	385
138	770
138	934
138	1542
139	141
139	157
139	235
139	249
139	303
139	504
139	722
139	854
139	1013
139	1091
140	242
140	270
140	293
140	588
140	610
140	618
140	647
140	996
140	1692
141	144
141	302
141	633
141	726
141	1606
142	148
142	194
142	373
142	384
142	522
142	523
142	562
142	724
142	788
142	1046
142	1345
142	1364
142	1512
142	1711
142	1784
142	1809
142	1889
143	211
143	435
143	497
143	727
143	751
144	152
144	188
144	234
144	276
144	496
144	1298
145	182
145	203
145	242
145	258
145	289
145	475
145	699
145	786
145	855
146	158
146	211
146	215
146	290
146	293
146	323
146	484
146	726
146	861
146	960
146	1277
146	1341
146	1467
147	158
147	174
147	375
147	384
147	404
147	435
147	472
147	740
147	768
147	1295
147	1339
147	1685
147	1755
147	1788
148	155
148	160
148	415
148	500
148	575
148	605
148	673
148	713
148	1266
148	1281
149	156
149	170
149	180
149	187
149	294
149	529
149	1014
149	1370
150	167
150	221
150	254
150	288
150	457
150	655
150	890
150	1171
150	1955
151	189
151	295
151	346
151	347
151	350
151	361
151	458
151	479
151	577
151	624
151	1413
151	1544
152	334
152	366
152	564
152	622
152	786
152	1310
152	1807
153	232
153	315
153	495
153	501
153	525
153	657
153	850
153	904
153	909
153	989
153	1923
154	158
154	164
154	184
154	209
154	232
154	776
154	906
154	1054
154	1131
154	1287
154	1412
154	1449
154	1473
154	1888
155	280
155	318
155	365
155	390
155	450
155	453
155	554
155	585
155	635
155	668
155	677
155	909
155	1539
155	1679
156	179
156	183
156	184
156	383
156	499
156	739
156	812
156	1204
156	1464
157	174
157	179
157	764
157	1123
157	1206
157	1690
158	168
158	339
158	446
158	577
158	627
158	641
158	818
158	1102
158	1236
158	1357
158	1531
159	169
159	223
159	719
159	1447
159	1513
159	1548
159	1595
159	1816
159	1992
160	193
160	197
160	202
160	237
160	243
160	357
160	371
160	373
160	380
160	400
160	668
160	686
160	733
160	748
160	1093
160	1318
160	1490
160	1744
161	177
161	189
161	200
161	237
161	249
161	276
161	1017
161	1057
161	1062
161	1125
161	1736
162	195
162	206
162	321
162	335
162	349
162	365
162	423
162	556
162	765
162	950
162	1270
163	164
163	179
163	273
163	297
163	468
163	729
163	882
163	1717
164	181
164	203
164	219
164	282
164	512
164	555
164	1070
164	1969
165	354
165	779
165	1064
165	1099
165	1167
165	1235
165	1354
165	1701
166	175
166	203
166	215
166	288
166	405
166	460
166	468
166	568
166	790
166	807
166	912
166	988
166	1111
166	1268
166	1427
167	175
167	218
167	228
167	243
167	259
167	275
167	277
167	323
167	331
167	337
167	348
167	355
167	369
167	427
167	501
167	604
167	625
167	669
168	317
168	358
168	833
168	1514
168	1813
169	440
169	648
169	820
169	1586
169	1668
169	1772
170	224
170	242
170	357
170	768
170	804
170	923
170	939
170	1030
170	1523
171	231
171	607
171	928
171	1008
171	1743
172	285
172	649
172	872
172	1363
172	1657
173	238
173	239
173	536
173	696
173	788
173	795
173	801
173	1735
173	1745
174	176
174	823
174	838
174	1088
174	1567
174	1581
175	190
175	289
175	303
175	407
175	1350
175	1609
176	191
176	249
176	261
176	387
176	410
176	633
176	885
176	952
176	980
176	1160
177	186
177	222
177	230
177	320
177	325
177	724
177	835
177	973
177	1163
177	1172
177	1842
177	1912
177	1924
178	314
178	344
178	499
178	721
178	1923
179	362
179	1110
179	1282
179	1514
180	219
180	230
180	278
180	292
180	317
180	365
180	1186
180	1803
181	192
181	246
181	280
181	321
181	330
181	345
181	497
181	708
181	727
181	809
181	1013
181	1413
181	1593
181	1620
181	1635
181	1755
182	222
182	326
182	444
182	590
182	631
182	1090
182	1163
182	1292
182	1442
183	248
183	524
183	774
183	1000
183	1130
183	1343
183	1490
184	257
184	375
184	646
184	786
184	849
185	217
185	262
185	274
185	335
185	371
185	381
185	438
185	513
185	545
185	934
185	1163
185	1268
185	1297
185	1603
185	1968
186	193
186	254
186	306
186	360
186	423
186	645
186	962
186	1223
186	1376
186	1377
186	1422
186	1579
187	229
187	237
187	244
187	304
187	311
187	374
187	400
187	406
187	498
187	696
187	718
187	1716
187	1965
188	226
188	315
188	667
188	981
188	1055
188	1296
189	205
189	234
189	393
189	553
189	598
189	602
189	1141
189	1280
189	1457
190	367
190	428
190	541
190	592
190	793
190	988
190	1073
190	1228
190	1413
190	1894
190	1975
191	213
191	225
191	240
191	478
191	500
191	528
191	839
191	1042
192	274
192	307
192	650
192	1260
192	1308
192	1576
192	1741
192	1771
193	197
193	397
193	411
193	445
193	486
193	849
193	880
193	1058
193	1221
193	1334
193	1757
194	442
194	551
194	599
194	791
194	856
194	915
194	1360
194	1511
194	1777
194	1820
194	1841
195	495
195	596
195	831
195	916
195	922
195	1003
195	1616
196	221
196	246
196	294
196	465
196	729
196	1041
196	1368
196	1440
196	1508
196	1853
197	220
197	221
197	396
197	414
197	452
197	512
197	698
197	1059
197	1719
197	1898
198	234
198	251
198	263
198	341
198	377
198	418
198	796
198	846
198	961
198	1180
198	1550
198	1683
198	1749
198	1752
199	200
199	307
199	363
199	606
200	294
200	309
200	316
200	875
200	1160
200	1183
200	1233
200	1745
200	1833
201	239
201	267
201	274
201	347
201	425
201	956
201	1061
202	213
202	240
202	245
202	322
202	345
202	368
202	457
202	514
202	604
202	916
202	1108
202	1782
202	1827
203	594
204	207
204	266
204	394
204	461
204	532
204	553
204	759
204	824
204	1119
204	1901
205	253
205	270
205	272
205	621
205	668
205	693
205	1455
205	1982
206	228
206	268
206	389
206	390
206	622
206	890
207	245
207	288
207	750
207	1234
207	1718
207	1740
207	1748
208	359
208	395
208	456
208	488
208	772
208	935
208	963
208	1042
208	1104
208	1299
208	1303
208	1365
208	1471
208	1561
209	220
209	267
209	287
209	363
209	386
209	455
209	509
209	605
209	685
209	720
209	746
209	862
209	933
209	1293
209	1390
209	1509
209	1519
209	1536
209	1699
210	212
210	325
210	353
210	378
210	455
210	563
210	728
210	732
210	1006
211	328
211	359
211	392
211	495
211	652
211	976
211	1678
212	573
212	868
212	1006
212	1009
212	1250
212	1432
213	486
213	515
213	605
213	1289
213	1426
213	1500
213	1609
214	312
214	343
214	436
214	515
214	548
214	836
214	968
214	1104
214	1436
214	1695
215	312
215	375
215	460
215	532
215	818
216	222
216	259
216	324
216	382
216	479
216	490
216	513
216	746
216	822
216	1105
216	1355
216	1901
217	234
217	279
217	305
217	306
217	430
217	466
217	479
217	544
217	576
217	850
217	965
217	1264
217	1513
217	1563
217	1715
218	310
218	788
218	828
218	1283
218	1471
218	1530
219	258
219	296
219	426
219	537
219	658
219	707
219	765
219	967
219	1435
219	1505
220	223
220	309
220	400
220	433
220	450
220	703
220	985
220	1420
220	1627
221	312
221	410
221	548
221	549
221	626
221	669
221	944
221	1089
221	1108
221	1782
221	1932
222	308
222	428
222	502
222	516
222	545
222	675
222	706
222	817
222	1067
222	1286
222	1605
223	334
223	467
224	227
224	318
224	326
224	402
224	534
224	666
224	697
224	866
224	869
225	419
225	612
225	631
225	1124
225	1508
226	249
226	355
226	373
226	390
226	469
226	481
226	505
226	512
226	692
226	717
226	746
226	776
226	947
226	1173
226	1291
226	1572
227	311
227	432
227	441
227	1027
227	1181
227	1201
227	1633
228	271
228	293
228	613
228	642
228	703
228	752
229	245
229	331
229	379
229	742
229	1262
230	240
230	252
230	299
230	331
230	419
230	531
230	639
230	649
230	1341
230	1666
231	269
231	273
231	291
231	365
231	416
231	469
231	518
231	711
231	733
231	879
231	933
231	1045
231	1193
231	1214
231	1370
231	1487
231	1957
232	313
232	585
232	782
232	806
232	826
232	882
232	1456
232	1731
233	246
233	721
233	901
233	927
233	1918
234	255
234	333
234	339
234	497
234	556
234	557
234	570
234	1038
234	1087
234	1246
234	1596
235	371
235	387
235	640
235	661
235	662
235	865
235	1186
235	1385
235	1397
235	1560
235	1566
236	316
236	724
236	780
236	797
236	802
236	975
236	1085
236	1315
236	1502
236	1764
237	611
237	872
237	892
237	1096
237	1101
237	1414
237	1741
238	291
238	391
238	760
238	1618
238	1966
239	242
239	355
239	420
239	1218
239	1267
240	265
240	429
240	783
240	938
240	1297
240	1722
241	567
241	912
241	1084
241	1229
241	1255
241	1530
241	1784
242	258
242	263
242	773
243	261
243	417
243	477
243	631
243	637
243	763
243	1004
243	1012
243	1015
243	1211
243	1605
244	305
244	326
244	359
244	457
244	676
244	789
244	1250
244	1332
245	307
245	468
245	672
245	738
245	975
245	1128
245	1157
245	1275
245	1642
246	404
246	421
246	441
246	544
246	650
246	1036
246	1080
246	1662
246	1810
246	1971
247	251
247	381
247	461
247	492
247	565
247	675
247	831
247	931
247	1101
247	1201
248	298
248	310
248	350
248	358
248	429
248	431
248	554
248	758
248	789
248	1355
248	1375
248	1742
249	256
249	281
249	361
249	431
249	449
249	555
249	812
249	891
249	971
249	1039
249	1685
250	327
250	347
250	373
250	403
250	489
250	1073
250	1670
251	301
251	386
251	534
251	725
251	1157
251	1224
251	1237
252	257
252	268
252	303
252	379
252	391
252	419
252	528
252	720
252	943
252	1396
252	1692
253	289
253	325
253	394
253	423
253	635
253	716
253	1029
253	1169
253	1437
253	1494
254	304
254	362
254	581
254	636
254	748
254	1217
254	1284
254	1527
254	1766
254	1888
255	270
255	298
255	321
255	538
255	644
255	646
255	778
255	872
255	1007
255	1294
255	1595
255	1990
256	349
256	615
256	972
256	987
256	1091
256	1717
257	260
257	372
257	386
257	420
257	677
257	734
257	1035
257	1165
257	1267
257	1392
257	1423
257	1433
257	1510
257	1612
258	262
258	299
258	617
258	673
258	816
258	1054
258	1726
259	279
259	338
259	416
259	469
259	470
259	625
259	670
259	1106
259	1264
259	1417
259	1519
260	322
260	716
260	844
260	1075
260	1213
260	1324
260	1423
260	1589
260	1750
260	1886
261	265
261	266
261	278
261	300
261	482
261	521
261	794
261	901
261	1101
261	1218
261	1442
261	1611
261	1836
262	283
262	523
262	536
262	553
262	675
262	1023
262	1701
263	267
263	426
263	510
263	1009
263	1289
263	1788
264	294
264	352
264	427
264	465
264	630
264	847
264	951
264	1000
264	1293
264	1457
264	1775
265	266
265	276
265	467
265	580
265	782
265	840
265	869
265	1460
265	1767
266	272
266	409
266	422
266	587
266	640
266	1554
267	296
267	312
267	388
267	664
267	945
267	1085
267	1096
267	1194
267	1537
267	1607
268	353
268	380
268	608
268	660
268	816
268	1307
268	1867
269	391
269	443
269	504
269	540
269	813
269	1225
269	1395
269	1884
270	298
270	364
270	494
270	624
270	766
270	876
270	1184
270	1890
271	280
271	282
271	295
271	428
271	704
271	705
271	828
271	836
271	956
271	1474
272	282
272	305
272	329
272	343
272	352
272	474
272	531
272	713
272	1154
272	1658
272	1874
273	297
273	308
273	386
273	592
273	954
273	1006
273	1280
273	1560
273	1636
274	394
274	504
274	1905
274	1968
275	322
275	335
275	350
275	416
275	503
275	597
275	606
275	706
275	881
275	888
275	1009
275	1495
275	1797
275	1843
276	487
276	696
276	725
276	1684
277	334
277	395
277	397
277	520
277	531
277	727
277	1129
277	1150
277	1342
277	1767
278	286
278	298
278	322
278	492
278	503
278	583
278	613
278	652
278	1462
278	1495
279	304
279	496
279	726
279	792
279	793
279	1127
280	287
280	406
280	451
280	456
280	875
280	885
280	916
280	1067
280	1068
280	1564
280	1689
280	1791
280	1943
281	344
281	460
281	464
281	775
281	1574
281	1993
282	291
282	366
282	367
282	372
282	444
282	447
282	472
282	488
282	630
282	715
282	1469
282	1606
282	1847
283	308
283	310
283	349
283	433
283	448
283	463
283	467
283	559
283	660
283	716
283	807
283	1260
283	1487
284	301
284	502
284	508
284	520
284	617
284	831
284	1035
284	1052
284	1249
284	1510
284	1830
285	345
285	357
285	407
285	780
285	847
285	1174
286	643
286	735
286	760
286	1145
286	1351
286	1653
286	1665
286	1958
287	653
287	913
288	358
288	443
288	552
288	561
288	1294
288	1811
289	479
289	542
289	626
289	716
289	731
289	804
289	1261
290	579
290	1228
290	1388
290	1568
290	1851
291	333
291	631
291	777
292	409
292	440
292	618
292	621
292	644
292	829
292	1359
292	1448
292	1669
292	1846
293	346
293	382
293	455
293	463
293	576
293	679
293	712
293	768
293	1048
294	318
294	344
294	449
294	522
294	699
294	715
294	1168
294	1202
294	1302
294	1339
294	1554
294	1708
294	1760
294	1773
294	1928
295	433
295	490
295	535
295	1165
295	1632
295	1826
296	509
296	598
296	629
296	656
296	1252
296	1491
297	329
297	435
297	498
297	506
297	866
297	1172
297	1226
297	1512
297	1845
298	376
298	402
298	530
298	815
298	984
298	1251
299	436
299	560
299	946
299	1187
299	1598
300	334
300	364
300	575
300	654
300	674
300	858
300	986
300	1045
300	1244
300	1708
300	1709
301	582
301	671
301	748
301	879
302	337
302	379
302	393
302	623
302	733
302	1474
302	1551
302	1578
303	313
303	393
303	424
303	465
303	632
303	781
303	1095
303	1622
303	1773
304	316
304	319
304	335
304	370
304	429
304	614
304	702
305	701
305	789
305	1192
305	1464
305	1746
306	414
306	516
306	1114
307	313
307	636
307	667
307	825
307	996
307	1018
307	1254
307	1636
308	337
308	476
308	757
308	1017
308	1217
309	315
309	399
309	586
309	900
309	970
309	1238
309	1676
310	913
310	1391
310	1787
310	1834
310	1892
311	377
311	533
311	560
311	565
311	686
311	932
311	1837
312	395
312	1121
313	319
313	336
313	403
313	607
313	635
313	665
313	701
313	862
313	1919
314	534
314	584
314	601
314	611
314	657
314	670
314	757
314	775
314	1234
314	1952
315	402
315	417
315	682
315	995
315	1544
315	1680
316	362
316	445
316	465
316	533
316	662
316	741
316	814
316	1011
316	1099
316	1191
316	1364
316	1612
317	353
317	360
317	480
317	810
317	855
317	1115
317	1177
317	1506
317	1555
317	1939
318	407
318	704
318	1153
318	1292
318	1655
318	1704
318	1828
319	407
319	437
319	452
319	999
319	1025
319	1038
319	1343
319	1383
319	1504
319	1737
319	1929
320	338
320	375
320	387
320	395
320	636
320	721
320	1048
320	1158
320	1212
320	1479
320	1934
321	339
321	347
321	434
321	694
321	715
321	951
321	1323
322	346
322	358
322	385
322	488
322	529
322	775
322	1226
322	1387
323	477
323	540
323	633
323	878
323	1142
323	1615
324	398
324	436
324	639
324	660
324	688
324	1151
324	1171
324	1176
325	327
325	370
325	440
325	481
325	488
325	515
325	526
325	529
325	542
325	616
325	693
325	774
325	805
325	844
325	898
325	918
325	1243
325	1584
325	1763
325	1798
326	327
326	329
326	349
326	361
326	536
326	593
326	765
326	1032
326	1287
326	1546
326	1772
326	1831
327	546
327	624
327	723
327	1138
327	1503
328	376
328	496
328	692
328	1696
329	356
329	582
329	705
329	749
329	903
329	1007
329	1366
329	1753
329	1927
330	336
330	435
330	622
330	805
330	846
330	1234
330	1292
330	1832
331	336
331	413
331	546
331	562
331	589
331	874
331	884
331	902
331	1038
331	1133
331	1441
332	408
332	786
332	873
332	1063
332	1229
332	1699
332	1883
333	904
333	917
333	1135
333	1575
334	675
334	1162
335	356
335	497
335	602
335	847
335	899
335	918
335	1258
335	1952
336	421
336	448
336	723
336	778
336	1241
336	1558
336	1589
336	1621
337	351
337	424
337	460
337	526
337	1792
337	1876
337	1938
338	408
338	418
338	573
338	796
338	803
338	1014
338	1532
339	398
339	615
339	670
339	908
339	1052
339	1381
339	1414
339	1693
340	379
340	471
340	898
340	1394
340	1647
341	417
341	519
341	718
341	730
341	752
341	899
341	1028
341	1089
341	1154
341	1339
341	1835
342	533
343	392
343	514
343	623
343	674
343	826
343	979
343	1003
343	1025
343	1082
343	1550
343	1916
344	476
344	1079
344	1312
345	543
345	672
345	1181
345	1540
345	1549
345	1653
346	1003
346	1448
346	1541
346	1649
347	843
347	863
347	968
347	970
347	999
347	1039
347	1776
348	439
348	459
348	663
348	680
348	952
348	958
348	1369
348	1371
348	1416
348	1705
349	510
349	579
349	676
349	1139
349	1222
349	1344
349	1486
349	1985
350	374
350	481
350	499
350	511
350	532
350	1034
350	1086
350	1810
350	1822
351	1028
351	1121
351	1130
351	1329
351	1950
352	583
352	637
352	681
352	722
352	737
352	790
352	1030
352	1205
352	1289
352	1579
353	354
353	387
353	432
353	447
353	454
353	483
353	562
353	648
353	1383
353	1584
353	1930
354	418
354	535
354	941
354	1622
354	1644
355	406
355	478
355	555
355	924
355	1100
355	1103
355	1515
356	382
356	785
356	905
356	964
356	966
356	1741
357	432
357	874
357	1201
357	1237
357	1537
357	1609
358	784
358	948
358	1044
358	1246
359	369
359	415
359	427
359	442
359	543
359	690
359	910
359	1321
359	1763
360	391
360	539
360	672
360	695
360	1170
360	1486
360	1659
360	1763
361	471
361	1016
361	1060
362	367
362	368
362	389
362	466
362	560
362	1259
362	1514
363	420
363	442
363	447
363	485
363	609
363	686
363	742
363	1075
363	1164
363	1177
364	385
364	559
364	568
364	856
364	907
364	970
364	1019
364	1202
364	1702
364	1985
365	630
365	999
365	1237
365	1552
365	1607
366	458
366	537
366	592
366	1091
366	1206
366	1814
367	580
367	602
367	676
367	678
368	770
368	1067
368	1279
368	1852
369	425
369	454
369	532
369	621
369	1182
370	421
370	517
370	1283
370	1783
371	474
371	538
371	683
371	877
371	973
371	1129
372	791
372	847
373	384
373	392
373	462
373	558
373	629
373	901
373	1471
373	1531
373	1585
374	397
374	492
374	627
374	705
374	1191
374	1348
374	1568
374	1673
374	1831
374	1977
375	557
375	572
375	620
375	750
375	766
375	837
375	919
375	1418
376	383
376	500
376	648
376	655
376	757
376	783
376	798
376	914
376	1027
376	1227
376	1313
376	1401
376	1662
376	1860
377	657
377	1231
377	1441
377	1795
378	421
378	689
378	809
378	874
378	985
378	1126
378	1162
378	1173
378	1345
379	420
379	448
379	833
379	835
379	1017
379	1373
379	1416
379	1905
380	552
380	642
380	1605
380	1718
380	1733
381	446
381	454
381	462
381	552
381	1309
381	1357
382	394
382	396
382	581
382	743
382	753
382	799
382	918
382	1137
382	1368
383	486
383	526
383	721
383	832
383	1201
383	1886
384	416
384	437
384	472
384	1024
384	1239
384	1297
384	1582
385	461
385	853
385	972
385	1086
385	1159
385	1728
386	501
386	517
386	820
386	945
386	1301
386	1488
386	1558
387	405
387	582
387	602
387	682
387	1846
388	494
388	897
388	940
388	1257
388	1318
388	1603
389	676
389	738
389	1382
389	1593
389	1879
390	766
390	849
390	920
390	1492
390	1623
391	411
391	466
391	661
391	806
391	1215
391	1436
392	410
392	412
392	437
392	498
392	605
392	691
392	982
392	1498
392	1591
392	1707
393	478
393	485
393	749
393	994
393	1002
393	1626
393	1910
393	1951
394	801
394	819
394	1324
394	1624
394	1790
395	438
395	458
395	618
395	971
395	1303
395	1402
395	1908
396	482
396	858
396	943
396	1115
396	1526
396	1552
396	1599
396	1712
397	562
397	787
397	929
397	1204
397	1867
398	493
398	751
398	1047
398	1372
398	1751
399	411
399	584
399	1034
399	1446
399	1580
399	1657
399	1846
400	507
400	1203
401	459
401	824
401	835
401	1542
402	745
402	1539
403	797
403	883
403	1087
403	1319
403	1546
403	1647
404	487
404	550
404	666
404	1044
405	524
405	536
405	665
405	745
405	886
405	937
405	987
405	1214
405	1827
405	1892
406	414
406	931
406	1163
406	1729
407	578
407	776
407	811
407	853
407	978
407	1408
407	1798
408	494
408	811
408	1015
408	1046
408	1060
408	1141
408	1304
408	1427
408	1642
408	1769
409	713
409	1162
409	1294
409	1630
410	638
410	649
410	1254
410	1394
410	1481
410	1997
411	616
411	628
411	883
411	981
411	1129
411	1897
412	491
412	515
412	564
412	620
412	764
412	814
412	1074
412	1376
412	1624
412	1807
412	1855
412	1933
413	419
413	464
413	485
413	598
413	638
413	1566
413	1773
414	507
414	534
414	585
414	1631
415	521
415	719
415	823
415	1311
415	1598
415	1615
416	545
416	574
416	594
416	597
416	767
416	1696
417	471
417	493
417	501
417	688
417	728
417	1169
418	425
418	1148
418	1935
419	681
419	952
419	1346
419	1497
420	480
420	591
420	697
420	988
420	1233
420	1499
421	762
421	809
421	810
421	1857
421	1877
422	466
422	603
422	664
422	671
422	877
422	922
422	925
422	955
422	1279
422	1418
422	1646
422	1667
422	1988
423	653
423	853
423	1910
424	440
424	639
424	745
424	1049
424	1383
424	1784
425	600
425	624
425	731
425	952
425	1481
425	1932
425	1974
426	967
426	1357
426	1443
426	1821
427	444
427	447
427	475
427	513
427	840
427	1313
427	1328
428	607
428	669
428	829
428	1105
428	1200
428	1611
429	508
429	689
429	907
429	946
429	1284
430	496
430	702
430	1071
430	1379
430	1707
430	1754
431	434
431	559
431	601
431	682
431	1198
431	1472
432	692
432	806
432	849
432	1341
433	444
433	517
433	1175
433	1403
433	1454
433	1480
434	597
434	1216
434	1310
435	769
435	823
435	1984
436	572
436	577
436	582
436	744
436	1018
436	1271
436	1787
437	462
437	470
437	474
437	549
437	685
437	1234
437	1715
438	608
438	787
438	821
438	1266
438	1271
438	1487
438	1995
439	581
439	864
440	712
440	896
440	1041
440	1153
440	1652
440	1827
441	569
441	923
441	1122
441	1216
441	1410
441	1538
441	1708
442	516
442	758
442	1005
442	1377
442	1451
442	1817
443	653
443	777
443	821
443	954
443	1219
443	1476
444	478
444	486
444	710
444	736
444	759
444	976
445	452
445	1032
445	1061
445	1278
445	1405
445	1926
445	1946
446	451
446	782
446	997
446	1123
446	1138
446	1753
447	1290
447	1306
447	1350
447	1527
447	1850
448	453
448	599
448	620
448	815
448	839
448	987
448	1029
448	1335
448	1454
448	1559
448	1805
449	567
449	584
449	837
449	843
449	1725
449	1728
450	561
450	570
450	746
450	1326
451	473
451	1018
451	1146
451	1229
451	1908
452	914
452	1122
452	1868
452	1962
453	477
453	561
453	612
453	707
453	839
453	963
453	1077
453	1306
453	1800
454	507
454	684
454	708
454	1320
454	1446
454	1454
454	1568
455	589
455	699
455	1072
455	1195
455	1473
456	491
456	509
456	592
456	642
456	1016
456	1461
457	462
457	518
457	575
457	593
457	604
457	659
457	808
457	812
457	902
457	1631
457	1661
457	1946
458	481
458	670
458	830
458	1062
458	1269
458	1599
458	1697
458	1706
458	1719
459	491
459	1592
459	1837
460	505
460	861
460	1421
461	511
461	685
461	930
461	1242
461	1505
461	1587
461	1911
462	619
462	637
462	925
462	1872
462	1953
463	707
463	959
463	1240
464	679
464	1065
464	1995
465	709
465	736
465	967
465	1266
465	1891
466	493
466	514
466	584
466	586
466	597
466	799
466	1333
466	1691
466	1995
467	498
467	586
467	700
467	743
467	1820
468	732
468	735
468	771
469	470
469	614
469	632
469	695
469	747
469	859
469	871
469	876
469	939
469	1090
469	1768
470	585
470	744
470	761
470	1150
471	1008
471	1106
471	1140
471	1973
472	857
472	1103
472	1529
473	791
473	910
473	1049
474	591
474	707
474	850
474	1243
474	1952
475	491
475	504
475	521
475	868
475	894
475	1063
475	1381
475	1924
476	556
476	647
476	690
476	810
476	876
476	1034
476	1850
476	1870
476	1943
476	1962
477	490
477	873
477	915
477	920
477	927
477	1847
478	506
478	546
478	629
478	651
478	740
478	995
478	1135
478	1339
478	1366
478	1877
479	1124
479	1298
479	1641
480	489
480	527
480	599
480	1048
480	1675
481	529
481	628
481	783
481	916
481	1340
481	1352
482	507
482	541
482	865
482	880
482	1062
482	1097
482	1128
482	1165
482	1167
482	1534
482	1806
482	1973
483	700
483	978
483	1701
484	889
484	1107
484	1486
484	1505
484	1761
484	1906
485	565
485	795
485	1434
485	1635
485	1772
486	500
486	517
486	632
486	696
486	961
486	969
486	1312
486	1588
487	519
487	940
487	1047
487	1195
487	1227
487	1493
488	525
488	1162
488	1419
488	1541
488	1835
489	730
489	752
489	774
489	784
489	792
489	854
489	985
489	1273
489	1380
490	853
490	1025
490	1114
490	1166
491	1425
491	1776
492	565
492	603
492	713
492	743
492	1411
493	623
494	543
494	650
495	519
495	673
495	920
495	1385
495	1399
495	1511
495	1775
496	679
496	754
496	763
496	846
496	919
497	796
497	1026
497	1156
498	678
498	749
498	1059
498	1856
499	557
499	1890
500	508
500	658
500	925
500	1028
500	1061
500	1120
500	1232
500	1233
500	1848
500	1966
500	1993
501	518
501	569
501	588
501	1196
501	1409
501	1583
501	1798
502	703
502	990
502	1606
502	1857
503	521
503	1667
504	663
504	710
504	753
504	754
504	1305
504	1547
505	583
505	1104
505	1192
505	1256
505	1286
506	664
506	714
506	1095
506	1654
507	548
507	551
507	611
507	656
507	785
507	887
507	890
507	1828
508	512
508	544
508	776
508	883
508	894
508	959
508	1050
508	1348
508	1547
508	1785
509	671
509	829
509	1076
509	1638
510	530
510	571
510	572
510	587
510	687
510	1015
510	1166
511	549
511	772
511	891
511	937
511	1502
511	1860
512	559
512	938
512	1013
512	1473
513	540
513	642
513	931
513	969
513	1197
513	1262
513	1389
513	1991
514	651
514	771
514	796
514	930
514	973
514	1055
514	1416
514	1436
514	1883
515	903
515	1338
515	1351
515	1565
515	1608
516	563
516	1726
517	826
517	905
517	1493
517	1900
518	641
518	855
518	1319
518	1865
519	615
519	856
519	1197
520	629
520	634
520	969
520	1199
520	1477
520	1579
521	609
521	625
521	747
521	932
521	1559
521	1645
521	1759
522	618
523	630
523	841
523	1870
524	564
524	634
524	1764
524	1967
525	551
525	935
525	957
525	1123
525	1342
525	1592
525	1664
525	1919
525	1992
526	578
526	747
526	794
526	869
526	892
526	1313
526	1477
526	1740
527	569
527	1270
527	1746
527	1953
528	645
528	659
528	1265
528	1384
528	1698
528	1999
529	550
529	641
529	684
529	695
529	832
529	891
529	928
529	1299
529	1416
529	1883
530	1324
530	1426
530	1546
531	911
531	1727
531	1893
532	576
532	661
532	860
532	863
532	946
532	1523
533	636
533	649
533	659
533	798
533	984
533	1207
533	1331
533	1347
533	1475
534	651
534	693
534	908
534	1055
534	1337
534	1371
534	1668
534	1963
535	596
535	738
535	838
535	1083
536	603
536	951
536	1456
536	1554
536	1629
537	571
537	777
537	1651
538	767
538	891
539	557
539	737
539	906
539	1131
539	1363
539	1548
540	569
540	658
540	1010
540	1394
540	1843
541	561
541	682
541	1353
541	1396
542	805
542	912
542	1149
543	1170
543	1517
543	1535
543	1758
544	588
544	594
544	656
544	694
544	794
544	830
544	989
544	1094
545	566
545	1002
545	1023
545	1161
545	1588
545	1738
546	596
546	635
546	845
546	924
546	1105
546	1719
546	1762
546	1983
547	573
547	820
547	832
547	1043
547	1116
548	566
548	589
548	601
548	685
548	792
548	1215
549	563
549	870
549	875
549	1128
549	1208
549	1273
550	564
550	572
550	591
550	687
550	814
550	1363
550	1526
551	586
551	650
551	984
551	1119
552	851
553	767
553	821
553	840
553	978
553	1156
553	1628
553	1709
553	1855
554	673
554	1031
554	1276
554	1476
554	1736
554	1796
554	1870
555	653
555	815
555	844
555	1027
556	571
556	911
556	956
556	1179
557	734
557	766
557	882
557	1724
558	591
558	877
558	935
558	1016
558	1489
558	1723
558	1791
559	801
559	929
560	1609
561	704
561	1051
561	1346
561	1573
562	852
562	991
563	654
563	992
563	1299
563	1365
563	1653
564	614
564	641
564	980
564	994
564	1002
564	1070
564	1468
565	638
565	761
565	803
565	1093
565	1385
565	1837
566	684
566	767
566	867
566	964
566	994
566	1264
566	1322
566	1879
567	610
567	628
567	657
567	771
567	1103
567	1115
567	1151
567	1335
567	1991
568	735
568	1069
568	1117
568	1142
568	1796
568	1806
570	717
570	825
570	883
570	1140
570	1418
571	687
571	783
571	852
571	861
571	884
571	1029
571	1076
571	1241
571	1245
572	608
572	1041
572	1059
572	1072
572	1092
572	1133
572	1584
572	1640
573	749
573	1738
573	1978
574	784
574	798
574	833
574	893
574	930
574	960
574	982
574	1619
574	1677
575	741
575	820
576	714
576	986
576	1004
576	1015
576	1539
576	1561
576	1931
577	756
577	1257
577	1425
577	1532
578	1074
578	1193
578	1928
579	895
579	1253
579	1444
579	1551
580	612
580	899
580	975
580	1168
580	1190
580	1220
580	1301
580	1417
580	1419
580	1675
581	604
581	731
581	752
581	764
581	921
581	954
581	1755
582	590
582	701
582	1189
582	1255
582	1488
583	1462
583	1484
583	1629
583	1670
583	1776
584	769
584	1494
585	643
585	701
585	710
585	773
585	809
585	859
585	1085
585	1413
585	1892
585	1920
586	595
586	1024
586	1188
586	1353
586	1489
587	606
587	823
587	957
587	1713
588	662
588	829
588	944
588	1252
588	1495
589	610
589	709
589	732
589	841
589	1826
590	678
590	698
590	817
590	1447
590	1994
591	771
591	861
591	955
591	986
591	1050
591	1192
592	622
592	1098
592	1210
592	1224
592	1256
592	1282
592	1590
593	626
593	734
593	1107
593	1224
593	1535
593	1783
594	600
594	736
594	992
594	993
594	1152
594	1865
595	800
595	1847
595	1855
596	723
596	974
596	1059
596	1501
596	1684
596	1711
597	691
597	859
597	1052
597	1557
597	1859
598	819
598	860
598	1300
599	1188
599	1364
599	1491
599	1873
599	1965
600	643
600	835
600	1696
600	1701
601	1022
601	1230
601	1393
601	1564
601	1751
602	878
602	1374
603	634
603	756
603	1149
603	1232
603	1399
604	639
604	1021
604	1257
604	1308
604	1820
605	718
605	735
605	834
605	885
605	1248
605	1779
606	691
606	987
606	1233
606	1345
606	1432
606	1616
607	628
607	668
607	728
607	1114
607	1934
608	613
608	1295
608	1434
608	1781
608	1862
609	750
609	899
609	1071
609	1150
609	1158
609	1263
609	1372
609	1852
610	616
610	633
610	1082
610	1445
610	1972
611	681
611	1125
612	818
612	915
612	1025
612	1076
612	1314
612	1356
613	755
613	949
614	621
614	967
614	1043
614	1390
614	1516
614	1936
614	1991
615	889
615	974
615	1157
615	1215
615	1387
615	1748
615	1759
616	875
616	886
616	962
616	1240
616	1337
616	1454
616	1498
617	1213
617	1232
617	1309
617	1641
617	1803
618	680
618	799
618	872
618	1069
618	1185
618	1482
618	1651
618	1964
619	627
619	873
619	949
619	1143
619	1280
619	1739
620	672
620	892
620	1618
620	1777
621	742
621	800
621	1109
621	1887
622	730
622	762
622	930
622	936
623	773
623	864
623	1149
623	1190
623	1880
624	758
624	773
624	795
624	936
625	825
625	906
625	938
625	1121
626	757
626	948
626	1104
626	1109
626	1258
627	1022
627	1213
627	1555
628	634
628	856
628	1079
628	1092
628	1688
628	1716
628	1990
629	1680
630	1127
630	1145
631	692
631	756
631	779
631	793
631	894
631	1009
631	1032
631	1047
631	1612
631	1714
632	1069
633	667
633	1131
633	1595
633	1900
634	717
634	1053
634	1334
634	1493
634	1518
634	1859
635	688
635	744
635	754
635	764
635	879
635	1222
635	1713
636	705
636	719
636	753
636	822
636	1030
636	1451
636	1736
636	1980
637	677
637	990
637	1404
637	1865
638	700
638	887
639	843
639	936
639	1086
639	1490
639	1635
640	1994
641	961
641	989
641	1098
641	1337
641	1356
641	1501
641	1801
642	751
642	1477
642	1639
642	1990
643	825
643	1675
644	720
644	762
644	926
644	1853
645	737
645	937
645	981
645	1384
645	1422
645	1470
645	1770
645	1794
646	827
646	1190
647	811
647	1100
647	1122
647	1362
647	1428
647	1842
647	1899
648	739
648	1227
648	1658
649	907
649	1271
650	1895
651	654
651	867
651	1147
651	1358
651	1420
652	772
652	924
652	1344
652	1682
652	2000
653	838
654	792
654	1228
654	1256
654	1689
654	1713
655	710
655	1309
655	1367
655	1534
656	711
656	819
656	851
656	1082
656	1518
657	678
657	1242
657	1476
657	1840
658	738
659	800
659	827
659	1014
659	1095
659	1399
659	1743
660	1000
660	1516
661	714
661	802
661	839
661	1734
662	845
662	1121
663	816
663	953
663	977
663	1024
663	1277
663	1404
663	1704
663	1746
664	689
664	948
664	1393
664	1721
665	1105
665	1408
665	1507
665	1509
665	1639
666	703
666	712
668	810
669	1169
669	1326
670	1081
670	1093
670	1119
670	1139
671	683
671	702
671	706
671	789
671	1058
671	1117
672	755
672	793
672	910
672	918
672	973
672	1131
672	1205
672	1541
672	1710
672	1825
673	688
673	901
673	1030
673	1110
673	1183
673	1460
673	1517
673	1570
673	1970
674	781
674	850
674	865
674	1320
674	1902
675	900
675	1065
675	1485
675	1693
676	708
676	758
676	781
676	834
676	1351
676	1455
677	879
677	925
677	1189
677	1412
678	740
678	1683
678	1749
679	769
679	974
679	1838
680	836
680	1127
681	877
681	1481
681	1915
681	1940
682	790
682	981
682	1311
682	1626
683	731
683	923
683	1072
683	1166
683	1521
683	1766
684	903
684	986
684	1833
685	845
685	1050
685	1202
685	1275
685	1483
685	1621
686	813
686	848
686	1307
686	1448
686	1878
687	720
687	896
687	1167
687	1301
687	1818
688	953
688	1729
688	1859
688	1919
689	734
689	870
689	871
689	1023
689	1065
689	1066
689	1281
690	915
690	941
690	1083
690	1176
690	1308
690	1366
690	1723
691	729
691	932
691	955
691	1247
692	695
692	982
692	1939
693	932
693	1020
693	1031
693	1125
693	1651
694	1461
694	1473
694	1525
694	1634
695	712
695	807
695	1269
696	1882
697	808
697	893
697	1065
697	1124
697	1336
697	1361
697	1552
697	1727
698	725
698	993
698	1211
698	1884
699	842
699	1165
699	1457
699	1756
699	1849
700	863
700	1198
700	1326
701	798
701	1064
701	1623
701	1903
701	1970
702	728
702	895
702	1019
702	1323
703	759
703	1381
703	1888
704	718
704	890
704	1112
704	1140
704	1200
704	1320
704	1858
705	755
705	1380
705	1393
706	797
706	1020
706	1367
706	1439
706	1449
707	794
707	813
707	965
707	1008
707	1077
707	1161
707	1371
707	1576
708	1565
708	1938
709	1369
709	1547
710	1060
710	1088
710	1340
710	1668
710	1881
711	717
711	995
711	1138
711	1387
711	1555
712	841
712	892
712	1737
712	1821
712	1967
713	745
713	785
713	1048
713	1056
713	1088
713	1386
714	982
714	1525
714	1542
714	1681
715	719
715	803
715	1064
715	1519
715	1567
715	1731
716	1791
717	804
717	828
717	926
717	1556
717	1933
718	941
718	1148
718	1365
719	787
719	1081
719	1529
719	1556
720	1272
720	1404
721	741
721	775
721	806
721	1305
721	1499
722	741
722	816
722	1186
722	1674
723	787
723	1562
724	1329
725	1036
726	912
726	966
726	1656
726	1659
726	1679
727	894
727	1083
727	1249
727	1431
727	1593
727	1737
728	1135
728	1197
728	1257
729	1035
729	1045
730	949
730	1322
730	1536
730	1907
731	763
731	898
731	1098
731	1400
731	1531
731	1587
731	1808
731	1980
732	914
732	1066
732	1648
733	821
733	1078
733	1572
733	1623
734	1786
734	1862
735	802
735	950
736	780
736	837
736	1153
736	1290
736	1305
736	1425
736	1557
736	1780
736	1799
737	1287
737	1314
738	880
738	968
738	1152
738	1768
738	1987
739	845
739	937
739	1501
739	1670
739	1821
740	779
740	1087
740	1235
740	1370
740	1400
740	1588
741	827
741	836
741	1274
741	1313
741	1839
741	1956
742	864
742	1621
743	962
743	1033
743	1526
744	935
744	1141
744	1179
744	1225
744	1549
745	1033
745	1075
745	1465
745	1868
746	812
746	1249
747	1107
747	1158
747	1566
748	808
748	956
748	1106
748	1211
748	1253
749	866
749	1221
749	1238
749	1583
750	873
750	1135
750	1183
750	1761
750	1904
751	851
751	1370
751	1620
751	1679
752	1013
752	1199
752	1395
752	1810
753	1432
753	1487
753	1611
753	1770
754	790
754	963
755	1129
755	1182
755	1319
755	1515
755	1596
755	1927
756	975
756	1068
756	1115
756	1800
757	1354
757	1983
758	770
758	846
758	1019
758	1118
758	1682
758	1860
758	1976
759	1033
759	1123
760	1140
760	1338
760	1485
761	1053
761	1243
762	1185
762	1453
763	1360
763	1625
763	1801
764	1021
765	1022
765	1178
766	933
766	979
766	1430
766	1581
766	1812
766	1960
767	1157
767	1184
767	1996
768	1056
768	1146
768	1147
769	878
769	1604
769	1774
770	1074
770	1288
770	1540
770	1563
770	1711
771	881
771	1014
771	1040
771	1096
771	1223
771	1376
771	1407
771	1508
772	857
772	989
772	1158
773	1268
773	1284
773	1614
773	1981
774	1182
774	1553
774	1697
774	1794
775	854
775	1116
775	1305
775	1712
775	1825
776	869
776	1405
776	1571
776	1778
777	819
777	898
777	933
777	1168
777	1278
777	1507
777	1801
777	1847
778	1811
778	1860
779	985
779	1124
779	1314
779	1535
779	1776
780	1963
781	868
781	900
781	1006
781	1117
781	1278
781	1930
782	1429
782	1466
782	1938
783	1134
783	1235
783	1683
783	1999
785	851
785	893
785	997
785	1051
785	1074
785	1254
785	1341
785	1571
785	1615
785	1916
786	994
786	1431
786	1453
786	1808
786	1815
786	1903
787	884
787	929
787	1320
787	1758
788	887
788	1057
788	1263
788	1562
788	1771
789	795
789	1328
789	1516
790	1139
790	1142
790	1436
791	889
791	905
791	917
791	943
791	1012
791	1133
791	1171
791	1504
791	1786
791	1789
792	886
792	1307
792	1318
792	1823
793	1288
793	1496
793	1520
793	1594
793	1703
794	818
794	1113
794	1710
794	1871
795	860
795	957
795	1681
795	1791
796	830
796	1058
796	1441
797	1120
798	1431
798	1693
799	822
799	1148
799	1180
799	1453
799	1974
800	1020
800	1944
801	947
801	1156
801	1312
801	1600
802	827
802	924
802	942
802	1040
802	1840
803	805
803	833
803	977
803	1007
803	1222
803	1405
803	1782
804	1071
804	1125
804	1206
804	1239
804	1587
804	1633
805	983
805	1170
805	1315
805	1327
805	1574
805	1636
806	1356
806	1580
806	1863
807	832
807	834
807	963
807	1204
808	837
808	913
808	953
808	972
808	1352
808	1555
809	848
809	880
809	1146
809	1886
810	834
810	1109
810	1395
810	1590
810	1662
810	1814
811	1310
811	1374
811	1551
812	1315
812	1377
812	1519
812	1533
813	1108
813	1151
813	1222
813	1299
813	1661
814	1464
815	1242
817	897
817	1582
818	895
818	1040
818	1452
819	1644
819	1681
819	1682
820	1382
820	1393
820	1406
821	926
821	1213
822	944
822	1333
823	884
823	1564
823	1767
823	1903
824	971
824	1052
824	1547
825	867
825	1012
825	1116
825	1181
825	1209
825	1748
825	1833
826	848
826	971
826	1019
826	1359
826	1697
826	1700
826	1836
826	1878
826	1981
827	842
827	1286
827	1983
828	1153
828	1161
828	1960
829	893
829	984
829	1037
829	1113
829	1458
829	1562
829	1899
830	944
830	1080
830	1203
830	1503
831	1263
831	1465
832	958
832	1269
832	1395
832	1638
833	1501
833	1536
833	1577
833	1664
833	1872
834	1962
835	1037
835	2000
836	1232
837	955
837	1101
837	1317
837	1467
838	1293
838	1630
838	1631
839	1283
840	991
840	1424
840	1483
840	1868
840	1882
841	957
841	1182
841	1194
841	1249
841	1866
842	866
842	960
842	1024
842	1148
842	1175
842	1309
842	1942
843	1170
843	1424
843	1724
843	1885
844	864
844	1056
844	1597
844	1614
845	1208
845	1240
845	1472
845	1625
845	1752
846	902
846	992
847	859
847	1077
847	1198
847	1508
848	852
848	1058
848	1144
848	1151
849	1227
849	1510
849	1563
849	1700
851	1585
851	1686
851	1705
851	1732
852	907
852	1538
852	1570
852	1657
853	980
853	1079
853	1447
853	1888
853	1959
854	934
854	1054
854	1698
854	1817
855	857
855	917
855	1463
856	1226
856	1242
856	1310
856	1347
856	1417
856	1569
857	991
858	1422
858	1582
860	1288
860	1354
860	1735
860	1958
861	1001
861	1259
861	1343
862	979
862	1114
862	1525
862	1717
863	1050
863	1468
863	1480
864	881
864	1070
864	1142
864	1192
864	1237
865	1468
865	1602
865	1669
866	951
866	978
867	900
867	1073
867	1174
867	1220
868	913
868	1096
868	1120
868	1285
869	1210
869	1577
870	1207
870	1208
870	1300
870	1323
870	1790
871	1183
871	1469
871	1904
872	1545
873	888
873	1039
873	1184
873	1216
873	1365
873	1493
874	945
874	1496
874	1797
876	1316
876	1406
876	1699
876	1955
877	1080
877	1663
878	1329
878	1437
878	1458
879	939
879	1130
880	966
880	1509
880	1613
881	1206
881	1223
882	1141
882	1368
882	1844
883	1164
883	1722
883	1828
884	908
884	970
884	1329
884	1359
885	1005
885	1255
885	1649
885	1717
886	1294
886	1349
886	1372
886	1431
887	906
887	1561
889	946
889	1656
889	1737
890	1001
890	1173
891	1055
891	1155
891	1470
891	1971
892	997
892	1034
892	1261
892	1673
892	1778
893	1174
893	1597
893	1698
894	921
894	999
895	1592
895	1620
896	959
896	980
896	996
896	1759
896	1788
897	1272
897	1739
898	947
899	927
899	1067
899	1435
900	983
900	1147
901	1199
901	1338
901	1678
902	1012
902	1896
902	1949
903	1133
903	1159
903	1198
904	948
904	1275
905	995
905	1111
905	1829
905	1956
906	1017
906	1026
906	1261
907	1023
907	1366
908	954
908	1520
909	919
909	1373
909	1481
909	1598
909	1804
910	1112
910	1144
910	1166
910	1286
911	1187
911	1196
912	1113
912	1138
912	1205
912	1544
913	1188
913	1288
913	1974
914	1331
914	1738
915	1364
915	1426
915	1441
915	1884
916	998
916	1383
916	1575
916	1738
917	1080
917	1179
917	1779
918	928
918	1765
918	1895
919	929
920	965
920	1083
920	1786
921	1144
921	1340
921	1914
922	972
922	1011
922	1747
922	1774
922	1908
923	1205
923	1430
924	1099
924	1178
924	1406
924	1583
924	1616
925	1160
925	1880
926	966
926	1011
926	1857
927	938
927	1005
927	1221
927	1239
927	1637
927	1954
928	1567
929	1328
929	1668
929	1694
929	1881
931	942
931	1208
931	1398
931	1945
932	1005
932	1022
932	1164
932	1398
932	1713
932	1785
932	1818
933	942
933	1607
933	1691
933	1770
933	1812
934	1001
934	1217
934	1262
934	1376
934	1384
934	1466
934	1506
934	1812
935	1214
935	1386
936	1984
937	1700
937	1734
937	1831
938	993
938	1298
938	1446
939	977
939	1110
939	1209
939	1282
939	1425
940	1004
940	1652
940	1861
941	1173
942	1020
942	1304
942	1553
942	1947
943	1196
943	1358
944	1318
944	1484
944	1660
945	1321
945	1358
945	1467
946	1016
946	1021
946	1290
946	1367
946	1408
946	1648
947	990
947	1117
947	1270
948	1000
948	1155
948	1543
948	1728
948	1927
949	1220
950	1475
950	1479
950	1754
951	1042
951	1070
951	1168
951	1535
951	1661
952	1324
952	1379
952	1616
953	1108
953	1132
953	1209
953	1628
953	1714
953	1968
954	958
954	1085
954	1194
954	1722
954	1725
955	1936
956	976
956	1447
957	960
957	991
957	1439
957	1443
957	1834
958	1051
960	998
960	1177
960	1245
960	1489
960	1608
960	1646
961	962
961	1081
961	1199
962	1132
963	1496
964	1409
964	1472
965	1191
966	1078
966	1203
966	1361
966	1483
966	1496
967	1122
967	1652
969	1179
969	1268
969	1471
969	1599
969	1799
970	1281
970	1302
970	1343
970	1389
970	1619
971	1069
971	1113
971	1672
972	1089
972	1360
973	1010
973	1049
973	1347
973	1573
974	1430
974	1575
975	1332
975	1478
975	1641
976	1011
976	1092
976	1184
976	1463
977	1103
977	1178
977	1270
977	1735
978	990
978	1188
978	1742
978	1822
979	1559
980	1942
980	1960
981	1461
982	997
982	1002
982	1043
982	1063
982	1235
982	1950
983	1021
983	1373
983	1453
983	1565
984	1238
984	1351
984	1691
984	1705
984	1839
985	1107
985	1146
986	996
986	1066
986	1102
986	1110
987	1039
987	1071
988	1255
988	1267
988	1522
989	1987
990	1134
990	1344
990	1525
990	1581
991	1497
991	1651
992	1415
992	1824
992	1870
993	1175
993	1278
993	1361
993	1557
993	1757
993	1891
994	1070
995	1517
996	1174
996	1296
997	1721
997	1770
999	1084
999	1601
1000	1056
1000	1500
1000	1712
1001	1054
1001	1100
1001	1562
1001	1777
1001	1817
1002	1040
1002	1084
1002	1152
1002	1571
1003	1018
1003	1057
1003	1231
1003	1327
1003	1613
1004	1010
1004	1195
1004	1942
1005	1250
1005	1350
1005	1521
1005	1603
1005	1707
1006	1632
1007	1061
1007	1273
1007	1400
1007	1477
1007	1730
1008	1326
1008	1342
1008	1867
1008	1932
1009	1134
1009	1207
1009	1742
1010	1027
1010	1091
1011	1274
1011	1446
1012	1044
1012	1075
1012	1102
1012	1845
1013	1081
1013	1216
1013	1630
1013	1665
1014	1099
1014	1389
1014	1452
1014	1905
1015	1315
1016	1272
1016	1325
1017	1180
1017	1377
1017	1382
1018	1068
1018	1528
1018	1691
1018	1839
1018	1943
1019	1167
1019	1358
1019	1660
1019	1854
1020	1296
1021	1334
1021	1356
1021	1415
1021	1494
1021	1934
1022	1137
1022	1231
1022	1528
1023	1049
1023	1152
1023	1725
1023	1728
1024	1144
1024	1290
1024	1543
1025	1090
1025	1380
1025	1647
1025	1750
1026	1200
1026	1494
1026	1553
1026	1765
1026	1867
1026	1949
1027	1126
1027	1224
1027	1885
1028	1400
1028	1838
1029	1132
1029	1520
1030	1673
1031	1835
1032	1036
1032	1392
1032	1956
1033	1190
1033	1594
1033	1642
1034	1258
1034	1291
1034	1859
1035	1127
1035	1456
1035	1532
1035	1931
1036	1172
1036	1289
1037	1112
1037	1538
1037	1673
1038	1438
1038	1747
1038	1760
1038	1945
1039	1403
1039	1520
1040	1334
1040	1455
1041	1145
1041	1533
1042	1093
1042	1120
1042	1468
1043	1187
1043	1618
1043	1828
1043	1900
1044	1622
1044	1829
1045	1556
1045	1742
1045	1976
1047	1220
1047	1275
1047	1578
1047	1680
1047	1699
1047	1792
1048	1276
1048	1396
1048	1432
1048	1926
1049	1949
1050	1804
1051	1111
1052	1482
1053	1331
1053	1336
1053	1361
1053	1757
1054	1262
1055	1940
1056	1528
1057	1204
1057	1251
1057	1460
1058	1118
1058	1295
1058	1300
1058	1331
1058	1465
1059	1154
1059	1766
1060	1439
1060	1497
1060	1944
1061	1230
1061	1355
1061	1410
1061	1978
1062	1363
1062	1482
1063	1189
1064	1156
1064	1251
1064	1506
1065	1066
1066	1346
1066	1882
1067	1850
1068	1236
1068	1518
1069	1186
1071	1226
1071	1806
1072	1327
1073	1089
1073	1136
1073	1316
1073	1730
1074	1088
1075	1086
1075	1223
1075	1433
1075	1507
1075	1534
1076	1230
1076	1241
1076	1283
1076	1362
1076	1920
1076	1933
1077	1203
1077	1762
1077	1998
1078	1126
1078	1458
1078	1667
1079	1172
1079	1349
1080	1102
1080	1797
1081	1597
1081	1966
1082	1281
1083	1578
1083	1961
1084	1795
1085	1924
1085	1951
1086	1301
1088	1211
1088	1317
1088	1861
1090	1159
1090	1777
1090	1982
1092	1816
1093	1589
1094	1352
1094	1372
1094	1585
1094	1802
1094	1823
1095	1130
1095	1247
1095	1427
1095	1627
1095	1881
1096	1274
1097	1437
1098	1411
1098	1571
1100	1137
1100	1491
1100	1720
1101	1849
1101	1878
1102	1300
1102	1684
1103	1143
1103	1718
1105	1386
1105	1628
1105	1687
1105	1805
1105	1844
1106	1260
1106	1558
1107	1143
1107	1569
1107	1804
1109	1368
1109	1529
1111	1246
1111	1815
1111	1904
1112	1252
1112	1274
1113	1378
1113	1421
1113	1444
1113	1619
1113	1789
1113	1924
1114	1409
1115	1139
1115	1176
1115	1702
1116	1295
1117	1147
1117	1154
1117	1517
1117	1993
1118	1128
1118	1816
1119	1155
1119	1171
1119	1523
1119	1687
1119	1887
1120	1143
1120	1591
1120	1596
1120	1652
1121	1228
1121	1271
1121	1311
1121	1910
1122	1218
1123	1750
1124	1408
1124	1979
1125	1895
1127	1321
1128	1185
1129	1941
1131	1353
1132	1813
1132	1966
1133	1244
1133	1435
1133	1641
1133	1694
1134	1291
1134	1442
1134	1569
1134	1642
1134	1692
1134	1819
1135	1137
1135	1385
1135	1689
1136	1200
1136	1529
1136	1762
1137	1503
1137	1761
1137	1780
1137	1819
1137	1909
1138	1890
1139	1247
1139	1265
1139	1349
1139	1826
1139	2000
1140	1317
1141	1196
1141	1246
1141	1316
1142	1445
1142	1587
1142	1602
1142	1628
1142	1841
1143	1391
1143	1856
1143	1916
1144	1975
1145	1176
1145	1625
1146	1239
1146	1783
1146	1880
1147	1834
1147	1866
1148	1703
1148	1998
1149	1311
1149	1392
1149	1465
1149	1955
1150	1259
1150	1492
1150	1575
1150	1925
1151	1330
1152	1238
1152	1390
1153	1381
1153	1664
1153	1722
1153	1972
1154	1747
1154	1817
1155	1527
1155	1569
1155	1703
1155	1747
1155	1925
1155	1981
1156	1907
1157	1254
1158	1963
1159	1261
1159	1580
1159	1798
1160	1210
1160	1469
1161	1401
1161	1543
1161	1729
1161	1836
1161	1994
1162	1202
1162	1904
1162	1913
1163	1287
1164	1214
1164	1632
1164	1871
1164	1876
1165	1317
1165	1610
1166	1745
1166	1955
1167	1976
1169	1316
1169	1511
1169	1781
1169	1842
1170	1745
1170	1875
1171	1207
1172	1245
1173	1505
1173	1601
1175	1185
1175	1601
1175	1937
1175	1954
1176	1674
1176	1797
1177	1433
1177	1743
1178	1841
1179	1338
1180	1445
1181	1219
1181	1420
1181	1999
1182	1499
1182	1604
1183	1218
1184	1500
1184	1913
1185	1463
1186	1469
1186	1819
1187	1243
1189	1378
1190	1327
1190	1347
1190	1480
1190	1854
1190	1913
1190	1951
1191	1917
1193	1210
1193	1236
1193	1258
1193	1640
1193	1767
1194	1459
1194	1617
1194	1819
1195	1269
1195	1598
1195	1899
1196	1528
1196	1918
1197	1946
1199	1304
1199	1424
1200	1755
1201	1209
1201	1608
1202	1787
1203	1607
1203	1765
1203	1815
1203	1996
1204	1285
1206	1304
1207	1631
1208	1346
1208	1482
1208	1515
1208	1545
1208	1620
1208	1941
1210	1729
1210	1899
1211	1352
1212	1417
1212	1709
1213	1663
1214	1779
1215	1751
1215	1969
1216	1411
1216	1513
1216	1897
1217	1591
1218	1225
1218	1434
1219	1357
1220	1360
1220	1637
1221	1321
1221	1388
1221	1645
1222	1792
1224	1686
1225	1253
1225	1599
1225	1775
1226	1677
1227	1854
1228	1440
1228	1512
1229	1342
1229	1378
1229	1567
1230	1665
1231	1303
1231	1423
1231	1671
1231	1710
1231	1714
1232	1504
1232	1564
1233	1388
1233	1521
1233	1634
1233	1724
1233	1952
1234	1354
1235	1325
1235	1373
1235	1444
1235	1509
1235	1994
1236	1403
1238	1378
1238	1550
1238	1712
1239	1672
1239	1775
1239	1827
1240	1265
1240	1333
1240	1480
1240	1540
1240	1830
1240	1977
1241	1319
1241	1880
1242	1822
1242	1830
1243	1279
1243	1559
1243	1802
1243	1945
1244	1394
1244	1606
1244	1684
1244	1839
1246	1276
1246	1312
1246	1323
1247	1330
1247	1401
1247	1448
1247	1572
1247	1619
1247	1723
1247	1893
1248	1349
1248	1374
1249	1272
1249	1451
1249	1546
1249	1658
1250	1306
1250	1461
1251	1330
1251	1805
1251	1986
1252	1498
1252	1801
1253	1335
1253	1414
1253	1875
1253	1986
1254	1444
1254	1730
1254	1871
1256	1662
1256	1672
1256	1954
1257	1604
1257	1866
1258	1430
1258	1486
1258	1654
1258	1785
1259	1733
1260	1407
1260	1531
1260	1682
1260	1920
1261	1665
1262	1601
1262	1780
1263	1557
1264	1265
1264	1918
1265	1543
1265	1586
1266	1362
1266	1544
1267	1844
1268	1284
1268	1375
1269	1411
1269	1463
1269	1578
1269	1958
1271	1282
1271	1561
1272	1472
1274	1492
1274	1639
1274	1894
1275	1421
1275	1624
1275	1941
1276	1757
1277	1398
1277	1457
1277	1940
1278	1406
1278	1426
1278	1895
1279	1303
1279	1418
1279	1680
1279	1849
1280	1579
1280	1795
1281	1868
1282	1485
1282	1639
1283	1478
1283	1811
1283	1906
1284	1403
1284	1560
1284	1663
1284	1695
1284	1902
1285	1412
1285	1688
1285	1929
1285	1939
1287	1970
1289	1423
1289	1910
1291	1419
1291	1594
1291	1923
1292	1676
1293	1716
1293	1930
1293	1967
1294	1796
1294	1965
1295	1766
1295	1872
1297	1580
1297	1732
1297	1901
1298	1397
1298	1537
1298	1545
1299	1322
1299	1613
1299	1875
1300	1382
1302	1369
1303	1618
1303	1657
1304	1325
1304	1581
1305	1474
1305	1654
1305	1676
1306	1739
1306	1802
1307	1348
1307	1898
1308	1793
1308	1961
1309	1746
1309	1856
1309	1869
1309	1912
1313	1610
1313	1906
1314	1634
1315	1390
1315	1476
1315	1510
1318	1386
1318	1793
1319	1336
1322	1753
1324	1348
1324	1404
1324	1593
1324	1669
1324	1716
1324	1774
1326	1433
1326	1649
1327	1397
1328	1778
1329	1695
1329	1811
1330	1428
1331	1617
1332	1410
1333	1523
1333	1706
1334	1344
1334	1514
1334	1560
1336	1670
1337	1558
1338	1856
1338	1863
1338	1922
1339	1721
1340	1643
1341	1427
1343	1935
1343	1947
1343	1998
1344	1574
1344	1664
1344	1735
1344	1993
1345	1450
1345	1800
1346	1355
1346	1384
1347	1846
1348	1545
1350	1627
1351	1528
1351	1594
1352	1690
1352	1891
1353	1522
1353	1843
1353	1946
1354	1415
1354	1984
1356	1591
1356	1723
1357	1455
1357	1626
1357	1659
1358	1429
1358	1435
1358	1848
1360	1466
1361	1610
1362	1518
1362	1614
1363	1401
1364	1402
1364	1590
1364	1845
1365	1683
1366	1789
1368	1814
1368	1964
1369	1690
1372	1908
1374	1438
1374	1574
1375	1985
1376	1456
1376	1596
1376	1633
1376	1879
1376	1917
1377	1645
1377	1650
1377	1711
1377	1995
1378	1405
1378	1704
1378	1909
1379	1410
1380	1503
1380	1977
1383	1438
1383	1912
1385	1808
1385	1851
1386	1443
1386	1565
1387	1434
1387	1450
1388	1440
1388	1734
1389	1429
1389	1490
1390	1583
1392	1630
1393	1539
1393	1758
1394	1402
1395	1478
1396	1748
1397	1653
1397	1873
1398	1528
1399	1459
1399	1483
1399	1824
1400	1506
1400	1507
1403	1635
1403	1648
1403	1731
1404	1807
1405	1429
1405	1816
1406	1987
1407	1898
1409	1849
1409	1911
1410	1600
1411	1950
1412	1629
1412	1764
1412	1961
1413	1570
1413	1704
1414	1782
1414	1930
1416	1669
1416	1931
1419	1872
1419	1958
1420	1730
1421	1818
1423	1719
1423	1900
1423	1941
1424	1638
1426	1467
1426	1534
1426	1548
1427	1923
1427	1990
1429	1610
1429	1985
1430	1540
1432	1442
1434	1877
1434	1894
1435	1806
1435	1850
1436	1637
1437	1474
1438	1522
1440	1533
1444	1810
1445	1485
1445	1489
1445	1582
1446	1478
1447	1568
1447	1590
1448	1688
1448	1896
1449	1466
1450	1686
1450	1873
1453	1629
1453	1727
1453	1823
1453	1878
1453	1917
1454	1566
1454	1768
1455	1522
1455	1792
1455	1970
1456	1475
1456	1663
1456	1676
1456	1874
1457	1604
1459	1889
1461	1638
1461	1841
1462	1824
1464	1640
1465	1760
1465	1973
1466	1744
1467	1542
1467	1754
1467	1961
1468	1479
1468	1513
1469	1696
1469	1761
1470	1964
1471	1497
1471	1796
1471	1996
1473	1897
1477	1504
1480	1829
1480	1848
1480	1894
1481	1660
1481	1937
1482	1720
1484	1612
1484	1844
1486	1928
1487	1491
1487	1533
1488	1740
1489	1784
1490	1536
1490	1552
1490	1603
1490	1685
1490	1714
1491	1862
1492	1858
1495	1572
1496	1720
1497	1502
1497	1694
1497	1907
1498	1800
1500	1861
1500	1986
1501	1516
1501	1633
1502	1950
1506	1530
1506	1842
1507	1512
1508	1563
1511	1550
1511	1666
1511	1679
1511	1709
1511	1743
1512	1725
1512	1887
1513	1526
1514	1674
1514	1698
1515	1644
1517	1702
1517	1962
1517	1965
1517	1972
1518	1644
1518	1889
1518	1944
1518	1988
1518	1991
1520	1693
1522	1636
1523	1549
1523	1741
1523	1769
1523	1956
1524	1840
1524	1864
1525	1740
1526	1527
1527	1548
1528	1820
1528	1906
1528	1979
1529	1623
1529	1645
1530	1541
1532	1649
1533	1935
1534	1754
1534	1756
1536	1720
1538	1586
1538	1809
1538	1964
1543	1928
1544	1763
1546	1771
1546	1815
1548	1920
1549	1772
1550	1577
1550	1695
1550	1843
1551	1592
1551	1685
1551	1978
1552	1667
1552	1854
1555	1999
1556	1608
1556	1703
1556	1780
1559	1576
1559	1824
1560	1853
1561	1570
1561	1643
1561	1705
1561	1739
1561	1851
1564	1573
1564	1597
1564	1602
1564	1832
1565	1666
1565	1697
1565	1887
1566	1948
1567	1656
1567	1768
1568	1852
1569	1640
1570	1702
1571	1759
1572	1694
1574	1614
1575	1874
1577	1617
1580	1829
1580	1918
1581	1733
1581	1982
1584	1706
1585	1600
1585	1671
1586	1790
1586	1863
1586	1891
1587	1813
1592	1781
1593	1974
1595	1624
1595	1678
1595	1753
1595	1858
1598	1643
1598	1953
1599	1853
1600	1875
1601	1689
1605	1675
1606	1978
1607	1672
1607	1883
1609	1625
1609	1626
1612	1727
1614	1671
1614	1687
1615	1903
1618	1897
1620	1783
1620	1861
1622	1773
1622	1921
1628	1808
1628	1879
1631	1996
1632	1769
1634	1936
1634	1971
1635	1812
1636	1914
1639	1721
1640	1688
1640	1710
1641	1726
1642	1926
1643	1877
1644	1781
1647	1830
1647	1957
1649	1687
1650	1736
1650	1825
1651	1786
1652	1855
1653	1864
1654	1884
1655	1674
1657	1732
1657	1967
1657	1975
1662	1692
1663	1678
1665	1666
1665	1935
1665	1957
1667	1911
1667	1921
1669	1909
1673	1724
1680	1873
1681	1914
1683	1764
1683	1802
1684	1803
1685	1933
1686	1940
1687	1922
1690	1963
1691	1769
1691	1825
1694	1752
1696	1706
1696	1762
1697	1969
1698	1848
1699	1732
1700	1834
1700	1889
1702	1869
1703	1756
1709	1823
1709	1931
1713	1726
1713	1821
1713	1840
1713	1915
1715	1804
1716	1794
1717	1911
1724	1774
1725	1949
1729	1954
1733	1744
1736	1942
1737	1744
1737	1779
1737	1892
1741	1788
1742	1750
1743	1858
1744	1822
1745	1793
1748	1915
1750	1925
1752	1758
1752	1809
1755	1832
1758	1976
1760	1997
1762	1813
1764	1831
1765	1997
1769	1790
1770	1818
1776	1989
1780	1917
1783	2000
1786	1926
1787	1799
1787	1905
1788	1959
1788	1975
1788	1988
1791	1885
1791	1983
1793	1794
1793	1922
1793	1960
1795	1984
1796	1980
1802	1893
1802	1968
1812	1938
1813	1893
1816	1890
1818	1896
1818	1973
1822	1838
1822	1869
1822	1997
1830	1833
1835	1886
1839	1936
1840	1925
1843	1845
1843	1876
1843	1979
1851	1921
1851	1927
1851	1969
1852	1901
1859	1916
1865	1896
1865	1987
1868	1998
1872	1874
1879	1977
1881	1948
1882	1922
1884	1937
1891	1972
1891	1986
1893	1929
1907	1959
1911	1981
1917	1921
1917	1948
1918	1957
1976	1982
1977	1979
