1	2
1	3
1	4
1	5
1	6
1	8
1	12
1	15
1	39
1	107
1	194
1	224
1	232
1	256
1	356
1	357
1	473
1	481
1	527
1	1596
2	3
2	4
2	5
2	6
2	9
2	10
2	21
2	37
2	38
2	46
2	64
2	103
2	234
2	375
2	443
2	514
2	601
2	636
2	648
2	690
2	812
2	846
2	1005
2	1067
2	1554
3	4
3	5
3	6
3	7
3	8
3	15
3	28
3	40
3	69
3	136
3	180
3	413
3	620
3	634
3	778
3	960
3	1114
3	1605
3	1668
3	1847
4	5
4	6
4	17
4	19
4	25
4	26
4	35
4	75
4	104
4	114
4	175
4	231
4	235
4	237
4	286
4	398
4	403
4	420
4	622
4	910
4	1002
4	1062
4	1102
4	1163
4	1533
5	6
5	15
5	16
5	40
5	45
5	84
5	121
5	141
5	165
5	450
5	576
5	630
5	745
5	1090
5	1117
5	1256
5	1481
5	1702
5	1984
6	12
6	15
6	22
6	29
6	30
6	41
6	64
6	74
6	179
6	190
6	207
6	276
6	277
6	404
6	411
6	518
6	1098
6	1106
7	405
7	758
8	105
8	225
8	615
8	1087
9	11
9	14
9	170
9	177
9	324
9	534
9	646
9	1837
10	13
10	26
10	275
10	819
10	1120
11	30
11	66
11	116
11	145
11	154
11	368
11	578
11	1240
12	24
12	127
12	240
12	294
12	385
12	713
12	1363
13	19
13	33
13	208
13	414
14	23
14	43
14	49
14	250
14	377
15	18
15	20
15	65
15	95
15	113
15	118
15	123
15	124
15	138
15	216
15	222
15	233
15	403
15	489
15	546
15	1533
15	1624
16	25
16	32
16	51
16	61
16	69
16	140
16	149
16	765
17	39
17	44
17	68
17	91
17	396
17	1420
17	1555
18	34
18	223
18	506
18	852
19	35
19	101
19	290
19	300
19	411
19	618
19	893
19	1148
19	1416
20	69
20	821
20	952
20	1021
21	47
21	114
21	617
21	832
21	1039
21	1517
21	1589
22	27
22	31
22	1266
23	78
23	86
23	245
23	562
23	965
23	1664
24	347
24	376
24	706
24	896
24	1497
24	1568
25	55
25	169
25	211
25	234
25	251
25	277
25	297
25	298
25	638
25	986
26	35
26	67
26	71
26	182
26	194
26	231
26	309
26	344
26	1351
26	1566
27	43
27	62
27	852
28	36
28	88
28	189
28	323
29	1801
30	103
30	295
30	771
30	786
30	1665
30	1891
31	33
31	76
31	100
31	253
31	340
31	446
31	933
31	1101
31	1250
31	1953
32	42
32	72
32	102
32	106
32	369
32	709
32	1085
33	37
33	56
33	60
33	80
33	83
33	159
33	173
33	247
33	495
33	641
33	761
33	1308
34	70
34	346
34	660
34	1204
34	1257
34	1536
35	338
35	397
35	427
35	797
37	38
37	57
37	73
37	139
38	125
38	170
38	187
38	452
38	454
38	498
38	529
38	1033
38	1705
39	144
39	221
39	252
39	585
39	856
39	1432
39	1721
40	50
40	59
40	90
40	109
40	200
40	307
40	1591
41	52
41	112
41	176
41	254
41	258
41	909
41	1235
42	110
42	633
42	1406
42	1496
43	53
43	79
43	170
43	189
43	445
43	677
43	1501
44	246
44	945
44	1650
45	329
45	1593
46	48
46	158
46	531
46	1672
47	54
47	58
47	244
47	285
47	372
48	117
48	553
48	589
48	654
48	1172
48	1897
49	139
49	218
49	251
49	440
49	459
49	546
50	229
50	1064
50	1970
50	1994
51	85
51	302
51	614
51	667
51	750
51	787
52	96
52	253
52	681
52	1432
53	93
53	306
53	881
54	63
54	95
54	124
54	260
54	385
55	88
55	96
55	201
56	94
56	360
56	673
56	1121
56	1657
57	77
57	98
57	264
57	671
57	872
58	200
58	561
58	987
59	188
59	230
59	358
59	457
60	324
60	702
60	741
61	92
61	352
62	74
62	167
62	699
63	97
63	108
63	142
63	380
63	437
63	565
63	1399
64	144
64	205
64	271
64	499
64	607
64	870
64	895
64	1707
65	453
65	911
67	96
67	150
67	267
67	314
67	798
68	99
68	321
68	558
68	581
68	854
69	102
69	121
69	364
69	386
69	571
69	1814
70	149
70	172
70	1104
71	436
72	87
72	336
72	689
72	859
72	1225
73	128
73	403
74	81
74	526
74	720
74	800
74	1435
75	124
75	126
75	467
75	1652
76	107
76	202
76	385
76	796
77	132
77	349
77	988
78	149
78	410
78	516
78	700
78	1308
79	82
79	89
79	119
79	536
79	718
79	1524
80	115
80	143
80	178
80	911
81	163
81	214
81	315
81	515
81	742
81	1850
82	790
82	1154
83	258
83	918
83	1241
83	1342
84	206
84	250
84	429
84	538
84	797
85	130
85	261
85	310
85	333
85	346
85	402
85	424
85	678
86	1002
86	1601
87	129
87	1437
88	99
88	119
88	284
88	303
88	346
88	359
88	370
88	523
88	1006
89	234
89	393
89	587
89	1865
90	134
90	1068
90	1242
90	1783
90	1990
91	122
91	148
91	414
91	471
91	948
91	1017
91	1551
91	1596
92	121
92	162
92	502
92	537
92	937
93	160
93	215
93	378
93	657
93	772
94	588
94	1162
95	149
95	174
95	191
95	313
95	331
96	140
96	148
96	185
96	222
96	379
96	412
96	423
96	512
96	1170
96	1783
96	1787
97	146
97	195
97	586
97	718
97	974
98	120
98	141
98	183
98	197
98	246
99	103
99	162
99	791
99	1147
99	1626
99	1858
100	156
101	133
101	770
101	1770
102	122
102	363
102	424
102	435
102	557
103	210
103	277
103	500
103	608
103	1703
104	501
104	658
105	193
105	1122
105	1155
105	1324
105	1330
105	1578
106	238
106	292
106	677
106	1133
107	157
107	213
107	278
107	494
107	712
107	964
107	1949
108	521
108	620
108	1635
108	1710
109	443
110	111
110	125
110	292
110	322
111	196
111	213
111	271
111	1339
111	1639
111	1826
112	219
112	670
112	1131
112	1676
113	282
113	384
113	552
113	639
114	503
114	580
114	1260
114	1743
115	388
115	1145
116	121
116	761
117	382
117	424
118	493
118	1312
119	131
119	181
119	259
119	301
119	447
119	672
119	806
119	996
120	152
120	464
120	511
121	143
121	147
121	239
121	243
121	346
121	709
121	783
121	1100
121	1136
121	1357
122	141
122	186
122	335
122	1003
122	1976
123	147
123	1113
124	310
124	333
124	394
124	871
125	324
125	704
125	1147
125	1159
126	563
126	1192
126	1571
127	343
127	567
127	1123
128	656
128	658
128	735
128	1557
128	1588
129	508
129	1871
130	1700
130	1774
131	135
131	168
131	610
132	184
132	524
132	747
132	1564
133	203
133	577
134	439
134	961
134	1088
134	1316
135	137
135	273
135	288
135	1058
135	1130
135	1415
135	1748
136	176
138	148
138	551
138	829
138	1375
139	150
139	199
139	239
139	245
139	715
139	752
139	842
140	153
140	155
140	217
140	413
140	570
140	826
140	1999
141	215
141	267
141	335
141	548
141	746
141	920
141	1318
141	1438
141	1841
142	266
142	927
142	1237
143	151
143	153
143	181
143	203
143	251
143	797
143	1048
143	1375
143	1981
144	265
144	318
144	353
144	390
144	399
144	939
145	177
145	449
145	1307
146	166
146	297
146	395
146	807
146	981
148	157
148	287
148	773
148	1508
149	180
149	316
149	421
149	529
149	591
149	626
149	743
149	1951
150	271
150	351
151	1223
152	774
153	319
154	408
154	610
154	647
154	1277
154	1655
155	161
155	262
155	389
155	669
155	1527
156	595
156	1206
157	1368
157	1552
157	1773
158	198
158	1581
160	252
160	263
160	1253
160	1675
160	1696
160	1782
161	164
161	171
161	710
161	1644
162	1086
162	1125
162	1362
163	693
163	815
163	1289
164	192
164	914
165	255
165	1432
166	465
166	1119
167	203
167	212
167	252
167	802
167	1010
168	469
169	535
169	885
170	172
170	342
170	345
170	1103
170	1710
170	1792
170	1926
171	1622
172	182
172	789
173	194
173	315
173	1265
174	1245
175	361
175	701
175	717
175	1213
177	222
177	525
177	664
177	1018
178	857
178	1413
178	1897
179	323
179	886
180	261
180	313
181	185
181	441
181	1917
182	407
182	783
182	835
182	1045
183	626
183	1095
183	1139
184	233
184	301
184	662
185	189
185	209
185	360
185	737
185	875
186	292
186	308
186	878
187	256
187	418
187	890
188	1091
188	1502
188	1528
188	1629
189	220
189	267
189	598
189	699
189	781
190	593
190	1103
191	353
192	811
192	1726
193	241
193	242
194	401
194	467
194	468
194	676
194	677
194	745
194	912
194	1017
194	1418
195	644
196	1165
196	1579
197	248
197	724
198	753
198	1254
198	1683
199	593
199	820
199	1417
200	204
200	269
200	346
200	1229
200	1534
201	530
203	226
203	259
203	261
203	310
203	341
203	429
203	483
203	665
203	1242
203	1511
203	1950
204	272
204	488
205	315
205	354
205	422
205	1020
206	283
206	1551
207	898
208	374
208	488
208	1627
210	240
210	903
211	270
211	420
211	437
211	555
211	714
211	922
211	1364
212	281
212	808
212	1270
213	249
213	602
214	227
214	427
214	600
214	635
214	768
214	941
214	1278
215	232
215	1728
215	1744
216	1369
217	228
217	874
217	1731
217	1833
218	276
218	841
218	870
220	845
221	818
222	325
222	403
222	484
222	634
222	642
222	647
222	658
222	789
222	905
222	1374
222	1387
222	1508
223	259
223	415
224	293
224	337
224	994
225	478
225	602
226	1268
227	349
227	1063
227	1679
227	1911
228	236
228	257
228	848
228	1977
229	579
229	586
229	1494
231	694
231	1099
232	689
232	691
232	853
233	243
233	251
233	762
234	338
234	653
234	990
234	1015
235	253
235	586
235	839
236	256
236	521
236	524
236	759
236	792
236	1511
237	373
237	502
237	1121
237	1898
238	557
238	621
239	409
239	422
239	767
239	813
239	1041
239	1158
240	274
240	686
240	1367
241	823
242	593
243	1188
244	1623
245	305
246	289
246	311
246	716
246	1184
246	1783
247	268
248	294
249	292
249	609
249	792
249	1482
250	381
250	384
250	586
250	1120
250	1200
250	1225
250	1400
250	1875
251	291
251	427
251	470
251	497
252	603
252	653
252	682
252	684
252	771
253	483
253	1631
254	279
255	517
255	698
256	471
256	1584
256	1656
257	440
257	1302
257	1673
258	327
258	349
258	1019
258	1035
258	1518
259	465
259	814
260	1714
261	846
261	1361
261	1547
261	1549
261	1689
261	1987
262	831
263	419
263	1637
264	299
264	477
264	580
264	603
264	1029
264	1409
265	362
266	432
266	1810
267	293
267	904
267	1059
267	1209
267	1651
268	1128
269	332
269	443
269	788
269	1005
270	721
270	1043
271	299
271	317
271	326
271	425
271	462
271	541
271	587
272	309
272	392
272	430
272	1198
274	1081
274	1421
274	1662
275	646
276	280
276	1074
276	1865
277	1176
278	1939
279	296
279	438
279	661
279	1842
280	782
281	442
281	601
281	889
282	304
282	539
282	1599
283	637
283	1219
284	416
284	520
284	756
285	312
285	320
285	851
285	1996
286	288
286	472
286	482
286	528
287	572
288	454
288	1049
288	1331
288	1655
289	567
289	810
289	973
290	344
290	475
291	328
291	330
291	720
291	1124
292	371
292	616
292	690
292	1272
292	1706
292	1724
292	1917
293	615
293	646
294	375
294	734
294	1286
295	451
295	683
295	775
295	844
295	947
295	1891
296	1273
297	733
297	1740
297	1887
298	610
299	543
299	677
299	1046
299	1126
299	1271
300	496
300	586
301	375
301	509
301	643
301	729
301	1928
302	906
302	990
303	334
303	582
303	1238
303	1877
304	348
304	630
305	466
305	1025
305	1724
306	349
307	1359
307	1724
308	979
309	418
309	1316
309	1438
310	365
310	400
310	422
310	447
310	703
310	755
310	775
310	795
310	905
310	1247
311	391
311	648
311	1564
312	918
312	1246
312	1828
313	341
313	347
313	383
313	730
314	735
314	1494
315	339
315	344
315	485
315	631
315	822
316	652
316	828
316	1532
317	350
317	707
317	1014
317	1122
317	1483
317	1803
318	428
318	1985
319	872
319	1040
319	1205
319	1934
320	504
320	599
321	592
321	1407
321	1905
322	468
322	1852
323	825
324	760
324	883
324	1225
324	1382
324	1448
325	433
325	547
326	355
326	522
326	1181
327	367
327	1461
328	426
328	725
329	444
329	513
329	566
330	448
330	575
331	343
331	1106
332	1426
332	1665
333	440
333	659
333	1389
333	1841
334	461
335	356
335	541
335	830
335	847
335	1657
336	568
336	1910
337	771
338	366
338	463
338	721
338	1253
338	1529
338	1757
338	1826
340	1582
341	692
341	978
341	992
343	375
343	447
343	458
343	1244
343	1303
343	1888
343	1923
344	454
345	664
345	783
345	924
345	1142
346	623
346	824
346	1620
347	508
347	1773
348	915
348	1008
348	1768
349	444
349	1118
349	1168
350	474
350	884
355	740
356	384
356	569
356	655
357	958
357	1016
357	1077
357	1339
357	1820
358	387
358	2000
359	486
359	556
359	739
359	1618
360	963
360	1758
361	431
361	434
361	625
361	1879
362	1423
362	1783
363	895
363	1451
363	1537
363	1780
364	1714
365	1000
366	559
366	1880
369	727
370	1336
370	1730
370	1998
371	400
371	551
371	604
371	1026
371	1749
372	1093
372	1122
373	1067
374	628
374	801
375	465
375	619
375	674
375	861
375	954
375	1364
375	1958
377	827
377	1103
377	1332
378	732
379	636
380	1365
381	479
382	1970
383	491
383	594
383	946
384	606
384	1050
385	490
385	503
385	714
385	790
385	1034
386	466
386	1376
386	1646
387	492
388	1953
389	1004
389	1582
390	455
390	592
390	612
390	632
390	1827
391	406
391	1011
392	701
392	995
392	1112
392	1470
392	1636
393	550
393	1294
393	1367
393	1397
394	476
394	714
394	984
397	624
400	801
400	908
400	1190
401	799
402	1324
402	1347
402	1914
403	1151
403	1850
404	733
404	760
405	540
405	697
405	1111
405	1187
405	1248
407	654
407	1602
407	1606
409	610
410	679
412	456
412	930
412	1293
413	545
413	556
413	1367
413	1695
414	507
414	760
414	1446
414	1608
415	1915
416	417
416	1031
417	1245
418	522
418	545
418	1046
418	1367
418	1513
418	1620
420	566
420	729
421	473
422	435
422	728
423	798
423	910
423	1403
424	460
424	658
424	1070
425	1169
426	677
426	938
426	1224
426	1847
427	1349
427	1654
428	719
428	752
428	1383
429	437
429	663
429	790
429	1098
429	1854
430	503
431	465
432	840
432	1053
433	1991
434	899
436	932
437	1185
438	1720
440	680
440	741
440	1153
440	1490
440	1756
441	1081
441	1560
441	1818
443	554
443	688
443	869
443	997
443	1904
445	1338
446	1707
447	487
447	567
447	677
447	810
447	1018
448	1498
449	519
449	1809
450	672
450	1079
451	613
452	627
453	817
453	1480
454	599
454	740
455	498
455	805
456	736
456	1315
457	1404
458	1640
459	746
459	763
461	1422
464	712
464	1839
465	488
465	584
465	659
465	971
466	533
466	1003
466	1479
466	1805
467	489
467	1048
467	1658
468	570
468	766
468	918
468	1155
469	583
469	837
470	505
471	966
471	1247
472	757
473	1071
473	1166
474	1555
474	1677
475	480
475	618
475	640
475	862
476	549
477	495
477	1436
477	1519
477	1562
478	1609
479	1744
479	1907
482	629
483	510
483	561
483	1660
485	1857
486	587
486	590
486	1806
487	784
487	1925
488	500
488	649
488	696
488	714
488	1162
489	574
489	754
489	955
489	1617
490	672
490	959
490	1585
490	1790
491	1372
492	1954
493	1750
494	1042
495	861
495	917
495	1558
495	1733
495	1855
497	919
497	923
497	951
498	891
498	1130
498	1633
500	1741
501	836
501	1747
501	1835
503	819
503	833
503	1047
504	614
504	1141
505	596
505	1137
505	1569
506	651
506	1006
506	1340
507	1342
508	1979
510	544
510	666
511	597
511	1419
512	1951
513	989
514	1180
515	1300
516	1561
517	825
518	1161
518	1214
519	1226
519	1760
519	1791
520	1771
521	605
521	934
521	1128
521	1256
521	1750
521	1913
522	849
523	954
525	1328
525	1393
526	925
526	1698
527	532
527	1060
529	853
529	1460
530	794
530	1618
530	1801
531	542
531	1943
532	636
532	853
533	598
533	982
533	1019
538	650
538	899
539	568
539	573
539	744
539	876
540	1103
540	1229
540	1531
541	605
541	738
541	1050
541	1132
541	1836
542	874
543	1322
544	1090
545	1360
546	1065
546	1904
547	560
547	1164
548	663
549	668
550	1220
551	867
551	1057
551	1796
552	723
552	892
553	816
555	924
556	564
556	1075
556	1373
557	843
557	1024
557	1486
557	1830
558	1462
559	620
560	790
562	1034
562	1448
565	897
566	826
566	877
566	1177
566	1445
566	1834
567	611
567	744
567	1144
568	916
568	931
568	1651
568	1865
570	776
570	866
570	981
570	1887
571	972
571	1127
571	1327
572	635
573	740
573	1267
573	1313
574	1072
576	902
576	1752
577	1073
577	1612
578	850
579	888
580	678
580	693
580	863
580	1781
581	975
581	1483
582	1229
583	976
584	675
584	1386
585	870
585	1094
585	1159
586	1128
587	1036
587	1280
587	1550
587	1613
587	1617
588	1221
589	685
589	1291
590	764
591	711
591	1385
592	682
592	1135
592	1220
592	1776
594	623
594	1869
595	1761
597	785
597	1817
598	1396
598	1601
598	1754
600	894
600	1275
601	1759
602	1942
603	754
603	860
604	795
604	894
604	908
604	1467
605	656
605	1326
605	1394
606	1625
610	701
610	726
610	748
610	1259
612	1152
612	1391
614	705
615	701
615	1252
615	1441
616	1090
616	1140
616	1692
617	783
617	795
617	1167
618	1460
618	1520
618	1805
619	1556
620	676
620	1521
621	684
622	740
622	749
622	1488
623	1210
624	645
624	1083
625	653
625	855
625	1472
625	1994
628	1173
629	883
630	804
630	1061
630	1514
631	1174
632	789
634	793
635	1674
635	1736
637	886
638	1182
639	1193
639	1357
639	1779
640	708
640	991
640	1010
643	1400
643	1947
644	687
645	970
646	951
647	682
647	1319
647	1477
647	1583
647	1940
648	1141
648	1360
648	1614
650	781
650	1745
650	1983
651	1945
652	1690
653	929
653	1038
653	1601
653	1724
654	868
654	1231
655	722
655	861
656	809
656	942
658	894
659	1100
659	1107
659	1438
659	1685
661	1125
662	865
664	1449
664	1823
665	718
666	957
668	1628
669	1401
669	1632
671	1565
672	737
672	1334
672	1419
672	1707
672	1948
672	1980
673	834
673	1134
673	1595
674	1070
674	1199
674	1208
677	920
677	1660
677	1681
678	879
678	1459
680	943
680	1237
681	944
682	1028
682	1571
682	1816
684	1170
686	748
687	796
687	1002
688	695
688	1607
688	1907
689	1030
690	769
690	780
690	913
690	1022
690	1894
691	894
693	803
693	935
693	1009
693	1041
693	1213
693	1299
693	1699
695	976
696	1236
697	928
697	1284
697	1289
698	1170
699	967
700	1411
702	1149
703	907
703	1969
704	1409
705	1592
707	751
708	709
708	936
709	1765
710	1335
711	1743
712	1078
712	1398
713	1105
713	1388
713	1685
713	1706
714	790
714	798
714	1337
715	820
715	1249
716	1169
716	1966
718	731
718	887
718	1039
718	1553
721	1696
723	1274
724	1321
725	1263
726	1651
728	858
728	921
728	1356
729	1872
730	950
733	1079
733	1080
733	1540
734	1231
734	1282
735	1643
736	1394
737	1345
737	1639
737	1935
738	777
739	1097
739	1234
740	873
740	1008
740	1102
740	1641
740	1824
741	1447
743	940
743	1308
744	792
744	998
744	1907
745	1055
745	1175
745	1885
746	1408
746	1428
746	1802
747	1490
747	1515
750	807
751	782
751	861
751	1505
751	1793
754	872
755	1862
756	1054
758	977
758	1963
759	1574
760	1884
761	999
761	1937
762	1013
763	1183
763	1941
765	949
766	1956
768	1973
770	882
770	1679
771	1081
771	1260
773	1325
773	1475
773	1848
774	1343
775	779
775	1442
775	1474
776	1763
778	900
778	964
778	1798
779	1215
779	1433
781	1384
783	879
783	993
783	1262
785	1629
788	880
788	1546
788	1579
788	1938
789	1529
789	1637
790	1283
792	1615
793	1076
793	1829
794	1116
794	1611
795	1427
795	1866
796	926
796	1464
798	926
798	1803
799	1695
800	1214
801	1061
802	1153
803	977
803	1708
804	1044
806	1196
806	1304
806	1311
811	1259
813	1669
814	856
814	1037
815	1755
817	1023
817	1198
817	1207
819	980
819	1995
820	946
822	864
823	1042
823	1150
823	1156
823	1346
824	1880
825	1020
825	1780
828	1323
829	1677
831	863
831	1157
831	1211
834	1305
835	838
835	1229
835	1821
836	983
838	1567
840	1186
840	1910
842	1160
842	1682
844	1952
845	1718
847	968
848	1510
852	929
852	1374
853	1232
853	1288
854	929
854	1550
855	943
856	1178
856	1195
856	1290
857	1538
858	1916
858	1994
860	956
861	945
862	886
866	1089
867	1001
867	1555
868	1050
868	1329
868	1989
870	898
870	1102
870	1109
872	985
872	1205
873	1276
874	1982
875	1519
876	1052
878	901
879	905
879	907
881	1110
883	1203
884	1118
885	1084
885	1222
886	1593
886	1691
887	1361
888	1261
890	1380
890	1912
891	1542
893	1189
894	1619
894	1776
895	948
895	1204
895	1236
897	1471
899	1129
899	1633
901	990
903	1279
903	1509
903	1959
904	1444
905	969
905	1051
905	1076
906	958
906	1252
907	1096
907	1500
910	1034
910	1287
910	1306
910	1346
914	953
914	1143
914	1239
914	1728
916	1481
917	1297
924	1070
924	1594
924	1637
929	1148
929	1487
931	1061
931	1979
933	1450
935	1016
935	1197
935	1429
936	1443
937	962
937	1348
938	972
938	1746
939	1201
939	1476
940	1617
940	1892
941	1580
941	1661
943	1314
944	1296
946	1408
946	1535
946	1846
946	1899
947	1377
948	1032
948	1082
948	1120
951	1700
951	1768
951	1999
953	1046
953	1634
957	1867
958	1092
958	1505
958	1960
959	985
959	1027
959	1479
959	1522
959	1615
960	1028
962	1007
964	1108
964	1479
966	1128
967	1432
967	1807
969	1362
970	1317
971	1843
972	1876
976	1210
977	1514
977	1644
980	1637
981	1536
981	1993
984	1860
986	1232
988	1062
988	1292
989	1227
990	1099
991	1543
994	1452
996	1113
997	1739
1000	1148
1001	1012
1001	1383
1002	1138
1002	1194
1004	1493
1005	1099
1005	1122
1007	1823
1009	1737
1010	1254
1010	1311
1011	1481
1015	1141
1016	1350
1016	1790
1017	1069
1017	1228
1017	1744
1018	1449
1019	1326
1019	1800
1020	1056
1020	1191
1020	1658
1021	1735
1022	1134
1023	1715
1024	1455
1028	1481
1030	1723
1031	1237
1032	1066
1033	1448
1033	1605
1033	1621
1034	1283
1037	1310
1037	1370
1041	1042
1041	1171
1042	1516
1043	1102
1045	1255
1045	1503
1046	1314
1046	1688
1049	1230
1049	1261
1049	1800
1050	1377
1050	1712
1052	1218
1052	1421
1057	1882
1061	1558
1061	1696
1063	1728
1065	1269
1065	1924
1066	1295
1066	1358
1067	1202
1067	1883
1068	1233
1070	1146
1070	1390
1073	1601
1073	1769
1075	1563
1078	1216
1078	1764
1078	1770
1081	1115
1081	1379
1081	1732
1081	1961
1082	1179
1083	1178
1087	1887
1090	1384
1090	1453
1091	1128
1092	1992
1093	1931
1094	1454
1095	1353
1095	1587
1098	1704
1099	1663
1100	1933
1101	1297
1102	1119
1102	1675
1103	1465
1103	1961
1106	1286
1106	1318
1107	1410
1107	1684
1107	1895
1110	1576
1111	1254
1112	1392
1113	1366
1113	1434
1114	1352
1118	1153
1120	1333
1122	1474
1124	1602
1125	1297
1125	1398
1128	1357
1128	1425
1130	1645
1132	1240
1132	1548
1132	1838
1134	1285
1136	1478
1137	1919
1138	1163
1139	1994
1140	1309
1141	1414
1141	1813
1143	1439
1143	1507
1143	1741
1144	1497
1144	1577
1146	1638
1146	1932
1150	1722
1151	1728
1151	1964
1152	1856
1153	1375
1153	1512
1155	1763
1156	1264
1156	1955
1157	1502
1158	1213
1160	1355
1162	1584
1162	1738
1164	1218
1164	1647
1164	1962
1165	1212
1173	1812
1174	1458
1175	1859
1176	1712
1179	1457
1179	1598
1181	1616
1183	1258
1183	1431
1183	1822
1185	1316
1185	1395
1186	1495
1186	1709
1187	1258
1188	1230
1189	1190
1190	1252
1190	1492
1191	1461
1191	1526
1192	1800
1197	1642
1197	1804
1198	1258
1198	1314
1201	1785
1201	1968
1202	1243
1204	1378
1206	1972
1208	1344
1208	1878
1209	1217
1210	1906
1212	1491
1213	1256
1214	1509
1214	1575
1214	1583
1216	1364
1217	1412
1218	1362
1219	1425
1220	1901
1223	1474
1224	1251
1224	1473
1225	1966
1226	1918
1227	1249
1229	1753
1229	1924
1230	1786
1234	1301
1234	1751
1237	1298
1237	1697
1237	1856
1238	1966
1241	1448
1242	1504
1242	1775
1246	1811
1248	1424
1250	1341
1252	1281
1252	1601
1252	1603
1252	1762
1252	1866
1252	1886
1254	1296
1254	1719
1255	1742
1256	1541
1258	1525
1261	1485
1262	1430
1265	1320
1265	1474
1265	1540
1266	1570
1266	1873
1267	1727
1271	1311
1271	1636
1273	1946
1275	1705
1278	1550
1279	1354
1279	1719
1280	1784
1282	1800
1286	1845
1288	1652
1289	1789
1290	1539
1291	1649
1293	1801
1294	1573
1295	1497
1296	1751
1297	1360
1297	1864
1298	1629
1301	1630
1302	1772
1302	1889
1303	1667
1303	1834
1304	1604
1306	1590
1308	1840
1309	1572
1309	1659
1313	1405
1314	1516
1314	1935
1318	1371
1320	1508
1322	1378
1323	1922
1326	1711
1327	1773
1331	1923
1333	1553
1333	1703
1335	1414
1337	1389
1339	1392
1346	1761
1347	1362
1347	1440
1347	1825
1348	1927
1349	1463
1349	1933
1350	1484
1351	1717
1351	1845
1354	1381
1356	1591
1357	1843
1358	1803
1362	1524
1367	1913
1371	1527
1373	1523
1373	1794
1374	1392
1374	1547
1377	1770
1379	1694
1384	1493
1385	1530
1386	1544
1387	1402
1391	1466
1392	1423
1396	1456
1397	1671
1397	1868
1398	1469
1398	1541
1398	1892
1403	1629
1404	1734
1404	1797
1406	1610
1407	1663
1416	1558
1420	1600
1421	1468
1423	1656
1424	1707
1424	1746
1428	1885
1432	1527
1432	1697
1432	1741
1435	1788
1436	1965
1445	1632
1448	1479
1448	1693
1448	1870
1455	1499
1455	1652
1460	1819
1461	1489
1461	1559
1466	1666
1466	1838
1466	1871
1470	1843
1471	1874
1474	1536
1474	1545
1483	1678
1483	1866
1489	1881
1490	1497
1491	1904
1494	1766
1497	1626
1498	1721
1499	1816
1501	1506
1507	1975
1513	1832
1518	1558
1518	1716
1521	1662
1526	1586
1526	1597
1528	1909
1533	1935
1535	1806
1536	1843
1538	1760
1541	1930
1551	1713
1553	1861
1555	1565
1555	1685
1565	1844
1566	1670
1569	1729
1581	1767
1582	1908
1583	1680
1583	1789
1584	1765
1590	1653
1594	1863
1596	1903
1599	1808
1601	1936
1604	1686
1607	1648
1609	1939
1618	1662
1625	1651
1633	1977
1635	1672
1636	1795
1637	1821
1637	1840
1651	1831
1653	1849
1659	1697
1660	1914
1664	1687
1664	1701
1665	1942
1672	1758
1673	1725
1681	1777
1683	1893
1694	1799
1696	1746
1707	1801
1710	1757
1711	1761
1711	1900
1720	1853
1724	1760
1724	1869
1741	1896
1744	1921
1747	1851
1749	1986
1751	1974
1760	1935
1762	1778
1765	1781
1780	1815
1804	1921
1811	1854
1814	1929
1815	1901
1824	1902
1827	1953
1839	1890
1839	1997
1846	1930
1851	1971
1855	1988
1856	1978
1857	1920
1858	1957
1869	1944
1879	1880
1885	1932
1893	1967
1956	2000
