1	2
1	3
1	4
1	5
1	6
1	10
1	29
1	35
1	50
1	77
1	79
1	140
1	189
1	320
1	383
1	495
1	791
1	864
1	1148
1	1586
1	1618
2	3
2	4
2	5
2	8
2	10
2	11
2	34
2	75
2	178
2	188
2	194
2	195
2	210
2	286
2	326
2	379
2	461
2	516
2	697
2	730
3	4
3	5
3	8
3	30
3	340
3	345
3	386
3	392
3	727
3	880
3	1075
3	1516
3	1620
4	5
4	11
4	14
4	21
4	29
4	84
4	91
4	100
4	154
4	274
4	317
4	442
4	614
4	881
4	1081
4	1512
4	1615
4	1924
5	7
5	8
5	9
5	26
5	75
5	79
5	104
5	166
5	442
5	524
5	564
5	583
5	845
5	1655
5	1700
6	12
6	21
6	350
6	582
6	1011
7	10
7	19
7	36
7	44
7	55
7	71
7	89
7	100
7	425
7	857
8	10
8	18
8	25
8	32
8	33
8	46
8	58
8	303
8	586
8	595
8	713
8	1033
8	1524
9	24
9	42
9	78
9	85
9	163
9	224
9	729
9	1998
10	15
10	20
10	27
10	31
10	87
10	230
10	294
10	572
10	1381
10	1717
11	13
11	19
11	23
11	62
11	157
11	174
11	395
11	440
11	912
11	1381
11	1603
12	46
12	114
12	465
12	651
12	1541
13	160
13	163
14	16
14	22
14	55
14	64
14	102
14	209
14	281
14	1073
14	1539
15	67
15	111
15	173
15	433
15	808
15	1849
16	17
16	28
16	47
16	61
16	279
16	344
17	40
17	571
17	1087
18	37
18	43
18	67
18	339
19	845
19	1076
19	1498
20	38
20	316
20	827
20	1509
21	51
21	78
21	94
21	135
21	426
21	839
21	1227
21	1329
21	1592
21	1728
22	462
23	40
23	49
23	370
23	394
24	407
24	847
25	60
25	69
25	115
25	522
26	45
26	314
27	81
27	106
27	142
27	169
27	172
27	299
27	765
28	155
28	273
28	345
28	539
28	541
28	784
28	1988
29	171
29	256
29	258
29	499
29	690
29	1400
30	39
30	65
31	139
31	200
31	233
31	449
32	73
32	165
32	168
32	199
32	275
32	336
32	451
32	1249
33	54
33	72
33	110
33	283
34	65
34	213
34	520
34	646
35	96
35	302
35	1204
36	38
36	57
36	133
36	452
37	40
37	53
37	63
37	80
37	113
37	117
37	190
37	650
37	824
37	1646
38	41
38	48
38	52
38	92
38	228
38	268
38	1393
39	79
39	124
39	485
39	778
39	878
39	1888
40	51
40	56
40	62
40	66
40	78
40	93
40	94
40	193
40	233
40	609
41	169
41	175
41	271
41	528
42	107
42	581
42	1495
42	1733
43	50
43	435
43	1094
44	249
44	488
44	1139
44	1637
45	136
45	141
45	225
45	241
46	66
46	400
46	489
46	688
46	1004
47	169
47	214
47	636
48	236
48	811
48	947
49	191
49	375
49	639
49	1852
50	101
50	104
51	90
51	203
51	240
51	368
51	410
51	510
51	604
51	871
51	1380
51	1550
52	170
52	292
52	306
52	744
52	801
53	1409
54	113
54	122
54	639
55	129
55	287
55	864
55	1830
56	59
56	109
57	97
57	265
57	390
57	976
58	99
58	112
58	185
58	285
58	327
58	494
58	655
58	936
59	673
60	68
60	95
60	110
60	420
60	1147
60	1150
61	152
61	438
61	565
61	838
61	1786
62	84
62	125
62	143
62	159
62	211
62	252
62	413
62	1977
63	246
63	1711
64	138
64	312
64	361
64	495
64	940
65	108
65	119
65	600
66	86
66	100
66	145
66	149
66	1130
66	1596
66	1999
67	73
67	94
67	98
67	201
67	272
67	345
67	1139
68	74
68	1858
69	70
69	274
69	384
69	551
70	121
70	181
70	661
70	809
71	156
71	1474
72	81
72	82
72	126
72	131
72	538
72	1362
73	95
73	113
73	232
73	237
73	408
73	656
73	747
73	1697
74	180
74	424
74	496
74	1546
75	76
75	108
75	164
75	738
76	620
76	886
77	1268
77	1502
78	106
78	258
78	293
78	787
78	799
78	1176
78	1677
79	106
79	145
79	229
79	238
79	254
79	345
79	490
79	704
79	1547
79	1837
79	1940
80	83
80	197
80	307
80	475
80	523
80	676
80	1358
80	1556
80	1768
81	128
81	260
81	634
81	1082
81	1656
81	1986
82	137
82	148
82	608
82	724
82	1039
83	153
83	295
84	88
84	574
84	614
84	686
84	775
84	1022
84	1631
85	179
85	202
85	448
85	1035
85	1360
85	1987
86	134
86	176
86	619
86	997
86	1391
86	1860
87	103
87	208
87	406
87	434
88	910
89	812
89	1288
89	1418
90	138
90	239
90	631
90	882
92	290
92	708
93	118
93	1225
94	105
94	120
94	151
94	387
94	552
94	781
94	1674
94	1817
95	192
95	912
95	1179
95	1593
96	656
96	938
96	1569
97	198
97	202
97	204
97	397
97	815
97	1796
98	116
98	491
98	544
98	1374
99	167
99	245
99	605
99	833
99	1324
100	109
100	149
100	193
100	255
100	337
100	353
100	366
100	774
100	1952
101	140
101	146
101	401
101	484
101	923
102	315
103	513
104	123
104	418
104	1729
105	248
105	624
105	822
105	1855
106	130
106	266
106	357
106	716
106	1066
107	167
107	183
107	202
107	419
107	941
107	1035
107	1165
107	1821
108	207
108	332
108	354
108	378
108	404
108	450
108	494
108	627
108	708
109	231
109	318
109	398
109	495
109	629
109	808
109	940
109	1990
110	144
110	182
110	244
110	1811
110	1842
110	1875
111	178
111	478
112	183
112	479
113	223
113	736
113	760
113	876
113	1033
113	1384
114	147
114	211
114	264
114	356
114	481
114	687
114	1693
114	1697
115	486
115	873
115	881
115	1533
116	161
116	1077
116	1805
117	473
118	127
118	158
118	222
118	1197
119	132
120	1861
121	219
121	654
122	124
122	417
123	257
123	272
123	602
123	1305
123	1475
123	1787
124	669
124	822
124	1731
125	959
125	1126
125	1569
125	1822
125	1860
126	245
126	700
127	243
127	349
127	474
127	507
127	531
127	1276
127	1451
128	217
128	1241
128	1742
129	1193
130	660
130	692
130	949
131	300
131	1625
131	1775
132	418
132	689
132	1280
133	208
133	1153
134	177
135	221
135	1508
135	1979
136	188
136	205
136	262
136	855
136	1493
137	220
137	702
137	761
137	1187
137	1327
138	186
138	324
139	393
139	611
140	359
141	216
141	259
141	548
142	162
142	203
142	319
142	783
142	1839
143	150
143	417
143	418
143	1322
143	1705
143	1926
145	242
145	309
145	351
146	335
147	357
147	645
147	1495
148	206
148	525
148	734
148	831
148	1608
149	461
149	770
150	201
150	362
150	1028
150	1269
151	331
151	352
151	984
152	269
152	400
152	853
152	930
152	1491
153	334
153	746
154	706
155	247
155	649
155	764
156	797
156	1771
157	294
157	477
157	694
157	932
159	216
159	277
159	470
159	546
160	367
160	875
160	1106
161	267
161	601
162	282
162	1136
162	1460
163	371
163	446
163	591
163	649
163	699
163	1859
164	332
164	431
165	223
165	428
165	1158
165	1678
167	231
167	547
167	1235
168	1025
168	1231
168	1984
169	373
169	407
169	482
169	730
170	218
170	509
170	1164
170	1437
172	298
173	1010
174	196
174	964
175	991
175	1654
175	1663
176	197
176	751
176	960
176	1751
176	1982
177	1549
178	184
178	207
178	799
179	187
179	755
179	901
181	361
181	378
181	1717
181	1820
181	1856
182	212
182	514
182	518
182	913
183	234
183	472
183	1376
183	1962
184	344
185	377
185	1149
185	1388
188	376
188	441
188	583
188	1010
188	1681
189	1755
190	251
190	270
191	619
191	870
192	264
192	291
192	349
192	566
192	1102
192	1353
193	215
193	306
193	358
193	424
193	622
193	996
193	1412
194	248
194	318
194	527
194	1363
194	1579
195	251
195	658
196	528
196	1046
197	633
197	951
197	1962
198	410
198	437
198	464
198	962
199	363
199	1190
199	1737
200	371
200	628
200	851
201	389
201	576
202	328
202	538
202	592
202	832
202	1498
202	1964
203	226
203	308
203	318
203	378
203	396
203	462
203	702
203	1085
203	1668
204	338
204	1440
205	1504
206	227
206	972
206	1741
207	263
208	520
208	521
208	969
209	1072
210	276
210	405
211	235
211	273
211	355
211	737
212	1157
212	1715
212	1907
213	750
214	955
214	1404
215	467
215	493
215	644
215	1012
215	1105
215	1616
216	369
216	562
216	804
216	1029
216	1634
217	297
217	432
217	568
217	796
217	1267
217	1542
217	1544
220	273
220	346
220	370
220	1264
221	1013
222	322
222	747
222	1128
223	333
223	1628
225	301
225	573
225	986
225	1768
225	1932
225	1951
226	1505
226	1636
227	242
227	360
228	250
229	662
229	863
230	584
230	846
231	471
232	381
232	422
233	289
233	310
233	612
234	688
234	1387
235	723
235	779
236	382
236	672
237	456
237	515
237	735
237	1151
238	836
238	1033
238	1321
239	707
239	988
240	540
241	251
242	313
242	953
242	1723
242	1822
244	387
245	253
245	1077
247	700
247	1589
248	630
248	1548
249	261
249	377
250	717
251	256
251	735
251	737
251	854
251	1652
252	278
252	305
252	374
252	1080
253	993
254	320
254	347
254	534
254	905
254	1347
254	1617
254	1853
255	919
256	939
256	997
256	1235
257	380
257	535
257	637
257	1054
258	284
258	378
258	388
258	441
258	622
258	747
258	1427
259	323
259	1120
259	1920
260	311
260	927
262	506
262	900
263	505
263	552
263	690
263	1318
263	1325
263	1896
264	412
264	524
265	280
265	1161
266	1164
267	321
267	334
268	474
270	1670
272	429
272	904
272	965
272	1253
272	1377
273	390
273	467
273	586
274	358
274	945
274	1302
275	790
275	1040
276	409
276	1002
277	325
278	1328
279	835
279	883
279	907
279	1236
280	288
280	341
280	1522
281	312
281	1586
282	330
282	529
282	681
282	906
283	392
283	416
283	1584
284	423
285	354
285	503
285	1062
285	1645
285	1653
286	1032
286	1034
286	1386
286	1757
287	296
287	670
287	772
288	368
288	1177
289	414
289	593
289	693
289	1369
290	1223
292	304
292	421
292	1171
293	333
293	364
293	1003
294	317
294	329
294	395
294	730
295	460
295	701
296	458
296	722
296	753
296	971
297	721
298	594
299	345
300	1266
301	403
301	543
301	897
301	957
302	370
302	567
302	1630
303	1083
303	1414
303	1720
304	1378
305	1180
306	328
306	1198
306	1650
307	602
307	970
307	1376
307	1780
308	326
308	1360
310	430
310	591
310	946
311	648
312	318
312	342
312	387
312	436
312	1061
312	1657
312	1678
313	743
313	978
313	1621
314	789
315	643
316	318
316	557
316	778
317	511
317	1847
317	1961
318	361
318	378
318	454
318	585
318	787
318	830
318	1447
318	1774
319	956
320	671
320	1390
321	377
321	1219
322	587
322	1832
322	1969
323	757
323	954
324	443
324	665
325	411
326	501
326	545
326	809
326	1135
327	753
327	1283
327	1459
328	555
328	788
328	999
328	1518
330	1154
330	1479
331	487
331	1057
331	1133
331	1840
332	445
332	771
333	427
333	739
333	1415
334	476
334	797
334	902
334	1777
335	598
336	578
336	683
337	606
337	1725
337	1958
338	459
338	517
338	709
338	748
339	436
339	492
340	343
340	1209
340	1377
341	415
341	599
341	849
342	370
342	1247
343	387
343	444
344	405
344	454
344	479
344	664
344	1434
345	356
345	569
345	607
345	656
345	668
345	731
345	798
345	889
345	1019
345	1413
345	1458
345	1815
346	348
346	455
346	483
347	929
347	1097
347	1343
349	391
349	842
349	969
349	1569
350	612
350	1727
350	1927
353	413
353	479
353	685
353	1068
354	388
354	519
354	753
356	1721
357	445
357	989
357	1037
358	577
358	682
358	829
359	402
359	1232
360	577
361	365
361	439
361	929
361	1180
361	1194
361	1618
362	1175
363	1088
363	1177
364	372
364	588
364	666
364	1006
365	1929
366	1000
366	1067
366	1208
366	1965
367	444
367	498
367	877
367	1127
368	1816
369	1818
370	586
370	780
370	855
370	1116
370	1208
370	1614
370	1756
371	410
371	590
371	705
371	711
374	1056
375	1039
375	1355
376	524
377	385
377	386
377	630
377	1942
378	399
378	419
378	459
378	466
378	564
378	1467
378	1829
379	1096
379	1934
380	1261
381	554
381	806
382	733
383	405
383	617
384	1129
384	1278
385	512
385	1181
385	1298
386	417
386	418
386	790
386	1162
387	813
387	817
387	1134
387	1555
387	1737
388	550
388	979
388	1240
389	419
389	457
389	561
389	998
389	1199
390	466
390	597
390	922
390	929
390	1172
392	907
393	418
393	469
393	537
393	1125
393	1215
394	447
394	855
395	444
395	569
395	1323
395	1486
395	1691
396	749
396	786
396	968
396	1001
396	1677
397	603
398	504
398	1281
398	1740
399	1573
401	893
402	553
404	464
404	1730
405	867
405	1016
406	542
406	635
406	980
407	533
407	732
407	1645
408	441
408	521
408	794
409	1091
409	1860
410	446
410	622
410	624
412	632
412	983
412	1883
412	1890
413	1021
415	1760
416	425
416	502
416	768
417	441
417	857
418	616
418	1064
418	1202
418	1912
419	560
419	691
419	916
419	1078
419	1652
419	1667
420	889
421	1943
422	480
422	921
422	1958
424	903
424	921
424	1043
424	1119
425	791
425	978
425	1114
425	1251
427	628
427	1837
427	1900
428	1552
430	1222
431	564
431	917
432	1207
432	1867
435	441
436	1561
437	881
438	468
438	985
439	984
440	1047
440	1074
441	536
441	955
441	1576
442	500
442	508
442	640
443	580
443	642
443	1071
443	1101
444	467
444	558
444	574
444	862
444	1442
444	1614
445	613
445	656
445	1053
445	1100
445	1886
446	746
446	757
446	861
449	615
449	701
449	1184
449	1893
450	453
450	1219
450	1810
451	626
451	718
451	1026
452	728
452	1194
452	1949
454	602
454	764
455	530
455	1070
455	1615
457	657
457	825
457	1284
458	1145
459	463
459	476
459	526
459	618
459	1658
460	498
460	713
460	1066
461	1444
461	1597
462	582
462	1092
462	1219
462	1296
464	933
464	1193
464	1698
465	645
465	1035
465	1079
465	1605
466	756
467	516
467	621
467	819
467	1181
467	1990
468	1098
468	1244
469	497
470	766
470	1152
471	1128
471	1144
473	498
473	536
473	1097
474	532
474	659
474	805
474	961
474	1181
474	1527
475	754
475	1828
476	909
477	1295
477	1788
479	817
481	549
481	663
481	1017
481	1848
482	1811
483	892
483	894
483	1559
484	1069
485	791
485	1368
485	1698
486	1407
487	647
487	1183
487	1963
488	1051
488	1680
489	562
489	956
489	1483
489	1791
490	589
491	559
491	653
492	1790
494	563
495	596
495	699
495	1048
496	501
496	684
496	1333
496	1480
496	1566
498	637
498	1050
498	1375
498	1685
499	1022
500	1122
501	570
501	775
501	966
502	680
502	1914
503	1457
503	1639
504	667
505	625
505	845
505	868
506	1331
506	1554
507	569
509	610
509	791
510	1257
510	1401
513	767
513	1229
513	1362
513	1618
514	556
514	1228
516	931
516	963
516	1824
517	1230
518	659
518	942
518	1795
519	852
519	1090
519	1854
520	617
520	858
520	1170
522	1205
522	1229
522	1260
523	894
523	1059
524	677
524	713
524	719
524	758
524	996
524	1048
525	579
526	545
526	1669
527	1211
527	1620
528	777
528	866
528	914
528	1476
529	1833
530	792
530	816
531	1663
532	946
532	1407
533	1274
534	620
534	874
536	981
537	1018
537	1660
538	849
538	1465
538	1564
539	1758
542	1218
543	696
543	814
544	1039
544	1063
546	621
546	1844
547	1058
549	1242
551	641
551	1055
551	1293
552	737
553	888
554	926
556	690
556	1620
559	1179
562	919
562	1024
562	1267
562	1492
563	1551
564	1354
564	1857
565	652
565	1192
565	1397
565	1591
565	1985
566	1531
566	1682
567	640
567	1464
567	1528
568	1529
569	1086
571	575
571	1045
572	1254
573	985
574	627
574	937
574	1044
574	1920
575	714
576	1030
576	1432
576	1515
577	718
577	1603
577	1716
578	674
578	1214
578	1761
578	1806
579	715
579	776
579	1271
580	607
580	979
580	1611
582	629
582	998
584	1803
585	1350
585	1526
586	697
586	712
586	757
586	839
586	1141
586	1891
586	1946
587	596
589	1812
590	743
590	889
590	1596
591	740
591	848
594	1666
594	1955
595	710
595	884
595	1301
596	1020
596	1581
599	1008
599	1166
599	1389
599	1770
600	1138
600	1371
600	1945
601	623
602	671
602	775
602	1179
602	1645
603	725
604	818
604	1219
605	695
605	1155
605	1668
605	1854
606	887
607	1936
609	1282
609	1928
610	805
611	1226
614	1182
614	1185
614	1472
616	993
620	1296
623	638
623	853
624	1655
625	689
625	1344
625	1929
626	1118
626	1212
627	991
627	1084
627	1086
627	1108
628	1538
629	1039
630	774
630	1167
631	1972
632	675
632	1712
633	1227
635	878
636	899
636	1627
637	803
637	1441
638	698
638	965
640	706
641	996
641	1435
642	678
643	1425
645	1336
645	1856
646	886
648	1104
648	1468
648	1835
649	809
650	1722
652	823
652	1768
653	726
653	752
653	818
653	934
654	703
654	1845
655	1220
656	659
656	682
656	973
657	876
658	720
659	1188
659	1414
659	1676
659	1843
659	1936
660	807
660	1899
661	859
661	1548
663	1881
665	679
666	837
668	1895
669	1005
670	1098
670	1287
670	1439
670	1707
675	1830
678	712
678	1075
678	1419
680	978
680	1651
680	1993
681	913
682	1221
682	1341
682	1793
682	1948
684	830
686	1595
687	845
687	908
687	1128
687	1252
688	710
688	1295
688	1772
689	1784
689	1847
690	713
690	726
690	745
690	782
690	804
690	895
690	915
690	924
690	1270
690	1298
690	1364
690	1406
690	1610
691	742
691	982
693	800
693	890
693	1009
693	1568
694	793
694	1147
695	762
696	773
696	1219
697	759
697	890
699	1191
699	1459
700	1310
700	1554
700	1723
700	1763
701	1399
702	1043
702	1086
702	1420
703	1866
705	752
706	788
706	839
707	1346
708	943
708	1262
710	1430
711	1196
713	1191
713	1252
713	1315
713	1423
713	1759
713	1855
713	1872
714	1163
715	826
715	834
715	1303
717	741
718	1077
718	1629
721	776
722	1358
723	1234
724	1352
725	1335
725	1775
726	840
727	802
727	1031
727	1222
727	1799
728	1736
730	1014
730	1078
731	828
731	1121
731	1762
732	1761
734	1370
735	780
735	1426
736	1317
736	1911
738	810
738	841
738	872
738	1560
739	987
741	1913
742	1332
742	1658
743	821
743	1297
744	1469
747	769
747	795
748	1310
749	958
750	763
750	1217
751	990
752	1734
753	785
754	915
756	1284
757	911
757	1742
758	1249
758	1520
759	798
761	820
761	992
762	1532
764	898
764	1921
765	778
766	856
768	1292
768	1695
768	1730
770	952
773	1688
774	1189
774	1672
774	1970
775	1387
776	1222
777	865
777	1306
777	1933
778	1123
778	1408
778	1484
778	1672
780	850
780	907
780	1365
780	1395
780	1575
782	1042
783	844
784	1380
784	1626
785	815
785	1973
787	1456
788	1699
788	1719
788	1748
789	1706
789	1846
790	817
790	977
790	1355
791	867
791	869
791	935
792	1112
793	896
794	950
795	1245
796	812
797	967
797	1449
797	1866
798	833
798	1698
799	1937
800	1336
800	1831
802	843
802	1111
802	1616
803	1256
804	879
804	926
805	1842
808	1109
808	1304
808	1766
809	1132
809	1339
812	994
815	1037
815	1398
815	1941
817	920
817	1786
818	1902
819	1764
820	860
820	977
824	1419
824	1485
828	1521
829	1084
829	1248
830	998
834	1258
836	1518
837	944
837	1041
838	996
838	1246
839	880
839	1255
840	932
840	996
842	1744
844	1188
844	1425
844	1470
845	961
845	1060
845	1309
845	1651
845	1747
845	1856
845	1857
846	1622
849	1060
849	1968
850	1013
853	1003
854	955
855	1355
856	1159
857	1131
857	1959
858	885
858	891
858	1160
859	1537
865	1265
867	870
867	1991
868	1576
868	1723
869	1665
870	916
871	891
871	974
871	975
874	1619
878	963
878	1022
882	1140
883	918
883	1342
883	1649
884	1450
886	1778
887	1273
887	1947
888	907
890	1141
890	1936
891	1095
893	1371
894	1015
894	1477
894	1922
895	948
896	925
896	1930
900	1438
900	1486
900	1582
901	1402
902	1607
903	1565
904	1108
906	1201
908	1563
911	1355
912	1912
913	928
913	1210
914	1136
915	1089
916	1334
916	1909
917	1070
917	1359
917	1609
917	1703
918	1186
918	1357
919	1308
919	1997
922	1335
922	1354
925	1338
926	1229
926	1511
927	1967
928	1809
929	1115
929	1117
929	1123
930	1308
933	1027
933	1422
934	1692
937	993
937	1743
938	1146
938	1279
939	1049
940	1612
943	944
944	1038
944	1173
944	1203
945	1099
946	1029
946	1509
948	1263
949	1113
949	1416
950	1038
950	1661
951	1514
952	1835
955	1007
958	1600
960	1461
962	1087
963	1065
965	1429
969	1356
969	1594
969	1840
970	1337
974	1290
974	1306
975	1239
975	1482
976	1938
977	1116
978	1086
978	1179
979	1092
980	995
981	1272
984	1036
985	1107
986	1033
986	1351
987	1124
987	1708
990	1259
990	1864
992	1206
993	1052
993	1110
993	1276
993	1570
994	1223
997	1147
998	1694
999	1524
999	1723
1000	1405
1000	1623
1002	1311
1004	1023
1005	1698
1006	1479
1008	1237
1013	1277
1013	1842
1014	1143
1016	1174
1017	1103
1017	1428
1018	1597
1020	1514
1021	1291
1022	1273
1023	1813
1026	1064
1026	1571
1029	1077
1032	1700
1032	1953
1033	1078
1033	1225
1033	1656
1034	1142
1034	1307
1035	1319
1040	1561
1041	1916
1042	1284
1042	1767
1043	1752
1047	1372
1047	1903
1048	1200
1048	1233
1049	1284
1049	1431
1049	1770
1049	1857
1050	1382
1051	1578
1053	1302
1056	1294
1056	1668
1058	1587
1063	1385
1065	1738
1065	1769
1068	1213
1070	1466
1071	1159
1074	1137
1075	1156
1075	1417
1077	1103
1077	1541
1077	1593
1078	1674
1082	1400
1083	1089
1083	1716
1084	1553
1085	1168
1085	1171
1085	1286
1085	1980
1086	1093
1086	1195
1090	1331
1091	1863
1092	1191
1093	1976
1097	1572
1097	1601
1098	1499
1098	1783
1100	1366
1101	1182
1103	1386
1105	1436
1106	1326
1107	1488
1108	1505
1109	1644
1112	1196
1115	1241
1115	1443
1115	1500
1116	1169
1120	1702
1121	1216
1122	1178
1123	1419
1127	1285
1128	1224
1130	1819
1131	1348
1131	1530
1133	1675
1135	1511
1135	1699
1135	1894
1136	1301
1137	1475
1138	1746
1139	1844
1139	1848
1139	1851
1140	1506
1141	1421
1141	1982
1142	1196
1142	1243
1143	1289
1144	1383
1144	1478
1144	1874
1144	1910
1145	1995
1146	1250
1147	1807
1147	1942
1148	1435
1151	1640
1153	1535
1159	1718
1161	1525
1161	1602
1163	1925
1167	1340
1168	1599
1170	1917
1171	1783
1174	1273
1177	1339
1178	1543
1178	1773
1179	1280
1179	1699
1180	1473
1180	1516
1180	1707
1182	1284
1182	1448
1182	1574
1183	1567
1184	1349
1185	1869
1188	1782
1189	1394
1189	1519
1191	1284
1194	1875
1195	1545
1196	1428
1196	1834
1199	1453
1199	1626
1202	1248
1202	1512
1203	1376
1209	1739
1210	1361
1210	1462
1211	1687
1213	1765
1213	1939
1215	1635
1216	1496
1218	1314
1219	1223
1219	1324
1219	1575
1222	1320
1222	1632
1222	1841
1224	1454
1225	1393
1227	1275
1229	1299
1229	1575
1237	1238
1237	1316
1238	1514
1238	1709
1239	1313
1240	1373
1240	1721
1241	1638
1241	1889
1244	1367
1244	1652
1247	1513
1247	1583
1248	1481
1248	1501
1248	1624
1249	1328
1249	1489
1249	1817
1252	1659
1252	1801
1253	1451
1257	1906
1258	1345
1258	1793
1261	1960
1264	1690
1265	1330
1266	1641
1269	1368
1269	1750
1272	1359
1273	1411
1273	1819
1278	1300
1280	1471
1281	1517
1284	1379
1284	1424
1284	1487
1287	1403
1288	1312
1288	1882
1290	1505
1290	1558
1292	1396
1292	1638
1292	1686
1296	1392
1296	1714
1297	1562
1301	1318
1302	1510
1303	1319
1303	1525
1305	1507
1308	1335
1310	1664
1313	1381
1314	1555
1315	1802
1316	1732
1317	1446
1318	1495
1319	1630
1319	1897
1319	1944
1322	1523
1323	1536
1327	1974
1329	1777
1329	1889
1331	1716
1332	1351
1332	1879
1334	1486
1335	1469
1335	1503
1335	1737
1339	1384
1339	1843
1340	1463
1340	1836
1342	1884
1343	1616
1344	1445
1344	1501
1345	1364
1348	1610
1350	1716
1351	1373
1351	1477
1352	1814
1353	1865
1355	1410
1355	1781
1357	1504
1357	1588
1357	1642
1358	1880
1360	1683
1361	1497
1361	1931
1362	1601
1363	2000
1371	1761
1371	1782
1373	1679
1379	1538
1379	1585
1386	1802
1390	1748
1393	1396
1394	1704
1395	1673
1397	1494
1399	1716
1399	1877
1400	1701
1403	1406
1403	1429
1403	1490
1405	1577
1407	1957
1408	1792
1408	1919
1409	1800
1411	1604
1417	1726
1417	1753
1418	1452
1419	1433
1419	1661
1421	1855
1428	1643
1429	1447
1432	1816
1438	1574
1439	1688
1439	1981
1441	1448
1442	1766
1443	1862
1446	1863
1448	1540
1449	1455
1454	1557
1458	1826
1459	1794
1460	1823
1462	1534
1466	1808
1468	1749
1469	1668
1469	1822
1472	1671
1475	1613
1475	1629
1481	1876
1482	1548
1482	1647
1486	1831
1489	1598
1491	1929
1492	1534
1501	1793
1504	1991
1518	1606
1519	1775
1519	1797
1520	1662
1530	1538
1531	1580
1533	1904
1534	1776
1542	1696
1544	1798
1549	1758
1555	1688
1555	1789
1557	1804
1569	1590
1570	1975
1572	1633
1572	1660
1576	1935
1579	1689
1583	1905
1590	1734
1593	1684
1593	1950
1595	1992
1597	1699
1607	1923
1614	1885
1614	1906
1617	1895
1618	1968
1620	1745
1629	1873
1629	1964
1632	1807
1633	1993
1635	1994
1637	1648
1638	1688
1638	1698
1639	1659
1639	1736
1641	1735
1645	1693
1653	1824
1655	1901
1657	1713
1660	1915
1666	1983
1668	1710
1668	1724
1668	1730
1679	1870
1694	1966
1698	1774
1702	1878
1704	1989
1707	1763
1707	1908
1709	1827
1711	1887
1717	1922
1718	1825
1718	1838
1719	1776
1728	1768
1728	1892
1731	1829
1733	1754
1740	1954
1753	1877
1762	1971
1769	1779
1770	1978
1772	1871
1772	1961
1782	1785
1790	1969
1792	1898
1793	1794
1794	1968
1799	1979
1812	1889
1829	1850
1833	1937
1851	1868
1868	1918
1885	1895
1893	1957
1944	1956
1980	1996
