1	2
1	3
1	4
1	5
1	6
1	7
1	11
1	19
1	20
1	62
1	77
1	99
1	150
1	201
1	660
1	860
1	1287
2	3
2	4
2	5
2	6
2	7
2	8
2	14
2	26
2	36
2	39
2	126
2	151
2	158
2	164
2	197
2	213
2	753
2	763
2	857
2	1149
2	1343
2	1710
3	4
3	5
3	6
3	7
3	8
3	9
3	15
3	35
3	41
3	53
3	72
3	152
3	180
3	191
3	242
3	474
3	505
3	1247
3	1396
4	5
4	6
4	7
4	10
4	71
4	172
4	355
4	515
4	1406
5	6
5	7
5	8
5	9
5	16
5	19
5	27
5	39
5	56
5	245
5	461
5	1459
5	1939
6	7
6	15
6	95
6	112
6	174
6	181
6	210
6	764
6	803
6	867
6	879
6	1580
7	12
7	21
7	42
7	71
7	100
7	127
7	315
7	1141
7	1176
8	29
8	33
8	37
8	45
8	107
8	190
8	204
8	231
8	270
8	532
8	771
8	790
8	870
8	1325
9	10
9	11
9	13
9	30
9	40
9	43
9	67
9	85
9	183
9	243
9	357
9	696
9	781
9	939
10	15
10	28
10	38
10	51
10	74
10	93
10	212
10	219
10	222
10	395
10	522
10	650
10	1553
11	12
11	13
11	34
11	42
11	57
11	62
11	121
11	133
11	135
11	429
11	499
11	657
11	872
12	16
12	17
12	23
12	25
12	30
12	31
12	45
12	97
12	137
12	168
12	366
12	458
12	496
12	553
12	1984
13	14
13	17
13	24
13	26
13	56
13	63
13	78
13	133
13	342
13	414
13	661
13	677
13	1017
13	1676
14	18
14	22
14	29
14	49
14	52
14	106
14	143
14	178
14	303
14	1193
14	1310
14	1486
14	1774
15	18
15	47
15	192
15	209
15	374
15	446
15	676
16	37
16	64
16	267
16	415
16	1047
17	24
17	25
17	35
17	36
17	62
17	253
17	372
17	773
17	1414
18	20
18	21
18	23
18	52
18	164
18	227
18	456
18	487
18	576
18	832
18	1401
18	1532
19	32
19	47
19	50
19	67
19	78
19	81
19	88
19	114
19	445
19	465
19	1093
19	1114
19	1341
20	22
20	46
20	59
20	83
20	159
20	329
20	397
20	787
20	1440
21	27
21	68
21	73
21	128
21	150
21	207
21	245
21	478
21	555
21	587
21	609
21	1038
21	1367
22	28
22	36
22	38
22	153
22	281
22	360
22	381
22	530
22	659
22	1097
22	1356
22	1794
23	48
23	57
23	65
23	68
23	212
23	449
23	889
23	1113
23	1170
23	1745
24	31
24	32
24	179
24	344
24	405
24	1381
24	1555
25	55
25	63
25	111
25	238
25	246
25	490
25	613
25	860
25	1284
25	1817
26	34
26	76
26	110
26	262
26	550
26	848
26	966
26	1350
26	1962
27	86
27	166
27	294
27	478
27	632
27	1118
27	1916
28	44
28	54
28	119
28	134
28	219
28	435
28	642
28	674
28	960
28	1660
29	33
29	121
29	174
29	436
29	923
29	1085
30	49
30	60
30	92
30	100
30	117
30	188
30	194
30	210
30	319
30	380
30	1429
31	54
31	66
31	69
31	142
31	173
31	239
31	719
31	729
31	773
31	1308
32	41
32	53
32	98
32	114
32	202
32	1516
32	1994
33	87
33	161
33	218
33	244
33	275
33	279
33	348
33	388
33	674
34	50
34	80
34	106
34	128
34	187
34	440
34	561
34	588
34	727
34	1169
34	1721
34	1932
35	40
35	51
35	61
35	73
35	92
35	109
35	173
35	288
35	290
35	465
35	738
35	1022
35	1049
35	1144
36	461
36	495
36	582
36	1946
37	48
37	55
37	58
37	81
37	244
37	271
37	285
37	309
38	46
38	80
38	94
38	118
38	148
38	151
38	256
38	384
38	586
38	631
38	1887
39	66
39	89
39	124
39	275
39	531
39	798
39	872
39	886
39	1736
39	1766
39	1870
40	103
40	144
40	165
40	214
40	250
40	257
40	364
40	630
40	750
40	818
40	1396
40	1541
41	44
41	72
41	86
41	167
41	220
41	289
41	803
41	1432
42	43
42	94
42	131
42	262
42	353
42	588
42	668
43	61
43	79
43	123
43	148
43	205
43	208
43	574
43	796
43	813
43	1188
43	1378
44	130
44	176
44	195
44	320
44	408
44	583
45	127
45	190
45	230
45	254
45	265
46	117
46	145
46	203
46	266
46	361
46	369
46	421
46	933
46	1173
46	1219
46	1560
47	75
47	653
48	105
48	113
48	147
48	1124
48	1278
49	59
49	64
49	70
49	200
49	205
49	234
49	274
49	410
49	1051
50	70
50	76
50	82
50	96
50	132
50	887
50	1414
51	71
51	136
51	139
51	376
51	836
51	1099
51	1882
52	111
52	138
52	199
52	207
52	291
52	740
53	82
53	91
53	292
53	332
53	719
53	1107
54	58
54	84
54	237
54	717
54	832
54	906
54	1253
55	223
55	380
55	453
55	690
55	788
56	62
56	77
56	154
56	411
56	529
56	680
56	1522
56	1605
57	60
57	108
57	122
57	131
57	177
57	348
57	368
57	749
58	77
58	140
58	172
58	231
58	275
58	354
58	602
58	786
59	65
59	101
59	273
59	537
59	748
59	772
59	796
59	837
60	98
60	163
60	237
60	307
60	366
60	416
60	1372
61	74
61	87
61	131
61	154
61	306
61	350
61	359
61	362
61	1010
61	1129
62	71
62	85
62	175
62	1577
62	1809
62	1957
63	152
63	264
63	442
63	1196
63	1260
63	1724
64	90
64	149
65	148
65	383
65	387
65	390
66	246
66	500
66	1388
67	102
67	332
67	1360
68	69
68	165
68	248
68	530
68	705
68	829
69	83
69	119
69	141
69	464
69	624
69	694
69	852
69	956
69	1231
69	1554
69	1701
69	1771
70	79
70	122
70	186
70	529
70	563
70	606
70	912
70	1299
70	1581
71	90
71	126
71	213
71	258
71	324
71	331
71	1392
71	1664
72	293
72	547
72	560
72	1350
72	1635
73	75
73	96
73	129
73	134
73	150
73	222
73	295
73	301
73	1660
74	169
74	197
74	573
74	802
74	902
74	1211
75	135
75	209
75	278
75	296
75	398
75	1070
76	107
76	156
76	196
76	259
76	1249
76	1351
76	1444
77	97
77	116
77	138
77	536
77	650
77	667
77	867
77	1129
77	1148
77	1273
78	253
78	558
78	601
79	170
79	177
79	241
79	273
79	930
79	1217
79	1318
79	1747
80	91
80	580
80	745
80	957
80	1355
80	1483
80	1647
81	120
81	205
81	249
81	270
81	691
81	791
81	858
81	1063
82	84
82	140
82	215
82	336
82	475
83	143
83	163
83	170
83	482
83	751
83	802
83	947
83	1476
83	1522
83	1770
84	89
84	110
84	112
84	393
84	412
84	1312
85	88
85	266
85	610
85	1258
86	113
86	155
86	299
86	510
86	1002
86	1183
87	89
87	904
87	1925
88	93
88	102
88	144
88	428
88	866
88	1413
88	1433
89	124
89	146
89	153
89	240
89	357
89	406
89	705
89	1291
90	99
90	105
90	228
90	323
90	335
90	350
90	427
90	661
90	1302
90	1493
91	95
91	108
91	157
91	491
91	761
92	302
92	439
92	591
92	769
92	1449
93	129
93	162
93	460
93	620
93	1639
94	103
94	109
94	120
94	181
94	505
94	715
94	961
95	148
95	160
95	472
95	494
95	539
95	560
95	572
95	1008
96	232
96	352
96	372
96	450
96	765
96	1907
97	104
97	176
97	187
97	211
97	404
97	503
97	725
97	821
97	1061
97	1318
98	202
98	240
98	274
98	280
98	281
98	616
98	917
98	996
98	1157
98	1238
98	1274
98	1631
98	1733
98	1866
99	105
99	125
99	139
99	184
99	379
99	516
99	527
99	680
99	916
99	919
99	1596
100	101
100	229
100	346
100	374
100	643
100	1142
101	104
101	175
101	503
101	1559
102	118
102	182
102	226
102	471
102	562
102	1064
102	1683
103	206
103	484
103	673
103	1007
103	1146
103	1206
103	1409
103	1678
104	116
104	142
104	198
104	341
104	480
104	1404
105	603
105	1031
105	1165
105	1709
105	1888
106	271
106	300
106	365
106	535
106	598
106	655
107	115
107	156
107	174
107	191
107	265
107	276
107	528
107	585
107	619
107	702
107	1763
107	1979
108	125
108	206
108	343
108	595
108	774
108	1097
108	1737
109	269
109	322
109	552
109	556
109	1140
109	1214
109	1556
109	1699
110	188
110	261
110	385
110	596
110	785
110	1015
111	115
111	367
111	722
111	881
111	1593
111	1753
112	353
112	404
112	417
112	682
113	136
113	236
113	329
113	389
113	601
113	869
113	1027
114	132
114	144
114	155
114	265
114	281
114	348
114	701
114	929
114	1324
114	1461
114	1607
114	1624
114	1861
115	249
115	305
115	336
115	622
115	1029
115	1254
115	1393
115	1930
115	1984
116	268
116	308
116	633
116	663
116	1167
117	433
117	711
117	724
117	861
117	1941
118	152
118	189
118	401
118	1054
119	123
119	304
119	763
119	820
119	1078
119	1357
119	1501
120	512
120	645
120	662
120	868
120	901
120	1167
120	1277
121	146
121	229
121	294
121	498
121	648
121	1054
121	1589
121	1961
122	130
122	141
122	305
122	388
122	510
122	775
122	979
122	1009
123	224
123	1383
123	1621
124	189
124	215
124	364
124	412
125	160
125	338
125	1019
125	1171
126	157
126	660
126	899
127	168
127	565
127	1139
127	1412
128	159
128	171
128	873
128	955
128	993
128	1008
128	1528
129	181
129	309
129	979
129	1265
130	137
130	180
130	840
130	1122
130	1123
130	1836
131	184
131	396
131	911
131	950
131	1125
131	1126
131	1324
131	1452
132	484
132	940
132	1014
132	1185
132	1191
133	310
133	334
133	591
133	598
133	978
133	1017
133	1106
134	298
134	1832
135	211
135	243
135	382
135	603
135	754
135	843
135	854
135	1034
135	1255
135	1271
135	1761
136	218
136	347
136	394
137	145
137	149
137	1088
137	1648
138	251
138	291
138	501
138	541
138	990
138	1226
139	217
139	251
139	720
139	1189
140	147
140	186
140	315
140	474
140	715
140	730
140	1368
140	1546
140	1756
141	158
141	216
141	364
141	471
141	536
141	612
141	746
141	1209
142	195
142	314
142	343
142	473
142	492
142	507
142	519
142	888
142	1106
142	1822
143	221
143	878
143	1060
143	1066
143	1374
143	1689
144	480
144	1601
145	221
145	224
145	1204
146	423
146	525
146	1847
147	931
147	1656
148	167
148	193
148	713
148	763
148	992
148	1180
148	1319
148	1595
149	171
149	419
149	731
149	825
149	887
149	1595
150	166
150	247
150	310
150	317
150	383
150	482
150	699
150	1595
151	303
151	963
151	1153
152	203
152	227
152	230
152	481
152	1044
152	1413
153	161
153	338
153	365
153	487
153	768
153	1479
154	206
154	254
154	258
154	370
154	523
154	1853
155	226
155	483
155	515
155	1369
155	1386
155	1989
156	162
156	204
156	375
156	394
156	477
156	490
156	567
156	1151
156	1930
157	483
157	508
157	639
157	1013
157	1087
157	1286
157	1448
157	1720
157	1809
158	183
158	217
158	738
158	804
158	1277
158	1772
159	252
159	452
159	479
159	522
159	575
159	948
159	1186
160	372
160	545
160	766
160	784
160	863
160	1323
160	1536
160	1954
161	198
161	223
161	1088
162	169
162	209
162	335
162	395
162	554
162	1359
162	1719
163	549
163	637
163	1612
163	1738
164	185
164	196
164	320
164	371
164	551
164	704
164	1624
165	182
165	292
165	441
165	455
165	898
165	1552
166	314
166	358
166	579
166	618
166	628
167	238
167	250
167	531
167	850
167	1171
168	185
169	178
169	438
169	1555
170	1045
170	1082
171	216
171	220
171	257
171	287
171	301
171	623
172	179
172	241
172	777
172	820
173	797
173	1088
173	1565
174	1051
174	1205
174	1326
174	1419
174	1566
175	193
175	1067
175	1256
175	1658
176	519
176	1221
177	575
177	1074
177	1531
178	255
179	256
179	322
179	407
179	411
180	192
180	407
180	458
180	1500
181	323
181	434
182	512
182	843
182	1081
183	321
183	1831
184	345
184	422
184	448
184	450
184	1085
184	1094
184	1211
184	1659
184	1823
184	1957
185	225
185	686
185	1203
186	194
186	272
186	333
186	564
186	809
187	201
187	502
187	605
188	199
188	200
188	228
188	233
188	249
188	356
188	635
188	741
189	229
189	346
189	770
189	806
190	208
190	263
190	342
190	639
190	741
190	855
190	1571
190	1825
191	386
191	390
191	495
191	672
191	1264
191	1530
191	1829
191	1902
192	393
192	643
192	678
192	1071
193	263
193	268
193	284
193	372
193	433
193	466
193	988
193	1215
194	234
194	247
194	282
194	286
194	297
194	596
194	892
194	910
194	1481
195	376
195	548
195	613
195	1197
195	1433
196	652
196	842
196	1059
197	316
197	737
197	1037
198	389
198	559
198	1407
198	1455
199	277
199	319
199	832
199	934
199	944
199	1014
200	527
200	1244
200	1610
201	444
201	1018
201	1375
202	235
202	378
202	506
202	638
202	811
202	1668
202	1674
203	497
203	744
203	1152
204	260
204	410
204	434
204	561
204	625
204	1348
205	236
205	424
205	443
205	823
205	968
205	1020
205	1189
205	1703
206	212
206	233
206	348
206	583
206	746
206	1296
207	279
207	556
207	592
207	605
207	826
207	1120
207	1210
207	1980
208	251
208	339
208	417
208	552
208	1058
208	1951
209	269
209	334
209	656
209	808
209	868
209	1521
209	1625
209	1863
210	232
210	239
210	283
210	522
210	859
210	1165
211	214
211	688
211	995
211	1111
212	225
212	684
212	744
212	1345
213	324
213	378
213	477
213	1057
213	1453
213	1950
214	248
214	846
214	1380
214	1981
215	424
215	770
215	1442
215	1623
216	316
216	839
216	999
216	1255
216	1435
217	255
217	349
217	447
217	735
217	835
217	1023
217	1103
217	1429
218	235
218	296
218	493
218	1866
219	327
220	261
220	328
220	409
220	825
221	259
221	260
221	289
221	312
221	337
221	691
221	1134
221	1284
222	300
222	771
222	1345
222	1445
222	1940
223	333
223	399
223	450
223	554
223	1408
224	451
224	1041
224	1385
225	876
225	1464
226	360
226	414
226	757
226	784
226	905
226	1131
227	288
227	511
227	560
227	945
227	1115
227	1169
227	1277
227	1787
228	246
228	351
228	469
228	1304
228	1593
229	330
229	538
229	777
230	252
230	331
230	1563
231	432
231	594
231	706
232	397
232	996
232	1105
232	1314
233	326
233	776
234	377
235	278
235	403
235	451
235	469
235	608
235	648
235	790
235	1394
235	1696
236	242
236	486
236	538
236	1147
236	1754
237	312
237	476
237	771
237	1769
238	325
238	352
238	573
238	1746
239	313
239	400
239	745
239	885
239	1056
239	1470
240	267
240	571
240	593
240	1290
241	326
241	405
241	893
241	1462
241	1636
242	361
242	441
242	566
242	1574
242	1869
243	459
243	580
243	806
243	1037
243	1268
243	1285
244	311
244	392
244	721
244	874
244	1074
244	1143
244	1792
245	344
245	681
245	1527
245	1953
246	1020
247	277
247	318
247	373
247	533
247	618
247	685
248	302
248	611
248	685
248	906
248	928
248	1034
248	1484
249	264
249	834
249	988
249	1187
250	304
250	420
250	1783
251	502
251	638
251	871
251	1874
252	1022
252	1790
253	272
253	299
253	363
253	1686
254	280
254	284
254	318
254	408
254	413
254	498
254	1898
255	577
255	978
255	1108
255	1389
255	1791
256	307
256	572
256	708
256	915
256	1079
256	1096
257	387
258	1212
259	285
259	287
259	425
259	621
259	1127
259	1920
260	349
260	586
260	721
260	1027
260	1806
261	399
261	615
261	684
262	339
262	651
262	918
262	943
262	1055
262	1359
262	1389
262	1981
263	726
263	903
263	908
263	1289
263	1641
263	1748
264	295
264	297
264	440
264	644
264	903
264	1762
264	1831
264	1899
265	306
265	379
265	465
265	509
265	840
265	1353
266	426
266	463
266	546
266	844
266	1259
266	1557
267	282
267	956
268	276
268	849
268	1188
268	1220
269	302
269	317
269	1498
269	1733
270	500
270	543
271	517
272	286
272	341
272	651
272	655
272	1506
272	1565
273	602
273	976
273	1044
274	283
274	367
274	368
274	401
274	993
274	1257
275	917
275	1076
276	430
276	807
276	1333
276	1539
276	1542
276	1972
277	523
277	723
277	1802
278	438
278	528
278	695
278	951
279	290
279	553
279	686
279	944
279	1346
279	1602
280	386
280	817
281	340
281	464
281	667
281	756
281	916
281	1051
282	336
282	416
282	608
283	354
283	751
283	998
283	1633
284	804
284	987
284	1235
284	1267
284	1773
284	1826
285	427
285	779
285	965
285	1799
286	396
286	594
286	595
286	1294
287	313
287	430
287	1454
288	1547
289	293
289	762
289	1333
290	1295
290	1342
291	302
291	308
291	1122
291	1742
292	516
292	1012
292	1537
293	336
293	356
294	435
294	467
294	489
294	542
294	740
294	1251
294	1938
295	677
295	681
296	298
296	459
296	477
296	535
296	748
296	1400
296	1643
296	1691
297	571
297	780
298	599
298	1618
299	465
299	470
299	873
300	321
300	420
300	658
300	1612
300	1746
300	1901
301	311
301	609
301	894
301	908
301	914
301	941
302	400
302	493
302	654
302	700
302	756
302	821
302	918
302	1141
302	1192
302	1576
302	1685
302	1924
303	330
303	526
303	575
303	921
303	1081
303	1084
303	1690
304	437
304	514
304	666
304	856
304	1230
304	1566
304	1704
305	398
305	423
306	870
306	1001
307	733
307	837
307	1024
307	1066
308	355
308	375
308	725
308	1267
309	517
309	534
309	1823
310	468
310	534
310	1225
311	578
311	651
311	892
311	1537
311	1731
311	1997
313	358
313	658
313	1163
313	1728
314	331
314	436
314	682
315	328
315	391
315	616
315	1145
316	646
316	899
316	1029
316	1156
316	1843
317	418
317	755
317	856
317	876
317	1046
317	1225
318	369
318	514
318	1240
318	1245
318	1757
318	1885
319	668
319	987
319	1190
319	1303
320	325
320	724
320	1352
321	337
321	432
321	735
322	340
322	1100
322	1910
323	728
323	982
324	345
324	351
324	649
324	684
324	812
324	1335
324	1613
325	448
325	508
325	1362
325	1860
326	327
326	359
326	994
327	886
327	1132
328	488
328	801
328	1085
329	371
329	565
329	1087
329	1341
329	1536
330	403
330	533
331	518
331	737
331	929
332	377
332	525
333	634
333	932
333	1051
333	1521
334	384
334	410
334	604
334	1008
334	1363
336	633
336	787
336	791
337	581
337	824
337	1011
338	570
339	456
340	463
340	481
340	1545
340	1547
341	437
341	507
341	793
341	1305
342	449
342	1708
342	1794
343	520
343	610
343	1270
344	363
344	382
344	1316
344	1451
344	1486
345	347
345	422
345	429
345	513
345	1209
346	1617
347	457
347	1133
347	1227
348	466
348	585
348	689
348	703
348	1075
348	1972
349	582
349	985
350	767
350	1102
351	1094
351	1177
351	1428
351	1649
352	1857
353	362
353	392
353	559
353	1525
354	406
354	462
354	679
354	914
354	1048
355	370
355	575
355	1349
356	671
356	942
357	418
357	925
357	1508
358	716
358	728
358	853
359	373
359	555
359	759
359	833
359	1137
359	1430
360	786
360	868
360	1437
360	1564
360	1784
361	391
361	854
361	1283
362	1326
364	470
364	718
364	1098
364	1151
365	568
365	581
365	622
365	1619
366	569
366	762
366	1205
366	1926
367	381
367	624
367	1105
367	1159
367	1508
367	1684
368	1872
369	455
369	518
369	617
369	1578
369	1832
370	676
370	951
371	590
371	1114
371	1289
372	431
372	494
372	759
372	824
373	521
373	1252
373	1278
373	1471
373	1991
374	861
374	1040
374	1477
375	402
375	460
375	932
375	1241
375	1447
375	1724
375	1830
376	488
376	1348
376	1667
377	385
377	631
377	778
377	871
378	1005
379	619
379	977
379	1210
380	413
380	452
380	462
380	513
380	1862
381	409
381	506
381	625
381	704
382	709
382	1182
382	1420
382	1518
383	542
383	700
383	1230
383	1616
383	1898
384	1544
384	1671
385	546
385	1697
385	1703
385	1808
385	1928
386	402
386	597
386	1371
387	1569
388	490
388	880
388	1021
388	1533
389	415
389	994
390	628
390	811
390	1156
392	579
392	670
392	736
392	1153
392	1894
393	814
393	830
394	629
394	1155
394	1280
394	1644
394	1789
395	439
395	447
396	781
396	910
397	426
397	752
397	981
397	1596
397	1662
398	1759
398	1907
398	1934
399	504
399	640
399	863
399	1344
400	730
400	975
400	1797
401	1549
401	1952
402	421
402	642
402	1032
403	557
403	1646
404	472
404	621
404	1650
406	911
406	1851
407	654
407	924
407	1523
407	1825
407	1850
408	716
408	760
408	1677
409	425
409	563
409	584
409	1332
410	468
410	587
410	708
411	962
411	1243
411	1445
412	490
412	551
412	646
412	706
412	843
412	1509
412	1550
413	442
413	614
414	936
414	972
414	1004
414	1679
415	446
416	485
416	540
416	652
416	897
416	980
417	419
417	1295
418	431
418	526
418	662
418	874
418	999
418	1792
418	1929
419	520
420	1313
420	1529
420	1780
421	486
421	492
421	669
421	757
421	789
421	1003
422	428
422	467
422	683
422	1093
422	1833
423	524
423	919
423	975
424	491
424	1580
425	600
425	1432
425	1680
426	1089
426	1197
426	1329
426	1568
426	1906
427	558
428	636
428	647
428	838
428	846
428	1454
428	1904
429	445
429	453
429	502
429	590
429	1646
430	454
430	675
430	712
430	1253
430	1747
431	753
431	1300
431	1518
432	1095
432	1534
433	548
434	664
434	798
434	1214
434	1584
435	444
435	454
435	570
435	900
435	1299
435	1463
435	1466
435	1753
436	702
437	475
437	1065
437	1140
437	1142
437	1277
438	564
439	443
439	1600
440	694
440	1503
440	1567
440	1795
441	524
441	566
441	1752
442	469
442	1755
442	1772
443	489
443	504
443	511
443	521
443	1220
444	634
444	1291
444	1748
444	1779
445	544
445	864
445	953
446	617
446	800
446	1419
446	1610
446	1656
447	568
447	958
447	1013
447	1339
448	808
448	1001
448	1168
448	1545
448	1781
449	841
449	1983
450	476
450	1436
450	1819
451	1086
451	1652
452	1765
453	766
453	1269
454	457
454	501
454	591
454	599
454	1041
454	1955
456	496
456	893
457	460
457	584
457	867
457	1556
458	557
458	1366
459	1187
459	1460
460	857
460	1212
461	627
461	949
461	1006
462	473
462	550
462	1025
462	1398
463	479
463	822
463	836
463	1886
464	607
464	1321
464	1504
465	497
465	615
465	673
465	743
465	1189
465	1590
466	611
466	896
466	961
466	1207
467	544
467	1902
467	1988
469	984
469	1275
470	545
470	938
470	1622
471	937
471	1112
471	1396
471	1766
472	485
472	842
472	981
472	1342
473	695
473	698
473	711
473	769
474	662
475	540
475	736
475	1220
476	509
476	1915
477	1891
480	606
480	1604
481	720
481	1160
481	1312
481	1563
482	1913
482	1944
483	485
483	543
483	627
483	831
483	1672
484	656
484	1758
485	499
485	732
485	970
485	1174
485	1867
486	749
486	763
486	823
486	1131
486	1969
487	835
487	935
487	1030
487	1265
487	1510
488	647
489	623
489	1963
489	1991
490	665
492	604
492	693
492	853
492	1478
492	1638
493	649
493	936
494	532
494	1117
494	1406
494	1604
494	1674
494	1974
495	884
497	1038
497	1213
498	1435
498	1585
500	891
500	1281
501	541
501	974
502	718
502	756
502	1407
502	1575
502	1939
503	576
503	1379
504	907
504	1873
505	540
505	1459
506	1012
506	1364
507	562
507	884
507	1661
509	537
509	733
509	776
509	1664
510	615
510	1360
510	1469
512	636
512	844
512	1384
513	985
514	547
514	747
514	809
514	878
514	2000
515	1325
516	937
516	995
517	607
518	1561
519	729
519	826
520	710
520	847
520	1083
520	1670
521	632
522	688
522	907
522	1222
522	1309
522	1786
522	1798
523	649
524	1179
524	1223
525	826
525	1217
526	1053
526	1591
527	1330
528	597
528	723
528	1245
529	885
530	1592
531	577
531	713
531	1315
531	1711
532	539
532	913
532	1007
532	1076
532	1089
532	1524
533	690
533	755
533	866
533	1102
534	915
535	1276
536	1283
537	650
538	854
538	909
538	1816
539	822
539	926
539	960
539	1103
539	1849
540	600
540	722
540	1229
540	1684
541	590
541	649
541	969
541	1130
541	1301
542	1787
543	640
543	1335
544	1168
545	549
545	1570
546	739
546	890
546	1172
546	1286
546	1865
547	1136
547	1217
547	1365
547	1700
548	793
548	983
548	1976
548	1986
549	955
549	1016
550	620
550	758
550	778
550	905
550	1016
550	1095
550	1199
551	742
551	950
551	1313
551	1467
551	1911
552	569
552	799
553	1208
553	1425
554	795
554	864
555	920
555	1675
555	1781
556	1078
556	1691
556	1751
556	1962
557	567
557	877
557	1247
557	1382
558	1277
558	1328
558	1678
559	734
560	984
560	1475
561	614
561	957
561	1005
561	1558
562	1568
562	1990
563	574
563	900
564	1138
564	1266
564	1611
564	1942
565	703
565	1305
566	1026
566	1062
566	1233
566	1669
568	670
568	839
568	895
568	1669
569	767
569	1414
570	1015
571	752
571	1583
571	1889
572	1315
572	1810
572	1922
573	687
573	709
573	1139
574	578
574	717
574	901
574	1611
574	1682
576	617
576	742
576	834
576	852
576	1923
577	593
577	882
578	707
578	1485
579	1835
581	630
581	703
581	731
583	589
583	592
583	626
583	715
583	810
583	1191
583	1300
583	1908
584	589
584	1391
584	1801
585	675
585	1723
586	1515
587	644
587	692
587	1458
589	1465
590	795
590	1594
591	714
591	935
591	1097
592	687
592	756
592	1181
592	1952
593	597
593	1569
594	641
594	941
594	1371
595	1739
596	626
596	862
596	971
596	1102
596	1982
597	1025
597	1351
597	1427
597	1609
598	782
598	827
598	1297
599	1028
599	1049
599	1985
600	882
600	1836
602	629
602	833
602	998
602	1719
602	1998
603	683
603	879
603	1213
604	965
604	968
605	1028
605	1982
606	743
606	1202
607	832
607	1006
608	845
608	1644
609	612
609	653
609	659
609	881
610	765
610	1654
611	970
611	1086
611	1363
612	671
612	1202
612	1397
612	1628
613	635
613	657
613	1495
614	665
614	712
614	754
614	1418
614	1519
615	1410
616	645
617	1288
617	1290
617	1411
618	1789
619	1830
620	1434
621	641
621	846
623	734
624	1774
625	637
625	666
625	1949
626	952
626	964
627	747
627	1903
629	750
629	1158
629	1740
631	768
631	1586
631	1777
632	1166
632	1208
632	1520
632	1848
632	1964
633	877
633	1196
633	1259
633	1895
634	710
635	783
635	1422
635	1707
635	1740
636	664
636	696
636	1444
636	1712
636	1988
638	983
638	1069
638	1489
639	1061
640	800
640	812
641	669
641	1119
642	775
642	827
642	1097
642	1134
642	1270
642	1574
643	898
643	1540
644	780
644	954
644	1113
644	1743
645	963
646	879
646	1223
646	1330
646	1812
647	1201
647	1494
647	1699
649	1224
650	1588
650	1751
651	698
652	684
652	732
652	927
652	1317
653	692
653	718
653	967
654	699
654	1053
655	828
655	1143
655	1665
656	1066
656	1195
657	874
658	889
658	1700
659	1100
660	926
660	1768
660	1910
661	663
662	679
662	1415
662	1520
662	1821
663	1683
663	1900
664	678
664	1172
665	672
665	1364
665	1728
666	1590
666	1718
667	797
667	1731
668	1046
668	1130
668	1158
669	760
669	1092
669	1186
669	1301
669	1942
670	1044
670	1258
670	1488
670	1933
671	774
671	1272
672	693
672	1135
672	1370
672	1698
673	697
673	1262
673	1347
674	1163
674	1423
675	697
675	1109
676	822
676	1241
676	1292
676	1473
676	1859
677	782
677	849
677	1182
678	701
678	819
678	972
679	1439
679	1972
680	689
680	739
680	758
680	779
681	942
681	1052
681	1423
682	691
682	962
682	1584
682	1938
683	788
683	850
683	1162
684	700
684	1080
684	1082
684	1808
684	1934
685	943
685	1837
686	1370
687	1375
687	1481
688	1068
688	1496
688	1573
690	707
690	1070
690	1226
691	772
691	816
691	849
691	959
692	875
693	1035
693	1177
693	1571
694	805
694	922
695	726
695	1263
695	1609
696	891
696	1000
696	1373
696	1775
697	851
698	974
698	1488
699	986
699	1280
699	1971
700	727
700	1063
700	1110
700	1327
700	1601
700	1878
701	783
701	952
701	1121
701	1662
702	1064
702	1125
702	1482
702	1793
704	714
704	904
704	1260
705	949
705	1460
706	981
706	1011
706	1582
707	898
707	1455
709	759
709	1767
710	924
710	1901
711	1438
712	948
712	1184
712	1327
713	801
713	940
713	946
713	964
714	764
714	1033
714	1416
715	1224
716	1222
716	1357
716	1491
716	1498
716	1618
716	1623
716	1904
717	1307
718	1019
718	1336
718	1717
719	1119
719	1700
720	818
721	989
721	1411
722	1532
724	1516
724	1542
725	813
725	1098
727	959
727	1261
727	1539
728	847
728	1192
728	1472
728	1721
729	848
730	838
730	1687
731	830
731	1124
731	1387
732	761
732	1967
733	789
733	888
734	875
734	923
735	1023
736	1128
737	1414
737	1451
738	883
739	1296
740	1290
740	1369
740	1468
741	1872
742	849
742	1304
742	1589
743	1913
745	1101
747	980
747	1373
747	1756
747	1917
748	792
749	991
750	1246
750	1785
751	922
751	1009
751	1579
751	1775
752	865
752	934
752	1266
752	1752
752	1848
753	794
753	841
753	1461
753	1488
753	1541
753	1880
754	799
754	989
754	1155
754	1922
757	1910
758	810
758	845
758	1734
760	865
760	945
761	921
761	1021
761	1042
762	792
762	1503
762	1622
763	828
763	1193
763	1237
764	1077
765	1871
766	909
767	898
767	1237
768	1834
769	851
769	883
769	1150
769	1477
769	1865
770	1072
771	1436
772	1615
773	785
773	1084
773	1468
774	938
774	1354
775	947
775	1200
775	1410
775	1727
776	1514
776	1607
777	860
779	855
779	902
779	1322
779	1553
779	1655
779	1767
780	1024
780	1496
780	1852
780	1879
781	816
782	807
782	1340
783	1513
783	1661
783	1692
783	1998
784	862
786	794
786	1126
786	1249
786	1811
787	814
787	930
789	1043
789	1428
791	1817
791	1862
792	966
792	1570
792	1891
793	1466
793	1980
794	819
794	977
794	1912
794	1917
795	928
795	1812
796	953
796	1184
798	1478
798	1572
799	1358
799	1755
800	912
800	1804
801	805
801	1047
801	1237
802	864
802	1526
802	1701
803	1355
803	1659
804	1336
805	815
805	829
806	815
806	1036
806	1871
806	1968
807	1535
807	1640
808	1117
810	1144
811	817
811	1146
811	1164
812	1073
812	1216
813	1161
813	1937
814	1358
815	1031
815	1116
815	1850
816	1085
816	1876
817	890
817	1115
818	1597
819	1614
820	1090
820	1137
820	1219
820	1306
821	1597
821	1629
822	1511
822	1921
823	895
823	1039
823	1096
823	1194
823	1349
823	1390
823	1450
823	1920
824	976
824	1634
825	1237
827	1580
827	1694
828	894
828	1544
828	1842
828	1955
829	913
829	1279
829	1861
830	831
830	1175
831	1104
831	1227
831	1403
832	1293
832	1356
832	1431
834	1531
834	1971
835	920
835	1805
837	880
837	1349
838	1008
839	1107
839	1391
839	1722
840	867
840	1206
840	1878
842	1297
843	973
844	1071
844	1104
844	1245
844	1262
844	1337
845	1043
846	859
846	869
846	1582
846	1827
848	954
848	973
848	999
848	1395
849	1708
850	1062
850	1108
850	1427
851	858
851	1050
851	1298
853	1649
853	1843
854	1786
854	1931
855	1138
855	1559
855	1992
856	1764
857	1275
858	982
858	997
858	1218
858	1424
858	1702
859	1399
860	1434
860	1621
860	1738
861	1560
862	939
862	1422
862	1475
863	1430
863	1635
864	1236
864	1783
865	1403
866	969
866	1148
866	1346
867	1039
867	1112
867	1368
867	1603
867	1788
868	990
869	1311
871	1688
872	1687
872	1811
873	1042
873	1402
873	1572
874	933
874	1416
875	1116
876	1622
877	1279
877	1723
877	1789
878	1236
878	1741
879	896
879	1070
880	971
880	992
881	1127
881	1431
881	1538
881	1663
882	897
883	1003
883	1180
884	1068
886	1303
886	1973
887	1002
887	1170
887	1527
888	1405
888	1499
888	1892
889	912
889	1251
889	1909
891	1519
891	1619
892	1154
892	1159
893	991
893	1636
894	1207
896	1010
897	1471
898	925
898	1109
898	1250
899	1176
899	1524
900	931
901	1057
901	1281
902	1137
902	1242
902	1727
902	1784
903	986
903	1030
903	1179
903	1234
904	958
905	1250
905	1321
905	1533
906	1294
906	1306
907	1499
907	1583
908	1018
908	1446
908	1704
909	946
909	1235
910	1493
911	1873
911	1881
912	967
912	1195
912	1378
913	1073
913	1511
913	1709
917	1091
917	1178
917	1642
919	1286
920	927
920	1098
924	1059
925	1193
925	1316
925	1367
925	1969
925	1974
926	1203
927	1365
928	1174
930	1040
933	1264
933	1274
934	1339
934	1638
935	1261
935	1601
935	1994
936	1052
937	1145
937	1874
937	1918
938	1036
939	1048
939	1168
940	1947
941	1473
941	1502
942	1033
942	1749
943	1645
943	1686
943	1801
944	1032
944	1050
944	1060
945	1551
945	1842
946	1000
946	1380
946	1579
946	1834
947	1386
948	1608
949	1090
951	1083
952	1523
953	1841
955	1474
956	1970
959	1128
959	1271
960	1884
961	1198
961	1238
961	1548
962	1026
962	1118
962	1505
962	1598
962	1905
963	1657
963	1951
964	1092
965	997
965	1453
966	1067
966	1069
966	1320
967	1965
968	1035
968	1349
969	1072
969	1366
969	1813
970	1308
970	1609
970	1716
971	1215
971	1334
971	1803
972	1185
973	1651
974	1845
975	1298
975	1439
975	1715
976	1133
976	1711
977	1157
978	1408
979	1464
980	1132
980	1419
982	1079
982	1895
982	1993
983	1045
983	1058
983	1075
983	1121
983	1311
984	1935
985	1080
985	1248
985	1658
986	1111
987	1120
987	1232
987	1252
987	1272
989	1149
989	1239
989	1492
990	1160
991	1004
991	1285
991	1376
991	1999
992	1450
992	1629
993	1867
994	1949
995	1498
996	1070
996	1822
998	1526
999	1890
1000	1199
1000	1480
1002	1152
1004	1056
1006	1965
1008	1257
1008	1797
1009	1200
1009	1250
1009	1307
1009	1625
1012	1239
1012	1803
1013	1021
1014	1183
1014	1232
1014	1331
1019	1101
1019	1528
1019	1750
1021	1122
1021	1587
1022	1150
1022	1162
1022	1322
1022	1736
1024	1233
1024	1777
1025	1065
1026	1773
1027	1254
1028	1600
1028	1626
1028	1915
1029	1077
1029	1734
1029	1937
1030	1665
1030	1855
1031	1055
1031	1329
1031	1440
1033	1157
1033	1490
1035	1730
1036	1651
1036	1720
1036	1995
1039	1385
1042	1337
1042	1642
1043	1564
1044	1240
1045	1587
1048	1517
1048	1835
1049	1282
1049	1441
1050	1244
1051	1377
1052	1099
1052	1282
1052	1317
1053	1263
1053	1319
1053	1420
1054	1613
1054	1725
1055	1166
1055	1760
1055	1868
1057	1194
1057	1417
1059	1377
1059	1994
1062	1497
1062	1540
1063	1425
1063	1505
1064	1814
1064	1884
1066	1697
1067	1538
1067	1841
1067	1935
1068	1361
1068	1444
1068	1778
1071	1598
1072	1287
1072	1400
1072	1446
1073	1334
1074	1549
1074	1671
1074	1718
1075	1353
1076	1110
1080	1426
1081	1154
1081	1614
1081	1869
1082	1495
1083	1218
1084	1175
1084	1457
1085	1509
1085	1603
1085	1629
1087	1228
1088	1091
1088	1231
1088	1663
1088	1943
1089	1381
1089	1513
1089	1514
1090	1173
1090	1426
1091	1123
1091	1800
1093	1387
1093	1412
1095	1102
1096	1976
1097	1161
1097	1248
1097	1714
1099	1245
1099	1758
1100	1504
1101	1268
1101	1328
1102	1383
1103	1242
1103	1448
1104	1632
1105	1288
1105	1349
1105	1530
1106	1135
1106	1164
1106	1854
1108	1390
1108	1958
1109	1447
1110	1956
1111	1860
1111	1875
1113	1606
1113	1875
1116	1409
1116	1695
1117	1483
1117	1487
1117	1959
1118	1136
1118	1443
1118	1919
1120	1276
1120	1534
1121	1506
1123	1421
1124	1216
1125	1178
1126	1181
1126	1552
1126	1882
1130	1760
1131	1147
1131	1310
1131	1696
1131	1844
1131	1966
1132	1591
1132	1729
1137	1817
1138	1234
1139	1393
1140	1546
1141	1186
1141	1204
1141	1273
1142	1229
1142	1914
1143	1338
1143	1592
1144	1201
1145	1421
1146	1372
1148	1655
1150	1441
1150	1807
1153	1578
1154	1228
1154	1470
1154	1501
1154	1819
1155	1340
1155	1820
1156	1482
1156	1551
1156	1906
1158	1888
1159	1667
1159	1712
1160	1469
1160	1939
1161	1637
1161	1838
1162	1243
1163	1737
1163	1802
1164	1402
1164	1796
1165	1500
1166	1575
1166	1701
1167	1463
1167	1653
1170	1543
1172	1220
1172	1581
1172	1851
1173	1376
1173	1620
1174	1525
1175	1531
1175	1744
1175	1795
1176	1849
1177	1996
1182	1557
1182	1732
1183	1465
1183	1700
1183	1769
1187	1190
1187	1198
1187	1673
1188	1512
1188	1653
1189	1856
1191	1896
1194	1507
1194	1630
1195	1269
1196	1515
1196	1739
1197	1682
1198	1438
1198	1456
1199	1354
1200	1909
1202	1417
1203	1256
1203	1833
1203	1840
1205	1651
1205	1816
1208	1352
1208	1693
1209	1779
1212	1273
1212	1401
1215	1323
1215	1573
1217	1221
1217	1979
1218	1452
1218	1639
1219	1388
1219	1490
1220	1292
1222	1911
1225	1918
1229	1433
1230	1362
1231	1846
1232	1770
1232	1818
1234	1676
1236	1302
1237	1246
1238	1776
1239	1845
1240	1524
1243	1309
1245	1585
1245	1673
1246	1529
1249	1293
1250	1722
1252	1588
1253	1361
1254	1394
1258	1462
1258	1960
1259	1449
1259	1640
1261	1517
1261	1628
1261	1846
1262	1286
1262	1314
1264	1415
1264	1632
1264	1789
1267	1344
1267	1691
1267	1732
1267	1828
1268	1379
1269	1689
1272	1908
1273	1702
1274	1899
1275	1654
1276	1698
1276	1810
1278	1353
1279	1706
1280	1343
1282	1320
1282	1485
1282	1735
1285	1338
1285	1398
1285	1708
1288	1424
1288	1705
1289	1714
1291	1687
1291	1996
1292	1741
1297	1813
1299	1631
1300	1387
1302	1484
1303	1459
1306	1576
1307	1331
1307	1368
1308	1347
1308	1837
1309	1548
1310	1543
1311	1858
1312	1929
1313	1442
1314	1924
1316	1405
1317	1815
1319	1436
1320	1780
1322	1502
1323	1562
1323	1687
1327	1716
1328	1472
1330	1332
1330	1491
1331	1706
1331	1948
1333	1859
1334	1928
1336	1392
1336	1399
1337	1458
1339	1550
1339	1966
1341	1790
1342	1877
1344	1633
1347	1382
1348	1467
1348	1561
1348	1745
1351	1602
1352	1374
1352	1987
1353	1512
1355	1954
1357	1821
1358	1916
1358	1964
1359	1926
1360	1687
1363	1771
1365	1479
1366	1487
1366	1919
1373	1418
1373	1456
1375	1445
1376	1617
1377	1679
1377	1945
1378	1395
1379	1384
1379	1397
1380	1437
1380	1480
1380	1615
1380	1978
1381	1780
1381	1824
1381	1863
1381	1881
1384	1750
1384	1791
1387	1494
1388	1705
1389	1713
1390	1864
1391	1535
1392	1650
1393	1489
1395	1404
1396	1735
1398	1532
1402	1765
1404	1700
1406	1641
1408	1853
1414	1768
1414	1788
1414	1892
1415	1933
1416	1868
1419	1825
1419	1839
1420	1510
1421	1424
1422	1931
1424	1457
1424	1975
1425	1507
1425	1876
1432	1672
1433	1616
1434	1501
1435	1497
1436	1443
1437	1963
1439	1501
1441	1476
1442	1474
1444	1652
1446	1667
1447	1726
1449	1710
1450	1707
1450	1905
1453	1492
1454	1670
1455	1815
1457	1761
1458	1927
1458	1950
1459	1693
1466	1681
1467	1666
1470	1726
1473	1730
1473	1798
1473	1990
1475	1681
1475	1725
1475	1864
1477	1995
1482	1743
1484	1554
1492	1785
1494	1606
1496	1806
1498	1523
1498	1599
1503	1586
1506	1657
1510	1923
1511	1626
1512	1807
1514	1567
1514	1893
1517	1675
1518	1666
1519	1847
1526	1620
1527	1608
1531	1643
1532	1685
1532	1804
1533	1713
1533	1799
1538	1645
1541	1754
1542	1637
1542	1903
1543	1817
1543	1893
1544	1648
1544	1701
1548	1562
1551	1558
1552	1668
1554	1921
1557	1634
1558	1577
1558	1680
1559	1590
1565	1936
1566	1594
1566	1765
1568	1599
1570	1627
1572	1977
1573	1943
1575	1729
1575	1883
1576	1688
1578	1700
1579	1925
1581	1687
1581	1880
1583	1987
1584	1992
1588	1840
1588	1932
1592	1691
1596	1690
1597	1993
1598	1915
1602	1605
1608	1782
1613	1975
1615	1627
1615	1822
1616	1630
1619	1635
1621	1915
1622	1782
1622	1885
1623	1677
1625	1839
1627	1647
1628	1692
1629	1717
1631	1694
1631	1854
1633	1749
1633	1820
1634	1744
1638	1948
1641	1715
1641	1762
1644	1914
1645	1741
1648	1970
1651	1900
1652	1894
1656	1814
1658	1796
1658	1826
1661	1818
1661	1920
1663	1695
1664	1824
1665	1978
1668	1960
1671	1970
1678	1759
1678	1936
1679	1852
1680	1940
1681	1867
1682	1805
1684	1956
1686	1811
1692	1999
1699	1778
1708	1793
1715	1856
1720	1844
1721	1877
1721	1947
1727	1886
1729	1851
1730	1985
1731	1776
1732	1742
1734	1764
1738	1879
1739	1858
1741	1944
1743	1757
1746	1800
1747	1927
1748	1829
1750	1946
1756	1896
1759	1763
1769	1871
1775	1945
1783	1889
1785	1912
1788	1958
1791	1961
1803	1838
1807	1827
1807	1883
1812	1890
1815	1828
1818	1986
1824	1897
1834	1983
1836	1977
1843	1870
1845	1855
1845	1857
1847	1941
1869	1967
1871	1973
1874	1896
1874	1897
1886	1887
1897	2000
1912	1989
1922	1953
1929	1959
1935	1961
1945	1970
1957	1968
1978	1997
