1	2
1	3
1	4
1	5
1	6
1	7
1	9
1	11
1	16
1	19
1	31
1	35
1	39
1	46
1	47
1	48
1	75
1	87
1	97
1	120
1	135
1	193
1	207
1	294
1	596
1	682
1	987
1	1111
1	1400
1	1493
1	1679
2	3
2	4
2	5
2	6
2	7
2	8
2	9
2	10
2	14
2	15
2	18
2	53
2	68
2	82
2	117
2	151
2	160
2	170
2	279
2	539
2	596
2	646
2	647
2	1094
2	1146
2	1560
3	4
3	5
3	6
3	7
3	8
3	10
3	11
3	14
3	15
3	19
3	22
3	41
3	56
3	71
3	129
3	142
3	144
3	425
3	464
3	504
3	568
3	709
3	773
3	1240
3	1407
3	1432
3	1483
4	5
4	6
4	7
4	8
4	9
4	10
4	12
4	24
4	26
4	28
4	45
4	50
4	51
4	54
4	55
4	65
4	143
4	160
4	180
4	213
4	227
4	295
4	383
4	1294
5	6
5	7
5	11
5	15
5	16
5	19
5	20
5	30
5	37
5	42
5	43
5	48
5	49
5	107
5	114
5	122
5	127
5	146
5	147
5	352
5	1432
5	1554
5	1603
5	1789
6	7
6	8
6	10
6	12
6	13
6	16
6	18
6	31
6	76
6	81
6	82
6	85
6	92
6	105
6	114
6	138
6	162
6	177
6	195
6	249
6	264
6	273
6	364
6	500
6	694
6	962
6	1208
6	1753
7	9
7	11
7	12
7	13
7	17
7	22
7	23
7	25
7	32
7	41
7	43
7	46
7	65
7	74
7	98
7	104
7	126
7	135
7	165
7	167
7	344
7	435
7	568
7	604
7	643
7	771
7	1137
7	1288
7	1307
8	14
8	23
8	40
8	42
8	60
8	63
8	105
8	134
8	136
8	146
8	168
8	182
8	192
8	230
8	242
8	359
8	388
8	461
8	512
8	516
8	680
8	790
8	842
8	1055
9	12
9	13
9	14
9	17
9	22
9	24
9	25
9	28
9	43
9	52
9	56
9	67
9	68
9	76
9	96
9	100
9	102
9	104
9	153
9	192
9	199
9	289
9	324
9	346
9	508
9	535
9	587
9	959
9	1401
9	1690
10	13
10	18
10	27
10	34
10	57
10	110
10	116
10	120
10	131
10	160
10	235
10	276
10	335
10	557
10	581
10	606
10	874
10	936
10	1365
11	17
11	34
11	37
11	50
11	71
11	75
11	236
11	472
11	478
11	565
11	611
11	859
11	962
11	1105
11	1160
12	21
12	22
12	29
12	35
12	38
12	53
12	73
12	83
12	103
12	113
12	254
12	258
12	324
12	330
12	432
12	612
12	627
12	633
12	984
12	1270
12	1932
13	16
13	19
13	23
13	43
13	53
13	99
13	103
13	135
13	137
13	141
13	147
13	172
13	183
13	189
13	248
13	284
13	363
13	428
13	554
13	808
13	863
13	954
13	959
13	990
13	1168
13	1534
14	15
14	20
14	21
14	25
14	32
14	36
14	48
14	55
14	70
14	109
14	186
14	198
14	207
14	219
14	255
14	575
14	1404
14	1463
14	1589
14	1662
14	1951
15	17
15	20
15	21
15	27
15	29
15	31
15	33
15	36
15	42
15	45
15	48
15	64
15	68
15	72
15	75
15	90
15	91
15	97
15	101
15	112
15	118
15	125
15	169
15	170
15	246
15	249
15	356
15	389
15	477
15	478
15	654
15	893
15	1528
16	18
16	30
16	33
16	49
16	266
16	269
16	419
16	420
16	451
16	461
16	633
16	636
16	640
16	781
16	842
16	1468
16	1702
17	20
17	29
17	35
17	36
17	41
17	68
17	77
17	90
17	254
17	322
17	375
17	430
17	1178
17	1412
17	1676
17	1700
18	34
18	52
18	54
18	65
18	79
18	94
18	121
18	159
18	284
18	343
18	646
18	734
18	967
18	1729
18	1839
18	1987
19	21
19	24
19	25
19	29
19	38
19	57
19	70
19	84
19	114
19	189
19	197
19	216
19	220
19	375
19	566
19	1418
19	1515
19	1602
20	36
20	44
20	66
20	99
20	103
20	106
20	280
20	695
20	868
20	977
20	1762
21	42
21	52
21	53
21	67
21	80
21	86
21	95
21	162
21	194
21	196
21	310
21	368
21	496
22	23
22	24
22	26
22	30
22	39
22	52
22	61
22	77
22	82
22	89
22	99
22	123
22	130
22	149
22	174
22	245
22	279
22	316
22	379
22	489
22	1050
22	1671
23	26
23	28
23	30
23	31
23	67
23	71
23	195
23	240
23	311
23	577
23	869
23	1435
23	1626
24	33
24	40
24	51
24	54
24	74
24	87
24	109
24	158
24	173
24	217
24	309
24	314
24	425
24	610
24	769
24	896
24	1774
25	26
25	27
25	28
25	38
25	39
25	47
25	58
25	75
25	81
25	90
25	93
25	155
25	206
25	260
25	283
25	427
25	487
25	619
25	1233
25	1839
25	1971
26	27
26	59
26	188
26	189
26	273
26	360
26	378
26	468
26	562
26	737
26	972
26	1029
26	1497
26	1565
27	32
27	34
27	37
27	38
27	59
27	72
27	78
27	163
27	169
27	180
27	190
27	209
27	243
27	335
27	373
27	401
27	638
27	1020
27	1209
27	1366
27	1761
28	32
28	33
28	37
28	46
28	79
28	95
28	104
28	250
28	294
28	360
28	481
28	727
28	979
28	1072
28	1694
28	1709
29	58
29	70
29	95
29	113
29	143
29	145
29	209
29	235
29	273
29	423
29	576
29	1069
29	1250
29	1284
29	1613
29	1870
30	40
30	55
30	69
30	86
30	99
30	101
30	119
30	239
30	247
30	904
30	939
30	982
30	1143
30	1464
30	1798
31	35
31	79
31	102
31	281
31	377
31	585
31	654
31	740
31	1138
31	1514
31	1699
31	1704
32	39
32	40
32	47
32	50
32	64
32	142
32	144
32	176
32	195
32	305
32	326
32	357
32	669
32	933
32	1029
32	1486
32	1781
32	1998
33	41
33	46
33	61
33	63
33	110
33	127
33	197
33	217
33	295
33	312
33	347
33	605
33	663
33	785
33	923
33	1197
33	1205
33	1416
33	1966
34	49
34	57
34	69
34	72
34	73
34	74
34	110
34	138
34	205
34	210
34	259
34	339
34	350
34	424
34	1368
34	1849
34	1979
35	74
35	176
35	330
35	365
35	480
35	575
35	673
35	1068
36	44
36	60
36	109
36	120
36	150
36	160
36	199
36	249
36	285
36	375
36	752
36	999
36	1107
37	60
37	102
37	103
37	105
37	124
37	137
37	196
37	976
37	1637
38	44
38	64
38	69
38	111
38	243
38	304
38	305
38	467
38	531
38	644
38	719
38	946
38	954
38	994
38	1457
38	1629
39	80
39	262
39	296
39	339
39	696
39	705
39	778
39	898
39	904
39	965
39	1092
39	1667
39	1738
40	62
40	66
40	76
40	93
40	241
40	371
40	398
40	426
40	460
40	582
40	760
40	1613
41	45
41	47
41	56
41	275
41	290
41	495
41	513
41	549
41	849
41	1186
41	1347
41	1481
41	1482
41	1866
42	44
42	64
42	97
42	107
42	118
42	129
42	139
42	181
42	201
42	214
42	236
42	594
42	1000
42	1462
42	1830
42	1944
43	45
43	51
43	62
43	82
43	151
43	179
43	218
43	291
43	387
43	953
43	996
43	1354
43	1658
44	66
44	84
44	112
44	119
44	140
44	176
44	212
44	352
44	367
44	691
44	799
44	1112
44	1569
45	49
45	54
45	58
45	115
45	126
45	134
45	176
45	204
45	241
45	256
45	276
45	289
45	290
45	457
45	522
45	698
45	943
45	979
45	1088
45	1091
46	61
46	84
46	88
46	101
46	112
46	142
46	144
46	163
46	173
46	251
46	298
46	623
46	767
46	961
46	1069
47	62
47	65
47	70
47	77
47	78
47	88
47	126
47	208
47	321
47	381
47	478
47	877
47	1564
48	62
48	76
48	81
48	89
48	100
48	106
48	128
48	140
48	199
48	223
48	256
48	266
48	271
48	276
48	454
48	487
48	489
48	525
48	916
48	1037
48	1491
49	50
49	73
49	117
49	133
49	158
49	252
49	272
49	369
49	472
49	535
49	616
49	771
49	855
49	1085
49	1152
49	1209
49	1312
49	1631
49	1658
50	51
50	55
50	63
50	72
50	114
50	165
50	197
50	213
50	397
50	471
50	725
50	1041
50	1253
50	1341
50	1379
50	1667
50	1996
51	58
51	89
51	95
51	115
51	204
51	347
51	377
51	392
51	450
51	576
51	708
51	1452
52	69
52	85
52	101
52	118
52	122
52	275
52	312
52	365
52	384
52	529
52	833
52	936
52	1316
52	1490
53	66
53	85
53	128
53	130
53	337
53	383
53	396
53	526
53	887
53	928
53	978
53	1007
53	1140
53	1489
53	1738
53	1755
54	57
54	59
54	73
54	145
54	167
54	172
54	185
54	223
54	265
54	320
54	869
54	1162
54	1247
54	1308
54	1479
55	56
55	59
55	85
55	96
55	179
55	185
55	222
55	226
55	231
55	324
55	493
55	886
55	1021
55	1121
55	1377
55	1535
55	1601
56	87
56	93
56	162
56	184
56	301
56	302
56	400
56	528
56	534
56	592
56	652
56	1109
56	1962
57	61
57	96
57	113
57	115
57	125
57	128
57	131
57	204
57	218
57	290
57	301
57	507
57	558
57	1040
57	1371
57	1588
57	1654
57	1672
58	60
58	80
58	88
58	148
58	164
58	173
58	234
58	237
58	616
58	687
58	845
58	943
59	117
59	180
59	182
59	255
59	287
59	475
59	770
59	865
59	1518
59	1614
60	84
60	98
60	124
60	171
60	255
60	355
60	425
60	490
60	744
60	840
60	1219
61	71
61	100
61	202
61	203
61	468
61	486
61	504
61	537
61	557
61	1161
61	1743
61	1826
62	63
62	67
62	80
62	132
62	208
62	279
62	313
62	653
62	1026
62	1148
63	112
63	139
63	140
63	151
63	152
63	192
63	270
63	319
63	358
63	399
63	622
63	629
63	785
63	883
63	1462
64	92
64	129
64	150
64	156
64	165
64	175
64	190
64	282
64	309
64	340
64	367
64	458
64	546
64	1095
64	1222
65	116
65	133
65	134
65	174
65	186
65	219
65	234
65	251
65	362
65	467
65	520
65	692
65	1320
65	1534
65	1827
66	142
66	203
66	220
66	281
66	283
66	353
66	440
66	792
66	890
66	1235
66	1423
66	1443
67	328
67	352
67	419
67	426
67	552
67	919
67	1154
67	1302
67	1417
67	1643
67	1777
67	1810
67	1953
68	78
68	130
68	263
68	917
68	1289
68	1372
68	1625
69	87
69	113
69	184
69	202
69	258
69	448
69	775
69	1039
69	1195
69	1421
70	91
70	125
70	230
70	455
70	518
70	718
70	1340
70	1552
70	1804
71	86
71	116
71	226
71	271
71	297
71	341
71	365
71	1104
71	1936
72	77
72	83
72	88
72	91
72	111
72	144
72	230
72	267
72	291
72	320
72	484
72	510
72	589
72	885
72	1596
72	1677
73	89
73	131
73	139
73	209
73	396
73	422
73	492
73	564
73	655
73	735
73	926
73	1049
74	83
74	177
74	183
74	203
74	232
74	261
74	331
74	818
74	868
74	914
74	965
74	1308
75	98
75	118
75	375
75	437
75	448
75	911
75	1013
75	1100
75	1184
75	1426
76	78
76	90
76	92
76	100
76	121
76	161
76	178
76	187
76	207
76	215
76	225
76	236
76	246
76	280
76	303
76	308
76	335
76	349
76	389
76	469
76	520
76	592
76	800
76	867
76	1327
76	1976
77	81
77	106
77	115
77	187
77	216
77	285
77	293
77	296
77	382
77	401
77	503
77	668
77	771
77	985
77	1079
77	1367
77	1431
78	79
78	94
78	143
78	166
78	212
78	261
78	283
78	315
78	372
78	380
78	381
78	666
78	1021
78	1228
78	1735
79	83
79	102
79	121
79	125
79	159
79	167
79	179
79	210
79	214
79	573
79	620
79	776
79	1325
79	1329
79	1631
80	123
80	143
80	168
80	207
80	208
80	227
80	308
80	329
80	491
80	529
80	1010
81	92
81	123
81	181
81	191
81	385
81	386
81	402
81	499
81	613
81	646
81	724
81	892
81	988
82	94
82	105
82	108
82	191
82	225
82	312
82	336
82	473
82	593
83	108
83	121
83	132
83	154
83	174
83	279
83	289
83	665
83	1365
83	1451
83	1662
83	1843
84	91
84	106
84	141
84	145
84	178
84	188
84	223
84	539
84	644
84	1141
84	1483
85	86
85	93
85	97
85	178
85	211
85	255
85	267
85	294
85	353
85	379
85	439
85	690
85	699
85	754
85	921
85	948
85	1429
86	96
86	122
86	164
86	171
86	190
86	323
86	345
86	348
86	568
86	794
86	940
86	1759
87	129
87	133
87	221
87	253
87	288
87	303
87	446
87	767
87	1121
88	131
88	172
88	175
88	217
88	544
88	722
88	1392
89	141
89	626
89	670
89	768
89	1520
90	94
90	98
90	141
90	154
90	174
90	300
90	434
90	570
90	737
90	932
90	966
90	1047
90	1433
91	110
91	200
91	242
91	334
91	401
91	446
92	109
92	119
92	136
92	233
92	272
92	276
92	359
92	369
92	394
92	435
92	526
92	632
92	713
92	1043
92	1340
92	1469
92	1473
92	1630
92	1873
92	1933
93	128
93	298
93	316
93	804
93	961
93	1122
93	1379
93	1555
93	1745
94	133
94	149
94	203
94	211
94	330
94	611
94	642
94	682
94	705
94	1977
95	228
95	329
95	427
95	785
95	997
95	1128
95	1179
95	1362
95	1375
95	1786
96	293
96	382
96	645
96	1351
96	1666
96	1696
96	1939
97	116
97	155
97	156
97	214
97	319
97	417
97	449
97	618
97	638
97	850
97	1023
97	1724
98	135
98	136
98	153
98	185
98	208
98	226
98	228
98	241
98	286
98	362
98	562
98	730
98	834
98	908
98	973
98	1167
98	1357
98	1812
98	1889
99	122
99	127
99	153
99	200
99	218
99	241
99	268
99	314
99	458
99	491
99	554
99	819
99	1439
100	104
100	108
100	117
100	119
100	120
100	171
100	181
100	250
100	302
100	334
100	384
100	481
100	518
100	521
100	547
100	551
100	598
100	693
100	711
100	1025
100	1575
101	138
101	148
101	152
101	161
101	172
101	186
101	204
101	413
101	449
101	566
101	574
101	690
101	807
101	1216
101	1318
101	1634
102	107
102	130
102	168
102	205
102	324
102	403
102	508
102	798
102	1200
102	1216
102	1632
102	1699
102	1843
103	140
103	150
103	259
103	552
103	580
103	613
103	822
103	1200
103	1553
104	107
104	145
104	220
104	253
104	411
104	575
104	1516
104	1940
105	108
105	111
105	126
105	173
105	200
105	216
105	257
105	278
105	288
105	452
105	474
105	811
105	1012
105	1317
106	162
106	232
106	412
106	551
106	562
106	612
106	646
106	654
106	655
106	677
106	692
106	752
106	1172
107	111
107	146
107	206
107	303
107	398
107	574
107	578
107	1020
107	1184
107	1221
107	1304
107	1511
107	1985
108	124
108	137
108	169
108	268
108	318
108	327
108	345
108	349
108	464
108	771
108	878
108	881
108	883
108	1215
108	1726
108	1741
108	1763
109	229
109	251
109	368
109	454
109	461
109	1103
109	1572
110	132
110	238
110	292
110	436
110	725
110	986
110	1150
110	1514
110	1550
111	188
111	218
111	294
111	496
111	511
111	548
111	797
111	824
111	992
111	1092
111	1400
112	244
112	282
112	341
112	370
112	488
112	499
112	533
112	793
112	1157
112	1231
113	123
113	149
113	229
113	278
113	593
113	608
113	614
113	618
113	648
113	718
113	732
113	745
114	166
114	183
114	214
114	387
114	434
114	544
114	776
114	828
114	867
114	1004
114	1169
114	1889
115	156
115	157
115	216
115	235
115	337
115	397
115	604
115	650
115	658
115	1282
115	1430
115	1465
115	1611
115	1673
115	1888
116	153
116	270
116	315
116	450
116	539
116	597
116	655
116	736
116	766
116	884
116	905
116	1338
116	1754
116	1838
117	224
117	235
117	237
117	257
117	287
117	430
117	1093
117	1299
117	1326
117	1374
117	1731
117	1827
117	1928
118	139
118	182
118	319
118	345
118	546
118	1131
118	1541
118	1683
119	137
119	148
119	154
119	155
119	247
119	315
119	336
119	399
119	431
119	447
119	482
119	1068
119	1128
119	1224
119	1610
120	194
120	385
120	483
120	556
120	848
120	1584
120	1697
121	124
121	127
121	132
121	177
121	373
121	411
121	896
121	1076
121	1297
121	1460
122	193
122	277
122	292
122	339
122	453
122	570
122	729
122	823
122	1155
122	1256
123	138
123	178
123	234
123	256
123	269
123	484
123	610
123	657
123	872
123	1334
123	1633
124	188
124	193
124	212
124	274
124	331
124	336
124	607
124	674
124	1355
124	1457
125	249
125	630
125	751
125	772
125	852
125	971
125	1164
125	1181
125	1567
125	1598
125	1783
126	164
126	507
126	866
127	136
127	222
127	223
127	548
127	619
127	783
127	1312
127	1572
127	1755
127	1802
128	134
128	164
128	200
128	232
128	282
128	311
128	568
128	801
128	811
128	994
128	1053
128	1539
129	159
129	161
129	388
129	398
129	515
129	613
129	1706
129	1735
129	1917
130	152
130	157
130	158
130	343
130	385
130	413
130	595
130	663
130	669
130	828
130	838
130	1367
130	1740
131	187
131	314
131	360
131	361
131	384
131	413
131	727
131	1515
131	1663
131	1721
131	1844
132	161
132	228
132	247
132	262
132	297
132	497
132	640
132	716
132	1051
132	1264
132	1657
132	1864
133	180
133	242
133	269
133	317
133	338
133	361
133	400
133	456
133	534
133	694
133	701
133	916
133	1242
134	146
134	151
134	156
134	183
134	198
134	239
134	432
134	440
134	520
134	542
134	614
134	660
134	1058
134	1165
134	1186
134	1399
134	1423
134	1567
134	1962
135	154
135	175
135	552
135	645
135	1146
135	1425
135	1434
136	157
136	287
136	354
136	376
136	417
136	1532
137	167
137	231
137	284
137	286
137	567
137	1347
137	1465
137	1772
138	196
138	198
138	285
138	304
138	403
138	462
138	699
138	909
138	931
138	1384
138	1498
138	1893
138	1905
139	149
139	490
139	576
139	580
139	1152
139	1647
139	1694
140	148
140	252
140	363
140	438
140	641
140	656
140	947
140	970
140	1115
140	1470
140	1538
140	1825
140	1940
141	163
141	168
141	181
141	244
141	298
141	331
141	474
141	561
141	685
142	150
142	166
142	388
142	427
142	538
142	1122
142	1449
143	147
143	217
143	257
143	273
143	475
143	766
143	858
143	1144
143	1173
143	1704
144	157
144	198
144	222
144	269
144	283
144	466
144	510
144	535
144	605
144	820
144	923
144	958
144	1399
144	1417
144	1522
144	1592
144	1893
144	1941
145	155
145	177
145	201
145	401
145	403
145	464
145	477
145	692
145	777
145	841
145	1559
145	1651
146	147
146	182
146	196
146	233
146	242
146	259
146	335
146	410
146	492
146	600
146	950
146	1075
146	1222
146	1281
147	221
147	240
147	299
147	326
147	371
147	461
147	507
147	1616
148	243
148	308
148	420
148	429
148	559
148	625
148	956
148	1333
148	1545
149	152
149	190
149	295
149	766
149	825
149	1143
149	1251
149	1529
150	192
150	243
150	248
150	262
150	268
150	832
150	888
150	1242
150	1845
150	1972
151	165
151	171
151	265
151	366
151	418
151	422
151	467
151	535
151	573
151	597
151	740
151	767
151	1611
151	1716
152	189
152	245
152	307
152	309
152	428
152	1011
152	1065
152	1251
152	1419
153	253
153	264
153	1041
153	1231
153	1505
154	158
154	202
154	228
154	246
154	271
154	379
154	492
154	789
154	937
154	1323
154	1822
155	159
155	347
155	1078
155	1590
156	211
156	340
156	391
156	409
156	694
156	1040
156	1164
156	1172
156	1669
156	1788
156	1863
156	1995
157	170
157	191
157	258
157	287
157	298
157	309
157	445
157	588
157	866
157	1002
157	1973
158	166
158	254
158	280
158	307
158	318
158	374
158	469
158	528
158	625
158	844
159	225
159	248
159	278
159	430
159	508
159	509
159	774
159	780
159	1031
159	1254
160	201
160	206
160	215
160	318
160	807
160	1008
160	1242
160	1368
160	1495
160	1691
161	163
161	222
161	240
161	258
161	322
161	351
161	376
161	446
161	716
161	1388
161	1740
162	175
162	215
162	224
162	317
162	560
162	711
162	1033
162	1062
162	1433
162	1850
162	1927
163	184
163	185
163	234
163	268
163	388
163	410
163	453
163	991
163	1110
163	1112
163	1369
164	170
164	436
164	446
164	450
164	704
164	709
164	860
165	169
165	213
165	292
165	306
165	557
165	648
165	675
165	687
165	1220
165	1693
165	1864
166	191
166	197
166	219
166	355
166	403
166	483
166	668
166	676
166	720
166	1556
167	260
167	285
167	420
167	463
167	580
167	680
167	750
167	888
167	1810
167	1893
168	206
168	250
168	649
168	671
168	718
168	738
168	759
168	876
168	1226
168	1492
168	1711
169	179
169	201
169	205
169	263
169	264
169	270
169	416
169	556
169	672
169	683
169	815
169	1106
169	1684
169	1759
170	195
170	238
170	301
170	342
170	392
170	459
170	826
170	942
170	1207
170	1992
171	233
171	394
171	415
171	476
171	521
171	672
171	911
171	1500
171	1762
172	356
172	474
172	579
172	600
172	766
172	879
172	947
172	1187
172	1332
173	297
173	357
173	370
173	606
173	624
173	944
173	1617
174	330
174	363
174	368
174	541
174	703
174	1045
174	1140
175	391
175	455
175	748
175	1054
175	1109
175	1199
175	1288
175	1339
176	256
176	315
176	357
176	377
176	656
177	355
177	399
177	681
177	774
177	784
177	1568
177	1575
177	1641
177	1991
178	194
178	237
178	411
178	414
178	495
178	731
178	1234
178	1254
178	1270
178	1293
178	1326
178	1398
179	209
179	248
179	267
179	372
179	437
179	563
179	902
179	986
179	1307
179	1665
180	226
180	421
180	485
180	514
180	521
180	582
180	647
180	676
180	715
180	765
180	807
180	846
180	987
180	1437
180	1502
180	1622
180	1748
181	187
181	221
181	224
181	310
181	399
181	479
181	631
181	1173
181	1340
181	1685
181	1688
182	184
182	194
182	202
182	238
182	262
182	304
182	306
182	354
182	378
182	407
182	623
182	1436
182	1627
182	1656
182	1778
182	1797
183	301
183	316
183	494
183	531
183	572
183	858
183	951
183	1165
183	1456
183	1474
183	1849
184	219
184	296
184	338
184	396
184	567
184	628
184	662
184	741
184	904
184	1628
184	1915
185	186
185	240
185	245
185	308
185	332
185	456
185	553
185	894
185	1016
185	1446
186	205
186	210
186	220
186	444
186	730
186	900
186	1152
186	1190
186	1387
186	1471
186	1767
187	347
187	625
187	909
187	922
187	1100
187	1357
187	1746
188	210
188	271
188	336
188	813
188	824
188	1248
188	1785
189	381
189	406
189	459
189	486
189	639
189	679
189	734
189	738
190	239
190	281
190	348
190	364
190	441
190	496
190	751
190	896
190	1084
190	1595
190	1712
190	1773
191	199
191	267
191	326
191	423
191	488
191	515
191	757
191	1803
192	193
192	344
192	467
192	541
192	898
192	937
192	1300
192	1617
193	221
193	230
193	300
193	445
193	447
193	584
193	601
193	805
193	960
193	978
193	1067
193	1081
193	1197
194	212
194	302
194	305
194	349
194	569
194	754
194	762
194	1010
194	1236
194	1240
194	1344
194	1707
195	265
195	320
195	404
195	436
195	527
195	810
195	1113
195	1612
195	1882
196	312
196	490
196	734
196	931
196	1512
196	1958
197	211
197	213
197	274
197	333
197	529
197	676
197	693
197	961
198	227
198	326
198	364
198	422
198	433
198	562
198	587
198	659
198	729
198	812
198	938
198	939
198	1061
198	1180
198	1298
198	1707
198	1749
199	272
199	275
199	277
199	281
199	307
199	460
199	528
199	548
199	890
199	931
199	1102
199	1160
199	1458
199	1997
200	225
200	253
200	291
200	509
200	558
200	843
200	963
200	990
200	1013
200	1031
200	1136
200	1168
201	383
201	419
201	505
201	1056
201	1198
201	1513
201	1767
202	224
202	288
202	300
202	343
202	357
202	500
202	1006
202	1140
202	1161
202	1663
202	1741
202	1985
203	215
203	400
203	406
203	489
203	563
203	586
203	753
203	793
203	862
204	261
204	431
204	500
204	1068
204	1268
204	1374
205	244
205	321
205	437
205	470
205	480
205	920
205	1022
205	1689
206	229
206	443
206	534
206	611
206	636
206	907
206	928
206	1266
207	231
207	233
207	260
207	300
207	319
207	323
207	416
207	492
207	697
207	705
207	910
207	1481
207	1536
207	1607
208	264
208	313
208	353
208	632
208	1064
208	1488
209	237
209	260
209	365
209	1006
209	1060
209	1261
209	1284
209	1549
210	247
210	417
210	432
210	609
210	801
210	869
210	947
210	1508
210	1771
211	252
211	590
211	926
211	955
211	1052
212	263
212	376
212	381
212	387
212	415
212	447
212	555
212	604
212	759
212	998
212	1083
212	1485
212	1538
212	1997
213	232
213	297
213	449
213	520
213	556
213	565
213	612
213	619
213	707
213	1167
213	1648
214	362
214	447
214	485
214	524
214	607
214	1035
214	1855
215	429
215	850
215	851
215	872
215	1034
216	244
216	372
216	649
216	774
216	827
216	1111
216	1431
217	236
217	314
217	342
217	385
217	470
217	545
217	681
217	702
217	752
217	796
217	925
217	1456
217	1712
217	1862
218	227
218	277
218	313
218	374
218	395
218	526
218	621
218	638
218	661
218	829
218	1171
218	1233
218	1455
218	1746
219	251
219	483
219	1458
219	1464
220	337
220	1002
220	1165
220	1258
220	1471
220	1995
221	532
221	591
221	743
221	747
222	311
222	329
222	634
222	913
222	1105
223	238
223	316
223	350
223	390
223	422
223	713
223	981
223	1043
223	1117
223	1182
223	1202
224	229
224	303
224	306
224	376
224	513
224	593
224	661
224	720
224	854
224	1012
224	1440
224	1666
225	231
225	642
225	833
225	835
225	895
225	1228
225	1450
226	374
226	472
226	547
226	635
226	667
226	1038
226	1066
226	1228
226	1428
226	1449
226	1697
226	1857
227	1314
227	1316
228	454
228	491
228	1221
228	1266
228	1420
229	250
229	263
229	358
229	545
229	869
229	1048
230	288
230	476
230	620
230	663
230	1681
230	1684
230	1814
231	313
231	338
231	358
231	432
231	524
231	603
231	818
231	1009
231	1054
231	1283
231	1298
231	1381
231	1676
231	1714
232	359
232	500
232	598
232	651
232	836
232	1194
232	1257
232	1260
232	1681
232	1795
233	327
233	414
233	462
233	560
233	600
233	829
233	864
233	921
233	1102
233	1123
233	1853
234	266
234	321
234	539
234	581
234	678
234	930
234	1014
234	1077
234	1903
235	246
235	1119
235	1189
235	1337
235	1369
235	1605
235	1845
235	1846
235	1896
236	318
236	348
236	386
236	428
236	703
236	749
236	850
236	1038
236	1218
236	1871
237	239
237	295
237	304
237	341
237	426
237	442
237	672
237	760
237	799
237	876
237	1406
237	1622
238	325
238	328
238	505
238	1071
238	1276
238	1600
238	1813
239	289
239	527
239	963
239	1301
239	1745
239	1898
239	1985
240	333
240	452
240	463
240	553
240	629
240	816
240	819
240	1140
240	1593
241	320
241	392
241	413
241	525
241	541
241	1110
241	1121
241	1792
242	440
242	453
242	490
242	1115
242	1126
242	1251
242	1275
242	1547
242	1595
242	1616
243	405
243	536
243	653
243	856
243	983
243	1931
244	245
244	275
244	465
244	510
244	515
244	1383
244	1619
245	299
245	393
245	511
245	637
245	685
245	690
245	812
245	1179
245	1183
246	299
246	573
246	687
246	1030
246	1562
247	259
247	284
247	286
247	290
247	293
247	1297
247	1566
247	1574
247	1668
248	351
248	443
248	549
248	576
248	844
248	979
248	1066
248	1495
248	1516
248	1904
248	1943
249	292
249	296
249	339
249	664
249	731
249	789
249	802
249	1501
249	1521
250	257
250	261
250	332
250	915
251	252
251	278
251	280
251	565
251	770
251	796
251	1029
251	1117
251	1249
251	1354
252	332
252	334
252	352
252	358
252	715
252	845
252	1134
252	1459
252	1517
252	1763
252	1964
253	254
253	321
253	441
253	567
253	763
254	282
254	310
254	325
254	344
254	387
254	430
254	991
254	1027
254	1331
254	1488
254	1951
255	351
255	473
255	514
255	902
255	1002
255	1072
256	270
256	471
256	604
256	984
256	1113
256	1202
256	1435
257	265
257	412
257	506
257	658
257	709
257	749
257	792
257	873
257	965
257	1529
257	1721
258	291
258	311
258	323
258	350
258	380
258	400
258	464
258	519
258	546
258	630
258	640
258	857
258	1001
258	1162
258	1331
258	1996
259	266
259	274
259	305
259	551
259	593
259	630
259	678
259	890
259	967
259	1341
259	1464
259	1846
260	530
260	797
260	849
260	1146
260	1765
261	409
261	431
261	460
261	462
261	487
261	498
261	509
261	510
261	530
261	571
261	1669
261	1728
261	1786
262	360
262	595
262	654
263	366
263	586
263	1047
263	1083
263	1696
264	323
264	408
264	416
264	548
264	561
264	794
264	1151
264	1351
264	1468
264	1910
265	307
265	310
265	421
265	498
265	502
265	517
265	686
265	837
265	1032
265	1130
265	1190
266	369
266	394
266	683
266	800
266	1123
266	1283
266	1378
266	1413
266	1503
267	277
267	346
267	353
267	356
267	366
267	488
267	814
267	824
267	870
267	1646
267	1809
268	272
268	809
269	325
269	457
269	682
269	712
269	739
269	932
269	1035
269	1112
269	1163
269	1359
270	299
270	408
270	1851
270	1942
271	493
271	506
271	651
271	915
271	1084
271	1320
271	1557
271	1997
272	325
272	328
272	341
272	367
272	382
272	853
272	1203
272	1271
272	1719
272	1994
273	274
273	424
273	597
273	617
273	832
273	1018
273	1600
273	1941
274	573
274	626
274	1034
274	1272
275	342
275	405
275	503
275	590
275	1183
275	1352
275	1382
275	1536
275	1757
276	378
276	441
276	909
276	1036
276	1050
276	1081
276	1652
276	1957
277	460
277	471
277	912
277	1445
278	317
278	502
278	691
278	696
278	719
278	754
278	893
278	1488
279	434
279	466
279	602
279	830
279	1392
279	1397
280	331
280	361
280	768
280	797
280	957
280	1147
280	1434
280	1732
280	1793
281	333
281	349
281	397
281	421
281	513
281	531
281	814
281	1193
281	1521
281	1688
282	306
282	438
282	504
282	518
282	900
282	1033
282	1203
283	435
283	1062
283	1228
283	1679
284	286
284	429
284	607
284	684
284	809
284	934
284	1064
284	1418
284	1602
284	1934
285	317
285	431
285	466
285	634
285	685
285	1727
286	514
286	540
286	677
286	714
286	1118
286	1132
286	1172
286	1467
286	1811
286	1842
287	371
287	390
287	407
287	481
287	787
287	917
288	392
288	418
288	459
288	560
288	904
288	906
288	1089
288	1398
288	1649
288	1666
288	1760
288	1791
288	1817
289	322
289	409
289	597
289	951
289	1023
289	1460
290	293
290	327
290	351
290	391
290	395
290	503
290	1344
290	1396
290	1452
290	1688
290	1750
291	363
291	574
291	608
291	1228
291	1461
291	1671
291	1790
292	337
292	340
292	739
292	830
292	889
292	1212
293	418
293	557
293	661
293	975
293	1349
293	1378
293	1664
293	1939
294	442
294	448
294	586
294	630
294	984
294	1350
295	393
295	452
295	876
295	898
295	1023
295	1346
295	1536
295	1819
296	412
296	587
296	675
296	763
296	769
296	783
296	1329
296	1786
297	348
297	391
297	429
297	525
297	589
297	1246
297	1276
297	1461
297	1722
297	1966
298	302
298	408
298	498
298	665
298	710
298	820
298	1652
299	344
299	497
299	555
299	739
299	1076
299	1171
299	1237
299	1902
300	367
300	389
300	501
300	521
300	582
300	606
300	656
300	698
300	835
300	1059
300	1230
300	1781
301	418
301	465
301	635
301	659
301	798
301	1157
301	1337
301	1377
301	1654
301	1870
302	540
302	546
302	615
302	631
302	1000
303	329
303	842
303	1566
304	322
304	346
304	380
304	468
304	537
304	942
304	1016
304	1149
304	1445
305	354
305	362
305	423
305	531
305	656
305	1077
305	1384
305	1917
306	328
306	355
306	457
306	681
306	684
306	789
306	808
306	1252
306	1458
306	1833
307	379
307	748
307	1412
307	1711
308	703
308	803
308	899
308	1112
308	1448
308	1802
309	386
309	859
309	913
309	918
309	1026
309	1312
310	377
310	858
310	1218
310	1919
311	383
311	389
311	410
311	482
311	553
311	598
311	730
311	743
311	887
311	1147
311	1265
311	1272
311	1652
311	1776
312	366
312	519
312	779
312	821
312	822
312	1198
312	1228
312	1580
312	1833
312	1865
313	369
313	373
313	609
313	615
313	700
313	1127
313	1858
313	1923
314	436
314	517
314	522
314	802
314	1005
314	1091
314	1319
314	1375
315	364
315	486
315	498
315	739
315	783
315	840
315	857
315	894
315	910
315	971
315	1142
315	1332
315	1438
315	1736
315	1901
316	356
316	380
316	411
316	645
316	735
316	790
316	1130
317	397
317	746
317	784
317	795
317	1876
318	537
318	666
318	775
318	788
318	1512
319	416
319	599
319	727
319	927
319	1243
319	1346
320	333
320	338
320	438
320	439
320	457
320	594
320	662
320	673
320	695
320	860
320	1090
320	1215
320	1270
320	1310
320	1390
320	1511
320	1794
321	444
321	482
321	696
321	938
321	950
321	1802
322	334
322	390
322	428
322	522
322	555
322	994
322	1035
322	1279
322	1609
323	346
323	370
323	442
323	476
323	559
323	601
323	721
323	745
323	886
323	1410
323	1578
323	1661
323	1689
324	390
324	1286
325	327
325	707
325	759
325	791
325	1118
325	1587
325	1693
325	1709
326	370
326	543
326	717
326	732
326	764
326	848
326	850
326	884
326	947
326	1553
326	1882
327	354
327	741
327	866
327	1042
327	1114
328	359
328	493
328	596
328	620
328	838
328	1008
328	1019
328	1080
328	1103
328	1122
328	1263
329	332
329	340
329	345
329	530
329	599
329	701
329	773
329	808
329	922
329	1041
329	1191
329	1541
330	395
330	487
330	976
330	1084
330	1180
330	1182
330	1383
331	404
331	406
331	499
331	645
331	1914
331	1966
332	414
332	502
332	906
332	1832
332	1896
333	920
333	964
334	1176
334	1180
335	350
335	415
335	708
335	1137
335	1238
335	1255
335	1292
335	1680
335	1701
335	1980
336	373
336	458
336	570
336	700
336	1148
337	374
337	417
337	639
337	667
337	695
337	715
337	1447
337	1558
337	1808
337	1878
338	723
338	1073
339	420
339	657
340	343
340	409
340	439
340	595
340	644
340	747
340	836
340	1074
340	1115
340	1192
340	1218
340	1646
340	1647
341	342
341	372
341	628
341	780
341	870
341	1007
341	1046
341	1314
341	1484
342	378
342	758
342	842
342	1201
342	1211
342	1450
342	1698
342	1701
343	595
343	1455
343	1479
343	1637
344	394
344	405
344	594
344	706
344	782
344	935
344	1641
345	371
345	407
345	468
345	700
345	765
346	489
346	792
346	1166
346	1347
346	1444
346	1621
346	1626
347	368
347	402
347	470
347	664
347	977
347	1229
348	393
348	501
348	563
348	918
348	1487
348	1895
348	1998
349	463
349	475
349	501
349	970
349	1360
349	1772
350	414
350	448
350	517
350	768
350	862
350	874
350	1268
350	1402
350	1504
350	1694
351	449
351	530
351	615
351	622
351	750
351	1311
351	1543
352	438
352	867
352	957
352	1053
352	1716
353	404
353	435
353	544
353	837
353	989
353	1310
353	1972
354	407
354	519
354	555
354	579
354	602
354	745
354	1287
354	1322
354	1341
354	1567
354	1772
355	437
355	455
355	499
355	524
355	624
355	745
355	802
355	908
355	1094
355	1327
355	1526
355	1554
356	398
356	421
356	427
356	556
356	923
356	1139
356	1181
356	1189
356	1234
357	512
357	571
357	750
357	847
357	851
357	1156
357	1377
357	1837
358	382
358	405
358	463
358	714
358	772
359	419
359	793
359	1199
359	1342
359	1604
360	361
360	508
360	609
360	761
360	1080
360	1727
360	1921
361	638
361	683
361	839
361	966
361	1108
361	1214
361	1247
361	1467
361	1678
361	1881
362	402
362	486
362	547
362	578
362	702
362	716
362	799
362	1049
362	1101
362	1164
363	653
363	934
363	1085
363	1380
363	1405
364	384
364	395
364	410
364	529
364	617
364	1182
365	462
365	619
365	1865
366	495
366	1216
366	1263
367	666
367	710
367	790
367	1120
367	1363
367	1643
367	1846
368	485
368	524
368	804
368	865
368	1185
368	1191
368	1645
369	479
369	571
369	641
369	1129
369	1196
369	1630
369	1696
369	1783
369	1854
370	415
370	465
370	469
370	865
370	914
370	1082
370	1153
370	1315
370	1724
371	454
371	578
371	932
371	937
371	1568
371	1638
372	622
372	624
372	647
372	796
372	1345
373	519
373	542
373	749
373	765
373	879
373	1119
373	1356
373	1858
374	404
374	669
374	742
374	805
374	812
374	1168
374	1312
374	1513
374	1528
375	386
375	412
375	439
375	465
375	782
375	834
375	849
375	1097
375	1303
375	1765
376	718
376	853
376	858
376	1010
376	1192
376	1195
377	396
377	445
377	478
377	601
377	616
377	667
377	743
377	844
377	854
377	861
377	874
377	1158
377	1397
377	1522
377	1971
378	522
378	532
378	957
378	1004
378	1074
379	426
379	476
379	507
379	740
379	789
379	1005
380	425
380	601
380	871
380	1165
380	1325
380	1345
380	1599
381	402
381	691
381	1072
381	1182
381	1900
382	440
382	444
382	649
382	879
382	1554
382	1643
382	1860
383	493
383	924
383	1186
383	1287
383	1482
383	1542
383	1818
384	473
384	506
384	511
384	699
384	891
384	1578
385	423
385	817
385	1401
385	1563
386	477
386	484
386	767
386	996
386	1127
386	1235
386	1373
387	406
387	757
387	931
387	1361
387	1538
388	393
388	515
388	516
388	534
388	543
388	796
388	831
388	891
388	1125
388	1317
388	1337
389	424
389	445
389	481
389	1689
389	1705
389	1794
391	475
391	488
391	652
391	871
391	1063
391	1133
391	1356
392	1236
392	1859
393	424
393	523
393	713
393	1236
393	1537
394	469
394	471
394	584
394	657
394	717
394	740
394	803
394	854
394	925
394	1078
394	1246
394	1622
395	443
395	1049
395	1487
395	1780
395	1948
396	433
396	622
396	738
396	794
396	797
396	912
397	444
397	584
397	1296
397	1557
397	1829
397	1996
398	495
398	631
398	757
398	761
398	1059
399	408
399	443
399	540
399	1217
399	1264
399	1362
400	590
400	819
400	859
400	1623
401	919
401	1316
401	1891
402	451
402	748
402	1064
402	1184
402	1395
402	1984
403	533
403	670
403	989
403	999
403	1169
403	1252
403	1481
403	1510
403	1844
404	567
404	588
404	714
404	1018
404	1043
404	1193
404	1487
405	592
405	1531
405	1732
406	450
406	516
406	612
406	919
406	1505
407	552
407	968
407	969
407	1835
407	1937
408	482
408	509
408	688
408	958
408	1148
408	1345
408	1544
409	433
409	585
409	634
409	956
409	1388
410	456
410	561
410	615
410	631
410	744
410	1834
411	786
411	1423
411	1432
412	472
412	603
412	723
412	1333
412	1408
412	1419
412	1789
413	583
413	686
413	746
413	856
413	1282
414	517
414	846
414	884
414	1126
415	505
415	513
415	583
415	810
415	823
415	1558
416	559
416	664
416	872
416	1003
416	1271
416	1296
416	1543
416	1605
416	1659
417	473
417	650
417	834
417	1038
417	1206
418	434
418	600
418	815
418	1290
418	1648
419	484
419	637
419	811
419	1031
419	1206
419	1291
419	1394
419	1574
419	1894
420	442
420	624
420	1677
420	1838
421	527
421	677
421	1007
421	1239
421	1247
422	538
422	608
422	632
422	940
423	550
423	643
423	775
423	962
423	997
423	1833
423	1952
424	451
424	452
424	502
424	523
424	554
424	570
424	1167
424	1241
424	1291
424	1293
424	1309
424	1346
424	1994
425	626
425	778
425	1299
425	1414
425	1417
425	1803
426	479
426	590
426	599
426	711
426	1443
427	433
427	483
427	494
427	528
427	549
427	571
427	618
427	658
427	736
427	1150
428	560
428	861
428	1298
428	1580
428	1703
428	1853
429	786
429	862
429	1615
430	491
430	591
430	774
430	1070
430	1288
430	1542
431	537
431	605
431	678
431	830
431	839
431	985
431	1297
431	1411
431	1992
432	587
432	1129
432	1778
433	614
433	1366
433	1492
434	569
434	660
434	671
434	907
435	586
435	636
436	541
436	610
436	660
436	713
436	855
436	1576
436	1656
437	451
437	459
437	737
437	747
437	806
437	1574
437	1683
437	1991
438	441
438	617
438	722
438	744
438	804
438	839
438	1033
438	1475
439	527
439	580
439	617
439	777
439	1356
439	1792
440	458
440	1242
440	1258
440	1260
440	1698
441	813
441	908
441	911
441	963
441	1077
441	1655
442	479
442	628
442	692
442	840
442	1138
442	1639
442	1780
443	1119
443	1370
443	1752
443	1767
443	1769
443	1928
444	505
444	514
444	610
444	674
444	795
444	1024
444	1889
445	485
445	569
445	607
445	742
445	849
445	853
445	972
445	1359
445	1434
446	511
446	937
446	1093
446	1562
446	1719
446	1764
447	455
447	470
447	564
447	906
447	1043
447	1130
447	1654
448	453
448	497
448	868
448	1067
449	474
449	1048
449	1135
449	1213
449	1491
449	1793
449	1814
449	1881
450	551
450	1422
451	504
451	689
451	829
451	873
451	974
451	1812
451	1847
451	1899
452	456
452	742
452	794
452	799
452	1342
452	1401
452	1415
452	1610
453	523
453	729
453	761
453	1034
453	1275
453	1793
454	497
454	945
454	969
454	1214
454	1556
455	582
455	603
455	897
455	898
455	966
455	1315
455	1695
456	543
456	643
456	673
456	777
456	778
456	1729
456	1791
456	1802
457	466
457	538
457	598
457	717
457	940
457	1056
458	503
458	559
458	693
458	818
458	1124
458	1197
458	1200
458	1449
458	1586
458	1784
459	1207
459	1408
459	1597
459	1659
459	1728
460	729
460	1368
460	1781
461	641
461	846
461	1198
461	1786
462	480
462	549
462	611
462	882
462	1026
462	1175
462	1318
462	1409
462	1547
463	572
463	577
463	581
463	822
463	894
463	1446
464	800
464	966
464	1099
464	1412
464	1633
464	1678
465	494
465	589
465	756
465	770
465	1321
465	1611
465	1617
465	1823
466	706
466	954
466	1514
467	477
467	578
467	1172
467	1546
467	1597
467	1724
467	1859
468	651
468	701
469	543
469	908
469	1015
469	1075
469	1105
469	1348
469	1947
470	821
470	1561
471	881
471	1014
471	1990
472	532
472	533
472	734
472	920
472	1914
473	512
473	533
473	569
473	806
473	840
473	998
473	1640
473	1886
474	627
474	805
474	1063
474	1155
474	1285
474	1737
474	1974
475	538
475	708
475	855
475	1044
475	1059
475	1403
476	480
476	827
476	959
476	1280
476	1315
476	1506
477	494
477	688
477	1354
478	614
478	809
478	859
478	1060
478	1061
478	1360
478	1583
478	1954
479	532
479	742
479	927
479	1701
480	864
480	1219
480	1441
481	723
481	1834
481	1859
482	501
482	506
482	536
482	542
482	550
482	594
482	1178
482	1532
483	773
483	911
483	1036
483	1051
483	1604
484	717
484	1012
484	1048
484	1244
484	1409
484	1917
485	544
485	596
485	623
485	725
485	940
485	1060
486	671
486	1057
486	1640
486	1749
487	558
487	667
487	728
487	1664
487	1827
487	1910
487	1961
488	574
488	801
488	890
488	1263
488	1730
489	496
489	835
489	857
489	977
489	1114
490	1465
490	1713
491	518
491	634
491	637
491	720
491	725
492	550
492	863
492	888
493	523
493	564
493	678
493	690
493	691
493	852
493	1158
493	1212
493	1813
494	636
494	670
494	826
494	889
494	1178
494	1414
495	545
495	606
495	801
495	1477
495	1898
496	581
496	698
496	708
496	856
496	870
496	1019
496	1222
496	1268
496	1474
496	1636
497	712
497	735
497	852
497	968
497	1636
497	1723
498	686
498	1185
498	1203
498	1323
498	1563
499	759
499	1049
499	1222
499	1815
499	1826
500	621
500	704
500	1009
500	1279
500	1350
500	1371
500	1682
501	905
501	910
501	953
501	1180
501	1277
501	1754
501	1883
502	536
502	545
502	609
502	891
502	1903
503	554
503	585
503	629
503	658
503	724
503	913
503	1163
503	1537
503	1592
504	1006
504	1227
504	1271
504	1913
505	748
505	802
505	805
505	997
505	1989
506	512
506	635
506	647
506	677
506	862
506	905
506	934
506	1015
507	899
507	1027
507	1181
507	1215
507	1673
508	653
508	814
508	867
508	1016
509	861
509	875
509	944
509	1177
509	1937
509	1978
510	516
510	525
510	540
510	683
510	915
510	922
510	1097
510	1187
510	1304
510	1454
510	1620
510	1889
511	577
511	688
511	875
511	880
511	1132
511	1157
511	1227
511	1687
512	526
512	903
512	1353
512	1540
512	1753
512	1922
512	1959
513	583
513	983
513	1247
514	698
514	847
514	1005
514	1137
514	1775
515	599
515	851
515	878
515	1071
515	1709
516	566
516	572
516	1013
516	1358
517	579
517	592
517	865
517	993
518	558
518	986
518	1061
518	1118
519	695
519	769
519	779
519	989
519	993
519	1055
519	1177
519	1394
519	1708
520	1204
521	676
521	704
521	864
521	928
521	933
521	1304
521	1323
521	1523
521	1808
522	639
522	697
522	753
522	983
522	1212
522	1256
523	536
523	583
523	758
523	1420
523	1676
525	589
525	641
525	679
525	1473
525	1583
526	603
526	665
526	724
526	752
526	806
526	927
526	976
526	1025
526	1435
526	1969
527	588
527	1051
527	1080
527	1974
528	652
528	1454
529	561
529	649
529	662
529	844
529	1308
530	648
530	702
530	735
530	1507
530	1647
530	1659
531	987
531	1015
531	1103
531	1349
531	1403
531	1454
531	1670
532	553
532	648
532	751
532	756
532	791
532	1630
532	1637
533	575
533	640
533	712
533	817
533	848
533	897
533	973
533	1077
533	1101
533	1129
533	1161
534	881
534	1664
534	1807
535	550
535	710
535	895
535	1319
535	1484
535	1967
536	702
536	826
536	1094
536	1261
536	1788
537	542
537	669
537	882
537	1334
537	1376
537	1902
538	788
538	839
538	1150
538	1169
538	1286
539	651
539	938
539	1076
539	1445
539	1585
540	642
540	681
540	714
540	779
540	792
540	843
540	925
540	938
540	995
540	1831
540	1965
541	629
541	825
541	962
541	1245
541	1278
541	1290
541	1636
542	547
542	564
542	621
542	1082
542	1110
542	1494
542	1525
543	633
543	756
543	1078
544	757
544	1042
544	1794
544	1838
545	755
545	1121
546	620
546	824
546	1017
546	1128
546	1351
546	1635
546	1818
547	572
547	1038
547	1101
547	1282
547	1302
548	591
548	1100
548	1422
548	1441
549	584
549	885
549	1952
550	585
550	755
550	950
551	670
551	704
551	719
551	726
551	899
551	1016
551	1582
551	1632
551	1756
551	1850
552	613
552	1798
552	1891
553	565
553	602
553	643
553	665
553	1143
553	1698
553	1770
554	672
554	720
554	763
554	785
554	929
554	978
554	1674
555	768
555	887
555	914
555	916
555	989
555	1209
555	1304
556	762
556	1086
556	1616
556	1775
557	563
557	715
557	941
557	972
557	1006
557	1013
557	1245
557	1945
557	1969
558	627
558	689
558	781
558	973
558	1253
558	1496
558	1624
559	1255
559	1674
559	1705
559	1807
560	1230
560	1239
561	697
561	1237
561	1614
562	588
562	1086
562	1410
562	1884
563	817
563	1216
564	705
564	709
564	760
564	838
564	958
564	1238
564	1300
565	566
565	736
565	788
565	1055
565	1420
566	661
566	1104
566	1214
566	1255
566	1751
566	1892
567	1096
567	1141
568	879
568	958
568	1019
568	1466
568	1576
569	820
569	1945
569	1957
570	616
570	798
570	803
570	1200
570	1999
571	682
571	829
571	1017
571	1032
571	1348
571	1799
572	618
572	733
572	826
573	674
573	1147
573	1447
573	1650
573	1742
573	1744
574	1044
574	1074
574	1530
574	1635
574	1847
575	577
575	747
575	819
575	935
575	943
575	952
575	969
575	1125
575	1129
575	1532
576	605
576	660
576	1840
577	579
577	679
577	831
577	1519
577	1603
577	1636
578	625
578	1046
578	1366
578	1607
578	1721
579	666
579	1179
579	1299
579	1327
580	726
580	845
580	984
580	1020
580	1307
580	1406
580	1501
580	1701
580	1940
581	655
581	780
581	836
581	963
581	1800
582	877
582	1220
582	1350
582	1861
583	627
583	685
583	1486
584	781
584	884
584	974
584	1290
585	758
585	793
585	1261
585	1612
586	787
586	896
586	946
586	967
587	861
587	905
587	914
587	1183
587	1213
588	1003
588	1110
588	1360
588	1567
589	591
589	684
589	882
589	1028
589	1420
589	1725
589	1911
590	732
590	773
590	1259
590	1348
590	1492
590	1693
590	1746
591	608
591	632
591	772
591	820
591	1118
591	1268
591	1766
592	732
592	847
592	936
592	1235
592	1679
593	674
593	975
593	1231
593	1373
594	716
594	1018
594	1523
594	1733
594	1920
595	679
595	765
595	1031
595	1074
595	1618
596	623
596	721
596	753
596	899
596	1032
596	1223
596	1224
596	1416
596	1429
596	1725
596	1727
597	642
597	873
597	1056
597	1238
597	1572
597	1626
598	652
598	974
598	1398
598	1415
598	1424
598	1427
599	602
599	662
599	1189
599	1279
599	1690
600	719
600	985
600	1018
600	1091
600	1111
600	1414
601	838
601	1144
601	1187
601	1225
601	1541
601	1835
601	1912
602	843
602	1232
602	1302
602	1726
602	1877
603	700
603	892
603	955
603	1297
603	1838
603	1866
604	1472
605	644
605	663
605	753
605	880
605	1085
605	1375
605	1635
606	912
606	1145
606	1759
607	746
607	932
607	975
607	1533
608	684
608	703
608	1047
608	1196
608	1642
609	621
609	626
609	697
609	873
609	1065
609	1153
609	1919
609	1969
610	650
610	952
610	1598
610	1944
611	832
611	851
611	1090
611	1194
611	1278
611	1286
611	1434
612	668
612	1330
612	1396
613	650
613	721
613	733
613	901
613	1382
613	1546
613	1983
614	885
614	1073
614	1176
615	728
615	1292
615	1702
615	1986
616	783
616	821
616	843
616	1130
616	1408
616	1773
617	816
617	971
617	982
617	992
617	1753
618	786
618	1205
618	1415
618	1550
618	1706
618	1912
619	637
619	728
619	856
619	1063
619	1399
619	1496
619	1589
619	1981
619	1984
620	1019
620	1148
620	1277
620	1500
620	1872
620	1874
621	659
621	664
621	673
621	1001
621	1884
621	1989
622	806
622	942
622	1109
622	1144
622	1225
622	1460
622	1564
623	1219
623	1679
624	628
624	668
624	764
624	823
624	924
624	1206
624	1924
625	726
625	823
625	895
625	1058
625	1089
625	1103
625	1109
625	1929
626	1022
626	1244
626	1325
626	1511
626	1781
626	1875
627	687
627	1740
628	635
628	671
628	795
628	944
628	1250
629	1131
629	1208
629	1358
629	1453
630	639
630	654
630	1037
630	1178
630	1601
631	633
631	996
631	1030
631	1040
631	1448
631	1913
632	967
632	1020
632	1101
632	1732
632	1751
632	1824
632	1895
633	694
633	981
633	1201
634	706
634	831
634	854
634	1614
635	693
635	1021
635	1210
635	1364
635	1969
635	1992
636	659
636	827
636	828
636	970
637	755
637	1045
637	1154
637	1695
638	1052
638	1307
638	1428
638	1499
639	786
639	836
639	876
639	928
639	1160
639	1441
639	1946
640	701
640	852
640	933
640	1143
641	657
641	1227
642	871
642	893
642	1045
642	1879
643	722
643	1030
643	1141
643	1830
644	784
644	1579
645	689
645	790
645	1509
646	750
646	827
646	833
646	882
646	1226
646	1278
646	1462
646	1812
647	917
647	987
647	1542
647	1563
647	1598
647	1660
647	1761
648	707
648	770
648	798
648	1089
648	1446
648	1503
649	722
649	781
649	1113
651	728
651	1154
651	1455
652	949
652	1017
652	1210
652	1324
652	1671
652	1771
653	712
653	791
653	1585
653	1683
653	1877
654	680
654	788
654	835
654	1107
654	1676
654	1763
654	1774
655	877
655	1181
655	1913
656	675
656	727
656	1466
657	680
657	686
657	808
657	1363
658	813
658	946
658	1034
658	1090
658	1473
659	721
659	863
659	1559
659	1604
659	1610
659	1765
660	1555
660	1955
661	775
661	1256
661	1670
662	706
662	777
662	1550
662	1561
662	1820
663	926
663	1821
664	1648
664	1748
665	738
665	881
665	1188
665	1193
665	1403
665	1548
665	1834
665	1999
666	707
666	815
666	886
666	892
666	1153
666	1863
667	731
668	756
668	764
668	841
668	1028
668	1139
668	1147
668	1685
669	675
669	897
669	1115
669	1808
670	1098
670	1187
670	1408
670	1540
671	730
671	762
671	998
671	1171
671	1280
672	895
672	1283
672	1437
672	1577
672	1585
672	1858
673	710
673	871
673	986
673	1022
673	1479
673	1540
673	1571
673	1763
674	803
674	1095
674	1447
674	1535
675	780
675	821
675	1124
675	1343
676	1306
676	1582
677	762
677	1056
677	1086
677	1257
677	1329
677	1404
677	1411
677	1438
677	1453
678	1197
678	1232
678	1273
679	688
679	1070
679	1269
679	1386
680	778
680	1153
680	1756
681	885
681	1138
682	974
682	1444
682	1480
682	1594
682	1642
683	1177
683	1428
683	1576
684	689
684	815
684	1072
684	1275
684	1795
685	754
685	782
685	1238
685	1240
686	980
686	1042
686	1052
686	1285
687	731
687	744
687	769
687	935
687	1373
687	1410
688	696
688	743
688	891
688	939
688	1259
688	1613
688	1626
689	755
689	913
689	1066
689	1787
690	816
690	825
690	1393
690	1490
690	1499
691	699
691	1509
691	1904
692	1215
692	1232
692	1369
692	1509
692	1664
693	983
693	1058
693	1166
693	1555
694	841
694	1142
694	1500
694	1543
695	1493
696	1405
696	1964
697	1117
697	1211
697	1502
697	1594
697	1652
698	1007
698	1588
699	994
700	1248
700	1419
701	782
701	825
701	1265
701	1901
702	724
702	1150
702	1300
702	1460
702	1774
703	847
703	930
703	1217
703	1356
703	1470
703	1967
704	927
704	1795
704	1832
704	1881
705	737
705	1000
705	1076
705	1229
705	1404
706	1033
706	1431
706	1580
706	1840
707	711
707	751
707	787
707	1114
708	970
708	1324
708	1784
709	1163
709	1712
710	1726
711	758
711	837
711	1055
711	1573
711	1864
712	846
712	929
712	1339
713	749
713	1360
714	1194
714	1204
714	1594
715	726
715	811
715	944
715	1174
715	1882
715	1973
716	837
716	894
716	1246
716	1443
716	1528
716	1548
717	741
717	832
717	991
717	1403
717	1660
717	1730
718	918
718	1281
718	1435
719	733
719	900
719	929
719	995
719	1046
719	1387
719	1587
719	1800
719	1878
720	736
720	741
720	907
720	1230
720	1713
721	1331
721	1639
722	723
722	841
722	1402
722	1963
723	1039
723	1095
723	1923
723	1977
724	784
724	875
724	1089
724	1433
725	921
725	985
725	1134
725	1372
725	1409
725	1634
725	1842
725	1929
725	1941
726	776
726	964
726	1899
727	733
727	872
727	1201
727	1751
728	761
728	807
728	910
728	1901
729	992
729	1518
729	1546
729	1609
729	1680
729	1950
730	922
730	1436
731	809
731	818
732	831
732	992
732	1075
732	1204
732	1549
733	1796
734	810
734	1170
735	776
735	1080
735	1083
735	1093
735	1816
735	1817
735	1924
736	1011
736	1897
737	1680
737	1913
738	795
738	1002
738	1136
738	1671
739	787
739	1062
739	1365
739	1484
740	804
740	915
740	1027
740	1370
741	1232
741	1280
741	1305
741	1513
741	1640
742	1120
742	1309
742	1328
742	1901
743	1039
744	764
744	779
744	1087
744	1411
745	746
745	800
745	883
745	1288
745	1322
745	1518
745	1758
745	1800
746	860
746	917
746	997
746	1364
746	1552
747	1021
748	995
748	1218
748	1526
748	1998
749	813
749	870
749	918
749	1170
749	1507
750	760
750	830
750	903
750	1179
750	1510
750	1579
750	1766
750	1854
751	810
751	951
751	1538
751	1639
751	1760
751	1866
752	791
752	1053
752	1069
752	1315
752	1535
752	1835
754	990
754	1175
754	1375
754	1651
754	1822
755	763
755	816
755	1092
756	772
756	949
756	1081
756	1261
756	1341
756	1386
756	1618
757	990
757	1116
757	1156
758	817
758	924
758	996
758	1581
758	1677
759	1041
759	1517
760	1102
760	1213
760	1267
760	1385
761	1972
762	845
762	897
762	1028
763	828
763	1017
764	1128
764	1188
764	1273
764	1430
764	1524
765	1131
765	1478
765	1623
765	1770
765	1945
765	1968
766	935
766	1895
766	1921
767	1193
767	1330
767	1642
768	834
768	1015
768	1319
768	1513
769	941
769	1071
769	1472
770	1230
770	1478
770	1508
771	1036
771	1295
771	1539
772	1166
772	1194
772	1254
772	1424
773	920
773	1277
773	1826
774	1027
774	1241
775	1689
776	1105
777	1559
778	833
778	857
778	921
778	1374
778	1531
778	1867
778	1935
779	1022
779	1159
779	1429
779	1595
779	1678
779	1743
781	855
781	902
781	1628
781	1808
782	1044
782	1363
782	1638
783	877
783	1644
783	1715
784	909
784	1135
784	1573
784	1797
785	812
785	903
785	1050
785	1336
785	1489
786	1042
786	1321
786	1713
786	1946
787	822
787	1392
787	1742
787	1942
788	892
788	1309
788	1662
788	1965
789	973
789	993
789	1229
789	1326
789	1683
789	1777
790	880
790	925
790	1396
790	1440
791	902
791	1566
792	864
792	929
792	1244
792	1597
792	1632
792	1841
792	1878
792	1950
793	883
793	1296
793	1300
793	1649
793	1876
794	1070
794	1499
794	1745
795	860
795	980
795	1097
795	1220
795	1380
796	960
796	1154
796	1378
796	1694
797	1335
797	1818
798	886
799	978
799	1231
799	1517
799	1605
800	1111
800	1174
800	1407
801	948
801	1093
801	1328
801	1478
801	1565
801	1599
802	1134
802	1225
802	1644
803	814
803	949
803	1388
803	1412
803	1672
804	1083
804	1289
804	1497
804	1855
805	955
805	1397
805	1778
806	853
806	1233
807	930
807	1211
808	926
808	965
808	1113
808	1918
809	866
809	1217
809	1577
809	1705
809	1787
810	945
810	1318
810	1437
810	2000
811	964
811	1125
811	1248
811	1369
811	1832
812	923
812	1057
812	1123
812	1406
813	863
813	1321
813	1861
814	995
814	1012
814	1491
814	1655
814	1923
815	1342
815	1697
815	1907
815	1926
816	1156
816	1233
816	1239
816	1502
816	1754
817	1146
817	1175
817	1755
818	903
818	1249
818	1253
818	1333
818	1373
819	1060
819	1070
819	1107
819	1191
819	1293
820	1243
820	1289
820	1308
820	1729
820	1734
821	945
821	1170
822	933
824	953
824	1448
824	1767
824	1775
824	1885
825	948
825	1332
825	1525
826	848
826	955
826	1523
826	1750
827	982
827	1604
827	1742
828	874
828	889
828	907
828	1009
828	1843
829	1011
829	1549
829	1818
830	1048
830	1196
830	1985
831	960
831	1136
831	1287
832	942
832	1024
832	1471
832	1672
833	900
833	950
833	1562
833	1653
834	980
834	1136
834	1158
834	1353
834	1358
834	1654
835	878
835	919
836	1107
836	1116
836	1212
836	1357
836	1587
836	1897
836	1935
837	1098
837	1144
837	1185
837	1223
837	1353
838	1348
838	1510
838	1771
838	1860
839	1145
839	1313
839	1431
839	1470
839	1918
840	878
840	1004
840	1079
840	1255
840	1317
840	1328
840	1355
840	1569
841	1004
841	1024
841	1270
842	1014
842	1092
842	1149
842	1745
842	1787
843	1008
843	1141
843	1922
844	901
844	999
844	1132
844	1493
845	930
845	1249
845	1934
846	1762
846	1788
847	949
847	1071
847	1145
847	1259
848	1159
848	1379
848	1526
848	1552
848	1717
849	1014
849	1024
849	1079
849	1174
849	1183
849	1505
850	1099
850	1556
851	875
851	1028
851	1752
852	941
852	1469
852	1814
853	972
853	1081
853	1106
853	1466
853	1873
854	961
854	1553
855	1578
855	1744
856	868
856	888
856	1135
856	1715
856	1890
856	1966
857	951
857	1310
857	1595
857	1669
858	1480
859	952
859	1104
859	1250
859	1389
859	1407
859	1465
859	1584
859	1790
860	901
860	956
860	1116
860	1208
860	1714
861	1461
861	1916
861	1963
862	960
862	976
862	1735
862	1804
862	1830
863	1001
863	1037
863	1207
863	1697
863	1753
863	1871
864	979
864	1108
864	1545
864	1570
865	901
865	1008
865	1039
865	1249
865	1418
865	1610
865	1965
865	1995
866	880
866	1241
866	1259
866	1336
867	977
867	1025
867	1274
869	1338
869	1819
870	887
870	1209
870	1422
871	1189
871	1252
871	1286
871	1947
872	912
872	1073
872	1524
872	1539
873	1190
873	1196
873	1244
874	1139
874	1645
875	1045
875	1368
875	1618
876	1030
876	1037
876	1149
876	1311
876	1805
876	1932
877	1854
878	946
878	1052
879	1032
879	1330
879	1428
879	1617
879	1788
880	1506
881	1099
881	1169
881	1171
881	1257
881	1258
881	1289
881	1413
881	1498
881	1943
881	1993
882	1069
882	1717
882	1824
883	889
883	893
884	956
884	957
884	1313
884	1998
885	1195
885	1281
885	1399
885	1440
885	1905
886	1108
886	1529
886	1584
886	1991
887	968
888	916
888	936
888	1057
888	1106
888	1872
888	1909
889	1299
889	1865
890	1769
890	1810
890	1811
891	1067
891	1082
891	1372
891	1588
892	1274
892	1317
892	1354
892	1804
893	906
893	1301
894	1206
894	1696
894	1742
895	1127
895	1547
896	993
896	1066
896	1214
897	1291
897	1367
897	1416
898	980
898	1084
898	1718
899	1124
899	1334
899	1429
899	1612
899	1725
900	1392
900	1400
901	1075
901	1250
901	1267
901	1343
901	1665
902	1427
902	1504
902	1603
903	1000
903	1010
903	1035
903	1163
903	1226
903	1820
904	941
904	1087
904	1380
904	1864
904	1952
905	968
905	1237
905	1474
905	1646
905	1880
905	1887
906	1050
906	1114
906	1413
906	1801
907	1295
907	1303
907	1865
908	1133
908	1443
908	1558
909	1294
909	1388
909	1442
910	934
910	1047
910	1576
911	954
911	988
911	1292
912	1046
912	1095
912	1135
912	1398
913	1318
913	1861
914	964
915	1054
915	1079
915	1523
915	1562
916	1852
916	1946
917	1164
917	1484
917	1519
917	1881
918	1202
918	1698
918	1935
919	1444
919	1992
920	1710
921	924
921	1009
921	1618
922	988
922	1208
922	1337
923	1262
923	1619
923	1978
924	948
924	991
924	1324
924	1389
924	1391
924	1820
925	1067
925	1329
925	1415
925	1623
926	1057
926	1207
927	1190
927	1430
927	1480
928	1342
929	952
929	1210
929	1477
929	1506
930	1463
930	1506
930	1606
930	1747
931	953
931	1322
931	1905
932	939
932	959
932	1338
932	1391
933	969
933	1266
934	1003
934	1125
934	1284
934	1766
934	1856
935	1217
936	945
936	1493
936	1722
936	1824
936	1942
937	1313
937	1952
938	943
938	1306
938	1578
938	1957
939	1655
939	1735
940	1088
940	1439
940	1684
940	1782
940	1869
940	1960
941	1260
941	1345
941	1646
942	1260
942	1504
943	1198
943	1339
944	1063
944	1648
944	1739
944	1792
945	988
945	1534
946	1044
947	1087
947	1219
947	1655
948	1098
948	1466
948	1670
949	1175
949	1272
949	1453
949	1549
949	1645
949	1718
949	1817
950	1267
950	1975
951	1065
951	1229
951	1439
951	1921
952	982
952	1430
953	1087
953	1305
953	1395
953	1625
953	1933
953	1934
954	1570
955	1003
955	1036
955	1065
955	1167
955	1256
955	1537
955	1906
956	1001
956	1068
956	1224
956	1365
956	1863
957	1170
957	1387
957	1463
957	1537
957	1845
958	1123
958	1661
958	1900
959	1320
959	1937
959	1943
960	1381
960	1685
961	981
961	1132
961	1142
961	1176
962	1040
962	1239
963	1078
963	1669
963	1748
964	971
964	1054
964	1058
964	1516
964	1593
964	1650
964	1821
965	999
966	1097
966	1423
966	1668
966	1805
966	1990
967	981
967	1731
967	1776
967	1902
969	1361
969	1916
969	1931
970	1700
970	1723
971	1120
971	1809
972	975
972	1338
972	1970
973	1637
973	1949
974	1382
975	1096
975	1225
975	1336
975	1836
976	1025
976	1102
976	1303
976	1321
977	1142
977	1486
977	1716
977	1868
978	1073
978	1512
978	1581
978	1796
979	1085
979	1223
979	1714
979	1749
980	1632
980	1848
981	1151
981	1548
982	1476
983	1119
983	1173
983	1326
983	1437
983	1687
983	1836
984	1459
984	1507
984	1592
985	1086
985	1332
985	1766
987	1120
987	1264
987	1330
987	1851
988	1828
989	998
989	1005
989	1267
989	1371
989	1479
990	1064
990	1815
991	1023
991	1656
992	1011
992	1104
992	1210
992	1402
992	1438
992	1947
993	1620
994	1467
997	1246
997	1311
997	1320
997	1597
997	1940
998	1568
998	1599
998	1773
999	1266
999	1635
1000	1395
1000	1527
1000	1619
1000	1928
1001	1061
1001	1783
1002	1291
1003	1108
1003	1494
1003	1876
1004	1577
1005	1007
1005	1746
1006	1159
1007	1736
1007	1790
1007	1925
1009	1134
1009	1161
1009	1468
1009	1757
1009	1831
1010	1675
1010	1831
1010	1857
1011	1088
1011	1157
1011	1386
1011	1611
1012	1124
1012	1470
1013	1099
1013	1152
1014	1059
1014	1126
1014	1192
1014	1290
1015	1849
1016	1051
1016	1285
1016	1752
1017	1199
1017	1201
1017	1442
1017	1727
1018	1151
1018	1173
1018	1436
1019	1620
1020	1062
1021	1026
1021	1352
1021	1787
1021	1968
1022	1133
1022	1638
1022	1758
1023	1276
1023	1343
1023	1462
1023	1855
1024	1029
1024	1131
1024	1887
1025	1606
1025	1844
1026	1053
1026	1269
1026	1769
1027	1137
1028	1650
1028	1685
1028	1785
1029	1158
1029	1829
1030	1273
1030	1411
1030	1417
1031	1174
1031	1210
1032	1477
1033	1690
1034	1681
1034	1844
1034	1886
1035	1155
1035	1236
1035	1377
1035	1633
1036	1282
1036	1391
1036	1421
1037	1223
1037	1374
1037	1740
1038	1347
1038	1487
1039	1919
1040	1490
1040	1639
1040	1658
1041	1234
1041	1524
1041	1777
1042	1755
1042	1856
1042	1884
1043	1798
1044	1699
1044	1956
1045	1166
1045	1185
1046	1508
1046	1717
1047	1385
1047	1806
1049	1090
1049	1096
1049	1583
1049	1750
1051	1116
1051	1285
1051	1314
1051	1651
1052	1162
1052	1371
1053	1274
1053	1364
1053	1427
1053	1627
1053	1835
1053	1972
1054	1319
1054	1389
1056	1094
1057	1531
1058	1091
1058	1139
1058	1272
1058	1386
1058	1524
1059	1739
1060	1478
1061	1433
1061	1851
1062	1758
1064	1096
1064	1510
1065	1100
1065	1155
1065	1756
1065	1840
1066	1138
1066	1736
1067	1098
1067	1133
1067	1351
1067	1471
1067	1533
1068	1381
1068	1452
1068	1457
1068	1692
1068	1853
1069	1226
1069	1477
1069	1570
1069	1662
1069	1675
1069	1692
1070	1687
1070	1747
1071	1145
1071	1262
1071	1274
1071	1381
1071	1535
1071	1600
1072	1088
1072	1287
1072	1336
1073	1234
1073	1370
1073	1607
1073	1700
1073	1743
1074	1252
1076	1160
1076	1186
1076	1527
1077	1311
1077	1331
1077	1955
1078	1981
1079	1126
1079	1967
1080	1280
1080	1686
1081	1082
1081	1776
1082	1202
1082	1254
1082	1905
1083	1720
1084	1999
1085	1756
1086	1436
1086	1703
1087	1886
1087	1916
1088	1262
1091	1117
1091	1551
1091	1629
1092	1184
1092	1653
1092	1939
1093	1224
1093	1240
1093	1619
1094	1162
1094	1265
1094	1426
1094	1822
1095	1156
1095	1359
1095	1481
1095	1503
1097	1482
1098	1191
1098	1519
1098	1651
1098	1815
1098	1837
1099	1925
1100	1867
1101	1106
1101	1127
1101	1344
1101	1606
1101	1715
1101	1873
1101	1907
1102	1237
1102	1467
1102	1718
1103	1396
1103	1509
1104	1558
1105	1324
1105	1772
1105	1868
1106	1301
1106	1349
1106	1353
1108	1564
1109	1262
1110	1122
1110	1168
1110	1418
1110	1589
1110	1628
1110	1996
1111	1495
1111	1551
1112	1245
1112	1257
1113	1785
1113	1816
1113	1874
1114	1204
1114	1459
1114	1615
1114	1887
1115	1400
1115	1422
1115	1777
1115	1799
1116	1316
1116	1325
1116	1352
1117	1421
1117	1530
1117	1906
1117	1948
1118	1295
1119	1258
1119	1281
1119	1519
1119	1782
1120	1421
1121	1149
1121	1660
1121	1973
1122	1599
1123	1295
1123	1314
1123	1442
1124	1271
1124	1543
1125	1801
1126	1188
1126	1793
1126	1954
1127	1439
1128	1333
1128	1335
1128	1406
1128	1561
1128	1814
1128	1907
1129	1625
1130	1741
1131	1159
1131	1614
1131	1951
1132	1265
1133	1278
1133	1283
1133	1812
1134	1926
1135	1195
1135	1385
1135	1427
1136	1390
1136	1691
1136	1955
1137	1284
1137	1791
1138	1305
1138	1668
1138	1939
1139	1277
1139	1718
1140	1887
1141	1327
1141	1591
1141	1674
1141	1779
1141	1888
1142	1298
1142	1482
1142	1682
1144	1151
1144	1251
1144	1485
1144	1946
1145	1459
1146	1880
1147	1631
1148	1227
1148	1852
1150	1269
1150	1507
1150	1579
1150	1959
1151	1630
1152	1643
1152	1847
1153	1456
1153	1657
1153	1764
1153	1782
1156	1192
1156	1361
1156	1370
1156	1372
1156	1516
1156	1706
1156	1733
1157	1177
1157	1241
1157	1776
1158	1452
1158	1464
1159	1711
1159	1841
1160	1243
1160	1527
1161	1751
1161	1911
1161	1948
1162	1221
1162	1710
1163	1205
1163	1253
1163	1711
1163	1828
1163	1930
1163	1953
1163	1968
1164	1245
1164	1760
1165	1394
1165	1520
1165	1708
1166	1322
1166	1560
1167	1221
1167	1275
1167	1340
1167	1714
1168	1983
1168	1988
1168	1995
1169	1457
1169	1588
1169	1795
1170	1469
1170	1566
1171	1548
1171	1830
1172	1335
1172	1343
1172	1350
1172	1590
1173	1344
1173	1355
1173	1552
1173	1640
1174	1389
1174	1994
1175	1176
1175	1768
1176	1624
1177	1279
1177	1681
1177	1849
1179	1820
1179	1869
1180	1609
1182	1575
1182	1633
1183	1310
1183	1750
1184	1235
1184	1349
1184	1582
1186	1188
1186	1248
1186	1890
1188	1876
1189	1211
1189	1294
1189	1782
1189	2000
1190	1199
1190	1303
1190	1743
1191	1306
1192	1965
1193	1334
1193	1385
1193	1393
1193	1454
1193	1863
1194	1203
1194	1362
1194	1983
1195	1269
1195	1544
1195	1602
1195	1739
1196	1205
1196	1380
1196	1605
1197	1867
1198	1220
1198	1497
1199	1292
1199	1293
1199	1294
1200	1409
1200	1831
1202	1930
1203	1414
1203	1600
1205	1590
1206	1419
1206	1551
1207	1401
1207	1486
1207	1908
1207	1958
1209	1361
1209	1754
1209	1967
1210	1554
1210	1586
1210	1847
1210	1928
1211	1213
1211	1263
1211	1426
1211	1472
1211	1722
1211	1961
1212	1276
1212	1339
1212	1489
1212	1749
1213	1382
1213	1473
1213	1496
1213	1644
1214	1313
1214	1449
1214	1891
1215	1306
1215	1765
1215	1954
1216	1273
1216	1405
1216	1686
1217	1517
1217	1695
1218	1485
1218	1734
1219	1346
1219	1807
1220	1521
1220	1768
1222	1301
1222	1616
1223	1364
1224	1706
1225	1362
1225	1606
1227	1376
1227	1395
1227	1821
1228	1544
1229	1264
1229	1352
1229	1498
1229	1650
1229	1707
1229	1874
1231	1900
1232	1397
1232	1628
1232	1748
1233	1393
1233	1539
1233	1649
1234	1243
1234	1309
1234	1773
1236	1877
1236	1948
1237	1390
1237	1608
1238	1825
1239	1363
1241	1453
1241	1739
1242	1450
1242	1904
1243	1925
1244	1335
1244	1728
1244	1936
1245	1413
1248	1390
1248	1642
1249	1296
1249	1716
1249	1828
1250	1442
1251	1530
1252	1631
1253	1673
1255	1384
1255	1425
1256	1323
1256	1508
1256	1530
1257	1565
1257	1770
1257	1797
1258	1387
1258	1447
1258	1468
1258	1829
1260	1762
1260	1860
1261	1383
1261	1678
1261	1860
1262	1848
1264	1715
1265	1426
1265	1501
1265	1571
1265	1644
1266	1843
1266	1894
1266	1936
1267	1585
1267	1738
1267	1836
1267	1960
1270	1559
1271	1707
1271	1769
1272	1547
1272	1764
1273	1581
1273	1702
1273	1747
1274	1384
1274	1725
1275	1480
1276	1815
1277	1302
1278	1659
1278	1789
1279	1393
1279	1608
1280	1328
1280	1848
1281	1497
1281	1560
1283	1862
1284	1475
1284	1888
1287	1358
1287	1485
1287	1503
1287	1589
1287	1682
1288	1761
1290	1690
1291	1305
1291	1491
1291	1704
1291	1710
1291	1989
1292	1432
1292	1544
1292	1784
1292	1993
1293	1700
1294	1424
1294	1522
1294	1661
1294	1771
1295	1623
1296	1501
1296	1520
1297	1675
1297	1737
1298	1931
1298	2000
1300	1492
1300	1850
1301	1511
1301	1886
1301	1908
1302	1661
1302	1663
1302	1935
1304	1736
1304	1911
1306	1656
1308	1526
1308	1826
1310	1573
1312	1456
1312	1577
1313	1912
1315	1366
1315	1533
1315	1708
1316	1355
1316	1472
1316	1850
1317	1702
1317	1870
1317	1880
1318	1446
1318	1822
1319	1534
1319	1961
1320	1378
1320	1708
1320	1975
1321	1451
1322	1980
1323	1601
1324	1944
1325	1451
1325	1476
1325	1984
1328	1376
1328	1450
1328	1660
1328	1918
1329	1483
1329	1692
1330	1404
1330	1483
1330	1502
1330	1929
1331	1570
1333	1469
1334	1359
1334	1367
1334	1960
1335	1405
1335	1568
1335	1582
1335	1603
1335	1970
1336	1638
1336	1819
1337	1490
1337	1504
1337	1569
1339	1583
1339	1591
1340	1845
1341	1649
1342	1899
1344	1461
1344	1533
1344	1719
1345	1474
1346	1425
1346	1674
1347	1703
1348	1394
1348	1973
1350	1737
1350	1915
1352	1425
1352	1950
1353	1494
1354	1357
1354	1663
1354	1680
1355	1747
1356	1586
1356	1803
1356	1978
1357	1416
1357	1451
1357	1721
1357	1851
1359	1496
1359	1665
1359	1720
1359	1896
1360	1580
1360	1832
1360	1884
1361	1512
1362	1475
1363	1379
1363	1391
1363	1440
1363	1629
1363	1673
1364	1424
1364	1445
1364	1495
1365	1657
1366	1688
1366	1986
1367	1383
1367	1693
1370	1376
1370	1590
1370	1897
1371	1402
1371	1778
1371	1956
1372	1494
1372	1874
1372	1949
1373	1514
1373	1518
1373	1553
1375	1438
1375	1731
1377	1634
1378	1499
1378	1752
1379	1821
1380	1448
1380	1520
1380	1936
1381	1879
1382	1542
1382	1810
1383	1476
1383	1784
1385	1407
1386	1906
1387	1545
1387	1983
1388	1723
1391	1550
1392	1560
1392	1565
1392	1591
1392	1734
1392	1911
1392	1979
1393	1458
1393	1527
1394	1803
1394	1930
1395	1934
1395	1975
1396	1444
1396	1857
1397	1792
1398	1910
1399	1730
1402	1410
1402	1500
1402	1569
1402	1924
1403	1525
1403	1596
1403	1629
1403	1657
1404	1586
1404	1879
1405	1441
1406	1938
1407	1602
1408	1653
1409	1455
1409	1536
1410	1532
1410	1593
1410	1720
1411	1897
1412	1498
1413	1686
1413	1713
1413	1761
1415	1980
1417	1758
1418	1731
1422	1593
1422	1834
1422	1841
1426	1463
1426	1531
1426	1608
1426	1804
1427	1970
1427	1976
1428	1521
1430	1622
1430	1799
1430	1976
1435	1515
1435	1522
1436	1730
1437	1856
1437	1908
1438	1596
1439	1624
1439	1794
1441	1529
1441	1719
1441	1974
1442	1741
1443	1488
1444	1551
1445	1723
1446	1896
1447	1607
1447	1625
1447	1920
1448	1475
1448	1476
1448	1764
1449	1579
1449	1591
1449	1728
1449	1888
1450	1869
1451	1914
1452	1557
1457	1528
1457	1710
1457	1805
1457	1898
1458	1561
1458	1836
1459	1809
1462	1837
1465	1627
1465	1796
1466	1641
1466	1918
1467	1598
1467	1807
1469	1971
1470	1571
1470	1873
1472	1525
1472	1695
1472	1981
1474	1717
1477	1592
1477	1981
1478	1982
1478	1990
1479	1575
1479	1817
1479	1915
1480	1489
1480	1738
1481	1667
1481	1677
1481	1950
1482	1811
1484	1515
1487	1828
1488	1540
1489	1816
1490	1505
1490	1842
1493	1641
1493	1987
1494	1999
1497	1615
1499	1563
1500	1601
1500	1813
1501	1783
1505	1545
1505	1666
1505	1722
1505	1880
1506	1612
1506	1779
1507	1734
1508	1620
1508	1621
1512	1556
1512	1596
1512	1699
1513	1574
1514	1770
1514	1920
1515	1914
1516	1875
1517	1541
1518	1691
1518	1729
1518	1938
1519	1581
1519	1819
1520	1744
1521	1968
1522	1573
1526	1546
1526	1668
1527	1744
1527	1806
1527	1909
1528	1572
1528	1811
1530	1848
1530	1987
1533	1875
1533	1885
1533	1895
1535	1564
1536	1557
1537	1613
1537	1883
1538	1555
1538	1667
1541	1609
1541	1653
1543	1988
1547	1855
1547	1943
1548	1840
1551	1672
1551	1785
1553	1687
1553	1846
1553	1963
1556	1933
1557	1868
1558	1634
1559	1912
1560	1956
1561	1594
1561	1875
1564	1709
1564	1859
1566	1705
1566	1890
1568	1645
1568	1665
1568	1907
1569	1624
1569	1627
1569	1982
1570	1571
1571	1584
1571	1587
1571	1670
1571	1682
1572	1732
1572	1958
1574	1805
1574	1984
1579	1775
1579	1892
1580	1704
1580	1891
1584	1703
1586	1919
1588	1932
1588	1997
1589	1789
1591	1608
1596	1921
1596	1927
1596	1961
1600	1813
1600	1825
1601	1621
1603	1615
1606	1621
1606	1691
1608	1908
1610	1774
1611	1737
1612	1837
1612	1994
1613	1797
1614	1816
1615	1675
1616	1974
1617	1926
1620	1768
1620	1925
1622	1768
1622	1806
1627	1922
1628	1872
1628	1938
1633	1829
1634	1927
1635	1869
1637	1885
1638	1920
1641	1759
1641	1824
1641	1975
1642	1647
1642	1866
1642	1926
1643	1726
1645	1903
1645	1909
1645	1951
1646	1801
1646	1947
1649	1658
1649	1780
1649	1809
1650	1825
1650	1827
1651	1733
1651	1982
1652	1862
1653	1978
1660	1806
1661	1692
1661	1800
1664	1760
1667	1712
1667	1882
1669	1861
1672	1993
1673	1823
1674	1986
1680	1684
1681	1686
1682	1796
1684	1720
1687	1988
1689	1885
1691	1977
1692	1841
1693	1780
1693	1915
1694	1839
1699	1890
1705	1724
1706	1852
1710	1988
1714	1930
1715	1941
1716	1798
1716	1904
1716	1993
1716	2000
1717	1917
1718	1879
1719	1906
1721	1894
1722	1955
1724	1944
1724	1962
1725	1823
1728	1733
1728	1929
1732	1779
1735	1892
1736	1799
1738	1900
1744	1757
1745	1842
1748	1910
1749	1909
1750	1757
1751	1790
1751	1953
1755	1839
1757	1779
1758	1791
1758	1970
1763	1878
1767	1898
1768	1823
1770	1801
1772	1894
1774	1883
1775	1883
1777	1931
1779	1868
1789	1893
1791	1857
1792	1902
1793	1971
1798	1871
1802	1833
1802	1979
1803	1872
1805	1871
1807	1916
1810	1858
1814	1959
1820	1953
1822	1867
1824	1964
1827	1959
1828	1924
1830	1937
1831	1892
1831	1933
1834	1853
1835	1852
1836	1854
1837	1963
1841	1949
1843	1949
1848	1870
1851	1877
1852	1856
1854	1862
1858	1903
1875	1899
1875	1945
1875	1990
1876	1923
1883	1960
1892	1932
1894	1958
1897	1954
1899	1991
1900	1922
1900	1938
1901	1976
1902	1980
1915	1927
1924	1957
1931	1964
1935	1982
1936	1979
1939	1942
1940	1977
1941	1956
1951	1987
1958	1962
1965	1986
1965	1989
