1	2
1	3
1	6
1	9
1	14
1	16
1	141
1	151
1	1448
2	3
2	4
2	7
2	115
2	190
2	325
2	818
2	1303
3	5
3	6
3	8
3	10
3	20
3	22
3	63
3	96
3	414
3	566
3	869
4	5
4	12
4	32
4	77
4	484
4	1012
5	17
5	20
5	23
5	42
5	112
5	128
5	155
5	309
5	545
5	574
5	1032
5	1108
6	7
6	32
6	42
6	59
6	87
6	518
6	853
6	1513
6	1518
7	11
7	17
7	18
7	50
7	54
7	80
7	283
7	690
7	1060
8	15
8	26
8	113
8	488
8	727
8	1301
9	24
9	29
9	282
9	853
9	1271
9	1424
10	23
10	62
10	80
10	135
10	298
10	299
10	525
10	531
11	13
11	156
11	741
11	1017
12	24
12	64
12	125
12	188
12	641
13	18
13	19
13	27
13	85
13	560
13	1209
13	1767
14	34
14	293
15	37
15	43
16	23
16	605
16	1218
17	20
17	33
17	39
17	55
17	100
17	161
17	224
17	240
17	702
17	831
17	1026
17	1478
18	21
18	30
18	36
18	92
18	104
18	197
18	270
18	703
19	25
19	26
19	119
19	153
20	21
20	23
20	39
20	48
20	49
20	64
20	130
20	132
20	190
20	213
20	963
20	1534
20	1958
21	24
21	28
21	48
21	59
21	215
21	224
21	226
21	360
21	371
21	608
21	641
21	1556
21	1696
22	158
22	164
22	303
23	45
23	46
23	62
23	82
23	215
23	394
23	412
23	645
23	1166
23	1302
23	1618
23	1944
24	54
24	57
24	64
24	81
24	113
24	126
24	333
24	453
24	494
24	1018
24	1050
24	1203
24	1602
25	75
25	178
25	306
25	793
25	1104
25	1749
26	38
26	55
26	97
26	107
26	130
26	770
26	1304
26	1378
27	31
27	60
27	190
27	355
27	609
28	35
28	192
28	472
28	815
29	47
29	166
29	231
29	530
29	875
30	69
30	99
30	157
30	1651
31	58
31	88
31	236
31	267
31	1221
31	1814
32	36
32	44
32	52
32	74
32	127
32	178
32	392
32	764
32	993
32	1388
32	1741
33	215
33	217
33	374
33	557
33	953
33	1520
33	1567
33	1683
34	41
34	51
34	101
34	487
34	885
35	73
35	1133
35	1814
36	40
36	53
36	140
36	635
37	72
37	1342
37	1364
38	199
39	75
39	102
39	479
39	626
39	967
39	1725
40	66
40	180
41	120
41	158
41	221
41	685
41	1277
41	1442
42	72
42	211
43	78
43	79
43	225
43	676
43	951
43	1616
44	61
44	63
44	128
45	387
46	64
46	89
46	642
47	71
47	202
47	268
47	281
47	1397
47	1987
48	49
48	113
48	150
48	346
48	677
48	689
48	1052
48	1802
49	56
49	59
49	82
49	214
49	233
49	302
49	355
49	466
49	849
49	1047
50	74
50	109
50	1097
51	103
51	167
51	225
51	1216
52	68
52	136
52	310
52	534
52	782
52	1502
53	222
53	232
53	367
53	840
54	131
54	160
54	237
54	451
54	550
55	67
55	116
55	137
55	182
55	300
55	354
55	532
55	1093
55	1131
55	1872
56	86
56	93
56	711
56	1400
56	1448
57	1577
57	1894
57	1984
58	63
58	84
58	271
59	225
59	373
59	925
60	313
60	1190
61	65
61	83
61	230
61	364
61	401
61	600
61	1747
62	91
62	1010
62	1826
62	1912
63	117
63	170
63	295
63	707
63	1356
64	138
64	258
64	375
64	580
64	1465
64	1968
65	70
65	76
66	78
66	95
66	123
66	259
66	287
66	495
66	699
67	208
67	357
67	417
67	700
68	90
68	473
68	724
68	1401
69	86
69	173
69	175
69	876
70	106
70	236
70	1755
71	176
71	200
71	391
72	114
72	172
72	180
72	244
72	907
72	1844
73	122
73	129
73	1820
74	159
74	254
74	1318
75	89
75	352
75	419
76	111
76	180
76	242
76	1107
76	1719
77	436
78	139
78	153
78	474
78	779
78	1125
79	99
79	184
79	428
79	543
79	1706
80	99
80	102
80	262
80	320
80	1426
80	1557
81	94
81	270
81	1071
82	1093
83	597
83	810
83	1059
84	342
85	110
85	121
85	189
85	279
85	353
85	1234
86	87
86	89
86	142
86	179
86	322
86	351
86	649
86	866
86	1563
86	1641
87	982
87	1477
88	1008
88	1457
89	168
89	321
89	410
89	1340
89	1411
90	98
90	134
90	213
90	426
91	170
91	362
91	418
92	114
92	115
92	275
92	379
92	678
93	115
93	326
93	540
93	855
93	1072
94	398
95	147
95	190
95	219
95	253
95	272
95	924
96	124
96	159
96	329
96	368
97	105
97	207
97	1237
99	102
99	181
99	758
99	1514
99	1627
100	548
100	1905
101	155
101	169
101	313
101	562
102	184
102	187
102	196
102	218
102	438
102	477
102	557
102	687
102	700
102	998
102	1489
102	1583
102	1842
102	1945
103	256
103	772
103	1220
104	108
104	238
104	261
104	383
104	462
104	766
104	951
104	1278
104	1369
105	407
105	1693
106	414
106	780
106	797
106	1038
107	118
107	402
107	964
108	308
108	1331
108	1677
109	145
109	185
110	180
110	521
110	935
110	1423
111	229
111	825
112	263
112	316
112	876
112	1135
113	149
113	158
113	170
113	472
113	714
113	781
113	1737
114	171
114	281
114	1117
114	1195
114	1269
114	1278
114	1994
115	196
115	216
115	223
115	236
115	384
115	455
115	675
116	146
116	195
116	508
116	596
117	154
117	196
117	312
117	1163
118	276
118	515
118	910
118	1533
119	461
119	1866
120	177
120	238
120	317
120	350
120	482
120	498
120	592
121	587
121	881
122	542
123	144
123	173
123	406
123	505
123	1431
124	524
124	776
125	148
125	203
125	277
125	798
125	1444
128	152
128	345
128	432
128	517
128	522
128	550
128	621
128	865
128	928
128	1150
129	193
129	475
130	191
130	215
130	258
130	944
131	133
131	273
131	738
132	859
132	1548
132	1731
132	1774
133	183
133	717
133	1551
134	198
134	220
134	257
134	433
134	994
134	1500
134	1504
135	204
135	328
135	1155
136	259
136	864
137	241
137	291
137	842
137	1142
137	1506
138	921
139	210
139	572
140	143
140	428
140	1642
141	647
141	751
141	1761
142	163
142	179
142	588
142	722
142	1064
142	1359
143	597
144	641
144	878
144	1283
145	849
146	820
146	1412
146	1432
147	162
147	201
147	632
148	243
148	281
148	363
148	794
148	1821
149	165
150	476
150	512
150	1011
151	259
151	553
152	511
152	564
152	1396
152	1867
153	314
153	339
153	419
153	486
155	178
155	196
155	378
155	464
155	775
155	1244
156	383
156	446
156	448
157	324
157	458
157	898
158	174
158	423
158	601
158	615
158	710
158	810
158	1445
159	164
159	237
159	470
159	619
159	646
159	1049
159	1313
160	1117
161	190
161	311
161	365
163	184
163	666
163	1066
164	234
164	250
164	315
164	429
164	1165
165	356
165	844
165	1150
165	1417
165	1538
165	1633
165	1840
166	329
167	698
167	792
168	264
168	290
168	351
168	700
168	1016
168	1081
169	252
169	405
169	549
169	821
170	203
170	293
170	297
170	676
171	337
171	397
172	186
172	538
172	796
173	292
173	348
174	206
174	380
174	406
174	497
174	1337
174	1775
175	321
175	833
175	1194
176	228
176	537
177	255
178	1077
178	1083
178	1926
179	284
179	713
179	768
179	924
179	1327
179	1443
180	186
180	212
180	352
180	491
180	532
180	765
180	950
180	1003
180	1475
181	1186
181	1348
182	399
182	565
182	869
182	1680
183	246
183	455
184	200
184	354
184	852
184	1148
185	190
185	194
185	327
185	390
185	533
185	627
185	1720
186	338
186	544
186	766
187	190
187	449
187	839
187	1398
188	409
188	1354
188	1643
189	288
189	321
189	1701
190	203
190	395
190	593
190	680
190	955
191	205
191	677
191	887
192	247
192	1092
193	810
194	260
194	359
194	527
194	807
195	554
195	1436
196	293
196	344
196	435
196	648
196	748
196	1034
196	1273
197	370
197	1069
197	1508
197	1528
198	521
198	983
199	274
199	634
199	938
199	960
199	1392
199	1473
200	209
200	383
200	472
200	1238
200	1416
201	555
201	749
201	850
202	361
202	714
203	250
203	547
203	1587
204	658
204	741
204	1780
205	526
205	616
205	1054
207	243
208	412
208	651
208	766
208	924
208	1593
209	227
209	502
210	284
210	483
210	778
210	1257
211	280
211	294
211	520
211	604
211	672
211	1067
211	1260
211	1387
211	1847
212	286
212	916
212	1183
212	1306
212	1331
212	1767
213	255
213	278
213	905
213	1051
214	420
214	492
214	640
214	1929
215	239
215	284
215	316
215	372
215	495
215	551
215	577
215	1384
216	244
216	360
216	1732
217	266
218	396
218	1510
219	459
219	687
219	1317
221	661
221	1048
221	1995
222	565
222	693
222	1014
222	1078
222	1222
223	245
223	265
223	305
223	1036
224	249
224	439
224	1918
225	235
225	248
225	906
225	1796
226	370
226	861
228	351
228	366
228	386
228	1288
229	829
229	1181
230	482
230	732
230	1792
231	269
232	665
233	296
233	667
233	926
233	1053
233	1376
234	726
234	730
236	329
236	939
236	1960
237	571
237	761
238	433
238	638
238	674
238	1307
238	1946
239	393
239	488
239	1028
239	1457
240	251
240	1503
241	969
242	340
242	431
243	472
243	573
243	681
243	768
243	837
244	281
244	443
244	655
244	1753
245	503
245	768
245	1299
245	1697
247	321
247	341
247	1786
248	421
248	546
248	1007
249	286
249	301
249	499
249	826
249	847
249	1187
249	1202
250	752
251	824
251	1037
251	1043
252	704
253	1644
254	563
254	847
254	1247
255	569
255	736
255	790
256	336
256	1342
257	304
257	331
257	932
258	372
258	433
258	519
258	1020
259	332
259	665
260	469
260	1338
261	848
261	1678
262	807
262	1439
264	285
264	288
264	343
264	1802
265	425
265	465
265	493
266	292
266	377
266	491
266	652
266	918
266	1788
267	1196
268	912
268	1224
269	785
270	714
270	1428
271	690
271	917
271	1795
272	719
272	1530
273	323
273	352
274	858
275	536
275	1573
276	335
276	358
276	430
276	1212
277	541
278	570
279	325
279	1021
280	347
280	400
280	827
280	1252
281	539
282	439
282	447
282	931
282	1963
283	606
283	628
284	1267
284	1327
284	1351
285	1329
286	490
287	485
288	289
288	380
288	440
288	1008
288	1391
288	1662
289	381
289	554
289	1105
289	1147
290	318
290	382
290	679
290	1817
291	613
291	1807
292	559
292	788
292	797
292	1068
293	526
293	952
294	349
294	592
294	751
294	1639
295	307
295	863
295	1572
296	334
296	841
296	1625
297	808
298	1174
298	1606
299	468
299	887
302	569
302	688
302	1570
303	446
304	555
304	1229
304	1253
304	1612
305	422
305	584
305	614
305	636
306	1761
306	1982
307	424
307	1040
308	471
309	389
309	820
310	792
311	386
311	400
312	1550
313	319
313	770
315	509
315	1178
316	470
316	574
316	753
316	1088
316	1094
317	578
317	1623
318	617
318	653
318	971
319	1621
319	1890
320	915
320	1230
320	1421
321	1037
323	1244
324	516
324	1468
324	1613
325	339
325	403
325	911
326	404
326	1494
326	1547
327	437
328	456
329	330
329	500
329	529
329	1672
329	1789
329	1897
329	1953
331	416
331	572
331	1450
332	721
332	1035
332	1223
332	1733
333	787
334	426
334	768
335	336
335	369
335	411
335	814
335	988
337	576
337	802
337	1265
338	470
338	1197
339	962
339	1440
339	1784
340	351
340	571
340	707
340	1334
341	376
341	948
342	394
342	773
342	1146
343	1505
343	1511
344	558
345	413
345	415
345	480
345	1632
346	489
346	699
347	1189
348	1210
349	669
349	697
349	1038
349	1309
350	750
350	813
351	354
351	598
351	601
351	632
351	1169
351	1623
352	504
352	784
352	823
352	839
352	1124
352	1158
352	1725
353	589
354	467
354	723
354	992
355	392
355	751
355	951
355	1005
356	425
356	1164
356	1184
357	408
357	635
357	970
357	1240
358	705
358	787
358	1947
360	408
360	718
360	1674
361	509
361	1278
361	1471
363	872
363	1739
364	656
365	564
365	1375
365	1708
366	1404
367	372
367	1317
368	563
368	1102
368	1152
369	501
369	620
369	767
370	388
370	403
370	998
370	1159
371	618
371	1171
372	427
372	453
372	506
372	507
372	1032
372	1149
372	1278
372	1560
373	410
373	453
373	460
373	585
373	995
374	611
374	1576
374	1825
375	456
375	1919
376	934
376	1461
376	1782
377	1085
377	1090
378	442
378	500
378	1794
378	1869
379	385
379	445
379	682
379	1394
380	571
381	695
382	528
382	645
382	791
382	1200
382	1895
382	1957
383	809
383	1452
383	1463
384	1113
384	1300
384	1890
385	1054
386	1337
386	1541
388	1037
388	1640
389	803
390	429
390	1127
391	751
392	450
392	629
392	737
393	772
394	610
394	1223
394	1626
395	864
395	1091
395	1843
397	513
397	954
397	1767
398	929
398	1598
399	457
399	999
400	1231
401	441
401	444
401	510
401	1329
402	633
402	990
402	1137
402	1592
403	532
404	602
404	662
404	692
404	1467
404	1519
405	664
406	590
406	643
406	913
406	1006
406	1050
407	1562
408	777
409	466
409	1255
410	496
410	1254
411	607
413	633
413	644
413	761
413	860
414	502
414	1086
415	1684
416	1419
416	1442
417	588
418	562
418	586
418	599
420	434
420	447
420	639
420	1536
421	1521
422	1193
422	1467
422	1526
423	1657
424	774
424	919
424	1185
425	452
425	1039
425	1545
426	1626
427	504
428	884
428	1154
429	463
429	896
429	1268
429	1426
430	456
430	598
430	850
430	1456
431	1172
431	1276
432	557
432	660
432	804
433	533
433	552
433	801
433	1055
433	1064
433	1681
434	683
435	856
435	1167
435	1330
435	1507
436	592
436	1036
437	454
438	865
440	588
441	451
441	899
441	1833
442	843
442	994
444	696
445	631
446	572
446	857
447	555
447	1079
448	1469
449	896
450	691
450	1048
450	1788
451	464
452	729
453	568
454	734
455	579
455	581
456	654
456	1074
457	478
457	668
457	904
457	1168
457	1531
458	1214
458	1906
459	1450
459	1576
461	595
461	636
461	650
461	708
461	731
463	835
464	537
464	1063
467	1748
468	540
468	674
469	1464
469	1474
470	549
470	583
470	674
470	865
471	1510
472	481
472	569
472	645
472	670
472	1217
472	1315
472	1572
473	901
473	1241
473	1386
474	561
474	582
474	1123
474	1432
474	1525
475	704
475	706
476	751
478	720
478	1319
478	1509
480	562
480	1031
481	514
481	805
481	812
481	1829
482	1227
482	1656
483	1322
484	1671
485	862
485	888
485	1743
486	1126
486	1553
487	1626
488	597
488	622
488	1061
489	712
489	1084
490	1760
490	1938
491	823
493	602
493	1002
494	694
494	786
494	866
494	947
494	1076
495	663
496	523
497	633
497	1027
497	1109
498	571
498	838
498	1868
499	945
499	1017
499	1584
500	527
500	572
500	1323
500	1588
501	1339
502	594
502	1022
502	1243
502	1874
503	1108
507	526
508	728
509	789
510	593
510	759
511	1087
512	560
512	763
512	1254
512	1266
513	880
513	1073
513	1336
515	1676
516	849
516	1956
517	535
517	795
517	1535
518	757
519	735
519	1160
519	1279
519	1604
520	801
520	942
520	1129
520	1900
523	1364
525	607
526	624
526	631
526	661
526	894
526	1328
527	1136
528	1082
528	1442
530	556
530	591
531	902
531	1730
532	569
532	1001
532	1182
533	597
533	985
533	1517
533	1797
534	579
535	730
536	1986
537	873
537	1077
537	1341
537	1757
537	1904
538	1885
539	1827
540	1211
540	1343
540	1726
540	1839
541	716
541	762
541	996
541	1029
541	1706
542	612
542	657
542	809
542	1330
543	575
543	689
545	886
545	946
545	1397
548	608
548	1291
548	1836
550	1491
553	1056
553	1859
554	562
554	592
554	673
554	1185
554	1636
555	755
555	857
555	1571
556	771
556	1582
557	1190
559	1065
560	631
560	747
560	1041
560	1619
561	701
562	723
563	655
564	605
564	741
564	1591
565	567
565	591
565	632
565	876
565	1191
566	603
567	1628
568	1022
569	1076
569	1457
569	1753
570	630
570	836
570	1558
571	1004
572	1203
572	1379
573	1196
574	971
574	1000
574	1062
575	583
575	684
575	792
576	625
576	760
576	1722
578	725
579	634
579	857
579	971
579	979
580	1512
580	1574
580	1741
581	1930
582	1386
583	930
584	1161
584	1856
586	1045
588	769
588	872
588	890
589	1585
590	1223
591	1302
591	1358
591	1603
591	1977
592	879
592	891
592	1130
592	1835
593	1072
593	1360
594	623
594	1151
595	744
595	962
597	697
597	715
597	740
597	812
597	1368
597	1407
598	989
599	1917
600	975
600	1380
601	1655
602	896
603	798
604	828
604	1295
604	1435
606	1778
607	685
607	1635
608	888
608	1269
608	1449
609	1188
610	1355
610	1773
611	760
611	1261
611	1344
611	1434
611	1875
612	709
612	948
612	1213
612	1268
612	1981
614	936
615	1712
616	799
617	1077
617	1872
618	965
618	1194
619	933
619	1297
621	1694
621	1926
622	637
622	822
622	1490
623	908
623	922
623	1735
624	1673
624	1705
625	857
626	777
626	1273
627	772
627	890
627	1516
628	680
628	984
629	1280
629	1688
631	864
631	1290
632	659
632	1772
632	1937
633	634
633	772
633	1134
633	1427
634	827
634	903
634	1106
634	1599
634	1672
635	645
636	1127
636	1272
637	1132
638	1410
639	1665
640	1811
642	1855
644	1675
644	1928
644	1949
645	1025
645	1413
645	1449
645	1900
648	1292
649	1529
650	1522
651	874
652	1165
652	1372
654	1860
655	781
655	1023
655	1250
657	1655
657	1806
659	1402
659	1476
660	877
660	957
660	1403
660	1713
660	1719
661	754
664	686
664	882
665	748
665	756
665	760
665	846
665	1659
666	1167
666	1554
667	893
667	943
667	1296
669	1462
670	671
671	892
671	1311
671	1352
671	1679
671	1846
672	742
673	1785
674	900
674	1666
675	1341
676	733
676	1146
676	1411
678	889
678	1180
679	1119
679	1625
679	1921
680	1496
680	1647
681	745
681	939
682	856
684	1167
684	1204
684	1615
685	955
685	1758
685	1978
686	1061
686	1515
687	1712
688	1099
689	1110
689	1175
689	1427
690	1415
690	1750
691	1245
692	743
692	1198
692	1288
695	1206
696	739
700	976
701	1024
702	973
703	1228
703	1331
705	1044
706	981
706	1275
706	1450
707	1170
707	1247
708	951
708	1030
709	736
709	1139
709	1485
710	974
710	1406
710	1742
711	819
711	1019
711	1138
712	746
713	1477
714	733
714	766
714	787
714	806
714	1274
714	1447
715	1836
716	842
716	1552
716	1943
717	991
717	1286
719	989
719	1202
720	1756
722	1165
723	1466
724	1718
724	1969
725	1587
726	1858
727	1205
729	1046
730	800
730	959
731	783
731	1630
734	1745
735	828
735	972
736	870
737	1363
738	816
738	1270
740	937
743	966
743	1115
744	1944
746	1595
746	1603
747	980
748	888
748	927
748	1121
748	1590
749	1251
750	879
751	1439
751	1776
753	845
754	1075
754	1316
754	1532
754	1744
756	1520
759	801
759	810
759	897
759	1996
761	764
761	1232
762	1326
764	982
764	1227
765	867
765	1359
765	1703
765	1734
766	811
766	931
766	1131
766	1723
768	788
768	1361
768	1833
768	1898
769	1017
769	1116
770	832
772	895
775	817
775	1249
775	1717
777	1941
777	1962
778	1096
778	1106
779	830
780	1658
780	1685
780	1967
781	1118
781	1168
781	1409
781	1774
782	851
782	961
782	1057
783	806
783	1009
784	1440
786	1483
786	1686
787	1493
787	1623
788	1015
788	1575
789	1927
790	1192
790	1260
791	1793
792	1863
794	968
794	1823
796	1098
796	1308
797	865
797	1320
798	1446
798	1771
799	1114
801	1715
802	1414
803	1389
804	1226
807	1246
807	1573
807	1900
809	1643
810	983
810	1004
811	1122
812	1071
813	1430
815	834
815	1143
816	1715
818	1143
820	1668
821	855
821	892
821	1446
822	883
822	977
825	1040
825	1137
825	1499
827	1259
827	1875
828	940
828	1337
828	1446
830	1548
834	958
834	1690
835	1140
837	854
837	1331
837	1714
839	892
839	1250
840	909
840	956
840	1486
841	1050
841	1454
841	1460
842	925
842	965
842	1586
843	870
843	1614
844	868
845	1128
847	1036
848	1263
848	1306
848	1481
848	1555
848	1853
849	924
849	941
849	1349
850	1985
852	1381
852	1529
852	1921
853	1056
853	1080
855	1350
856	1217
857	1105
857	1237
857	1601
859	1335
861	941
861	956
861	1118
861	1167
861	1549
865	923
865	1389
865	1619
866	1812
867	871
868	1041
868	1228
873	1033
873	1196
878	1179
879	920
879	1233
879	1666
879	1876
881	1315
883	1808
885	1393
885	1444
885	1447
885	1597
886	1100
886	1382
889	914
890	1347
891	949
891	1141
891	1503
891	1629
892	1216
894	1643
895	1254
895	1764
896	1144
896	1559
896	1923
900	1634
901	1256
901	1303
901	1777
902	1805
903	1916
904	913
904	1225
904	1611
905	1194
905	1346
906	997
910	971
910	1243
911	1462
912	1804
913	1936
917	1831
918	1227
918	1873
919	1105
919	1589
920	1351
921	1557
922	1518
924	1076
924	1281
925	986
927	958
928	983
930	1959
933	1104
934	1013
938	987
939	1469
940	1055
943	962
943	1611
944	1843
945	1854
946	1042
948	1197
948	1556
948	1566
950	1832
951	1250
951	1411
951	1967
954	1040
954	1824
955	980
955	1173
955	1366
955	1650
955	1974
958	1540
959	978
959	1356
959	1718
961	1194
962	1813
963	1914
968	1370
968	1384
968	1422
970	1312
971	1058
971	1112
972	1661
972	1763
974	1070
975	1512
975	1561
976	1482
978	1766
980	1462
983	1208
983	1322
983	1503
986	1752
996	1157
997	1150
998	1002
998	1424
999	1089
1000	1199
1000	1755
1001	1215
1001	1439
1002	1529
1004	1219
1004	1682
1004	2000
1005	1935
1006	1524
1007	1282
1007	1883
1008	1646
1010	1911
1012	1305
1014	1153
1015	1222
1015	1293
1018	1176
1020	1909
1021	1273
1022	1445
1023	1146
1023	1325
1023	1605
1024	1658
1025	1448
1029	1100
1029	1971
1030	1103
1031	1609
1031	1791
1032	1546
1032	1603
1033	1395
1034	1390
1037	1446
1037	1699
1039	1177
1039	1184
1039	1577
1040	1104
1040	1245
1041	1168
1041	1799
1043	1933
1044	1455
1045	1620
1047	1175
1047	1456
1048	1477
1048	1536
1048	1761
1049	1782
1051	1569
1053	1913
1054	1143
1054	1310
1056	1095
1060	1790
1061	1201
1061	1373
1061	1631
1064	1144
1064	1238
1065	1907
1066	1479
1066	1824
1068	1162
1068	1976
1069	1285
1069	1313
1069	1492
1073	1438
1073	1736
1076	1344
1076	1837
1077	1498
1077	1873
1077	1954
1079	1829
1080	1101
1084	1372
1084	1408
1084	1645
1087	1810
1088	1120
1089	1544
1089	1891
1091	1367
1091	1800
1094	1111
1094	1260
1095	1156
1095	1196
1096	1781
1099	1568
1099	1637
1100	1242
1101	1333
1102	1578
1103	1133
1104	1436
1105	1711
1109	1472
1110	1879
1117	1145
1117	1654
1118	1886
1121	1345
1121	1383
1123	1353
1126	1573
1126	1837
1127	1992
1129	1480
1130	1289
1130	1297
1131	1508
1132	1689
1133	1173
1133	1877
1138	1212
1139	1566
1141	1999
1142	1931
1143	1703
1144	1922
1146	1385
1146	1712
1146	1861
1148	1284
1149	1387
1150	1365
1151	1302
1152	1167
1152	1649
1152	1729
1153	1923
1154	1882
1154	1899
1157	1207
1157	1332
1157	1557
1159	1264
1163	1768
1165	1726
1166	1979
1167	1695
1168	1314
1168	1612
1169	1337
1172	1422
1172	1955
1173	1753
1176	1287
1181	1543
1182	1608
1186	1546
1187	1228
1188	1330
1189	1357
1189	1477
1189	1784
1190	1302
1194	1258
1194	1319
1194	1599
1195	1721
1196	1298
1197	1321
1198	1830
1200	1250
1201	1239
1201	1892
1202	1905
1203	1459
1206	1264
1207	1992
1208	1371
1208	1998
1210	1484
1210	1607
1211	1564
1212	1262
1213	1742
1213	1759
1215	1848
1216	1236
1216	1878
1217	1390
1217	1759
1218	1623
1219	1278
1219	1992
1221	1467
1223	1489
1227	1343
1228	1248
1228	1501
1230	1235
1231	1362
1233	1707
1234	1617
1236	1648
1238	1528
1239	1845
1240	1534
1242	1980
1251	1701
1254	1429
1254	1470
1255	1664
1258	1754
1259	1487
1263	1432
1264	1425
1264	1426
1265	1852
1266	1324
1276	1622
1277	1896
1278	1997
1279	1545
1280	1833
1282	1294
1284	1975
1289	1453
1289	1972
1291	1451
1291	1726
1293	1437
1293	1881
1301	1565
1301	1728
1304	1635
1308	1692
1309	1510
1313	1463
1313	1534
1314	1561
1314	1880
1321	1540
1323	1458
1324	1626
1325	1523
1327	1374
1327	1377
1329	1497
1329	1836
1331	1336
1331	1385
1331	1779
1331	1950
1333	1581
1335	1939
1337	1659
1338	1396
1346	1687
1359	1447
1361	1973
1364	1405
1365	1399
1366	1580
1368	1870
1375	1706
1379	1420
1382	1441
1386	1955
1387	1418
1389	1895
1393	1539
1394	1670
1395	1764
1396	1923
1397	1537
1399	1600
1400	1770
1402	1587
1402	1765
1405	1822
1409	1500
1415	1594
1416	1433
1418	1603
1419	1525
1419	1610
1420	1709
1423	1653
1426	1656
1426	1943
1427	1961
1432	1590
1432	1895
1437	1495
1438	1993
1440	1482
1441	1579
1445	1925
1446	1447
1446	1727
1446	1937
1447	1527
1447	1869
1454	1787
1455	1488
1456	1542
1456	1816
1458	1556
1459	1779
1462	1691
1469	1958
1476	1716
1483	1700
1485	1704
1489	1906
1491	1529
1495	1710
1495	1953
1502	1910
1503	1884
1506	1663
1510	1952
1514	1596
1516	1624
1518	1751
1520	1803
1523	1738
1524	1942
1529	1978
1531	1783
1533	1658
1543	1762
1544	1819
1545	1874
1548	1968
1549	1809
1552	1970
1554	1834
1567	1857
1569	1698
1569	1702
1572	1920
1577	1874
1582	1798
1586	1924
1587	1966
1590	1598
1598	1991
1599	1966
1600	1871
1622	1660
1624	1652
1628	1638
1629	1669
1631	1902
1634	1873
1635	1668
1637	1667
1641	1875
1644	1801
1648	1931
1648	1965
1650	1964
1651	1740
1656	1828
1669	1746
1679	1851
1682	1889
1683	1948
1706	1724
1706	1932
1715	1806
1716	1921
1717	1835
1717	1862
1726	1769
1731	1940
1734	1850
1736	1893
1738	1838
1751	1988
1752	1865
1761	1815
1763	1943
1766	1901
1778	1888
1779	1907
1784	1925
1798	1990
1809	1903
1812	1934
1814	1873
1814	1983
1816	1818
1816	1841
1819	1884
1827	1864
1829	1869
1837	1915
1838	1849
1844	1908
1875	1945
1877	1903
1882	1887
1905	1951
1912	1945
1918	1982
1954	2000
1958	1989
1960	1993
