1	2
1	3
1	16
1	17
1	21
1	52
1	255
1	468
1	956
1	1331
2	3
2	5
2	8
2	20
2	77
2	127
2	137
2	139
2	184
2	250
2	333
2	863
3	4
3	7
3	13
3	18
3	38
3	88
3	312
3	892
4	6
4	8
4	15
4	23
4	54
4	150
4	344
4	420
4	424
4	758
4	1447
5	71
5	113
5	198
5	585
5	1090
5	1660
6	7
6	12
6	20
6	62
6	384
6	1233
7	9
7	20
7	32
7	39
7	74
7	78
7	777
7	860
8	22
8	325
8	541
8	1169
9	10
9	11
9	14
9	24
9	102
9	135
9	263
9	668
9	1678
9	1689
10	22
10	46
10	456
10	509
10	1292
11	98
11	352
11	375
11	556
12	493
12	1837
13	19
13	33
13	69
13	149
13	304
13	416
13	1893
14	28
14	29
14	41
14	128
14	146
14	210
14	455
15	25
15	241
15	324
16	26
16	31
16	119
16	245
16	269
16	1475
17	237
17	309
17	622
17	732
18	19
18	77
18	84
18	244
18	561
18	1422
18	1679
19	40
19	51
19	96
19	103
19	422
19	520
19	565
19	658
19	1160
20	22
20	23
20	35
20	45
20	46
20	65
20	66
20	220
20	255
20	291
20	642
20	898
20	1386
20	1404
20	1407
21	32
21	36
21	105
21	170
21	216
21	998
22	27
22	37
22	47
22	49
22	55
22	73
22	94
22	134
22	152
22	177
22	215
22	248
22	527
22	1148
23	35
23	38
23	157
23	199
23	435
23	805
23	1361
23	1438
23	1481
24	30
24	34
24	44
24	171
24	288
24	430
24	550
24	1106
24	1853
25	48
25	62
25	100
25	112
25	140
25	202
25	207
26	83
26	178
26	195
26	276
26	542
26	723
27	50
27	67
27	82
27	314
27	683
27	961
27	976
28	66
29	35
29	41
29	58
29	92
29	212
29	479
29	1484
29	1566
30	45
30	115
30	268
30	1365
31	308
31	350
31	613
31	1082
32	99
32	149
32	176
32	1029
32	1903
33	118
33	134
33	136
33	155
33	911
34	64
34	144
34	251
34	361
34	597
34	1751
34	1863
35	56
35	59
35	72
35	76
35	81
35	180
35	181
35	288
35	349
35	564
36	43
36	57
36	238
36	1254
36	1995
37	53
37	209
37	404
37	808
38	247
38	380
39	40
39	75
39	373
39	379
39	450
39	536
39	991
39	1008
39	1033
40	42
40	118
40	153
40	205
40	216
40	258
40	817
40	1218
41	54
41	68
41	90
41	305
41	764
42	101
42	177
42	260
42	407
42	1826
43	91
43	114
43	291
44	194
44	745
45	60
45	394
45	616
45	757
45	852
46	279
46	402
46	666
46	1925
47	670
48	106
48	392
48	1329
49	1239
50	278
50	1817
51	207
51	221
51	487
51	764
51	901
51	1062
51	1196
51	1490
51	1694
51	1862
52	84
52	111
52	1309
52	1517
53	61
53	63
53	165
53	321
54	251
54	985
55	119
55	167
55	343
55	382
55	690
55	767
55	1814
56	117
56	235
56	266
57	124
57	194
57	1244
58	295
58	767
58	1516
59	179
60	216
60	243
60	256
60	356
60	403
60	426
60	1227
61	625
61	968
61	1206
62	134
62	185
62	210
62	364
62	582
62	761
62	765
62	834
62	1686
63	95
63	108
63	483
63	743
64	398
64	681
64	722
64	736
64	1719
65	96
65	120
65	191
65	320
65	1200
65	1577
66	70
66	80
66	219
66	477
67	98
67	140
67	154
67	614
67	702
68	373
68	596
69	79
69	169
69	601
69	996
69	1507
70	104
70	536
70	1222
71	353
71	409
71	1573
72	223
72	1182
73	254
73	1987
74	85
74	97
74	744
75	86
75	173
75	246
75	621
75	1213
76	93
76	107
76	170
76	345
76	1269
77	80
77	110
77	162
77	626
78	109
78	617
79	121
79	125
79	143
79	1126
80	161
80	308
80	383
81	246
81	857
81	1918
82	87
82	148
83	113
83	200
83	348
83	507
83	592
83	672
84	183
84	849
84	920
84	1026
84	1594
84	1903
84	1941
85	126
85	237
86	423
87	89
87	132
87	147
87	329
87	527
88	129
88	229
88	283
88	481
89	103
89	152
89	166
89	267
89	501
89	551
89	1027
89	1223
89	1559
90	116
90	142
90	419
90	425
90	1423
91	262
92	96
92	136
92	228
92	341
92	514
92	1167
93	306
93	530
93	1617
94	216
94	294
94	448
94	823
94	1546
95	327
95	502
95	1297
95	1608
96	141
96	205
96	207
96	335
96	435
97	131
97	265
97	969
98	146
98	156
98	401
98	1050
98	1550
98	1921
99	1251
100	830
100	1352
101	259
101	550
101	1142
101	1696
102	159
102	704
102	1534
103	174
103	202
103	531
103	1841
105	251
106	302
106	334
106	400
106	1108
107	486
107	642
108	129
108	176
109	795
110	130
110	272
110	275
110	287
110	318
110	457
112	230
112	310
113	193
113	438
113	658
113	678
113	748
113	863
114	122
114	295
114	588
115	142
115	190
115	410
116	360
116	529
116	650
117	133
117	138
117	175
117	352
117	555
117	1395
117	1729
118	123
118	155
118	225
118	386
118	1089
118	1271
118	1562
119	146
119	220
119	485
119	628
120	137
120	449
120	693
120	997
122	370
122	903
122	1171
123	664
123	946
124	218
124	465
124	594
124	1364
126	323
126	534
126	608
126	966
127	145
127	152
127	192
127	406
127	1208
128	319
129	330
129	345
129	620
129	1148
130	271
130	331
130	1417
131	185
131	387
131	471
131	1391
131	1511
132	209
132	252
132	280
132	646
132	912
133	151
133	212
133	949
134	329
134	462
134	884
134	1123
135	714
136	158
136	168
136	221
136	240
136	880
136	1051
136	1302
136	1486
137	163
137	172
137	346
137	1320
138	658
138	1721
138	1778
138	1798
139	213
139	268
139	321
139	408
139	560
139	779
139	1644
140	206
140	262
140	623
140	637
140	928
140	968
140	1630
141	210
141	393
141	525
141	761
142	204
142	365
142	688
143	164
143	503
143	837
143	886
143	960
144	155
145	162
145	206
145	376
145	591
145	1908
146	218
146	396
146	754
146	837
146	1271
146	1632
147	380
148	177
148	576
148	989
149	258
149	271
149	285
149	293
149	368
149	397
149	1489
149	1776
150	293
150	518
150	691
151	160
151	847
151	1356
152	227
152	402
152	414
152	501
152	632
152	636
152	1122
152	1571
153	163
153	172
153	216
153	274
153	296
153	676
153	722
153	738
154	182
154	298
154	332
154	1011
155	244
155	255
155	459
156	411
156	524
156	1006
156	1043
156	1451
156	1530
157	195
157	381
157	472
158	206
158	412
158	1094
159	162
159	1032
159	1238
159	1399
160	1925
161	168
161	282
161	914
162	197
162	262
162	286
162	309
162	339
162	754
162	773
162	895
162	1832
163	188
163	208
163	232
163	376
163	596
164	201
164	234
165	696
165	727
165	902
166	522
166	550
166	1755
166	1861
167	189
167	1145
167	1332
167	1559
167	1638
168	309
168	433
168	439
168	1885
169	783
170	174
170	181
170	203
170	230
170	231
170	278
170	399
170	431
170	568
170	573
170	1607
170	1624
171	589
171	838
171	1832
172	273
172	297
172	721
172	1052
172	1252
173	196
173	720
173	1104
173	1390
174	945
174	1340
174	1469
175	198
175	315
175	610
175	720
175	746
176	186
176	204
176	899
176	992
176	1128
176	1791
177	309
177	557
177	595
177	614
177	1373
178	359
178	958
179	351
179	575
179	861
179	923
179	1551
179	1762
180	627
180	790
180	1582
180	1668
181	318
181	567
181	738
181	1009
182	498
182	837
182	1088
182	1531
183	187
183	249
183	1424
184	214
184	221
184	414
184	745
184	1792
185	236
186	505
186	1970
187	725
188	442
188	661
189	207
189	432
189	1590
190	358
190	434
190	689
191	735
192	226
192	322
192	755
192	771
192	1010
192	1300
192	1648
194	264
194	298
194	375
194	408
194	412
194	453
194	904
195	225
195	390
196	210
196	435
196	573
196	856
196	1482
196	1799
197	749
197	1427
198	261
198	326
198	369
198	446
198	590
198	866
199	211
199	372
200	841
201	893
201	1658
202	385
203	270
203	307
203	1705
204	217
204	413
204	1081
205	1864
205	1886
206	239
206	247
206	872
206	909
206	1242
206	1335
206	1483
206	1528
206	1581
207	431
208	366
208	521
209	268
209	292
210	222
210	449
210	467
210	586
210	587
210	921
210	1265
210	1845
211	224
211	1450
212	253
212	265
212	285
212	376
212	775
212	855
213	539
214	242
214	609
214	656
215	441
216	236
216	297
216	317
216	612
216	936
216	1204
217	233
217	406
217	954
217	1288
218	225
218	518
218	619
218	955
218	1127
218	1144
218	1350
219	285
219	1474
220	295
220	558
220	584
220	1100
221	367
221	569
221	680
221	1189
221	1955
222	517
223	277
223	338
224	566
225	461
225	462
225	533
225	688
225	965
225	1781
226	472
227	284
227	340
227	391
227	545
228	1247
229	278
229	304
230	238
230	800
230	840
230	962
230	1136
230	1396
231	436
231	618
231	710
231	823
231	1318
232	644
232	1072
233	235
233	538
233	580
233	1834
234	552
234	990
235	412
235	1388
236	257
236	540
236	687
236	1056
236	1815
237	328
237	478
237	971
238	759
238	782
238	953
238	1620
239	395
239	772
240	289
240	500
240	589
240	1889
242	312
242	342
243	362
243	600
243	633
243	849
244	472
244	1357
244	1624
244	1795
245	1296
245	1761
246	527
246	568
246	658
246	700
247	303
247	336
247	579
247	1675
247	1933
248	290
248	617
248	640
249	1552
250	583
251	319
251	703
251	730
251	869
252	1004
254	262
254	362
254	414
254	1212
255	299
255	301
255	378
255	455
255	1014
256	318
256	388
256	1351
256	1689
256	1818
257	300
257	1219
258	416
258	1490
258	1930
259	497
260	758
260	1567
262	586
262	1031
262	1081
262	1142
264	363
264	705
265	926
265	1463
266	369
266	603
267	572
267	1190
267	1336
268	313
268	390
268	635
268	1130
268	1179
268	1511
269	464
269	699
270	401
271	535
271	650
271	811
271	1372
271	1570
271	1725
272	316
272	593
273	466
274	326
274	407
274	412
274	756
274	1877
276	437
276	645
276	933
276	1262
277	1520
278	910
278	969
278	1506
278	1848
279	281
279	440
279	882
279	1929
280	883
281	415
281	934
281	1950
282	362
282	512
282	1680
282	1738
283	655
284	1728
284	1857
285	290
285	985
285	1765
286	543
286	577
287	506
288	358
288	509
288	944
288	1184
288	1195
289	1394
289	1850
290	491
290	1103
291	573
291	653
293	377
293	1060
294	464
295	783
295	1241
296	1035
296	1643
297	547
297	791
297	1869
298	981
300	747
301	444
301	537
302	337
302	371
303	526
303	574
303	684
303	1101
303	1328
304	513
304	717
305	559
306	788
306	1954
308	329
308	392
308	447
308	1524
309	311
309	917
310	347
310	577
311	709
311	729
311	770
312	1543
312	1994
313	389
313	404
313	1319
314	670
314	866
314	1230
314	1809
315	458
315	1531
315	1984
316	501
316	654
317	445
317	813
317	915
317	1138
317	1754
318	319
318	468
318	479
318	798
318	907
318	952
318	999
318	1176
318	1212
318	1652
319	476
319	511
319	815
320	357
320	1850
321	593
321	669
322	528
322	626
322	1549
322	1906
323	508
323	773
323	1255
323	1561
324	337
324	652
324	1723
325	463
325	643
326	1541
327	634
327	676
328	605
328	897
329	380
329	397
329	480
329	1174
330	481
333	413
333	1641
333	1716
334	355
334	1855
335	893
335	1345
336	943
336	1305
337	1112
338	532
338	1118
339	726
339	919
339	1690
340	460
340	1241
340	1976
341	629
341	708
343	374
343	725
343	747
343	1693
343	1905
345	354
345	459
345	473
345	580
345	671
345	1843
346	1760
347	1674
347	1819
348	378
348	415
348	471
348	1109
349	403
349	1526
349	1718
350	1129
351	722
353	794
354	786
354	1423
355	454
355	481
355	807
355	1383
355	1941
356	593
356	629
357	462
357	562
358	427
358	455
358	1152
358	1349
358	1739
359	637
359	1012
359	1110
361	531
361	739
362	972
362	1050
362	1119
363	853
363	1308
364	580
364	752
364	1378
364	1644
365	469
365	626
365	698
365	1724
366	452
366	606
366	1023
369	443
369	739
369	898
370	628
370	812
370	1361
371	862
371	922
371	1330
372	696
372	778
372	1414
373	510
373	961
373	1631
374	685
375	1468
376	602
376	617
376	1121
376	1827
377	482
377	940
378	641
379	405
379	613
379	832
379	1029
380	563
380	706
380	990
380	1056
380	1139
380	1359
381	1657
382	1509
383	417
383	1533
384	647
385	498
386	1491
387	630
387	1619
387	1621
389	1226
390	876
390	1416
391	624
391	948
391	1194
391	1215
392	598
392	677
392	924
393	515
394	414
394	464
394	474
394	544
394	1097
394	1936
395	475
395	1111
395	1216
395	1637
395	1642
396	1077
397	762
397	828
397	2000
399	1321
399	1953
400	1461
401	451
401	481
401	496
401	724
401	1360
402	902
402	1411
402	1852
403	581
403	715
403	1813
404	570
404	1406
404	1740
404	1747
406	735
406	1084
407	439
407	1351
407	1593
408	421
408	462
408	471
408	601
408	1246
408	1273
411	495
411	1017
411	1428
412	501
412	1589
412	1708
413	525
413	650
414	563
414	665
414	711
414	1060
414	1178
415	530
415	1548
416	418
416	429
416	698
416	816
416	1723
417	570
418	1426
419	1587
419	1805
420	658
420	1803
422	854
422	1841
423	1212
423	1592
423	1652
423	1876
424	492
424	968
425	651
425	1009
426	428
426	488
426	707
426	857
427	494
427	931
427	1209
428	750
428	814
428	822
429	489
429	1327
431	482
431	546
431	979
432	648
432	663
433	449
433	589
433	1119
433	1580
435	703
435	1141
435	1176
435	1212
436	470
436	1290
437	481
437	493
437	1107
437	1141
438	518
438	826
438	1569
438	1866
439	809
440	1337
441	777
441	1464
442	484
442	810
444	456
444	1143
445	638
445	713
445	908
445	920
446	675
446	734
446	1947
447	1192
448	1115
449	1219
449	1493
450	859
450	1016
450	1634
453	1161
453	1477
453	1859
454	504
454	831
454	896
454	1224
454	1495
455	638
455	850
455	1385
456	1081
456	1415
457	740
457	963
457	1211
458	522
458	868
458	1205
458	1380
459	674
459	792
459	1199
460	757
460	1191
461	902
462	611
462	642
462	875
462	1146
462	1509
464	572
464	601
464	632
464	1070
465	519
465	549
465	599
465	1055
465	1393
466	1300
466	1899
467	533
467	554
467	1473
468	490
468	727
468	1499
469	571
469	692
470	818
470	1547
471	548
471	1203
471	1683
472	552
472	1123
472	1406
472	1458
472	1816
472	1851
472	1963
473	598
474	499
474	523
474	844
474	967
474	1983
475	789
475	1015
476	616
476	1080
477	562
477	864
477	1156
477	1274
478	1176
478	1233
478	1789
479	1891
481	731
481	930
481	959
481	1282
481	1496
482	685
482	702
482	885
483	673
483	935
486	1832
487	1030
488	536
488	870
489	635
489	679
490	604
490	1367
491	516
491	836
492	820
493	728
493	1831
493	1986
495	667
495	1028
496	598
496	821
496	887
498	624
498	719
499	697
499	816
499	944
499	1433
500	688
500	1410
501	901
501	1066
501	1122
501	1355
502	824
502	829
502	1612
503	1597
503	1869
505	1168
505	1691
507	889
507	1086
507	1249
507	1634
507	1951
508	1627
509	1005
509	1044
509	1388
510	1296
511	796
511	1146
511	1757
512	520
512	803
512	927
513	1429
513	1610
514	701
514	1188
515	1635
516	1113
516	1688
516	1704
518	547
518	1434
518	1449
519	1598
521	689
522	1531
524	1665
525	1351
526	1372
527	751
528	735
528	1626
529	1957
530	564
531	1163
531	1478
532	553
532	938
532	1487
534	587
534	769
535	737
535	1460
536	639
536	647
536	917
537	864
537	1564
537	1571
538	970
538	1897
539	980
540	784
543	694
543	983
544	695
544	1790
545	1432
546	842
547	659
548	1137
549	1515
550	871
550	971
550	1083
550	1334
550	1471
550	1895
551	760
551	1981
552	1668
554	1204
554	1320
554	1497
555	1257
555	1353
556	918
557	578
557	1403
558	615
558	776
558	869
559	987
559	988
559	1298
560	1307
560	1536
561	1502
562	631
564	662
566	702
566	1092
566	1427
566	1618
567	878
567	917
567	1347
567	1763
568	589
568	1042
568	1430
568	1766
568	1997
569	1802
570	965
570	1822
571	780
571	1777
572	1499
573	805
574	1425
575	1037
575	1555
576	1437
576	1585
577	1054
577	1341
577	1349
577	1622
579	845
579	1611
579	1675
580	801
583	1452
584	653
585	616
586	1641
587	857
587	1486
589	593
589	815
589	868
591	1896
592	698
592	762
592	1676
593	718
593	798
593	826
593	913
593	1732
594	607
594	1578
595	1242
596	1099
597	610
597	639
598	711
598	906
598	1189
598	1283
598	1412
598	1731
600	1714
601	1400
603	1210
603	1830
604	747
605	649
605	657
606	711
607	781
607	1268
607	1914
608	806
608	865
610	637
610	706
610	1586
610	1713
610	1879
613	688
613	774
613	797
613	1220
613	1692
614	659
614	719
614	1155
615	1881
616	1164
616	1213
616	1747
617	1034
617	1091
618	667
618	953
619	1439
620	1046
620	1880
620	1890
620	1924
622	768
622	1522
624	1022
624	1048
624	1615
625	1026
626	685
626	826
626	890
626	1769
627	939
627	1364
628	864
628	1207
628	1275
628	1696
629	1005
629	1944
630	1742
631	660
631	1258
631	1277
631	1312
632	1006
633	1685
634	1157
635	1279
635	1755
635	1806
635	1872
637	686
637	1117
637	1446
637	1866
639	686
640	1335
641	971
642	866
642	1325
642	1513
643	1284
644	1355
644	1649
646	1944
647	1106
650	659
650	747
650	1049
650	1464
651	1303
652	1361
653	689
653	1486
654	677
655	1103
655	1645
657	1603
658	1150
659	1480
659	1630
662	775
663	926
664	994
664	1086
664	1158
665	716
665	1177
666	1173
666	1785
666	1989
667	901
668	682
668	1010
670	1007
670	1629
671	910
672	987
672	1749
674	1175
675	833
675	1147
676	718
676	747
676	808
676	1355
676	1873
677	1294
678	733
678	802
678	932
679	1122
680	741
680	772
680	1105
681	998
681	1368
682	993
682	1071
683	1003
684	1317
684	1763
685	1485
686	839
686	867
686	888
687	1295
688	1060
688	1153
688	1193
689	694
689	766
689	814
689	1387
690	868
691	978
695	785
695	848
695	1170
695	1927
696	748
696	992
697	1253
697	1421
698	703
698	712
698	782
698	865
698	882
698	1921
701	857
701	1058
702	995
702	1006
702	1021
702	1142
702	1979
703	1041
703	1591
703	1925
704	804
704	877
705	825
706	1431
709	1331
711	742
711	858
712	937
712	1131
713	1261
713	1370
716	768
717	1345
718	1170
719	1492
720	973
720	1185
720	1965
721	738
722	787
724	1166
724	1382
725	1431
726	753
727	747
728	1525
728	1964
729	793
729	1008
729	1149
730	1260
731	747
734	1518
735	1038
735	1314
736	1728
736	1796
736	1868
737	1085
738	914
738	1629
740	1466
741	1002
742	1302
742	1333
744	763
745	1354
745	1418
745	1494
746	835
747	827
747	947
747	1236
747	1590
747	1614
749	873
749	1176
750	985
750	1595
750	1775
750	1823
752	1075
753	1808
754	799
754	1376
754	1774
755	1408
757	837
757	1140
758	773
758	879
758	1199
758	1324
760	851
760	1315
761	826
761	1348
761	1360
761	1436
761	1490
762	782
764	916
764	1155
764	1430
764	1451
765	808
765	1521
766	1229
767	843
768	1181
769	982
769	1467
771	883
772	1001
772	1582
772	1604
775	1398
776	1806
777	1910
777	1949
779	1753
780	1745
781	1628
781	1969
782	1169
782	1706
784	846
784	1102
784	1197
785	1338
786	1025
789	1124
791	1800
791	1967
792	1412
792	1504
794	1235
794	1762
796	819
797	1067
797	1405
798	814
798	1060
798	1410
800	1135
800	1499
802	920
802	1185
804	1024
804	1034
806	866
806	881
806	929
808	1457
809	817
809	1651
810	1750
811	1237
811	1444
813	818
814	986
814	1313
814	1328
814	1888
817	1304
818	1120
818	1318
819	1174
820	1125
823	900
824	1047
824	1132
824	1361
825	1818
825	1939
826	1121
827	964
827	1909
828	1065
828	1076
828	1222
828	1285
829	984
831	1476
832	1021
833	1196
836	874
836	1687
837	1108
837	1836
837	1862
837	1989
839	1018
840	1154
841	1284
841	1455
842	975
842	1187
843	1038
845	860
845	1858
849	1012
849	1475
851	950
851	1895
852	1273
852	1999
853	1371
853	1902
855	1289
855	1681
855	1875
856	1096
856	1240
856	1544
856	1844
857	1020
857	1116
857	1397
858	1505
859	1276
860	894
860	912
860	1121
860	1539
861	905
861	957
861	1093
862	1040
862	1579
863	1586
864	1019
864	1646
864	1753
865	1225
866	917
866	1684
866	1819
867	1812
867	1933
868	1036
870	1625
872	1523
873	1286
873	1363
877	1420
878	1605
879	1641
880	1358
881	922
882	1351
883	891
883	893
883	1221
883	1768
885	1973
886	951
887	1102
887	1346
888	1186
888	1306
889	942
891	1837
893	1343
895	1402
896	1362
896	1922
897	1073
898	1151
899	1365
901	1000
901	1114
901	1195
902	1039
902	1600
903	1636
904	1264
904	1342
908	1681
912	925
913	1263
913	1756
915	1406
915	1788
916	1700
917	1202
917	1870
919	1622
920	1739
921	939
921	1201
921	1392
922	1053
922	1726
923	1098
923	1479
924	1961
925	1069
925	1295
926	1287
928	939
928	1228
928	1663
928	1771
930	1059
934	1310
934	1786
936	1270
936	1438
936	1878
937	1217
938	941
939	1293
939	1329
940	977
940	1063
941	1650
942	1554
943	1695
944	1553
944	1906
945	1542
945	1744
946	1134
947	1233
947	1374
949	1268
949	1788
950	1540
951	974
953	1079
953	1356
953	1917
954	1234
954	1503
956	1572
958	1074
958	1140
959	1133
959	1537
961	999
963	1558
964	1078
966	1919
967	1176
968	1050
968	1155
968	1641
968	1743
969	1095
969	1937
970	1874
972	1328
976	1064
977	1266
978	1017
978	1365
979	1068
981	1013
982	1900
983	1797
985	1782
990	1272
991	1836
992	1375
993	1666
994	1982
995	1942
996	1538
997	1609
998	1119
1001	1180
1001	1797
1002	1007
1003	1159
1003	1442
1004	1898
1005	1679
1006	1124
1007	1679
1008	1765
1011	1498
1012	1601
1015	1628
1015	1767
1016	1730
1016	1784
1017	1060
1018	1061
1021	1633
1023	1267
1023	1998
1024	1057
1025	1045
1025	1967
1027	1299
1028	1472
1030	1236
1031	1448
1033	1087
1035	1616
1036	1753
1038	1990
1042	1821
1042	1991
1047	1185
1047	1311
1048	1250
1050	1083
1050	1335
1054	1256
1057	1273
1057	1323
1058	1182
1058	1846
1060	1278
1060	1445
1060	1602
1060	1736
1061	1119
1061	1287
1061	1409
1062	1624
1068	1131
1068	1270
1068	1437
1068	1946
1069	1224
1069	1261
1069	1553
1070	1933
1073	1662
1074	1943
1081	1881
1082	1377
1082	1960
1083	1172
1083	1210
1085	1232
1089	1369
1090	1468
1091	1165
1091	1456
1092	1476
1093	1458
1096	1366
1096	1465
1097	1103
1097	1162
1098	1127
1099	1575
1099	1584
1100	1122
1102	1447
1103	1890
1106	1849
1106	1871
1108	1487
1111	1401
1113	1594
1116	1301
1116	1741
1119	1500
1119	1707
1120	1588
1121	1449
1121	1559
1122	1281
1122	1293
1122	1295
1122	1760
1123	1231
1123	1530
1125	1182
1130	1294
1131	1529
1134	1596
1134	1707
1134	1820
1140	1813
1143	1339
1143	1359
1144	1937
1147	1214
1148	1344
1152	1640
1152	1811
1157	1183
1157	1852
1158	1248
1160	1656
1161	1291
1161	1535
1164	1379
1166	1469
1167	1198
1167	1586
1168	1245
1169	1717
1169	1758
1170	1674
1173	1697
1174	1243
1176	1753
1176	1897
1176	1932
1177	1720
1181	1384
1181	1576
1182	1827
1185	1213
1185	1464
1185	1920
1186	1469
1186	1806
1188	1259
1188	1316
1190	1389
1193	1272
1193	1787
1196	1772
1201	1326
1201	1470
1201	1803
1201	1860
1204	1606
1204	1748
1207	1315
1208	1820
1210	1284
1210	1586
1211	1699
1212	1548
1212	1710
1213	1294
1213	1406
1213	1413
1214	1557
1216	1322
1216	1749
1218	1870
1222	1696
1225	1682
1233	1315
1233	1708
1235	1931
1236	1969
1240	1255
1241	1419
1243	1514
1245	1783
1247	1280
1253	1315
1253	1918
1255	1390
1255	1406
1256	1501
1258	1524
1260	1709
1261	1462
1262	1388
1263	1454
1268	1804
1272	1736
1273	1300
1273	1441
1273	1672
1276	1666
1277	1911
1278	1435
1282	1519
1282	1966
1284	1696
1284	1933
1290	1381
1292	1512
1294	1779
1295	1334
1298	1793
1299	1725
1300	1900
1306	1459
1314	1376
1314	1768
1316	1365
1318	1706
1320	1508
1322	1487
1324	1970
1325	1755
1326	1811
1327	1904
1329	1869
1331	1548
1331	1574
1331	1710
1333	1703
1334	1655
1335	1776
1338	1737
1342	1486
1344	1996
1345	1441
1348	1568
1348	1805
1350	1510
1354	1978
1357	1527
1357	1613
1358	1583
1360	1773
1363	1733
1363	1974
1365	1671
1367	1824
1372	1884
1376	1968
1381	1412
1381	1455
1384	1669
1386	1673
1388	1443
1388	1731
1390	1815
1392	1916
1395	1659
1399	1670
1399	1938
1403	1848
1407	1440
1412	1458
1413	1453
1414	1928
1419	1838
1421	1565
1421	1647
1425	1661
1427	1442
1427	1993
1428	1977
1429	1727
1430	1702
1437	1926
1437	2000
1443	1445
1443	1944
1444	1535
1444	1770
1447	1958
1448	1623
1448	1914
1461	1865
1462	1901
1469	1674
1471	1756
1473	1532
1473	1620
1475	1484
1475	1945
1476	1912
1477	1560
1482	1746
1482	1993
1483	1693
1487	1488
1487	1565
1489	1828
1492	1845
1493	1545
1495	1744
1497	1599
1498	1599
1499	1765
1501	1585
1506	1556
1508	1818
1509	1615
1511	1563
1512	1794
1515	1801
1518	1825
1521	1797
1524	1701
1529	1712
1531	1555
1531	1972
1533	1654
1539	1842
1539	1934
1541	1667
1544	1715
1546	1672
1547	1959
1548	1833
1550	1867
1553	1764
1555	1580
1565	1968
1566	1825
1567	1847
1571	1664
1573	1731
1576	1708
1576	1835
1577	1752
1577	1913
1579	1698
1579	1854
1582	1639
1596	1722
1599	1892
1605	1962
1606	1992
1616	1982
1624	1737
1624	1890
1629	1677
1629	1751
1639	1780
1644	1734
1646	1653
1650	1711
1657	1735
1665	1948
1672	1758
1672	1975
1674	1867
1678	1840
1679	1700
1681	1942
1686	1883
1692	1748
1692	1923
1696	1988
1697	1974
1702	1843
1708	1807
1715	1825
1724	1845
1725	1759
1728	1915
1730	1810
1731	1856
1731	1887
1739	1907
1742	1967
1744	1819
1754	1850
1762	1980
1782	1831
1785	1971
1793	1940
1796	1894
1815	1829
1818	1839
1821	1935
1827	1864
1832	1893
1839	1960
1841	1933
1844	1882
1844	1952
1848	1956
1852	1919
1863	1864
1868	1985
1891	1970
1947	1992
