1	2
1	3
1	4
1	5
1	6
1	7
1	8
1	9
1	10
1	16
1	17
1	20
1	22
1	23
1	25
1	27
1	34
1	36
1	40
1	47
1	48
1	83
1	107
1	110
1	134
1	204
1	846
1	1044
2	3
2	4
2	5
2	6
2	7
2	8
2	9
2	19
2	21
2	24
2	27
2	30
2	39
2	51
2	54
2	69
2	70
2	73
2	123
2	125
2	142
2	231
2	270
2	396
2	412
2	669
2	672
2	764
2	904
2	1038
2	1271
2	1569
2	1712
2	1870
3	4
3	5
3	6
3	7
3	8
3	9
3	12
3	13
3	18
3	19
3	22
3	25
3	38
3	49
3	61
3	64
3	68
3	78
3	107
3	136
3	167
3	249
3	256
3	292
3	402
3	885
3	991
3	1080
4	5
4	6
4	7
4	8
4	9
4	10
4	11
4	12
4	14
4	15
4	23
4	54
4	56
4	67
4	91
4	112
4	128
4	144
4	148
4	168
4	183
4	220
4	261
4	272
4	299
4	348
4	391
4	431
4	581
4	940
4	958
4	1394
4	1655
5	6
5	7
5	8
5	10
5	13
5	14
5	25
5	26
5	32
5	33
5	46
5	66
5	71
5	76
5	79
5	80
5	85
5	101
5	147
5	177
5	254
5	339
5	393
5	394
5	500
5	607
5	768
5	898
5	932
5	1010
5	1158
5	1739
5	1924
6	7
6	8
6	10
6	11
6	14
6	15
6	19
6	24
6	25
6	28
6	44
6	47
6	57
6	58
6	91
6	96
6	106
6	144
6	199
6	204
6	205
6	284
6	321
6	371
6	501
6	563
6	595
6	625
6	821
6	1455
7	8
7	10
7	11
7	12
7	14
7	30
7	31
7	32
7	45
7	49
7	54
7	157
7	179
7	201
7	228
7	253
7	270
7	273
7	313
7	400
7	413
7	417
7	436
7	565
7	632
7	1403
7	1446
7	1556
7	1840
7	1992
8	9
8	11
8	13
8	16
8	18
8	25
8	29
8	35
8	37
8	40
8	41
8	42
8	49
8	51
8	72
8	79
8	80
8	82
8	123
8	169
8	194
8	247
8	317
8	424
8	430
8	575
8	698
8	780
8	1632
9	12
9	17
9	27
9	32
9	33
9	44
9	46
9	52
9	56
9	58
9	105
9	118
9	141
9	143
9	158
9	213
9	216
9	221
9	237
9	280
9	573
9	724
9	822
9	1134
9	1233
9	1264
9	1481
9	1774
10	11
10	12
10	14
10	15
10	16
10	17
10	23
10	33
10	53
10	56
10	83
10	95
10	97
10	116
10	158
10	190
10	279
10	284
10	287
10	364
10	564
10	624
10	773
10	1013
10	1508
10	1906
11	13
11	16
11	18
11	20
11	21
11	24
11	30
11	33
11	35
11	36
11	42
11	62
11	112
11	117
11	162
11	268
11	279
11	304
11	442
11	500
11	654
11	773
11	815
11	854
11	947
11	1094
11	1660
12	13
12	15
12	22
12	26
12	29
12	36
12	47
12	69
12	80
12	109
12	126
12	162
12	181
12	190
12	214
12	258
12	260
12	298
12	407
12	457
12	561
12	617
12	844
12	1660
13	16
13	18
13	20
13	21
13	32
13	36
13	70
13	90
13	118
13	138
13	142
13	183
13	215
13	232
13	307
13	310
13	383
13	547
13	584
13	1374
13	1549
13	1574
13	1805
13	1974
14	15
14	17
14	20
14	26
14	27
14	30
14	39
14	49
14	62
14	67
14	74
14	76
14	84
14	92
14	109
14	241
14	244
14	421
14	464
14	481
14	581
14	634
14	693
14	722
14	945
14	982
14	1148
14	1683
14	1756
14	1768
15	17
15	21
15	24
15	28
15	31
15	33
15	41
15	55
15	71
15	86
15	136
15	139
15	148
15	225
15	380
15	439
15	494
15	562
15	566
15	814
15	998
15	1150
15	1379
15	1485
16	18
16	19
16	22
16	23
16	38
16	70
16	77
16	90
16	91
16	105
16	119
16	137
16	142
16	175
16	255
16	330
16	689
16	935
16	994
16	1193
16	1232
16	1387
17	21
17	23
17	30
17	32
17	39
17	44
17	58
17	60
17	84
17	163
17	210
17	277
17	308
17	451
17	553
17	602
17	643
17	736
17	754
17	878
17	1594
17	1673
18	19
18	20
18	22
18	29
18	34
18	39
18	57
18	58
18	126
18	160
18	167
18	343
18	490
18	725
18	800
18	939
18	1883
18	1892
18	1911
19	24
19	26
19	34
19	43
19	50
19	69
19	111
19	319
19	477
19	562
19	624
19	820
19	1019
19	1315
19	1572
20	26
20	31
20	38
20	42
20	48
20	60
20	63
20	85
20	126
20	146
20	147
20	160
20	244
20	251
20	266
20	293
20	368
20	424
20	444
20	561
20	783
20	797
20	818
20	1319
20	1861
21	28
21	48
21	49
21	70
21	121
21	148
21	187
21	209
21	262
21	289
21	345
21	421
21	456
21	481
21	524
21	533
21	602
21	666
21	833
21	1183
21	1237
21	1507
22	41
22	42
22	55
22	64
22	72
22	74
22	100
22	149
22	219
22	225
22	256
22	301
22	426
22	452
22	544
22	619
22	675
22	1024
22	1382
22	1754
22	1851
23	37
23	40
23	41
23	43
23	51
23	52
23	58
23	168
23	246
23	272
23	336
23	383
23	403
23	462
23	563
23	660
23	737
23	796
23	903
23	969
23	1263
23	1308
24	27
24	29
24	37
24	45
24	51
24	52
24	66
24	74
24	76
24	96
24	100
24	192
24	193
24	201
24	350
24	583
24	853
24	1158
24	1402
24	1733
24	1792
24	1814
25	28
25	34
25	57
25	61
25	64
25	65
25	132
25	232
25	275
25	276
25	320
25	778
25	977
25	1015
25	1274
25	1421
26	29
26	31
26	34
26	40
26	71
26	80
26	106
26	114
26	119
26	123
26	135
26	153
26	300
26	304
26	323
26	360
26	393
26	439
26	565
26	582
26	621
26	808
26	940
26	941
26	1347
26	1595
26	1833
27	28
27	36
27	38
27	53
27	87
27	100
27	153
27	158
27	227
27	255
27	486
27	788
27	813
27	843
27	928
27	941
27	958
27	1102
27	1400
27	1783
28	45
28	50
28	51
28	113
28	175
28	198
28	205
28	488
28	599
28	713
28	891
28	1039
28	1958
29	38
29	44
29	46
29	47
29	63
29	68
29	85
29	99
29	103
29	121
29	139
29	144
29	234
29	259
29	340
29	421
29	423
29	430
29	684
29	715
29	766
29	913
29	992
29	1043
29	1533
29	1729
30	31
30	35
30	37
30	43
30	54
30	80
30	87
30	107
30	131
30	147
30	181
30	221
30	266
30	308
30	951
30	1176
30	1540
31	35
31	55
31	56
31	103
31	110
31	199
31	243
31	255
31	324
31	468
31	684
31	1397
32	35
32	99
32	161
32	262
32	294
32	516
32	584
32	1299
32	1479
32	1492
32	1663
33	46
33	47
33	62
33	64
33	72
33	81
33	86
33	92
33	94
33	104
33	163
33	219
33	294
33	306
33	406
33	408
33	680
33	775
33	1349
33	1577
33	1648
33	1704
33	1751
34	53
34	61
34	68
34	72
34	89
34	98
34	125
34	149
34	166
34	195
34	327
34	336
34	499
34	510
34	548
34	765
34	813
34	844
34	1115
34	1141
34	1793
35	43
35	48
35	75
35	95
35	114
35	203
35	233
35	243
35	283
35	528
35	660
35	732
35	806
35	858
35	897
35	930
35	960
35	989
35	996
35	1371
36	37
36	41
36	59
36	86
36	88
36	103
36	128
36	129
36	132
36	143
36	146
36	242
36	286
36	305
36	379
36	408
36	485
36	695
36	703
36	741
36	913
36	916
36	1131
36	1582
37	43
37	54
37	61
37	128
37	149
37	174
37	195
37	198
37	306
37	357
37	390
37	490
37	502
37	662
37	688
37	888
37	931
37	997
37	1020
37	1324
38	39
38	60
38	78
38	91
38	115
38	155
38	168
38	187
38	189
38	221
38	224
38	248
38	251
38	327
38	329
38	419
38	428
38	443
38	542
38	575
38	667
38	674
38	1073
38	1263
38	1553
38	1626
39	40
39	42
39	45
39	50
39	55
39	66
39	93
39	94
39	127
39	165
39	178
39	202
39	267
39	309
39	372
39	457
39	832
39	1164
39	1353
39	1430
39	1538
39	1987
40	48
40	50
40	69
40	81
40	97
40	109
40	135
40	203
40	207
40	227
40	229
40	285
40	441
40	527
40	774
40	788
40	929
40	1044
40	1336
40	1420
40	1475
40	1555
40	1717
41	57
41	60
41	63
41	75
41	77
41	120
41	124
41	145
41	176
41	216
41	243
41	280
41	420
41	423
41	502
41	811
41	854
41	920
41	1128
41	1776
41	1879
42	53
42	61
42	67
42	133
42	134
42	151
42	283
42	319
42	325
42	560
42	563
42	586
42	714
42	814
42	1106
42	1407
42	1419
43	44
43	46
43	52
43	73
43	101
43	115
43	122
43	137
43	159
43	181
43	195
43	218
43	331
43	583
43	656
43	785
43	1197
43	1301
43	1370
43	1598
43	1988
44	45
44	53
44	82
44	89
44	114
44	138
44	145
44	162
44	189
44	194
44	204
44	215
44	218
44	240
44	254
44	360
44	426
44	967
44	1027
44	1066
44	1199
44	1206
44	1312
45	72
45	82
45	93
45	106
45	135
45	196
45	241
45	264
45	282
45	303
45	317
45	478
45	480
45	535
45	559
45	898
45	924
45	1414
45	1710
45	1732
45	1946
46	52
46	60
46	77
46	79
46	97
46	105
46	108
46	121
46	227
46	248
46	281
46	323
46	530
46	533
46	867
46	995
46	1249
46	1664
46	1730
46	1987
47	50
47	57
47	59
47	76
47	100
47	109
47	118
47	159
47	183
47	184
47	208
47	239
47	261
47	678
47	1186
47	1360
47	1547
48	62
48	64
48	86
48	87
48	127
48	131
48	147
48	207
48	217
48	245
48	262
48	295
48	298
48	461
48	493
48	517
48	562
48	564
48	812
48	841
48	905
48	1029
48	1494
48	1709
49	66
49	70
49	75
49	85
49	87
49	105
49	112
49	116
49	121
49	148
49	274
49	296
49	437
49	578
49	936
49	1095
49	1188
49	1225
49	1329
49	1372
49	1448
50	56
50	68
50	96
50	98
50	116
50	130
50	131
50	133
50	137
50	213
50	222
50	242
50	258
50	342
50	405
50	495
50	531
50	574
50	628
50	703
50	930
50	1084
50	1253
50	1691
50	1693
51	66
51	71
51	81
51	166
51	214
51	281
51	361
51	485
51	523
51	677
51	798
51	809
51	877
51	883
51	1438
51	1672
52	59
52	69
52	105
52	182
52	278
52	305
52	496
52	549
52	739
52	841
52	1179
53	97
53	118
53	128
53	213
53	228
53	258
53	288
53	367
53	385
53	536
53	547
53	896
53	950
53	1038
53	1278
53	1514
53	1704
54	55
54	59
54	78
54	89
54	90
54	96
54	102
54	108
54	113
54	129
54	152
54	160
54	212
54	299
54	347
54	424
54	529
54	534
54	685
54	706
54	738
54	764
54	1146
54	1272
54	1908
55	65
55	84
55	127
55	179
55	279
55	286
55	324
55	747
55	1025
55	1130
55	1181
55	1341
55	1586
56	62
56	68
56	84
56	98
56	99
56	106
56	114
56	143
56	145
56	182
56	186
56	215
56	263
56	373
56	675
56	838
56	1124
56	1151
56	1750
56	1796
56	1944
57	65
57	112
57	120
57	123
57	176
57	178
57	211
57	275
57	312
57	330
57	331
57	824
57	1609
57	1845
58	59
58	63
58	73
58	194
58	288
58	383
58	780
58	855
58	1026
58	1395
58	1432
59	63
59	65
59	71
59	81
59	90
59	101
59	138
59	141
59	151
59	168
59	216
59	233
59	275
59	302
59	344
59	351
59	411
59	467
59	832
59	948
59	1124
59	1346
59	1352
59	1372
59	1395
59	1495
59	1763
60	65
60	67
60	83
60	87
60	108
60	141
60	154
60	206
60	225
60	235
60	251
60	285
60	460
60	472
60	494
60	720
60	1437
60	1685
60	1745
60	1828
61	83
61	88
61	93
61	114
61	172
61	173
61	185
61	610
61	838
61	1048
61	1269
61	1315
61	1473
61	1579
61	1835
62	75
62	99
62	100
62	117
62	125
62	137
62	140
62	150
62	217
62	344
62	395
62	615
62	640
62	645
62	802
62	1058
62	1186
62	1286
62	1646
63	77
63	79
63	85
63	92
63	94
63	110
63	112
63	113
63	127
63	136
63	147
63	164
63	200
63	271
63	290
63	384
63	400
63	433
63	497
63	530
63	580
63	614
63	757
63	804
63	840
63	1081
63	1416
63	1564
64	77
64	99
64	125
64	164
64	177
64	188
64	205
64	273
64	286
64	296
64	305
64	566
64	595
64	746
64	807
64	843
64	917
64	934
64	1160
64	1389
64	1766
65	67
65	88
65	122
65	195
65	200
65	256
65	275
65	339
65	340
65	377
65	592
65	619
65	663
65	748
65	757
65	897
65	1034
65	1169
65	1717
65	1796
65	1938
66	104
66	116
66	154
66	178
66	184
66	202
66	242
66	257
66	293
66	296
66	385
66	587
66	594
66	713
66	740
66	1247
66	1308
66	1637
66	1932
67	76
67	82
67	90
67	142
67	151
67	170
67	182
67	259
67	286
67	451
67	761
68	73
68	75
68	106
68	107
68	152
68	157
68	182
68	189
68	293
68	329
68	382
68	656
68	704
68	708
68	964
68	1088
68	1135
68	1287
69	74
69	78
69	94
69	95
69	121
69	132
69	133
69	204
69	287
69	289
69	474
69	649
69	1065
69	1202
69	1222
69	1320
70	81
70	84
70	88
70	101
70	155
70	166
70	246
70	318
70	702
70	1489
70	1931
71	78
71	79
71	95
71	102
71	118
71	156
71	273
71	305
71	312
71	338
71	354
71	392
71	433
71	463
71	474
71	947
71	1073
71	1340
71	1597
71	1711
71	1757
71	1839
72	73
72	109
72	163
72	169
72	179
72	194
72	210
72	273
72	276
72	315
72	448
72	493
72	546
72	585
72	1492
72	1783
73	74
73	98
73	111
73	122
73	129
73	149
73	249
73	269
73	282
73	321
73	475
73	522
73	739
73	962
73	1455
73	1496
73	1674
73	1843
73	1874
73	1921
74	82
74	91
74	124
74	126
74	143
74	160
74	176
74	223
74	252
74	260
74	319
74	332
74	722
74	777
74	1000
74	1115
74	1191
74	1527
74	1714
75	88
75	102
75	119
75	184
75	232
75	259
75	302
75	361
75	513
75	541
75	558
75	591
75	641
75	787
75	956
75	989
75	1154
75	1198
75	1218
75	1494
75	1504
75	1968
76	129
76	130
76	134
76	150
76	158
76	191
76	236
76	356
76	424
76	479
76	487
76	595
76	879
76	1318
77	92
77	103
77	153
77	171
77	192
77	334
77	389
77	520
77	982
77	1174
77	1572
77	1814
78	124
78	150
78	295
78	343
78	450
78	467
78	468
78	564
78	587
78	732
78	826
78	860
78	1152
78	1310
78	1488
78	1692
79	308
79	362
79	432
79	570
79	609
79	733
79	847
79	849
79	964
79	1032
79	1243
79	1973
80	111
80	137
80	141
80	170
80	197
80	384
80	463
80	711
80	789
80	874
80	1590
80	1907
81	83
81	152
81	156
81	187
81	192
81	269
81	353
81	479
81	651
81	852
81	1096
81	1174
81	1279
81	1483
81	1500
81	1562
81	1657
81	1821
81	1850
82	86
82	93
82	94
82	115
82	120
82	122
82	174
82	238
82	269
82	277
82	384
82	503
82	506
82	605
82	1185
82	1224
82	1356
82	1820
83	95
83	103
83	117
83	211
83	252
83	452
83	476
83	1067
83	1092
83	1665
84	161
84	213
84	230
84	237
84	264
84	332
84	399
84	658
84	795
84	826
84	1473
84	1850
85	89
85	104
85	107
85	139
85	215
85	234
85	303
85	392
85	497
85	755
85	979
85	1244
85	1642
85	1918
86	89
86	92
86	120
86	127
86	132
86	144
86	180
86	256
86	409
86	514
86	732
86	737
86	875
86	1114
86	1229
86	1234
86	1276
86	1328
86	1638
87	146
87	173
87	180
87	186
87	268
87	274
87	287
87	345
87	414
87	493
87	590
87	683
87	776
87	987
87	1388
87	1454
87	1548
87	1691
88	104
88	115
88	117
88	153
88	155
88	224
88	245
88	314
88	419
88	511
88	735
88	833
88	1036
88	1056
88	1154
88	1999
89	93
89	102
89	113
89	115
89	124
89	181
89	245
89	292
89	413
89	741
89	859
89	943
89	1029
89	1031
89	1104
89	1258
90	97
90	138
90	171
90	186
90	193
90	201
90	222
90	271
90	374
90	440
90	481
90	538
90	869
90	1313
91	110
91	123
91	146
91	165
91	235
91	280
91	373
91	812
91	866
91	891
91	1267
91	1866
91	1933
91	1990
92	160
92	202
92	218
92	270
92	351
92	492
92	723
92	793
92	1162
93	225
93	370
93	468
93	482
93	735
93	755
93	879
93	908
93	1337
94	96
94	98
94	130
94	134
94	139
94	162
94	355
94	411
94	421
94	635
94	763
94	927
94	1371
94	1510
94	1615
94	1859
95	162
95	172
95	182
95	219
95	313
95	367
95	395
95	513
95	1045
95	1068
95	1073
95	1445
95	1827
95	1832
96	120
96	171
96	183
96	216
96	228
96	240
96	323
96	355
96	538
96	562
96	633
96	664
96	1320
96	1812
97	108
97	129
97	146
97	175
97	257
97	540
97	563
97	829
97	836
97	1042
98	111
98	119
98	135
98	140
98	211
98	263
98	273
98	279
98	370
98	542
98	817
98	931
98	1267
98	1313
98	1774
98	1794
99	102
99	104
99	110
99	209
99	232
99	243
99	272
99	289
99	529
99	599
99	876
99	893
99	1459
99	1801
99	1845
100	101
100	108
100	167
100	235
100	378
100	403
100	1068
100	1136
100	1219
100	1292
100	1307
100	1965
101	133
101	141
101	154
101	198
101	406
101	454
101	489
101	618
101	672
101	864
101	948
101	1151
101	1222
101	1260
101	1744
102	144
102	206
102	260
102	345
102	364
102	372
102	630
102	639
102	644
102	680
102	789
102	972
102	1122
102	1151
102	1525
102	1801
102	1851
103	230
103	267
103	291
103	345
103	349
103	386
103	410
103	537
103	591
103	765
103	832
103	1393
103	1631
104	130
104	171
104	191
104	209
104	210
104	317
104	328
104	341
104	519
104	537
104	773
104	862
104	954
104	1263
104	1640
104	1838
105	119
105	171
105	239
105	295
105	369
105	578
105	901
105	1307
105	1470
105	1847
105	1857
106	111
106	116
106	145
106	158
106	165
106	274
106	393
106	403
106	543
106	801
106	1319
106	1362
106	1489
106	1586
106	1941
106	1956
107	139
107	222
107	364
107	420
107	475
107	604
107	684
107	1035
107	1117
107	1417
108	113
108	154
108	157
108	241
108	250
108	294
108	387
108	554
108	623
108	722
108	738
108	759
108	859
108	862
108	1036
108	1316
108	1892
109	177
109	210
109	217
109	219
109	222
109	276
109	309
109	389
109	395
109	442
109	646
109	675
109	1013
109	1099
109	1229
109	1854
110	159
110	188
110	212
110	226
110	342
110	352
110	363
110	365
110	422
110	475
110	506
110	656
110	723
110	736
110	757
110	777
110	790
110	840
110	1623
111	125
111	148
111	152
111	161
111	187
111	252
111	253
111	303
111	329
111	523
111	595
111	731
111	802
111	845
111	981
111	1023
111	1069
111	1346
111	1974
112	163
112	169
112	173
112	340
112	381
112	397
112	423
112	457
112	537
112	557
112	667
112	831
112	914
113	122
113	136
113	149
113	164
113	172
113	249
113	271
113	274
113	349
113	415
113	508
113	559
113	645
113	704
113	887
113	1414
113	1779
113	1781
113	1995
114	167
114	205
114	211
114	223
114	281
114	311
114	453
114	627
114	637
114	925
114	1458
114	1608
115	366
115	442
115	512
115	514
115	1037
115	1407
115	1459
116	117
116	132
116	188
116	268
116	332
116	342
116	429
116	492
116	498
116	538
116	539
116	600
116	683
116	754
116	1076
116	1236
116	1483
116	1544
116	1768
117	126
117	131
117	191
117	226
117	300
117	439
117	741
117	853
117	1035
117	1162
117	1269
117	1351
117	1559
117	1628
117	1784
118	128
118	186
118	254
118	335
118	398
118	603
118	665
118	824
118	842
118	846
118	876
118	971
118	1220
118	1314
119	124
119	161
119	208
119	260
119	526
119	1439
119	1704
120	130
120	140
120	283
120	302
120	309
120	382
120	399
120	426
120	497
120	519
120	530
120	603
120	694
120	724
120	749
120	772
120	1017
120	1368
121	156
121	163
121	223
121	296
121	495
121	511
121	523
121	694
121	765
121	892
121	1323
121	1921
122	133
122	200
122	249
122	255
122	261
122	285
122	362
122	363
122	367
122	540
122	598
122	690
122	830
122	1010
122	1358
123	164
123	237
123	285
123	307
123	442
123	456
123	486
123	577
123	589
123	1130
123	1760
123	1766
124	134
124	193
124	264
124	320
124	443
124	518
124	521
124	800
124	871
124	881
124	1155
124	1236
124	1788
124	1844
125	131
125	145
125	248
125	270
125	341
125	402
125	450
125	539
125	581
125	706
125	711
125	877
125	880
125	1009
125	1519
125	1872
125	1912
126	159
126	161
126	461
126	809
126	1036
126	1446
126	1509
126	1897
127	140
127	156
127	173
127	179
127	196
127	231
127	314
127	318
127	383
127	425
127	446
127	512
127	533
127	777
127	969
127	1144
127	1219
127	1520
127	1528
127	1609
127	1721
127	1899
127	1960
128	140
128	268
128	277
128	305
128	375
128	379
128	408
128	614
128	726
128	822
128	1045
128	1393
128	1502
128	1537
128	1735
128	1813
128	1905
129	155
129	156
129	157
129	165
129	206
129	236
129	278
129	316
129	374
129	527
129	548
129	565
129	692
129	851
129	1047
129	1049
129	1280
129	1299
130	135
130	138
130	174
130	265
130	284
130	352
130	425
130	561
130	608
130	616
130	661
130	769
130	815
130	1102
130	1225
130	1531
130	1672
131	154
131	336
131	347
131	349
131	368
131	455
131	467
131	610
131	620
131	670
131	990
131	1693
131	1774
132	142
132	159
132	180
132	194
132	266
132	513
132	614
132	957
132	963
132	1354
132	1417
133	177
133	190
133	205
133	261
133	321
133	331
133	515
133	977
133	1405
133	1960
134	136
134	150
134	173
134	227
134	265
134	289
134	401
134	731
134	762
134	874
134	1062
134	1136
134	1381
134	1450
134	1458
134	1581
134	1590
135	153
135	187
135	309
135	322
135	392
135	702
135	718
135	742
135	1127
135	1350
135	1416
135	1484
135	1668
135	1675
135	1700
135	1748
136	157
136	214
136	223
136	284
136	422
136	515
136	627
136	636
136	1143
136	1348
136	1349
136	1376
137	170
137	311
137	470
137	524
137	532
137	653
137	812
137	905
137	1415
137	1982
138	143
138	240
138	246
138	447
138	484
138	507
138	694
138	746
138	1579
139	176
139	207
139	335
139	601
139	638
139	742
139	1215
139	1831
139	1890
139	1928
140	185
140	186
140	218
140	226
140	242
140	328
140	700
140	830
140	1002
140	1319
140	1576
140	1767
140	1818
141	185
141	228
141	236
141	265
141	396
141	514
141	557
141	566
141	592
141	687
141	758
141	796
141	873
141	1114
141	1647
141	1817
142	188
142	202
142	346
142	356
142	970
142	1337
143	191
143	231
143	313
143	338
143	384
143	486
143	626
143	867
143	1130
143	1153
144	151
144	202
144	208
144	229
144	250
144	321
144	468
144	496
144	834
144	907
144	970
144	1009
144	1089
144	1244
144	1295
144	1469
144	1540
144	1608
144	1656
144	1763
145	150
145	165
145	191
145	197
145	208
145	549
145	1180
145	1227
145	1368
145	1587
145	1638
146	152
146	155
146	179
146	188
146	226
146	261
146	271
146	504
146	513
146	596
146	794
146	810
146	841
146	1110
146	1665
146	1968
147	170
147	174
147	237
147	246
147	251
147	388
147	408
147	440
147	489
147	729
147	939
147	1860
148	164
148	166
148	172
148	197
148	217
148	361
148	678
148	1510
148	1720
149	175
149	184
149	192
149	220
149	226
149	259
149	306
149	336
149	454
149	508
149	552
149	810
149	871
149	883
149	926
149	977
149	1245
149	1281
149	1384
150	151
150	168
150	197
150	236
150	292
150	348
150	436
150	471
150	488
150	1319
150	1332
150	1499
150	1571
150	1741
151	189
151	277
151	344
151	502
151	579
151	665
151	797
151	1003
151	1007
151	1277
152	209
152	272
152	295
152	354
152	376
152	404
152	413
152	435
152	465
152	505
152	514
152	530
152	575
152	611
152	623
152	629
152	671
152	695
152	716
152	748
152	756
152	911
152	924
152	1062
152	1217
152	1471
152	1937
153	169
153	209
153	214
153	281
153	282
153	307
153	474
153	662
153	796
153	889
153	1098
153	1104
153	1534
153	1636
154	212
154	372
154	633
154	701
154	744
154	1999
155	260
155	267
155	357
155	410
155	453
155	589
155	602
155	654
155	753
155	755
155	874
155	968
155	1132
155	1268
156	166
156	167
156	172
156	185
156	220
156	238
156	267
156	315
156	348
156	416
156	556
156	674
156	696
156	734
156	735
156	1090
157	288
157	298
157	311
157	581
157	593
157	820
157	923
157	933
157	1142
157	1761
158	389
158	483
158	634
158	732
158	753
158	894
158	1031
158	1105
158	1429
158	1767
159	184
159	193
159	208
159	238
159	247
159	266
159	297
159	311
159	320
159	356
159	386
159	412
159	415
159	440
159	559
159	700
159	766
159	906
159	1118
159	1133
159	1196
159	1909
160	174
160	176
160	177
160	233
160	341
160	355
160	363
160	742
160	782
160	979
160	1033
160	1089
160	1192
161	190
161	262
161	290
161	315
161	332
161	521
161	582
161	646
161	695
161	885
161	900
161	927
161	1119
161	1132
161	1348
161	1499
161	1557
161	1815
162	257
162	290
162	291
162	303
162	409
162	454
162	543
162	629
162	822
162	1363
162	1601
162	1766
163	169
163	240
163	297
163	310
163	410
163	525
163	585
163	590
163	681
163	746
163	813
163	990
163	1213
163	1240
163	1317
163	1368
163	1610
163	1664
163	1676
164	198
164	206
164	217
164	225
164	256
164	409
164	489
164	661
164	746
164	1321
164	1551
164	1868
164	1961
165	178
165	253
165	326
165	337
165	384
165	605
165	863
165	865
165	897
165	1144
165	1240
166	250
166	277
166	312
166	440
166	476
166	574
166	661
166	886
166	966
166	1176
166	1618
167	170
167	730
167	750
167	1093
167	1303
168	193
168	203
168	322
168	359
168	643
168	655
168	664
168	706
168	864
168	938
168	1874
169	322
169	374
169	445
169	457
169	469
169	490
169	634
169	1005
169	1108
169	1126
169	1186
169	1539
169	1916
170	183
170	247
170	307
170	338
170	419
170	447
170	467
170	482
170	585
170	663
170	1735
171	180
171	491
171	510
171	550
171	725
171	749
171	978
171	999
171	1220
171	1498
171	1907
172	190
172	198
172	312
172	333
172	481
172	1381
172	1661
173	175
173	185
173	200
173	201
173	358
173	359
173	469
173	478
173	570
173	1069
173	1271
173	1322
173	1581
174	178
174	271
174	332
174	427
174	508
174	650
174	848
174	1039
174	1077
174	1082
174	1086
174	1304
174	1375
175	181
175	245
175	247
175	252
175	258
175	316
175	324
175	336
175	385
175	451
175	1358
175	1413
175	1578
175	1590
176	250
176	328
176	478
176	637
176	737
176	826
176	1210
176	1582
176	1854
177	189
177	203
177	219
177	294
177	416
177	899
177	944
177	1137
177	1270
177	1717
178	199
178	287
178	359
178	434
178	436
178	438
178	767
178	817
178	1008
178	1641
178	1972
179	180
179	238
179	240
179	241
179	267
179	385
179	713
179	1266
179	1400
179	1813
180	196
180	239
180	367
180	508
180	612
180	634
180	1432
180	1744
181	228
181	306
181	374
181	378
181	416
181	448
181	526
181	609
181	709
181	793
181	1981
182	196
182	323
182	428
182	572
182	770
182	1082
182	1378
182	1417
182	1444
183	441
183	637
183	786
183	1030
183	1127
183	1253
183	1950
183	1993
184	197
184	248
184	534
184	633
184	779
184	1568
184	1727
185	199
185	269
185	494
185	882
185	910
185	1362
185	1681
186	199
186	232
186	298
186	308
186	344
186	437
186	453
186	472
186	482
186	718
186	1061
186	1162
186	1201
186	1846
187	220
187	246
187	292
187	404
187	512
187	515
187	620
187	750
187	893
187	896
187	957
187	1135
188	207
188	242
188	371
188	399
188	554
188	667
188	709
188	982
188	1211
188	1254
188	1393
188	1919
189	297
189	422
189	493
189	517
189	540
189	600
189	696
189	1050
189	1185
189	1359
189	1382
190	192
190	211
190	230
190	251
190	253
190	438
190	441
190	592
190	796
190	827
190	994
191	195
191	215
191	223
191	263
191	291
191	303
191	466
191	504
191	830
191	833
191	895
191	1567
191	1699
192	203
192	365
192	532
192	574
192	641
192	646
192	783
192	1155
192	1434
192	1611
192	1918
193	207
193	212
193	263
193	281
193	325
193	440
193	602
193	643
193	733
193	776
193	823
193	827
193	1209
193	1250
193	1523
193	1651
193	1725
193	1949
194	224
194	292
194	316
194	377
194	427
194	553
194	800
194	1048
194	1115
194	1128
194	1391
195	196
195	200
195	221
195	550
195	663
195	705
195	1069
196	204
196	264
196	280
196	437
196	556
196	1008
196	1339
196	1466
196	1725
196	1775
196	1832
197	286
197	391
197	406
197	561
197	876
197	915
197	976
197	1113
197	1323
197	1350
197	1398
197	1887
198	237
198	248
198	291
198	506
198	559
198	612
198	636
198	824
198	840
198	933
198	1070
198	1101
198	1297
198	1627
198	1732
199	206
199	231
199	333
199	382
199	414
199	417
199	622
199	766
199	806
199	822
199	951
199	1423
199	1723
199	1730
199	1808
199	1841
199	1858
200	201
200	274
200	347
200	370
200	449
200	937
200	1234
200	1528
200	1595
201	268
201	313
201	350
201	358
201	602
201	654
201	771
201	1020
201	1182
201	1445
201	1541
201	1711
201	1976
201	1984
202	301
202	307
202	541
202	577
202	586
202	770
202	1013
202	1035
202	1175
202	1917
202	1930
203	218
203	342
203	350
203	398
203	446
203	573
203	635
203	690
203	865
203	915
203	1133
203	1410
203	1577
203	1778
203	1821
203	1888
204	224
204	229
204	234
204	282
204	346
204	377
204	397
204	404
204	484
204	509
204	583
204	659
204	729
204	1015
205	212
205	214
205	327
205	560
205	1184
205	1211
205	1296
205	1391
205	1686
205	1866
205	1882
205	1960
206	220
206	229
206	238
206	247
206	258
206	331
206	337
206	358
206	600
206	642
206	845
206	1159
206	1649
206	1800
207	272
207	302
207	939
207	1167
207	1173
207	1281
207	1435
207	1537
207	1666
208	210
208	213
208	233
208	234
208	278
208	356
208	430
208	555
208	636
208	661
208	695
208	1171
208	1630
209	244
209	291
209	311
209	419
209	505
209	622
209	707
209	811
209	1147
209	1234
209	1300
209	1367
209	1823
209	1836
210	221
210	234
210	279
210	381
210	482
210	544
210	723
210	782
210	1227
210	1308
210	1526
211	382
211	558
211	718
211	877
211	904
211	1165
211	1247
211	1363
211	1722
211	1954
212	216
212	233
212	245
212	296
212	413
212	445
212	524
212	542
212	550
212	551
212	554
212	832
212	844
212	986
212	1331
212	1350
212	1623
212	1817
213	257
213	298
213	348
213	396
213	513
213	570
213	618
213	818
213	1811
214	264
214	265
214	295
214	317
214	467
214	546
214	577
214	588
214	596
214	862
214	877
214	917
214	993
214	1476
214	1613
215	222
215	423
215	876
215	1136
215	1205
215	1705
216	227
216	230
216	299
216	629
216	634
216	658
216	701
216	868
216	1066
216	1226
216	1231
216	1246
216	1371
216	1434
217	224
217	243
217	319
217	471
217	626
217	676
217	703
217	1604
218	241
218	321
218	416
218	987
218	1079
218	1668
219	229
219	231
219	244
219	259
219	465
219	593
219	754
219	1320
219	1408
219	1507
220	244
220	252
220	263
220	265
220	301
220	318
220	395
220	411
220	472
220	526
220	1022
220	1134
220	1156
220	1203
220	1223
220	1384
220	1413
220	1880
220	1989
221	236
221	239
221	253
221	403
221	455
221	491
221	515
221	774
221	1187
221	1367
221	1582
221	1667
221	1702
221	1761
221	1971
222	326
222	351
222	378
222	402
222	464
222	483
222	536
222	542
222	544
222	1099
222	1674
222	1998
223	235
223	269
223	353
223	626
223	651
223	835
223	937
223	959
223	1245
223	1303
223	1344
223	1798
223	1818
224	375
224	473
224	571
224	1008
224	1059
224	1067
224	1138
224	1461
224	1914
225	235
225	320
225	334
225	358
225	361
225	425
225	477
225	546
225	605
225	738
225	1460
225	1957
226	230
226	418
226	478
226	687
226	793
226	888
226	1126
226	1405
226	1884
226	1938
227	275
227	322
227	366
227	431
227	458
227	490
227	509
227	514
227	536
227	547
227	983
227	1442
228	250
228	327
228	330
228	576
228	578
228	928
228	1028
228	1358
228	1470
228	1596
229	329
229	360
229	369
229	382
229	486
229	600
229	668
229	717
229	975
229	1092
229	1213
229	1273
230	262
230	278
230	425
230	558
230	908
230	1338
230	1639
230	1891
231	362
231	369
231	466
231	474
231	597
231	754
231	799
231	851
231	1319
231	1578
231	1642
231	1747
232	249
232	288
232	379
232	437
232	447
232	505
232	528
232	559
232	640
232	706
232	748
232	759
232	816
232	825
232	1016
232	1042
232	1299
232	1484
232	1852
232	1991
233	239
233	276
233	376
233	381
233	455
233	679
233	733
233	980
233	992
233	1100
233	1268
233	1276
233	1386
233	1478
233	1784
233	1841
234	334
234	371
234	529
234	555
234	677
234	731
234	793
234	897
234	1141
234	1172
234	1488
234	1574
235	300
235	304
235	492
235	1060
235	1207
235	1472
235	1525
235	1612
235	1614
235	1651
235	1996
236	309
236	469
236	560
236	609
236	624
236	752
236	1076
237	282
237	310
237	347
237	359
237	368
237	638
237	1156
237	1346
237	1348
238	398
238	417
238	639
238	769
238	872
238	1106
238	1415
238	1604
239	257
239	338
239	357
239	379
239	407
239	427
239	469
239	530
239	729
239	1092
239	1253
239	1355
239	1670
239	1757
240	361
240	376
240	380
240	400
240	544
240	662
240	744
240	1573
240	1623
241	293
241	352
241	368
241	413
241	488
241	526
241	1007
241	1124
241	1569
241	1577
242	254
242	266
242	412
242	446
242	496
242	676
242	805
242	950
242	969
242	1168
242	1214
242	1260
242	1493
242	1785
242	1799
243	572
243	672
243	679
243	696
243	1242
243	1475
244	378
244	444
244	704
244	962
244	1299
244	1305
245	327
245	938
245	1169
245	1436
246	326
246	389
246	517
246	625
246	846
246	861
246	946
246	988
246	1059
246	1377
246	1410
246	1462
247	255
247	289
247	353
247	519
247	679
247	736
247	745
247	774
247	795
247	898
247	906
247	1192
247	1406
247	1780
248	314
248	347
248	422
248	480
248	571
248	669
248	693
248	816
248	974
248	1010
248	1166
248	1399
248	1652
249	254
249	381
249	443
249	629
249	799
249	1057
249	1150
249	1853
249	1897
250	340
250	455
250	997
250	1163
250	1282
250	1301
250	1306
250	1599
251	285
251	299
251	373
251	405
251	411
251	414
251	420
251	428
251	893
251	1043
251	1595
251	1673
252	288
252	351
252	371
252	391
252	439
252	517
252	539
252	549
252	606
252	1064
252	1104
252	1230
252	1781
252	1984
253	318
253	734
253	782
253	791
253	837
253	861
253	869
253	1084
253	1122
253	1305
253	1488
254	313
254	323
254	326
254	366
254	430
254	681
254	871
254	1006
254	1067
254	1155
254	1511
255	334
255	455
255	477
255	479
255	571
255	694
255	1603
255	1737
255	1981
255	1990
256	276
256	293
256	329
256	579
256	615
256	1292
256	1492
256	1611
256	1818
257	270
257	315
257	371
257	390
257	426
257	491
257	630
257	762
257	943
257	1072
257	1158
258	278
258	337
258	486
258	498
258	547
258	608
258	692
258	892
258	1135
258	1252
258	1298
258	1431
258	1452
258	1921
258	1975
259	357
259	372
259	442
259	461
259	552
259	554
259	606
259	640
259	666
259	933
259	1060
259	1516
259	1782
259	1847
259	1878
259	1957
260	280
260	393
260	405
260	407
260	488
260	625
260	630
260	867
260	1331
260	1677
260	1915
261	297
261	310
261	324
261	372
261	417
261	437
261	487
261	742
261	1037
261	1181
261	1419
261	1649
261	1951
262	324
262	373
262	463
262	501
262	503
262	783
262	791
262	869
262	1239
262	1380
262	1416
262	1509
263	343
263	470
263	655
263	799
263	872
263	874
263	1333
263	1373
263	1417
264	302
264	383
264	462
264	466
264	701
264	849
264	1067
264	1118
264	1125
264	1331
264	1384
264	1453
264	1553
264	1706
264	1766
264	1965
265	294
265	297
265	325
265	337
265	355
265	435
265	522
265	851
265	1098
265	1184
265	1250
265	1448
265	1737
265	1976
266	283
266	325
266	374
266	489
266	734
266	758
266	760
266	985
266	1123
266	1129
266	1255
266	1647
267	284
267	320
267	433
267	650
267	908
267	1162
267	1360
267	1362
267	1593
267	1691
268	364
268	379
268	532
268	638
268	681
268	777
268	871
268	905
268	1935
269	283
269	354
269	401
269	644
269	678
269	680
269	780
269	1121
269	1234
269	1331
269	1630
270	454
270	555
270	772
270	878
270	1075
270	1120
270	1209
270	1302
270	1521
271	287
271	391
271	447
271	504
271	511
271	681
271	743
271	941
271	965
271	1172
271	1619
271	1935
272	308
272	316
272	339
272	403
272	411
272	698
272	711
272	1462
272	1515
272	1896
273	314
273	387
273	566
273	648
273	834
273	1202
273	1513
273	1669
273	1680
273	1733
273	1968
274	366
274	533
274	702
274	852
274	1285
274	1998
275	301
275	304
275	402
275	539
275	1032
275	1038
275	1329
275	1500
276	300
276	390
276	394
276	458
276	579
276	587
276	698
276	1343
276	1450
276	1821
277	304
277	338
277	388
277	820
277	902
277	1227
277	1519
277	1870
278	353
278	430
278	596
278	720
278	766
278	776
278	787
278	835
278	879
278	957
278	1027
278	1040
278	1102
278	1512
278	1547
278	1931
279	322
279	333
279	464
279	781
279	884
279	890
279	1016
279	1098
279	1271
279	1338
279	1444
279	1536
280	306
280	443
280	623
280	702
280	1268
280	1471
281	290
281	314
281	342
281	345
281	406
281	624
281	757
281	805
281	817
281	964
281	1102
281	1339
281	1389
281	1479
281	1641
282	346
282	427
282	434
282	454
282	460
282	553
282	618
282	1119
282	1663
282	1890
282	1894
283	344
283	376
283	418
283	527
283	550
283	631
283	699
283	750
283	795
283	944
283	983
283	1105
283	1143
283	1501
283	1530
284	391
284	544
284	614
284	946
284	1178
284	1293
284	1820
285	290
285	335
285	341
285	350
285	439
285	450
285	499
285	574
285	668
285	1204
285	1438
285	1490
285	1926
286	473
286	584
286	813
286	831
286	860
286	887
286	911
286	1955
287	375
287	408
287	507
287	548
287	585
287	645
287	717
287	1030
287	1326
287	1874
287	1953
288	385
288	463
288	503
288	531
288	573
288	819
288	1028
288	1150
288	1200
288	1287
288	1414
288	1670
288	1904
289	431
289	483
289	502
289	576
289	632
289	953
289	1085
289	1468
289	1646
290	325
290	362
290	502
290	529
290	740
290	759
290	921
290	1280
290	1364
290	1679
291	299
291	300
291	316
291	483
291	637
291	686
291	725
291	932
291	954
291	973
291	1285
291	1492
291	1500
292	409
292	433
292	1139
292	1580
292	1838
293	301
293	349
293	464
293	603
293	611
293	637
293	728
293	790
293	798
293	929
293	1002
293	1032
293	1075
293	1186
293	1516
293	1565
293	1619
293	1683
293	1926
294	365
294	373
294	404
294	462
294	543
294	648
294	779
294	947
294	995
295	315
295	326
295	470
295	553
295	652
295	653
295	721
295	842
295	1733
295	1951
296	477
296	723
296	781
296	965
296	1346
296	1395
296	1571
296	1675
297	331
297	343
297	349
297	359
297	362
297	466
297	590
297	663
297	693
297	782
297	810
297	903
297	1221
297	1379
297	1459
297	1949
297	1995
298	380
298	405
298	426
298	461
298	598
298	643
298	654
298	686
298	732
298	926
298	927
298	949
298	1139
298	1294
298	1753
299	458
299	708
299	716
299	878
299	961
299	984
299	1010
299	1168
299	1247
300	330
300	346
300	398
300	457
300	465
300	476
300	495
300	974
300	1296
300	1466
300	1472
300	1474
300	1495
300	1530
300	1571
300	1626
300	1634
300	1672
301	679
301	715
301	1552
301	1819
302	318
302	376
302	456
302	479
302	543
302	551
302	580
302	587
302	868
302	1032
302	1608
303	368
303	435
303	580
303	638
303	710
303	887
303	1568
303	1847
304	312
304	333
304	352
304	387
304	619
304	771
304	934
304	957
304	1212
304	1399
304	1864
305	310
305	346
305	352
305	354
305	443
305	495
305	649
305	671
305	689
305	737
305	808
305	1292
305	1743
306	394
306	456
306	538
306	652
306	781
306	1149
306	1201
306	1521
306	1685
307	496
307	525
307	857
307	1135
307	1412
308	419
308	524
308	599
308	622
308	626
308	865
308	955
308	1627
309	473
309	482
309	582
309	848
309	1165
309	1464
310	328
310	396
310	631
310	1237
311	605
311	648
311	886
312	317
312	522
312	542
312	589
312	760
312	1212
312	1274
312	1569
312	1848
313	445
313	590
313	705
313	915
313	984
313	1011
313	1855
314	401
314	586
314	839
314	844
314	968
314	1109
314	1486
314	1522
314	1566
314	1599
314	1631
315	330
315	386
315	1724
315	1826
316	328
316	340
316	370
316	436
316	461
316	535
316	924
316	1280
316	1561
316	1859
317	459
317	552
317	601
317	660
317	769
317	853
317	935
317	1142
317	1622
318	319
318	339
318	367
318	389
318	535
318	743
318	867
318	1265
318	1276
318	1573
318	1719
319	452
319	470
319	484
319	647
319	761
319	807
319	928
319	959
319	1136
319	1171
319	1281
319	1520
319	1527
320	333
320	343
320	369
320	421
320	434
320	499
320	612
320	705
320	786
320	965
320	1128
320	1376
320	1790
321	641
321	671
321	704
321	828
321	836
321	922
321	946
321	1215
321	1900
322	487
322	583
322	778
322	894
323	375
323	525
323	644
323	824
323	1783
324	387
324	798
324	799
324	1016
324	1287
324	1485
324	1878
325	446
325	578
325	588
325	1266
325	1805
325	1835
326	572
326	613
326	1630
326	1657
326	1806
326	1823
326	1988
327	597
327	613
327	680
327	949
327	991
327	1090
327	1369
328	365
328	423
328	550
328	1078
328	1361
328	1427
328	1474
328	1979
329	337
329	351
329	420
329	510
329	606
329	751
329	956
329	1134
329	1247
329	1606
329	1668
329	1863
329	1900
329	1998
330	335
330	363
330	418
330	522
330	638
330	712
330	758
330	827
330	1679
331	339
331	353
331	434
331	459
331	507
331	537
331	595
331	709
331	730
331	828
331	909
331	950
331	1399
331	1744
332	334
332	335
332	449
332	484
332	519
332	536
332	630
332	707
332	896
332	940
332	1188
332	1666
333	392
333	438
333	471
333	494
333	591
333	651
333	850
333	1042
333	1158
334	446
334	447
334	498
334	589
334	669
334	806
334	1086
334	1275
334	1533
334	1797
335	348
335	360
335	375
335	395
335	414
335	459
335	508
335	633
335	642
335	811
335	978
335	1295
335	1461
336	472
336	516
336	627
336	1065
336	1289
336	1383
336	1646
336	1954
337	394
337	527
337	610
337	614
337	639
337	884
337	959
337	1146
337	1379
337	1666
337	1779
338	341
338	659
338	682
338	747
338	803
338	1170
338	1357
338	1494
338	1637
338	1664
339	360
339	388
339	417
339	569
339	736
339	773
339	825
339	1040
339	1175
339	1862
340	460
340	518
340	556
340	590
340	1116
340	1444
341	404
341	473
341	618
341	721
341	1103
341	1697
342	355
342	357
342	435
342	500
342	551
342	601
342	912
342	926
342	932
342	1018
342	1225
342	1256
342	1412
342	1702
342	1705
343	388
343	420
343	485
343	893
343	1265
343	1732
343	1987
344	377
344	519
344	768
344	1118
344	1558
345	350
345	364
345	416
345	483
345	501
345	510
345	522
345	570
345	657
345	826
345	873
345	1131
345	1736
345	1764
346	354
346	363
346	399
346	650
346	720
346	745
346	825
346	902
346	1742
347	365
347	377
347	512
347	581
347	692
347	1005
347	1145
347	1403
347	1849
348	448
348	501
348	503
348	816
348	818
348	1213
348	1317
349	378
349	386
349	399
349	510
349	560
349	1762
350	369
350	396
350	525
350	794
350	889
350	938
350	1361
350	1447
350	1671
350	1724
351	401
351	516
351	572
351	626
351	1799
352	358
352	400
352	433
352	996
352	1105
352	1442
353	356
353	491
353	497
353	615
353	699
353	716
353	739
353	783
353	855
353	865
353	1077
353	1680
354	392
354	458
354	475
354	562
354	728
354	931
354	1129
354	1166
355	490
355	907
355	922
355	961
355	1365
355	1616
356	460
356	555
356	631
356	1764
356	1950
357	366
357	534
357	586
357	673
357	875
357	923
357	1024
357	1126
357	1199
357	1603
357	1695
358	407
358	835
358	863
358	1561
358	1710
359	397
359	412
359	448
359	456
359	492
359	569
359	889
359	1080
359	1629
359	1689
359	1973
360	390
360	412
360	555
360	668
360	918
360	1120
360	1345
360	1519
360	1643
360	1802
361	390
361	402
361	418
361	463
361	560
361	739
361	904
361	931
361	1059
361	1386
361	1677
361	1758
362	380
362	407
362	459
362	470
362	641
362	707
362	1044
362	1643
362	1869
362	1941
362	1967
363	548
363	598
363	1219
363	1252
363	1457
363	1748
364	709
364	1067
365	410
365	431
365	432
365	561
365	567
365	666
365	744
365	1220
366	500
366	505
366	657
366	719
366	1339
366	1414
367	441
367	452
367	682
367	690
367	838
367	1017
367	1107
367	1408
367	1467
367	1701
368	380
368	445
368	496
368	577
368	728
368	1374
368	1375
368	1562
368	1802
369	370
369	453
369	607
369	620
369	624
369	648
369	688
369	903
369	1239
369	1257
369	1387
369	1559
369	1587
369	1592
369	1637
370	549
370	604
370	848
370	968
370	1065
370	1669
370	1896
371	545
371	613
371	649
371	1583
371	1658
371	1688
372	429
372	431
372	506
372	622
372	708
372	952
372	1132
372	1262
372	1620
372	1684
372	1717
372	1770
372	1787
373	397
373	690
373	704
373	748
373	1170
373	1747
373	1759
374	387
374	518
374	541
374	632
374	644
374	838
374	1214
374	1303
374	1821
374	1883
374	1919
375	381
375	429
375	523
375	886
375	1413
375	1460
375	1467
375	1698
375	1756
376	386
376	406
376	453
376	476
376	498
376	521
376	983
376	1701
377	410
377	438
377	488
377	547
377	693
377	760
377	1206
378	401
378	405
378	445
378	449
378	465
378	491
378	536
378	649
378	664
378	668
378	1200
378	1402
378	1940
379	498
379	681
379	714
379	785
379	814
379	933
379	1037
379	1631
379	1884
380	449
380	576
380	616
380	632
380	834
381	409
381	756
381	798
381	816
381	823
381	972
381	1055
381	1279
381	1750
381	1973
381	1981
382	388
382	564
382	596
382	748
382	752
382	833
382	1411
382	1605
382	1724
382	1917
383	415
383	441
383	819
383	909
383	1014
383	1086
383	1091
383	1454
383	1634
383	1909
384	393
384	528
384	617
384	1405
384	1536
384	1565
385	397
385	480
385	539
385	546
385	601
385	619
385	967
385	997
385	1094
385	1115
385	1138
385	1308
385	1514
385	1592
386	851
386	907
386	1071
386	1097
386	1311
386	1442
386	1795
386	1853
386	1922
387	516
387	774
387	827
387	895
387	969
387	1784
388	428
388	429
388	573
388	695
388	1553
388	1763
388	1770
388	1929
388	1993
389	435
389	444
389	794
389	841
389	950
389	1021
389	1227
389	1425
389	1521
389	1601
390	394
390	398
390	633
390	709
390	727
390	762
390	1025
390	1559
390	1952
391	415
391	731
391	898
391	959
391	1014
391	1513
391	1716
391	1795
391	1856
391	1980
392	400
392	438
392	478
392	604
392	784
392	815
392	1052
392	1305
393	504
393	747
393	960
393	1161
393	1415
393	1761
394	652
394	686
394	924
394	936
394	955
394	1252
394	1297
394	1329
395	432
395	495
395	961
395	1056
395	1133
395	1258
395	1842
396	418
396	565
396	692
396	1070
396	1147
396	1315
397	509
397	520
397	535
397	613
397	912
397	971
397	1027
397	1204
397	1660
398	414
398	533
398	545
398	627
398	785
398	921
398	994
398	1003
398	1027
398	1264
398	1297
398	1358
398	1481
398	1535
399	610
399	820
399	940
399	1044
399	1084
399	1086
399	1108
399	1173
399	1441
399	1615
400	434
400	531
400	646
400	658
400	922
400	1540
400	1661
400	1804
401	489
401	650
401	683
401	714
401	741
401	883
401	910
401	1028
401	1952
402	436
402	767
402	811
402	930
403	415
403	485
403	506
403	578
403	797
403	962
403	1644
403	1821
403	1829
403	1833
403	1995
404	721
404	1332
404	1708
405	432
405	518
405	582
405	596
405	617
405	785
405	961
405	1190
405	1385
405	1566
405	1591
405	1697
406	452
406	520
406	674
406	680
406	842
406	1350
406	1431
407	444
407	568
407	574
407	635
407	773
407	885
407	1379
407	1546
407	1700
407	1979
408	428
408	675
408	696
408	1082
408	1462
408	1913
409	448
409	657
409	740
409	873
409	1273
409	1359
410	475
410	738
410	1359
410	1878
410	1906
410	1932
411	537
411	968
411	985
411	1338
411	1923
412	429
412	472
412	509
412	840
412	895
412	951
412	1169
412	1176
412	1214
412	1337
412	1340
412	1464
412	1726
413	425
413	674
413	787
413	803
413	1344
413	1396
413	1720
414	427
414	492
414	568
414	586
414	655
414	812
414	825
414	1744
415	526
415	584
415	669
415	733
415	839
415	881
415	890
415	905
415	953
415	1432
415	1456
415	1498
415	1598
415	1681
415	1762
415	1837
416	422
416	424
416	564
416	580
416	597
416	649
416	755
416	971
416	1118
416	1957
417	819
417	829
417	936
417	1106
417	1681
418	517
418	541
418	619
418	666
418	847
418	923
418	981
418	1796
419	616
419	657
419	970
419	1873
420	450
420	1064
420	1145
420	1350
420	1385
420	1511
420	1598
420	1937
421	444
421	451
421	462
421	616
421	907
421	1058
421	1124
421	1196
421	1414
421	1604
421	1620
422	458
422	743
422	1373
422	1819
423	471
423	500
423	689
423	912
423	925
423	1102
423	1375
423	1454
423	1788
424	462
424	512
424	858
424	1189
424	1248
424	1310
424	1399
424	1491
424	1574
424	1760
425	584
425	639
425	918
425	1097
425	1116
425	1130
425	1338
425	1751
426	551
426	1345
426	1417
426	1421
426	1541
426	1742
426	1935
427	432
427	523
427	598
427	753
427	790
427	1061
427	1063
427	1084
427	1819
428	451
428	647
428	721
428	731
428	745
428	1546
428	1554
428	1828
429	653
429	658
429	685
429	1333
430	597
430	752
430	974
430	1034
430	1246
430	1269
430	1309
430	1793
431	471
431	487
431	570
431	687
431	699
431	968
431	1471
431	1888
432	851
432	902
432	1188
432	1190
432	1232
432	1473
433	611
433	756
433	1803
433	1854
434	515
434	719
434	808
434	900
434	1478
435	473
435	604
435	706
435	894
435	1348
435	1669
435	1822
436	485
436	712
436	807
436	1230
436	1429
436	1644
436	1736
437	962
437	1019
437	1045
437	1160
437	1232
437	1233
437	1789
437	1836
438	465
438	647
438	1954
439	466
439	499
439	556
439	572
439	588
439	869
439	886
439	914
439	1060
439	1070
439	1283
439	1311
440	645
440	762
440	853
440	857
440	981
440	1139
441	449
441	653
441	682
441	819
441	847
441	860
441	1511
441	1626
441	1659
441	1758
441	1794
442	549
442	587
442	698
442	906
442	1023
442	1105
442	1107
442	1193
442	1295
442	1641
442	1873
443	528
443	640
443	650
443	755
443	831
443	1239
443	1678
444	594
444	724
444	1389
445	450
445	460
445	652
445	830
446	871
446	1190
447	621
447	699
447	735
447	863
447	881
447	901
447	1481
447	1642
447	1648
447	1724
448	524
448	697
448	810
448	987
449	479
449	534
449	540
449	566
449	568
449	922
449	1424
449	1826
449	1911
450	459
450	509
450	540
450	545
450	600
450	656
450	682
450	687
450	707
450	753
450	973
450	1111
450	1910
450	1920
450	1972
451	651
451	976
451	1168
451	1612
451	1670
451	1767
451	1915
452	684
452	703
452	751
452	820
452	1000
452	1618
452	1771
453	469
453	538
453	605
453	1147
453	1210
453	1287
453	1456
453	1961
454	546
454	607
454	700
454	807
454	821
454	891
454	906
454	1248
454	1329
454	1642
454	1687
455	686
455	689
455	833
455	863
455	932
455	996
455	1095
455	1963
456	499
456	576
456	712
456	1170
456	1228
456	1711
456	1960
456	1970
457	464
457	494
457	730
457	776
457	1032
457	1033
457	1087
457	1377
457	1587
457	1938
458	476
458	552
458	567
458	615
458	630
458	667
458	772
458	990
458	1080
458	1152
458	1237
458	1367
458	1418
458	1497
458	1554
458	1776
458	1822
459	477
459	531
459	608
459	676
459	768
459	834
459	890
460	480
460	853
460	895
460	984
460	1018
460	1340
460	1489
461	643
461	829
461	996
461	1005
461	1163
461	1171
461	1795
461	1989
462	481
462	534
462	557
462	710
462	1051
462	1064
462	1300
462	1433
462	1575
463	480
463	1493
463	1880
463	1900
464	552
464	617
464	718
464	934
464	1022
464	1049
464	1051
464	1328
464	1988
465	468
465	484
465	576
465	911
465	1103
465	1140
465	1366
465	1372
465	1645
465	1746
466	520
466	588
466	676
466	778
466	808
466	919
466	1419
466	1487
466	1493
466	1536
466	1892
467	636
467	651
467	752
467	835
467	1286
467	1318
467	1436
467	1575
468	864
468	1107
468	1549
468	1791
468	1829
468	1933
469	474
469	528
469	582
469	719
469	821
469	1021
469	1036
469	1312
469	1328
469	1565
470	620
470	669
470	1019
470	1112
470	1422
470	1549
470	1560
470	1653
471	616
471	683
471	688
471	1290
471	1512
472	503
472	511
472	557
472	672
472	1194
472	1301
473	511
473	553
473	621
473	1438
473	1446
474	507
474	647
474	942
474	1283
474	1756
475	609
475	714
475	1063
475	1421
475	1638
475	1675
476	504
476	670
476	685
476	1367
476	1538
477	612
477	691
477	976
477	1812
478	518
478	543
478	618
478	629
478	854
478	1335
478	1482
478	1490
479	493
479	569
479	625
479	734
480	516
480	612
480	621
480	725
480	1039
480	1044
480	1103
480	1140
480	1175
480	1290
480	1658
480	1713
481	801
481	962
481	1113
481	1383
481	1827
481	1905
481	1995
482	487
482	593
482	918
482	952
482	1026
482	1696
483	507
483	532
483	719
483	735
483	980
483	989
483	1163
483	1387
483	1483
483	1638
483	1714
483	1791
484	525
484	606
484	758
484	1033
484	1806
485	545
485	609
485	665
485	688
485	782
485	920
485	971
485	1112
485	1132
485	1280
485	1456
485	1555
485	1966
486	567
486	845
486	1174
486	1692
486	1741
487	685
487	800
487	1091
487	1124
487	1176
487	1232
487	1692
488	548
488	551
488	579
488	589
488	635
488	701
488	846
488	868
488	1057
488	1072
489	910
489	1722
489	1788
490	501
490	591
490	620
490	977
490	1034
490	1047
490	1087
490	1288
490	1604
490	1645
490	1690
491	497
491	670
491	742
491	784
491	1088
491	1617
492	571
492	660
492	1422
492	1637
492	1923
493	505
493	594
493	757
493	1529
494	1007
494	1160
494	1342
494	1369
495	557
495	654
495	661
495	813
495	1343
495	1558
495	1984
496	1095
496	1486
497	573
497	973
497	1123
497	1249
497	1268
497	1568
498	521
498	662
498	837
498	1028
498	1116
498	1371
498	1762
498	1817
498	1823
499	520
499	603
499	606
499	607
499	831
499	889
499	975
499	988
499	1579
500	593
500	677
500	780
500	1206
500	1261
500	1270
500	1283
500	1653
500	1749
500	1997
501	545
501	575
501	597
501	640
501	675
501	1008
501	1083
501	1126
501	1137
501	1453
502	529
502	628
502	648
502	767
502	948
502	1012
502	1031
502	1150
502	1352
502	1527
502	1577
502	1696
503	563
503	670
503	703
503	806
503	1094
503	1545
503	1718
504	585
504	660
504	668
504	769
504	913
504	963
505	659
505	759
505	1148
505	1215
505	1552
505	1936
506	686
506	705
506	745
506	888
506	915
506	916
506	966
506	1025
506	1529
506	1583
507	527
507	635
507	639
507	1507
508	592
508	627
508	691
508	763
508	878
508	990
508	1006
508	1019
508	1203
508	1219
509	604
509	1598
510	864
510	1081
510	1156
510	1357
510	1520
510	1525
511	521
511	531
511	791
511	1053
511	1134
511	1234
511	1360
511	1551
511	1653
512	532
512	617
512	698
512	743
512	1222
512	1422
512	1985
513	684
513	884
513	916
513	972
513	1052
513	1321
513	1416
513	1510
514	541
514	556
514	569
514	1191
514	1751
515	766
515	1003
515	1408
515	1757
515	1896
516	554
516	613
516	894
516	1421
516	1430
516	1790
517	1052
517	1236
517	1336
517	1646
518	591
518	942
518	953
518	1198
518	1789
519	575
519	594
519	659
519	778
519	783
519	798
519	1164
519	1739
520	535
520	567
520	593
520	691
520	702
520	724
520	1380
520	1606
520	1885
521	777
521	935
521	996
521	1204
521	1467
521	1573
522	857
522	955
522	1205
522	1548
523	1439
523	1875
524	655
524	708
524	771
524	1976
525	758
525	1264
525	1543
525	1631
525	1980
525	2000
526	770
526	1013
527	571
527	646
527	663
527	885
527	1017
527	1058
527	1618
527	1963
528	598
528	859
528	864
528	998
528	1485
528	1582
529	999
529	1202
529	1260
530	1279
530	1280
530	1363
530	1370
531	567
531	1243
531	1265
531	1357
531	1510
531	1845
532	603
532	1030
532	1235
532	1629
532	1696
533	760
533	888
533	1051
533	1110
533	1217
533	1270
533	1411
533	1797
534	594
534	621
534	809
534	835
534	850
535	836
535	927
535	1001
535	1111
535	1132
535	1833
536	763
536	770
536	804
536	979
536	1014
536	1015
536	1090
536	1146
536	1959
537	683
537	1034
537	1095
537	1740
538	569
538	866
538	971
538	979
538	1220
538	1299
538	1488
538	1501
538	1518
538	1602
538	1720
539	611
539	761
539	960
539	1992
540	608
540	801
540	845
540	958
540	1055
540	1099
540	1109
540	1416
540	1886
541	673
541	726
541	955
541	1021
541	1215
541	1476
542	558
542	610
542	734
542	789
542	1055
542	1085
542	1564
542	1813
543	690
543	858
543	1062
543	1099
543	1288
543	1481
543	1510
543	1903
544	1749
545	568
545	818
545	855
545	909
545	1276
545	1376
546	934
546	944
546	1111
546	1585
546	1591
547	592
547	876
547	896
547	1272
547	1334
547	1988
548	751
548	910
548	1305
548	1326
549	697
549	815
549	1257
549	1528
549	1542
549	1782
550	601
550	944
550	1715
551	568
551	897
551	1208
551	1242
551	1364
551	1584
552	608
552	657
552	836
552	875
552	919
552	1037
552	1135
552	1238
552	1452
552	1726
553	558
553	714
553	1018
553	1194
553	1480
554	583
554	752
554	987
554	1344
554	1539
554	1630
554	1865
555	791
555	884
555	1152
555	1191
555	1498
555	1541
555	1906
556	611
556	647
556	738
556	1079
556	1964
557	779
557	1089
557	1131
557	1590
558	726
558	856
558	1207
558	1383
558	1817
558	1824
558	1888
559	880
559	917
559	1009
559	1535
560	823
560	1122
560	1197
560	1649
560	1703
560	1904
560	1941
561	577
561	870
561	1418
561	1491
561	1848
562	817
562	831
562	959
562	998
562	1862
563	565
563	644
563	788
563	930
563	956
563	997
563	1055
563	1261
563	1404
564	712
564	718
564	1020
564	1088
564	1142
564	1157
564	1841
565	899
565	934
565	941
565	1002
565	1120
565	1200
565	1472
565	1576
566	655
566	776
566	1237
567	599
567	771
567	1066
567	1193
567	1378
567	1625
567	1632
567	1928
568	628
568	803
568	837
568	1274
568	1448
568	1558
568	1621
568	1931
569	579
569	848
569	917
570	588
570	802
570	1028
570	1093
570	1286
570	1354
570	1558
570	1696
570	1753
570	1835
571	631
571	977
571	985
571	1004
571	1149
571	1276
571	1613
571	1730
571	1769
572	814
572	1071
572	1101
572	1595
573	898
573	928
573	1348
573	1914
574	1031
574	1289
574	1435
574	1672
574	1754
575	678
575	700
575	749
576	580
576	901
576	984
576	1074
576	1373
577	689
577	710
577	879
577	1221
577	1279
577	1843
578	1001
578	1243
578	1430
578	1570
578	1975
579	841
579	1205
579	1546
579	1597
580	899
580	1154
580	1241
580	1468
580	1550
580	1636
580	1713
581	918
581	1071
581	1101
581	1550
581	1662
582	615
582	622
582	664
582	719
582	845
582	1320
582	1342
582	1394
582	1877
583	764
583	847
583	999
583	1182
583	1196
583	1262
583	1423
583	1662
584	790
584	849
584	1568
584	1734
584	1860
585	720
585	1141
585	1161
585	1317
585	1430
585	1433
585	1771
586	743
586	772
586	1078
586	1426
586	1916
587	656
587	710
587	924
587	1142
587	1407
587	1667
587	1687
587	1928
588	642
588	849
588	856
588	923
588	1039
588	1115
588	1760
589	632
589	722
589	986
589	1125
589	1496
590	870
590	1959
591	697
591	713
591	792
591	794
591	1059
591	1096
591	1203
591	1614
591	1809
592	599
592	717
592	789
592	903
592	905
592	1498
592	1575
593	623
593	825
593	966
593	1069
594	667
594	711
594	824
594	1065
595	642
595	666
595	700
595	775
595	882
595	953
595	1123
595	1570
596	839
596	982
596	1029
596	1056
597	707
597	1059
597	1245
597	1316
597	1508
597	1617
598	631
598	711
598	769
598	927
598	956
598	1039
598	1275
598	1443
599	673
599	739
599	974
599	1708
599	1868
599	1924
600	642
600	652
600	891
600	939
600	1204
600	1406
600	1588
600	1914
601	607
601	691
601	821
601	856
601	1413
601	1605
601	1721
602	788
602	874
602	902
602	1400
602	1589
603	857
603	1071
603	1155
603	1278
603	1443
604	625
604	712
604	792
604	882
604	1253
604	1424
604	1534
605	715
605	859
605	916
606	662
606	696
606	715
606	1572
607	826
607	857
607	1611
607	1625
608	671
608	677
608	923
608	1129
608	1739
609	1200
609	1243
610	676
610	806
610	1143
610	1241
610	1621
610	1676
611	678
611	1140
611	1227
611	1652
612	687
612	819
612	837
612	1035
612	1056
612	1096
612	1827
613	628
613	691
613	721
613	745
613	790
613	1325
613	1428
613	1561
613	1755
613	1807
614	881
614	967
614	1000
614	1078
614	1418
614	1731
615	751
615	986
615	1058
615	1249
615	1474
615	1514
615	1524
615	1830
616	1081
616	1157
616	1228
616	1262
616	1341
616	1545
617	710
617	805
617	904
617	1160
617	1183
617	1251
618	1054
618	1188
618	1361
618	1583
619	636
619	727
619	768
619	1199
619	1434
619	1487
620	784
620	935
620	1248
620	1825
621	641
621	741
621	949
621	1051
621	1089
621	1224
621	1266
621	1425
621	1748
622	623
622	744
622	1153
622	1363
622	1881
623	665
623	814
623	850
623	1278
623	1425
624	730
624	797
624	842
624	860
624	1177
624	1398
625	659
625	728
625	763
625	834
625	1370
625	1551
625	1619
625	1803
626	694
626	697
626	870
626	973
626	1078
626	1304
626	1342
627	628
627	645
627	672
627	829
627	991
627	1103
627	1889
628	674
628	749
628	852
628	914
628	1145
628	1170
628	1294
628	1412
629	774
629	781
629	954
629	1431
629	1678
629	1971
630	705
630	817
630	978
630	1194
630	1265
630	1303
630	1486
630	1772
630	1964
631	868
631	900
631	1111
631	1277
631	1296
631	1830
632	963
632	1223
632	1313
632	1316
632	1912
633	664
633	1076
633	1213
633	1259
634	1073
634	1167
634	1936
635	889
635	1621
636	673
636	716
636	860
636	1101
636	1161
636	1173
636	1373
636	1403
637	671
637	699
637	856
637	1046
637	1130
637	1169
637	1210
637	1427
637	1658
637	1729
637	1914
638	665
638	761
638	888
638	1100
638	1171
638	1230
638	1504
638	1586
638	1634
638	1770
638	1815
639	658
639	685
639	1004
639	1205
639	1356
639	1985
640	730
640	740
640	807
640	1420
640	1505
640	1853
640	1885
640	1992
641	1155
641	1565
642	792
642	1207
642	1288
642	1304
643	653
643	869
643	1002
643	1114
643	1120
643	1192
643	1257
643	1897
643	1918
644	670
644	875
644	1094
644	1573
645	823
645	1042
645	1330
646	779
646	919
646	1229
646	1708
647	673
647	1201
647	1373
648	1806
649	717
649	811
649	827
649	1011
649	1217
649	1256
650	775
650	884
650	1016
650	1251
650	1485
650	1643
651	786
651	1015
651	1384
652	716
652	873
652	945
652	1304
653	708
653	935
653	1008
653	1245
653	1374
654	829
654	926
654	1187
654	1668
654	1822
654	1890
655	727
655	765
655	767
655	852
655	1212
655	1333
655	1610
655	1886
656	793
656	848
656	863
656	1004
656	1344
656	1556
656	1582
657	726
657	861
657	1428
657	1477
657	1482
658	679
658	802
658	1208
658	1262
658	1413
658	1526
659	677
659	822
659	939
659	1014
659	1261
659	1324
659	1490
659	1497
659	1870
659	1878
659	1979
660	722
660	750
660	1075
660	1206
660	1939
661	781
661	858
661	862
661	991
661	1005
661	1054
661	1114
661	1147
661	1647
661	1802
662	692
662	740
662	765
662	1128
662	1281
662	1285
662	1541
662	1567
662	1607
663	803
663	804
663	875
663	952
663	1033
663	1085
663	1306
663	1536
663	1704
663	1790
664	753
664	1018
664	1046
664	1192
665	682
665	1713
666	701
666	949
666	1705
667	688
667	729
667	754
667	1225
667	1236
667	1423
667	1580
667	1905
668	756
668	767
668	938
668	1025
668	1309
668	1512
668	1887
669	1799
670	1072
670	1454
670	1807
671	724
671	803
671	1125
671	1179
671	1426
672	717
672	832
672	885
672	928
672	954
672	1238
673	800
673	1127
673	1925
674	887
674	1064
674	1090
675	713
675	751
675	1003
675	1072
675	1138
675	1197
675	1449
675	1580
676	1011
676	1046
676	1087
676	1649
676	1927
677	723
677	747
677	1177
677	1178
677	1863
677	1951
678	818
678	870
678	899
678	918
678	1153
678	1285
678	1468
678	1512
679	771
679	1024
679	1690
679	1893
680	728
680	1012
680	1390
680	1472
680	1668
680	1787
680	1970
680	1989
681	715
681	792
681	1145
681	1208
681	1431
681	1872
682	1170
682	1264
682	1563
682	1650
682	1706
683	720
683	1127
683	1363
683	1664
683	1765
683	1908
684	797
684	823
684	930
684	937
684	1614
684	1857
684	1965
685	775
685	945
685	1179
685	1356
686	759
686	786
686	880
686	1725
687	736
687	1013
687	1388
687	1427
687	1759
687	1956
688	1290
688	1543
688	1952
689	970
689	1251
689	1390
689	1584
689	1661
689	1781
690	693
690	1477
691	697
691	943
691	980
691	1023
691	1294
691	1558
691	1689
692	872
692	1269
692	1297
692	1920
692	1949
693	778
693	796
693	804
693	1040
693	1587
693	1665
694	786
694	943
694	1117
694	1441
694	1948
695	944
695	987
695	1058
695	1226
695	1459
695	1496
696	967
696	1694
696	1701
696	1852
696	1929
697	837
697	872
698	1057
698	1085
698	1825
698	1848
699	733
699	937
699	1464
699	1926
699	1989
700	947
700	1092
700	1321
700	1616
700	1881
700	1961
701	746
701	1677
702	932
702	1152
702	1277
702	1781
702	1916
703	804
703	886
703	1047
703	1180
703	1353
704	861
704	892
704	980
704	1359
705	725
705	901
705	925
705	1296
705	1996
706	747
706	921
706	1009
706	1182
706	1475
707	795
707	989
707	1047
707	1356
708	1077
708	1185
708	1614
708	1843
709	727
709	744
709	768
709	784
709	828
709	909
709	1277
709	1774
709	1935
710	847
710	856
710	1180
710	1336
710	1352
710	1548
710	1727
710	1734
710	1771
710	1787
710	1934
711	912
711	1270
711	1284
711	1864
712	750
712	1230
713	770
713	775
713	852
713	887
714	805
714	808
714	936
714	1053
714	1391
714	1656
714	1730
714	1959
715	780
715	1009
715	1303
715	1537
716	978
716	1022
716	1183
716	1216
716	1366
716	1492
716	1551
716	1741
717	810
717	838
717	843
717	862
717	1021
717	1030
717	1040
717	1079
717	1803
717	1923
718	729
718	779
718	1048
718	1061
718	1388
718	1425
718	1852
719	1079
719	1139
719	1291
719	1531
719	1625
720	850
720	972
720	1050
720	1074
720	1193
720	1212
720	1217
720	1263
720	1719
720	1879
721	816
721	1020
721	1166
721	1179
721	1183
722	859
722	1056
722	1133
722	1323
722	1696
722	1893
723	940
723	957
723	1054
723	1096
723	1196
723	1208
723	1440
723	1837
724	1036
724	1076
724	1175
724	1401
724	1426
724	1643
724	1763
724	1992
725	726
725	849
725	1077
725	1149
725	1205
725	1508
726	727
726	764
726	1198
726	1433
726	1616
727	761
727	839
727	1010
727	1380
727	1547
727	1629
727	1716
727	1814
728	1061
728	1190
728	1199
728	1415
728	1740
728	1838
729	911
729	1055
729	1061
729	1847
729	1952
730	1147
730	1775
730	1955
731	762
731	883
731	916
731	952
731	1003
731	1049
731	1197
731	1355
731	1561
732	850
732	921
732	976
732	1405
732	1436
732	1506
732	1567
732	1607
732	1759
733	737
733	801
733	1218
733	1400
733	1409
733	1491
734	749
734	791
734	1146
734	1572
735	787
735	883
735	909
735	919
735	966
735	974
735	1200
735	1254
735	1892
736	760
736	805
736	840
736	844
736	867
736	1273
736	1326
737	1570
737	1677
737	1831
738	828
738	1167
739	1226
739	1288
739	1309
739	1311
739	1481
740	1098
740	1427
740	1543
740	1556
741	789
741	858
741	1076
741	1091
741	1218
741	1550
741	1735
742	756
742	961
742	1031
742	1973
743	993
743	1560
743	1959
744	828
744	843
744	1071
744	1478
745	1117
745	1259
745	1398
745	1437
746	1731
746	1891
746	1895
747	772
747	809
747	981
747	1253
747	1269
747	1437
747	1505
747	1535
747	1555
748	1206
748	1289
748	1364
748	1388
749	763
749	945
749	1290
749	1325
749	1804
750	1131
750	1140
750	1208
750	1507
750	1597
750	1809
750	1844
751	830
751	948
751	1088
751	1118
751	1986
752	846
752	1101
752	1219
753	792
753	1092
753	1218
753	1238
753	1289
753	1700
754	893
754	894
754	1178
755	788
755	842
755	900
755	925
755	942
755	963
755	992
755	1073
755	1411
755	1464
755	1654
755	1825
755	1851
756	1083
756	1620
756	1768
757	815
757	855
757	1503
757	1708
758	785
758	1177
758	1675
759	902
759	1001
759	1377
759	1983
760	903
760	1676
760	1974
761	764
761	787
761	809
761	873
761	1081
761	1108
761	1317
762	794
762	795
762	998
762	1291
762	1505
762	1682
762	1777
762	1878
764	843
764	1173
764	1574
764	1581
765	907
765	981
765	1422
765	1447
765	1783
765	1786
766	878
766	1168
766	1517
766	1525
766	1816
767	942
767	1045
767	1197
767	1210
767	1316
767	1486
767	1629
768	802
768	1175
768	1602
769	1435
769	1635
769	1644
770	906
770	910
770	1344
770	1684
770	1858
771	890
771	948
771	1519
771	1954
772	882
772	1014
772	1337
773	983
773	1301
773	1576
774	784
774	801
774	836
774	999
774	1052
774	1060
774	1807
775	1029
775	1237
775	1336
775	1395
775	1653
775	1684
776	1030
776	1326
776	1508
777	1284
777	1365
777	1377
777	1483
777	1564
777	1697
778	1041
778	1121
778	1332
778	1784
779	990
779	1029
779	1093
779	1198
779	1806
779	1896
780	821
780	908
780	1167
780	1511
780	1978
781	839
781	1026
781	1178
781	1374
781	1443
781	1509
781	1555
781	1707
782	866
782	950
782	1083
782	1442
782	1929
783	1201
783	1537
783	1667
784	1074
784	1903
785	879
785	1216
785	1824
786	1336
786	1370
786	1626
786	1681
787	865
787	964
787	1198
787	1398
788	901
788	945
788	1484
789	908
789	1119
789	1185
789	1240
789	1883
790	1282
790	1495
791	1944
792	917
792	1289
792	1397
792	1423
793	915
793	925
793	937
793	986
793	994
793	1046
793	1361
793	1970
794	799
794	1085
794	1434
795	1023
795	1121
795	1885
796	1611
796	1624
797	954
797	969
797	1054
797	1267
798	880
798	1544
798	1589
798	1849
799	1033
799	1174
799	1189
799	1246
799	1278
799	1298
799	1695
799	1922
800	960
800	994
800	1415
800	1872
801	812
801	1023
801	1049
801	1244
801	1285
801	1556
801	1871
802	1050
802	1300
802	1537
802	1562
802	1625
803	1148
803	1335
803	1851
804	1024
804	1315
804	1509
804	1626
804	1752
805	900
805	1195
805	1392
806	866
806	1358
806	1409
806	1549
806	1777
806	1864
807	866
807	988
808	1000
808	1142
808	1283
809	854
809	926
809	964
809	1043
809	1087
809	1174
809	1390
809	1458
809	1479
810	1041
811	922
811	1789
812	855
812	920
813	1536
813	1646
813	1672
813	1709
813	1780
813	1792
814	1006
814	1133
814	1810
814	1888
815	890
815	892
815	931
815	1195
815	1309
815	1565
815	1606
815	1792
815	1923
816	993
817	920
817	1017
817	1075
817	1123
817	1249
817	1327
817	1354
818	995
818	1374
818	1584
818	1662
818	1791
818	1866
819	896
819	913
819	1068
819	1517
820	877
820	882
820	1050
820	1293
821	1048
821	1062
821	1222
821	1322
822	1037
822	1304
822	1524
823	881
823	1455
823	1461
823	1487
823	1557
823	1902
824	904
824	1401
824	1975
825	872
825	1271
825	1899
826	891
826	984
826	1074
826	1259
826	1286
826	1321
826	1490
826	1657
826	1852
827	965
827	973
827	992
827	1070
827	1271
827	1385
827	1386
828	1012
828	1345
829	1104
829	1107
829	1302
829	1342
829	1901
830	921
830	1075
830	1084
830	1714
830	1723
831	1333
831	1528
832	1011
832	1069
832	1468
832	1683
832	1871
833	1233
834	1046
834	1526
835	1004
835	1063
835	1181
836	1171
836	1479
836	1729
837	1000
837	1623
838	911
838	951
838	1159
838	1165
838	1322
838	1855
839	946
839	1742
840	1112
840	1337
840	1528
840	1702
840	1746
840	1765
841	861
841	1258
841	1327
841	1497
841	1612
842	854
842	1041
842	1086
842	1195
842	1235
842	1606
842	1682
842	1726
843	1330
843	1811
844	1354
844	1685
844	1710
845	1728
845	1936
846	1099
846	1391
846	1986
847	929
847	1349
847	1735
847	1944
848	1052
848	1228
848	1407
848	1430
848	1525
848	1583
848	1633
848	1971
849	899
849	1250
849	1882
850	1791
850	1799
850	1979
851	880
851	892
851	1006
851	1164
851	1209
851	1716
851	1816
851	1825
851	1843
852	953
852	1246
852	1282
852	1312
852	1881
853	975
853	976
853	1137
853	1151
853	1164
853	1625
853	1827
853	1865
854	1018
854	1019
854	1150
854	1797
855	1216
856	1038
856	1077
856	1275
856	1306
856	1401
856	1463
856	1591
857	942
857	1288
858	1060
858	1199
858	1242
858	1380
858	1411
859	913
859	1066
859	1123
859	1229
859	1437
859	1599
859	1689
860	870
860	1070
861	1038
861	1136
861	1305
861	1427
861	1872
862	1119
862	1780
862	1858
863	1066
863	1194
863	1267
863	1679
864	1006
864	1433
865	919
865	1183
865	1584
865	1713
865	1990
866	1144
866	1286
866	1424
866	1452
866	1483
867	868
867	1040
867	1211
867	1739
867	1746
868	995
868	1109
868	1188
868	1244
868	1265
868	1578
868	1898
869	1507
869	1573
869	1895
869	1935
870	912
870	946
870	967
870	1164
870	1268
870	1476
871	1347
871	1567
872	1063
872	1149
872	1569
872	1596
873	1318
873	1434
874	1342
874	1609
874	1940
875	914
875	1173
875	1294
875	1360
875	1482
875	1753
876	1272
876	1440
876	1837
876	1899
877	1474
877	1608
877	1764
877	1907
878	895
878	1381
878	1760
878	1927
878	1986
879	1152
879	1233
879	1504
880	1007
880	1108
880	1478
880	1480
882	1160
882	1162
882	1193
882	1597
882	1849
883	1144
883	1947
884	1012
884	1163
884	1679
884	1702
885	1478
886	1002
886	1045
887	975
887	1042
887	1333
887	1522
887	1977
888	963
888	1004
888	1143
888	1595
888	1944
888	1983
889	1095
889	1981
890	951
890	1140
890	1145
890	1187
890	1546
890	1859
891	1153
891	1154
891	1314
891	1395
891	1544
891	1769
891	1871
892	1001
892	1632
893	941
893	1457
893	1469
893	1545
894	985
894	1815
895	949
895	1026
895	1121
895	1211
895	1600
895	1786
895	1997
896	936
896	1143
896	1255
896	1895
896	1919
897	914
897	952
898	958
898	1020
898	1361
898	1396
898	1444
898	1689
899	1704
899	1962
900	1158
900	1340
900	1411
900	1585
901	1021
901	1094
901	1291
901	1674
902	1082
902	1125
902	1463
903	1192
903	1254
903	1699
903	1752
903	1958
904	1260
904	1567
905	1330
905	1437
905	1506
905	1894
905	1991
906	1129
906	1212
906	1240
907	1620
908	920
908	1079
908	1119
908	1184
908	1238
908	1345
908	1865
908	1931
909	1137
909	1831
910	1224
910	1353
911	966
911	1109
911	1366
911	1727
912	985
912	1238
912	1563
912	1655
913	1113
913	1527
913	1731
914	1110
914	1723
914	1864
914	1970
915	998
915	1226
915	1491
915	1930
916	1425
916	1532
916	1608
916	1813
916	2000
917	943
917	1097
918	1345
918	1396
918	1419
918	1477
918	1538
919	1078
919	1120
919	1341
919	1792
920	938
920	1091
920	1181
920	1270
920	1738
920	1880
920	1886
921	955
921	1480
921	1654
921	1874
922	933
922	1001
922	1072
922	1351
923	993
923	1103
923	1168
923	1368
923	1861
924	947
924	1643
924	1722
924	1765
924	1875
925	1429
925	1990
926	929
926	1533
926	1753
926	1939
926	1941
927	1022
927	1209
927	1251
927	1257
927	1772
928	929
928	1117
928	1228
928	1381
929	960
929	1260
929	1634
930	1122
930	1389
930	1728
931	1277
932	1049
932	1151
932	1190
932	1279
932	1508
932	1782
932	1925
933	1053
933	1081
933	1167
933	1502
933	1663
933	1719
934	956
934	979
934	1367
934	1762
935	975
935	1293
935	1530
935	1562
936	978
936	980
936	1165
936	1353
936	1436
936	1502
937	1347
937	1684
937	1795
937	1861
938	1053
938	1226
938	1540
938	1945
939	986
939	1925
940	982
940	1016
940	1041
940	1396
940	1404
940	1532
940	1848
940	1897
941	995
941	1349
941	1442
941	1546
941	1577
941	1869
941	1880
941	1963
942	1204
942	1334
942	1436
942	1670
942	1729
942	1859
943	1131
943	1441
944	1043
944	1083
944	1255
944	1775
944	1825
945	992
945	1552
945	1729
945	1876
945	1964
945	1980
945	1985
945	1989
946	1129
946	1214
946	1223
946	1602
946	1818
947	999
947	1322
948	989
948	1324
948	1409
948	1903
949	1316
949	1740
950	1156
950	1159
950	1278
950	1393
950	1406
950	1846
951	1585
951	1749
951	1991
952	1860
953	958
953	983
953	1012
953	1100
953	1149
953	1639
954	1068
954	1262
954	1352
954	1503
954	1771
955	972
955	1007
955	1125
955	1211
955	1424
955	1450
955	1465
955	1470
956	988
956	1215
956	1225
956	1654
956	1842
956	1945
957	1026
957	1231
957	1386
957	1518
957	1803
957	1904
957	1906
958	1025
958	1169
958	1221
958	1553
958	1982
959	1603
960	1050
960	1782
961	1047
961	1366
961	1830
961	1967
962	965
962	1011
962	1241
962	1470
962	1655
963	1053
963	1196
963	1202
963	1293
963	1325
963	1327
963	1355
963	1392
963	1465
963	1533
963	1876
964	1141
964	1214
964	1323
964	1721
964	1837
964	1996
965	1224
965	1500
965	1519
965	1592
965	1715
966	1110
966	1366
967	970
967	1034
967	1287
967	1520
968	1165
968	1266
968	1282
969	1090
969	1292
969	1317
969	1409
969	1820
970	1298
970	1501
970	1504
970	1780
971	1134
972	1292
972	1293
972	1715
973	1203
973	1591
974	1098
974	1166
974	1290
974	1521
974	1834
975	988
975	1097
976	1105
976	1191
976	1634
976	1790
977	1343
978	997
978	1172
978	1207
979	1114
979	1330
979	1960
980	1005
980	1027
980	1157
980	1465
980	1498
980	1720
981	1096
981	1097
981	1630
981	1658
981	1904
982	1024
982	1083
982	1313
982	1325
982	1499
982	1751
983	1015
984	1387
984	1586
985	1207
985	1222
985	1937
985	1971
985	1993
986	991
986	1062
986	1241
987	993
987	1322
987	1800
987	1984
988	1022
988	1172
988	1493
988	1913
989	1017
989	1221
989	1588
990	1057
990	1161
990	1163
990	1378
990	1579
990	1921
991	1518
991	1712
992	1334
992	1388
992	1432
993	1113
993	1985
994	1393
995	1104
995	1191
995	1671
996	1338
996	1385
996	1683
996	1700
997	1330
997	1402
997	1495
998	1349
998	1372
998	1699
998	1943
999	1185
1000	1093
1000	1216
1000	1239
1000	1445
1000	1773
1001	1091
1001	1408
1001	1776
1001	1846
1001	1980
1002	1064
1002	1156
1002	1243
1004	1494
1004	1529
1005	1216
1006	1137
1006	1138
1006	1166
1006	1320
1006	1502
1006	1978
1007	1065
1007	1186
1007	1247
1007	1663
1007	1873
1008	1176
1008	1182
1009	1063
1009	1369
1009	1590
1009	1682
1009	1802
1010	1516
1010	1898
1011	1106
1011	1678
1012	1210
1013	1187
1013	1371
1013	1748
1013	1905
1014	1375
1014	1665
1014	1899
1015	1054
1015	1138
1015	1314
1015	1544
1015	1732
1016	1126
1016	1412
1016	1633
1016	1661
1016	1871
1017	1110
1017	1189
1017	1275
1017	1306
1017	1822
1017	1861
1018	1829
1019	1315
1019	1376
1019	1946
1020	1035
1020	1041
1020	1671
1020	1680
1020	1826
1020	1863
1021	1231
1021	1248
1021	1589
1021	1740
1021	1943
1022	1220
1022	1250
1022	1302
1022	1347
1024	1184
1024	1221
1024	1420
1024	1956
1025	1057
1025	1718
1026	1180
1026	1443
1026	1470
1026	1518
1028	1089
1028	1449
1028	1450
1028	1628
1028	1913
1029	1281
1029	1764
1029	1900
1030	1051
1030	1159
1030	1448
1030	1593
1031	1640
1031	1768
1032	1313
1033	1043
1033	1217
1033	1678
1033	1908
1034	1080
1034	1082
1034	1242
1034	1836
1035	1146
1035	1857
1037	1068
1037	1722
1037	1982
1039	1048
1039	1300
1039	1457
1039	1773
1040	1159
1040	1249
1040	1587
1040	1764
1041	1116
1041	1538
1042	1157
1042	1177
1042	1680
1043	1463
1043	1601
1044	1364
1044	1405
1045	1703
1046	1112
1046	1223
1046	1623
1047	1497
1047	1633
1048	1359
1049	1397
1050	1128
1050	1423
1050	1482
1050	1628
1050	1645
1051	1100
1051	1240
1051	1324
1051	1326
1051	1332
1051	1591
1051	1776
1051	1795
1051	1925
1052	1107
1052	1464
1053	1080
1053	1487
1054	1116
1054	1189
1054	1670
1055	1224
1055	1328
1055	1600
1055	1610
1055	1706
1055	1824
1056	1184
1056	1767
1057	1074
1057	1246
1057	1448
1057	1846
1058	1410
1059	1439
1059	1564
1060	1179
1060	1236
1060	1657
1060	1967
1061	1122
1061	1503
1062	1087
1062	1383
1062	1445
1063	1962
1064	1308
1064	1456
1064	1506
1064	1523
1064	1839
1065	1108
1065	1144
1065	1566
1066	1244
1066	1785
1066	1951
1067	1113
1067	1750
1067	1994
1068	1141
1068	1392
1068	1517
1068	1574
1068	1687
1068	1747
1070	1106
1070	1157
1070	1201
1070	1351
1070	1386
1070	1398
1070	1570
1070	1607
1070	1718
1071	1310
1071	1879
1071	1995
1072	1139
1072	1261
1072	1758
1072	1972
1073	1575
1075	1258
1075	1309
1075	1390
1075	1514
1075	1570
1075	1831
1076	1362
1076	1516
1076	1712
1077	1153
1077	1213
1077	1294
1077	1727
1078	1100
1078	1334
1078	1419
1079	1433
1079	1589
1079	1673
1081	1555
1081	1885
1082	1088
1082	1502
1082	1624
1082	1667
1082	1933
1083	1351
1083	1429
1084	1112
1084	1486
1084	1841
1084	1869
1085	1121
1085	1296
1085	1531
1085	1560
1085	1594
1086	1347
1086	1708
1087	1117
1087	1202
1087	1378
1087	1457
1087	1560
1087	1652
1088	1480
1089	1093
1089	1275
1089	1699
1089	1757
1090	1291
1090	1396
1090	1501
1090	1755
1091	1300
1091	1789
1092	1148
1092	1815
1093	1194
1093	1232
1093	1272
1093	1443
1093	1556
1094	1887
1095	1321
1096	1109
1096	1111
1096	1254
1096	1291
1096	1401
1097	1182
1097	1233
1097	1400
1097	1441
1097	1467
1097	1682
1098	1241
1098	1456
1099	1493
1100	1248
1100	1435
1100	1596
1100	1798
1101	1311
1101	1380
1102	1255
1102	1563
1102	1934
1103	1181
1103	1753
1103	1968
1104	1273
1104	1284
1104	1852
1104	1858
1104	1926
1105	1209
1105	1325
1105	1327
1106	1524
1106	1529
1106	1615
1106	1616
1106	1674
1106	1962
1107	1365
1107	1810
1108	1352
1108	1368
1108	1402
1108	1622
1109	1457
1109	1539
1109	1674
1111	1127
1111	1263
1111	1662
1111	1808
1112	1426
1112	1484
1112	1840
1113	1274
1113	1698
1113	1770
1114	1154
1114	1972
1115	1259
1115	1711
1116	1161
1116	1505
1116	1609
1117	1189
1117	1873
1118	1750
1120	1307
1120	1335
1120	1601
1120	1636
1120	1785
1120	1832
1121	1235
1121	1370
1121	1911
1121	1943
1122	1463
1122	1701
1122	1786
1123	1378
1123	1446
1123	1812
1123	1831
1125	1435
1125	1449
1125	1733
1126	1261
1126	1312
1127	1258
1127	1714
1127	1953
1127	1969
1128	1302
1128	1488
1128	1958
1129	1599
1129	1869
1130	1698
1131	1877
1132	1256
1133	1339
1133	1597
1133	1717
1133	1945
1133	1958
1134	1266
1134	1505
1135	1148
1135	1499
1135	1560
1135	1607
1135	1901
1136	1177
1136	1180
1136	1362
1136	1624
1136	1871
1137	1490
1138	1228
1138	1343
1139	1178
1139	1256
1139	1369
1139	1599
1139	1664
1139	1681
1139	1910
1140	1571
1140	1584
1140	1980
1141	1172
1142	1410
1142	1946
1143	1252
1143	1341
1143	1967
1144	1382
1144	1580
1144	1952
1145	1511
1146	1365
1146	1772
1146	1887
1146	1894
1147	1357
1147	1648
1149	1311
1149	1933
1150	1267
1150	1627
1150	1873
1151	1750
1152	1187
1152	1539
1152	1842
1152	1974
1153	1273
1153	1539
1153	1898
1153	1964
1154	1458
1154	1706
1155	1604
1156	1235
1156	1283
1156	1428
1157	1513
1157	1720
1157	1809
1157	1932
1158	1651
1158	1659
1158	1775
1160	1242
1160	1302
1160	1389
1160	1479
1160	1503
1160	1735
1160	1805
1161	1335
1161	1563
1161	1734
1162	1229
1162	1295
1162	1697
1162	1963
1163	1440
1163	1641
1163	1837
1164	1203
1164	1794
1165	1327
1165	1385
1165	1477
1166	1798
1167	1223
1167	1884
1168	1314
1169	1298
1169	1638
1170	1469
1170	1687
1171	1810
1172	1524
1172	1531
1173	1343
1173	1440
1175	1836
1175	1972
1176	1439
1177	1487
1178	1390
1178	1645
1178	1840
1179	1235
1179	1318
1179	1925
1180	1239
1180	1589
1180	1645
1181	1420
1181	1842
1182	1195
1182	1259
1182	1618
1182	1688
1182	1975
1183	1712
1183	1773
1184	1544
1184	1882
1184	1996
1186	1580
1187	1346
1187	1369
1187	1533
1187	1562
1187	1877
1187	1901
1188	1195
1188	1403
1188	1424
1189	1451
1191	1420
1191	1532
1191	1596
1191	1624
1191	1684
1192	1600
1193	1669
1193	1743
1193	1876
1194	1894
1194	1966
1195	1328
1195	1581
1195	1669
1196	1439
1196	1739
1196	1947
1197	1365
1197	1441
1197	1496
1198	1482
1198	1872
1198	1915
1199	1418
1199	1547
1200	1306
1201	1255
1201	1986
1202	1455
1203	1709
1203	1934
1204	1377
1204	1705
1204	1845
1205	1467
1205	1541
1206	1379
1206	1691
1206	1746
1206	1916
1206	1961
1207	1692
1207	1918
1207	1932
1207	1988
1208	1406
1208	1605
1210	1331
1210	1689
1210	1948
1211	1218
1211	1403
1211	1454
1213	1640
1215	1394
1215	1754
1215	1883
1216	1231
1216	1468
1217	1351
1217	1828
1217	1870
1218	1245
1218	1471
1218	1703
1218	1748
1219	1272
1219	1312
1219	1314
1219	1586
1220	1529
1221	1542
1221	1819
1221	1855
1222	1250
1222	1738
1222	1793
1224	1449
1224	1828
1225	1230
1225	1318
1225	1428
1226	1605
1227	1518
1227	1688
1228	1307
1228	1549
1228	1627
1228	1648
1229	1231
1229	1332
1230	1473
1230	1523
1231	1251
1232	1613
1234	1256
1234	1538
1235	1512
1235	1694
1235	1715
1236	1532
1236	1666
1236	1927
1237	1387
1237	1620
1237	1752
1238	1383
1238	1550
1238	1772
1239	1613
1239	1725
1240	1254
1240	1357
1240	1523
1241	1513
1241	1566
1241	1919
1242	1557
1244	1252
1244	1397
1244	1475
1244	1521
1244	1737
1244	1928
1245	1418
1245	1480
1245	1755
1245	1826
1245	1870
1245	1907
1246	1445
1246	1804
1246	1815
1246	1876
1247	1721
1248	1298
1248	1462
1248	1707
1249	1745
1250	1284
1250	1615
1250	1796
1251	1257
1251	1404
1251	1786
1251	1901
1252	1690
1253	1310
1253	1465
1253	1665
1254	1264
1254	1297
1254	1474
1254	1828
1254	1883
1256	1341
1256	1840
1257	1282
1257	1517
1258	1274
1258	1440
1258	1765
1258	1824
1260	1476
1260	1944
1261	1611
1262	1301
1263	1593
1263	1823
1264	1709
1265	1372
1265	1476
1266	1284
1266	1738
1267	1453
1268	1353
1268	1622
1268	1850
1268	1866
1269	1446
1269	1451
1269	1594
1269	1997
1270	1310
1270	1375
1270	1408
1271	1455
1271	1585
1272	1460
1273	1355
1273	1526
1273	1913
1273	1919
1274	1911
1275	1953
1277	1329
1278	1295
1278	1632
1279	1428
1279	1617
1279	1809
1280	1743
1280	1849
1281	1407
1282	1458
1282	1557
1283	1324
1283	1794
1284	1515
1285	1355
1285	1397
1285	1569
1286	1409
1286	1522
1288	1506
1288	1588
1288	1647
1290	1307
1291	1453
1291	1688
1291	1861
1291	1914
1292	1360
1292	1382
1293	1500
1293	1653
1293	1848
1294	1515
1294	1777
1294	1874
1295	1334
1295	1531
1295	1605
1295	1628
1297	1391
1297	1564
1298	1426
1298	1432
1298	1524
1298	1793
1299	1557
1300	1496
1300	1727
1302	1633
1302	1663
1302	1832
1303	1406
1303	1530
1303	1673
1304	1576
1305	1335
1305	1497
1305	1728
1306	1730
1307	1422
1307	1545
1307	1834
1308	1410
1308	1444
1309	1867
1309	1930
1310	1939
1311	1438
1311	1460
1311	1602
1311	1908
1311	1911
1312	1999
1315	1942
1315	1993
1316	1469
1316	1738
1317	1323
1318	1340
1318	1585
1319	1382
1319	1759
1320	1472
1320	1563
1320	1635
1321	1554
1321	1571
1321	1707
1321	1836
1322	1412
1322	1459
1322	1461
1322	1477
1322	1978
1328	1381
1328	1404
1328	1732
1328	1890
1329	1927
1330	1606
1332	1948
1333	1392
1333	1667
1333	1734
1333	1854
1334	1484
1334	1902
1335	1676
1337	1376
1337	1503
1337	1875
1337	1910
1338	1339
1339	1447
1340	1462
1340	1543
1340	1758
1340	1966
1341	1399
1342	1354
1342	1619
1344	1384
1344	1394
1345	1394
1345	1882
1346	1364
1347	1451
1347	1513
1348	1356
1348	1656
1349	1509
1349	1598
1349	1811
1349	1936
1350	1976
1351	1451
1351	1709
1354	1401
1354	1843
1355	1450
1355	1527
1355	1576
1357	1495
1358	1677
1358	1725
1360	1543
1360	1551
1361	1545
1361	1671
1361	1838
1361	1884
1362	1392
1363	1743
1364	1680
1365	1471
1365	1752
1365	1865
1365	1964
1366	1639
1367	1402
1367	1659
1367	1660
1367	1769
1367	1939
1368	1607
1369	1489
1369	1817
1369	1997
1370	1686
1370	1857
1371	1554
1371	1744
1372	1575
1373	1811
1374	1917
1375	1841
1376	1642
1376	1650
1376	1745
1377	1786
1377	1794
1378	1463
1378	1466
1378	1636
1378	1765
1379	1552
1379	1863
1380	1614
1380	1695
1381	1522
1381	1891
1381	1971
1382	1957
1384	1856
1384	1990
1385	1449
1385	1737
1387	1530
1387	1542
1389	1469
1389	1572
1390	1404
1390	1644
1390	1718
1390	1982
1391	1769
1392	1517
1392	1522
1393	1421
1394	1447
1394	1833
1394	1945
1395	1552
1396	1520
1396	1847
1397	1691
1397	1839
1398	1652
1399	1429
1399	1728
1400	1568
1400	1603
1400	1797
1400	1931
1401	1452
1401	1540
1401	1617
1401	1655
1402	1516
1403	1860
1404	1755
1405	1747
1405	1893
1405	1953
1406	1578
1406	1895
1407	1690
1407	1820
1408	1777
1408	1787
1410	1998
1411	1761
1411	1962
1412	1621
1412	1807
1412	1908
1414	1542
1414	1731
1415	1649
1415	1719
1415	1743
1415	1778
1415	1818
1416	1447
1416	1453
1416	1504
1416	1683
1417	1731
1418	1656
1418	1920
1419	1754
1420	1452
1420	1473
1420	1514
1421	1982
1422	1910
1425	1559
1425	1621
1425	1741
1425	1763
1425	1767
1426	1624
1428	1431
1429	1947
1431	1685
1431	1801
1431	1850
1432	1639
1432	1737
1433	1466
1433	1671
1433	1715
1434	1451
1434	1678
1434	1915
1434	1916
1435	1501
1435	1706
1436	1438
1436	1687
1436	1688
1436	1844
1437	1733
1438	1461
1438	1833
1438	1929
1438	1947
1440	1652
1441	1465
1441	1758
1441	1965
1443	1466
1443	1686
1443	1986
1444	1694
1445	1869
1445	1950
1446	1779
1446	1844
1446	1854
1447	1912
1449	1612
1449	1629
1450	1460
1450	1534
1450	1547
1450	1910
1450	1930
1451	1561
1451	1855
1452	1489
1452	1713
1454	1485
1454	1654
1457	1978
1459	1770
1459	1829
1460	1637
1460	1889
1461	1553
1463	1506
1463	1714
1463	1830
1464	1535
1464	1594
1466	1475
1466	1499
1467	1920
1467	1945
1468	1523
1468	1759
1468	1788
1468	1867
1470	1679
1470	1745
1470	1779
1471	1716
1471	1756
1472	1640
1473	1977
1474	1494
1475	1515
1477	1534
1477	1616
1478	1559
1478	1940
1479	1602
1480	1610
1480	1654
1481	1526
1481	1940
1482	1593
1482	1603
1482	1610
1482	1650
1482	1805
1482	1813
1482	1969
1483	1661
1484	1548
1484	1660
1485	1550
1485	1579
1485	1644
1485	1673
1485	1771
1485	1816
1485	1834
1487	1613
1487	1920
1488	1491
1488	1578
1488	1635
1489	1776
1490	1588
1491	1722
1491	1901
1492	1534
1492	1693
1492	1955
1493	1647
1493	1703
1494	1774
1498	1718
1500	1800
1500	1839
1500	1902
1500	1946
1501	1666
1502	1752
1502	1830
1502	1936
1503	1600
1503	1778
1504	1515
1504	1719
1504	1948
1505	1548
1505	1822
1506	1612
1506	1747
1507	1542
1507	1820
1508	1601
1509	1632
1509	1781
1510	1635
1510	1929
1510	1932
1513	1977
1515	1938
1516	1686
1517	1535
1517	1592
1517	1698
1517	1772
1517	1856
1517	1900
1517	1927
1518	1554
1518	1791
1519	1749
1522	1705
1522	1745
1523	1532
1523	1698
1523	1807
1523	1896
1523	1937
1524	1879
1524	1948
1524	1966
1525	1600
1525	1697
1526	1618
1528	1648
1528	1812
1528	1875
1529	1640
1529	1917
1530	1835
1531	1694
1532	1635
1533	1650
1533	1734
1536	1650
1536	1858
1538	1768
1538	1790
1538	1902
1540	1566
1540	1588
1540	1622
1540	1783
1541	1893
1542	1856
1542	1933
1543	1593
1543	1636
1544	1707
1545	1682
1545	1902
1545	1943
1546	1778
1546	1930
1547	1622
1548	1659
1549	1686
1549	1741
1551	1583
1551	1800
1551	1853
1552	1627
1553	1784
1553	1899
1554	1756
1554	1769
1556	1881
1556	1997
1557	1711
1558	1723
1560	1754
1560	1942
1561	1793
1561	1811
1562	1594
1562	1609
1562	1955
1564	1592
1564	1860
1567	1808
1567	1866
1567	1876
1568	1905
1569	1810
1571	1659
1571	1849
1572	1581
1572	1796
1572	1943
1573	1868
1574	1895
1575	1657
1575	1787
1577	1631
1577	1757
1577	1801
1577	1863
1578	1924
1579	1868
1581	1693
1582	1658
1583	1596
1583	1773
1583	1789
1584	1762
1584	1917
1585	1712
1587	1862
1587	1938
1589	1655
1589	1798
1590	1617
1590	1651
1590	1955
1593	1887
1593	1913
1595	1844
1596	1723
1596	1799
1599	1915
1600	1940
1601	1651
1601	1695
1601	1751
1602	1694
1603	1867
1603	1967
1605	1782
1606	1639
1606	1675
1607	1615
1607	1983
1608	1619
1609	1633
1611	1628
1613	1724
1615	1716
1615	1736
1616	1788
1617	1804
1618	1740
1620	1662
1621	1898
1622	1676
1622	1853
1624	1816
1624	1867
1627	1641
1628	1777
1629	1726
1629	1868
1629	1877
1630	1780
1632	1656
1632	1710
1632	1850
1634	1702
1636	1800
1637	1746
1641	1707
1641	1736
1642	1928
1643	1699
1643	1773
1645	1922
1646	1695
1650	1827
1650	1856
1651	1802
1653	1976
1654	1685
1656	1779
1660	1816
1663	1692
1663	1710
1663	1778
1663	1942
1664	1703
1664	1834
1667	1766
1667	1845
1669	1755
1670	1798
1671	1891
1673	1742
1674	1909
1675	1742
1677	1721
1677	1726
1677	1879
1679	1690
1681	1819
1683	1839
1683	1904
1685	1857
1685	1987
1686	1969
1687	1693
1687	1738
1687	1877
1688	1736
1690	1808
1692	1701
1692	1749
1692	1803
1692	1903
1693	1894
1693	1987
1694	1867
1694	1981
1695	1785
1695	1832
1695	1851
1697	1700
1699	1838
1702	1942
1702	1954
1703	1760
1705	1924
1709	1893
1712	1809
1712	1924
1717	1826
1718	1906
1719	1985
1720	1846
1721	1728
1721	1888
1722	1814
1722	1903
1723	1862
1727	1951
1728	1792
1730	1804
1730	1875
1731	1814
1731	1941
1732	1840
1733	1801
1736	1855
1739	1942
1740	1890
1743	1994
1747	1761
1748	1937
1751	1785
1752	1949
1753	1775
1757	1808
1757	1824
1758	1823
1758	1829
1759	1805
1766	1812
1766	1912
1767	1912
1768	1897
1770	1806
1770	1983
1772	1797
1772	1889
1772	1969
1775	1859
1775	1885
1778	1834
1788	1842
1789	1959
1789	1968
1791	1922
1794	1862
1796	1880
1802	1999
1805	1975
1806	1909
1807	1810
1808	1996
1809	1970
1810	1953
1811	1835
1812	1891
1812	2000
1814	1956
1814	1965
1816	1918
1819	1994
1820	1864
1822	1865
1823	1898
1827	1983
1827	2000
1829	1963
1831	1946
1831	1950
1831	1991
1833	1882
1833	1934
1834	1934
1836	1961
1842	1907
1845	1977
1846	1884
1847	1984
1850	1956
1851	1958
1857	1889
1863	1998
1864	1886
1866	1969
1867	1949
1868	1881
1869	1926
1870	1889
1871	1909
1874	1892
1876	1999
1878	1886
1883	1923
1885	1993
1890	1922
1892	1921
1893	1974
1897	1950
1899	1979
1903	1973
1907	1977
1908	1939
1910	1994
1912	1957
1924	1947
1930	1994
1935	1966
1947	1978
1949	2000
1950	1962
1960	1992
1982	1991
