1	2
1	3
1	4
1	5
1	6
1	7
1	8
1	9
1	10
1	14
1	18
1	29
1	41
1	53
1	59
1	71
1	93
1	153
1	178
1	201
1	385
1	406
1	472
1	612
1	622
1	737
1	792
1	1004
1	1013
1	1088
1	1097
1	1196
1	1544
1	1900
1	1904
1	2136
1	2377
1	2444
1	2696
2	3
2	4
2	5
2	6
2	7
2	8
2	9
2	10
2	13
2	15
2	35
2	44
2	47
2	75
2	86
2	109
2	112
2	116
2	151
2	208
2	209
2	214
2	393
2	394
2	416
2	472
2	490
2	526
2	566
2	578
2	604
2	796
2	985
2	1152
2	1243
2	1381
2	1584
2	1988
2	2019
2	2465
2	2941
3	4
3	5
3	6
3	7
3	8
3	9
3	10
3	21
3	25
3	54
3	98
3	116
3	124
3	181
3	339
3	391
3	423
3	508
3	520
3	567
3	655
3	709
3	953
3	970
3	1150
3	1264
3	1285
3	1415
3	1500
3	1640
3	1806
3	2007
3	2724
4	5
4	6
4	7
4	8
4	9
4	10
4	26
4	34
4	41
4	46
4	96
4	99
4	102
4	111
4	115
4	141
4	155
4	354
4	405
4	618
4	797
4	803
4	905
4	911
4	1002
4	1189
4	1391
4	1640
4	2584
5	6
5	7
5	8
5	9
5	10
5	52
5	61
5	71
5	95
5	123
5	159
5	196
5	292
5	299
5	323
5	358
5	386
5	400
5	485
5	655
5	800
5	935
5	1052
5	1235
5	1680
5	1867
5	2617
6	7
6	8
6	9
6	10
6	15
6	20
6	24
6	27
6	63
6	81
6	121
6	148
6	153
6	210
6	280
6	296
6	340
6	369
6	413
6	513
6	821
6	863
6	1224
6	1521
6	2226
6	2624
6	2955
7	8
7	9
7	10
7	11
7	12
7	21
7	28
7	56
7	79
7	89
7	90
7	153
7	182
7	272
7	331
7	335
7	408
7	416
7	428
7	434
7	520
7	547
7	566
7	575
7	790
7	853
7	1038
7	1068
7	1214
7	1346
7	1466
7	1656
7	2049
7	2128
8	9
8	10
8	14
8	17
8	38
8	43
8	49
8	56
8	136
8	144
8	154
8	192
8	260
8	289
8	307
8	367
8	502
8	533
8	577
8	752
8	874
8	1037
8	1131
8	1190
8	1292
8	1554
8	2063
8	2093
8	2141
8	2546
8	2888
9	10
9	16
9	25
9	27
9	30
9	44
9	49
9	53
9	58
9	70
9	71
9	91
9	122
9	133
9	138
9	151
9	168
9	184
9	188
9	202
9	267
9	307
9	320
9	457
9	508
9	642
9	715
9	855
9	988
9	1117
9	1193
9	1245
9	2171
10	19
10	23
10	34
10	52
10	73
10	77
10	91
10	96
10	112
10	123
10	145
10	147
10	158
10	172
10	185
10	191
10	271
10	330
10	378
10	429
10	596
10	982
10	1830
10	2321
10	2409
10	2967
11	59
11	398
11	500
11	677
12	22
12	237
12	1367
12	1465
12	2225
13	63
13	326
13	614
14	37
14	54
14	80
14	108
14	211
14	436
14	455
14	2355
14	2553
14	2643
15	90
15	123
15	178
15	448
15	501
16	241
16	480
17	32
17	232
17	536
18	47
18	62
18	102
18	274
18	2174
18	2941
19	50
19	92
19	458
20	159
20	468
20	794
21	40
21	55
21	130
21	178
21	223
21	285
21	646
21	728
21	938
21	1986
22	39
22	48
22	146
22	566
22	1202
22	1939
22	2696
23	33
23	107
23	134
23	154
23	178
23	895
23	1279
23	2360
24	45
24	164
24	204
24	252
24	349
24	929
25	36
25	55
25	143
25	182
25	999
25	2383
26	31
26	83
26	480
26	2070
27	87
27	163
27	200
27	373
27	478
27	636
27	1591
27	2550
28	206
28	542
28	1182
28	1793
28	2186
28	2797
29	37
29	64
29	110
29	129
29	167
29	517
29	1286
30	44
30	215
30	242
30	414
30	1125
31	376
31	1408
32	51
32	69
32	296
32	621
32	1368
32	1657
32	1802
33	140
33	608
34	57
34	123
34	1192
34	1617
34	2852
35	199
35	263
35	335
35	480
36	872
36	969
37	67
37	205
37	334
37	982
37	1161
37	1183
37	2093
38	256
38	365
38	579
38	2586
39	42
39	65
39	322
39	382
39	541
39	795
39	954
40	50
40	117
40	178
40	255
40	651
40	2048
40	2374
40	2794
41	85
41	147
41	177
41	294
41	1199
41	1624
41	2103
41	2115
41	2134
42	286
42	315
43	44
43	58
43	84
43	128
43	156
43	194
43	257
43	1425
44	66
44	91
44	112
44	126
44	161
44	163
44	219
44	270
44	303
44	309
44	431
44	546
44	714
44	800
44	2778
45	60
45	161
45	381
45	387
45	1732
46	88
46	362
46	394
46	476
47	473
47	918
47	1504
47	1803
47	1851
47	2486
48	152
48	165
48	350
48	589
48	1064
48	2100
48	2944
49	57
49	112
49	141
49	328
49	559
49	2317
49	2758
50	374
50	392
50	448
50	459
50	537
50	550
50	1869
50	2026
50	2468
50	2739
51	68
51	72
51	106
51	380
51	732
51	1533
52	103
52	176
52	291
52	389
53	138
53	191
53	232
53	245
53	281
53	651
53	702
53	972
53	1645
53	2464
54	57
54	74
54	291
54	753
54	1019
55	190
55	616
55	785
56	76
56	123
56	260
56	587
56	676
56	1729
56	1800
57	119
57	126
57	240
57	510
57	1372
57	2604
58	138
58	179
58	896
58	1319
58	2593
59	61
59	105
59	196
59	331
59	1074
60	149
60	177
60	213
60	1786
60	2203
61	94
61	121
61	139
61	589
61	833
61	911
61	1574
61	2082
62	1416
62	1971
63	236
63	684
63	954
63	1455
64	71
64	131
64	166
64	244
64	489
64	658
64	899
64	1899
65	82
65	90
65	95
65	100
65	227
65	419
66	114
66	173
67	78
67	273
67	518
67	1433
68	104
68	1586
68	1998
68	2590
69	158
69	234
69	337
69	491
70	98
70	102
70	187
70	783
70	1705
71	137
71	173
71	213
71	244
71	248
71	548
71	801
71	1109
71	1189
71	1298
71	1328
71	2550
72	193
72	684
72	1616
73	483
73	499
73	798
73	808
73	1089
73	1090
73	1248
73	2743
74	233
74	917
74	1023
74	1507
75	162
75	291
75	420
75	620
75	1179
75	1559
75	2564
76	953
76	2187
77	1374
78	175
78	283
78	346
78	1251
78	1778
78	2962
79	227
79	331
79	1477
79	1717
80	1676
80	1881
81	654
81	2473
81	2573
82	87
82	298
83	333
83	660
83	705
84	246
84	1566
84	2912
85	90
85	97
85	101
85	113
85	275
85	460
85	481
85	869
85	1812
86	697
86	1281
86	1701
87	90
87	143
87	302
87	1701
87	2072
88	139
88	217
88	287
88	1151
88	1354
88	1979
89	653
89	1365
90	217
90	317
90	325
90	338
90	352
90	412
90	643
90	730
90	841
90	1383
90	1445
90	1728
91	361
91	378
91	559
91	1689
92	498
92	2690
93	180
93	297
93	924
93	1273
93	1761
93	2435
94	554
94	1847
95	174
95	210
95	400
95	471
95	644
96	387
96	928
96	1441
97	118
97	135
97	511
97	2167
98	143
98	712
98	2422
99	120
99	222
99	314
99	551
99	764
99	1109
100	262
100	1882
101	186
101	462
101	622
101	765
101	1349
101	1720
102	377
102	395
102	441
102	475
102	672
102	737
102	858
104	848
105	383
105	627
106	1440
106	1480
106	2111
107	461
107	708
107	830
107	1482
108	131
108	169
108	276
108	609
108	1398
109	125
109	248
109	419
109	851
109	914
110	127
110	1290
110	2178
111	329
111	620
111	2009
112	143
112	170
112	184
112	205
112	577
112	1541
113	306
113	316
113	2441
114	132
114	254
114	548
114	649
114	858
114	1433
115	318
115	1252
115	1443
115	1603
115	2146
115	2522
116	1016
116	1089
116	1369
116	1371
116	2249
117	311
117	347
117	1340
118	278
118	300
118	978
119	250
119	768
119	1066
119	1378
119	1717
120	1239
120	2153
121	133
121	148
121	2963
122	693
123	142
123	147
123	227
123	241
123	308
123	327
123	369
123	592
123	701
123	930
123	1097
123	2134
123	2308
123	2565
123	2611
124	189
124	562
124	1668
124	1977
124	2247
125	729
125	1636
126	218
126	474
126	1711
126	1716
127	149
127	251
127	1722
127	2592
127	2793
128	305
128	344
128	564
128	881
131	160
131	435
131	581
131	712
132	364
132	2252
132	2364
132	2711
133	299
133	523
133	878
133	2768
134	900
135	681
135	2256
135	2511
135	2745
136	183
136	288
136	297
136	494
136	682
136	1740
137	264
137	405
137	736
137	836
138	177
138	1592
138	2646
140	1051
140	1429
140	2173
141	1316
141	1478
141	1640
141	1661
142	241
142	572
142	670
142	1883
143	157
143	228
143	295
143	699
143	737
143	825
143	1188
143	2031
143	2246
144	178
144	2145
144	2896
145	195
145	713
145	1039
146	220
146	623
146	664
147	161
147	1309
147	1620
147	1703
147	1999
148	391
148	467
148	850
148	1898
149	150
149	155
149	1064
149	1214
149	1801
150	185
150	1034
151	685
151	757
151	943
151	948
151	1886
152	293
152	450
153	261
153	361
153	402
153	746
153	1166
153	1219
153	1611
153	1845
153	2051
154	205
154	299
154	671
155	181
155	324
155	1609
156	161
156	323
156	364
156	721
156	2177
157	268
157	616
157	2291
157	2969
158	426
158	1270
158	2402
159	363
159	369
159	380
159	437
159	1058
159	1144
159	1517
159	1873
159	2575
160	198
160	1012
161	383
161	1045
161	1154
161	1415
161	2023
161	2091
161	2426
161	2562
162	1320
163	624
163	1480
164	209
164	574
165	371
165	1667
166	203
166	207
166	615
166	771
166	1258
166	2265
167	304
167	507
167	617
168	171
168	247
168	832
168	1138
168	1943
169	465
170	266
170	356
170	452
170	919
170	2726
171	212
171	888
171	2351
172	512
172	788
173	256
173	279
173	355
173	994
173	1020
173	1221
173	1999
174	402
174	1147
175	409
176	271
176	445
176	475
176	2873
177	248
177	416
177	825
177	2133
177	2137
178	184
178	211
178	224
178	358
178	507
178	530
178	545
178	547
178	776
178	1067
178	1497
179	310
180	390
180	444
180	977
181	201
181	1764
181	2271
182	191
182	238
182	397
182	2895
182	2909
183	243
183	686
183	791
183	2949
184	239
184	754
184	891
184	919
184	1210
185	216
185	258
185	320
186	225
186	336
186	1306
186	2148
188	302
188	846
188	2848
189	197
189	887
190	231
190	292
190	419
190	502
191	330
191	485
191	559
191	2118
191	2910
192	2547
193	561
193	1662
193	2054
194	445
194	971
194	2394
195	468
195	502
195	748
196	226
196	806
196	2251
197	603
197	1738
197	1999
198	421
198	1212
198	1886
199	494
199	944
199	961
200	230
200	240
200	2604
201	773
201	878
202	232
202	1234
203	249
203	269
203	383
203	478
203	637
203	913
203	1655
204	406
204	2008
204	2274
204	2527
205	358
205	375
205	484
205	661
205	697
205	711
205	1159
205	1484
205	1555
205	1717
205	1972
205	2117
208	533
208	980
208	1549
208	2134
209	668
209	679
209	1036
209	1387
209	2431
210	214
210	419
210	530
210	876
210	1459
210	2842
211	311
211	436
211	655
211	1230
211	1764
211	1893
211	1931
212	306
212	666
212	1545
212	2245
212	2659
213	284
213	654
213	1193
213	1631
213	1940
213	2397
214	231
214	467
214	472
214	1040
214	1227
214	2257
215	492
215	1132
215	1376
216	320
216	571
217	221
217	922
217	2012
217	2899
219	468
219	2876
220	667
220	1060
221	325
222	243
222	255
223	229
223	265
223	301
223	598
223	1171
224	282
224	2356
225	299
225	747
225	1284
226	259
226	601
226	662
227	332
227	361
227	1129
227	1162
227	1876
227	2940
228	255
228	399
228	744
229	1540
230	306
230	433
231	1687
232	235
232	290
232	296
232	1991
232	2893
232	2924
233	648
233	785
233	2526
234	443
234	810
234	1024
234	1569
235	313
235	397
235	902
235	968
235	1345
236	453
236	724
236	1691
237	1558
238	342
239	454
239	2671
240	312
240	1944
240	2335
240	2839
241	302
241	331
241	440
241	926
241	950
241	965
241	1376
242	384
242	1565
242	2026
242	2583
243	605
243	1289
243	1397
243	1616
243	1896
244	840
244	882
244	896
244	1927
245	345
245	907
245	1214
246	1383
247	253
247	370
247	479
247	1132
248	516
248	974
248	2003
249	914
249	1459
249	1525
249	1637
250	366
250	371
250	659
250	671
250	816
250	1520
250	2875
251	2524
252	1455
253	486
254	791
255	304
255	1934
255	2856
256	387
256	671
256	683
256	1816
256	2552
257	831
258	343
258	1967
258	2488
259	341
259	976
259	1875
259	2459
260	566
260	1011
260	1580
260	2664
261	1942
261	2166
261	2668
262	394
262	650
262	1209
264	535
264	577
264	2744
265	420
265	1278
265	2810
266	1431
267	1010
267	1128
267	1140
267	2320
268	684
268	1553
268	1707
269	407
269	470
270	484
270	925
271	430
271	439
271	894
271	1205
272	277
272	400
272	733
272	784
272	867
273	556
273	756
274	427
274	1413
274	1461
274	1587
275	453
275	941
275	1602
276	1874
277	689
277	885
277	1335
277	1672
278	447
278	495
278	826
278	1053
278	1561
278	1905
279	438
279	1597
279	1713
279	1725
280	1388
281	893
281	2791
283	348
283	759
283	941
284	527
284	552
284	1104
284	1256
284	1629
285	329
285	458
285	1226
285	1550
285	1658
285	2860
286	321
286	377
286	379
287	916
287	1188
288	319
288	559
288	960
289	504
290	1739
291	296
291	426
291	2339
291	2656
291	2662
292	1391
292	1638
292	2331
293	357
293	1133
293	2000
293	2476
294	353
294	1699
295	600
295	2071
296	382
296	629
296	635
296	1018
296	1214
296	2508
297	403
297	644
297	1502
297	1865
297	2312
298	417
298	418
298	424
298	665
298	1190
299	422
299	605
299	631
299	1165
299	1201
300	813
300	1560
300	2157
300	2268
300	2328
301	466
301	1894
301	1970
302	339
302	358
302	688
302	1497
302	2097
303	611
303	2142
304	859
304	1241
305	633
306	360
306	636
306	1752
306	2737
307	325
307	1773
307	1907
308	1137
308	2102
309	2738
310	368
310	415
310	545
310	678
310	2017
311	335
311	680
311	1756
311	1892
312	1743
314	377
314	411
314	633
314	829
314	1092
314	1993
315	351
315	396
316	493
316	549
316	775
316	1264
316	1385
317	643
317	1363
317	1542
318	359
318	1071
319	456
319	776
319	1039
320	425
320	723
320	1537
320	2195
321	1935
321	1945
321	2649
322	1715
323	851
323	1827
323	1860
323	2765
324	864
324	1143
324	1889
325	473
326	602
327	514
327	526
328	540
328	799
328	848
328	1106
329	676
329	1618
329	1919
329	2079
329	2157
329	2209
329	2282
329	2973
330	464
330	477
330	987
330	1007
331	632
331	686
331	1297
331	1997
332	692
333	1017
334	1853
334	2336
335	1820
335	2001
336	369
336	560
336	1363
337	585
337	708
337	1291
337	2168
338	875
338	1657
338	2707
339	586
339	691
339	1077
339	2281
340	739
340	1445
340	2109
341	451
341	996
341	2144
341	2817
342	625
342	1156
342	1293
343	1134
344	463
344	542
344	844
345	596
345	683
345	754
345	1497
346	1589
346	2280
347	890
347	1577
349	446
349	506
349	553
349	766
349	1210
349	1846
351	490
351	1299
352	506
352	1571
353	1098
353	2338
355	482
355	1171
355	2850
356	401
356	2750
357	571
357	842
358	575
358	647
358	951
358	1073
358	1204
358	1590
358	1897
358	1958
358	2421
358	2956
359	590
359	629
359	1189
360	369
360	726
361	410
361	412
361	995
361	1429
362	1381
363	1148
363	2662
364	1252
364	1905
364	2066
365	389
365	488
365	631
365	824
365	2055
365	2515
366	440
366	569
366	820
367	372
367	731
367	760
367	2239
368	532
368	1626
368	2314
369	437
369	1018
369	1054
369	1185
369	1300
369	2169
369	2419
370	388
370	2120
371	694
371	1424
371	2305
372	704
372	1690
372	1760
373	1706
374	822
374	898
374	1068
374	1227
375	563
375	1082
375	1536
375	1741
376	810
376	1382
376	1539
377	415
377	750
377	1032
377	1359
377	1446
378	410
378	986
379	1415
380	629
380	935
380	1947
381	504
381	1197
382	1953
383	647
383	1759
383	1778
383	2970
384	1063
385	871
385	989
385	1371
385	1449
385	2301
386	626
386	2787
387	690
387	821
387	828
387	875
387	2920
388	945
388	1102
388	1294
389	404
389	406
389	508
389	727
390	2833
391	398
391	469
391	547
391	604
391	657
391	1666
391	1750
392	644
392	956
392	1050
393	782
393	1818
393	2429
394	1930
395	1926
396	1314
397	843
397	2039
397	2285
397	2929
399	534
399	2184
400	487
400	508
400	556
400	638
400	1001
400	1105
400	1216
400	1432
400	2096
400	2679
402	496
402	497
402	886
402	1118
402	1493
402	1628
402	1671
403	528
404	1215
405	1032
405	1603
406	461
406	990
406	2373
407	2862
408	712
408	2944
409	504
409	524
409	568
409	593
409	835
409	2272
409	2844
410	1519
410	1913
410	2956
411	1807
411	2602
412	505
412	746
412	1503
412	2517
413	543
413	678
413	1356
414	448
414	687
414	1305
416	873
416	878
416	1218
416	1918
417	1447
417	1870
417	2500
418	525
418	673
418	2269
419	738
419	966
419	1520
419	2181
420	515
420	594
420	778
420	819
420	904
420	1149
420	1403
420	2216
420	2386
420	2627
421	573
421	654
421	1112
422	597
422	610
422	893
423	442
424	1124
425	905
425	1260
426	522
426	854
426	1503
426	1890
427	640
428	432
428	2463
429	555
429	880
431	1422
431	1567
431	2961
432	2921
433	1122
435	503
435	740
435	1288
435	2594
436	710
436	748
436	1274
436	1694
436	2817
437	531
437	669
437	804
437	2823
438	2270
439	811
440	758
440	1534
440	2146
440	2671
441	1272
442	449
442	1535
443	680
443	849
445	2934
446	940
446	1546
447	2124
448	749
448	761
448	1188
448	2579
448	2668
449	745
449	886
449	2194
450	852
451	1123
451	1654
451	2104
451	2658
452	619
452	685
452	975
453	515
453	1093
453	1766
453	2805
454	763
454	785
454	1173
454	1178
454	1486
454	1811
455	544
455	1426
455	2482
456	519
456	777
457	1530
458	591
458	1258
458	2657
459	1769
459	1837
459	2506
460	513
460	570
460	707
460	796
461	1844
461	2475
462	1446
462	1730
464	555
464	2427
465	2516
466	599
466	1348
466	2945
467	718
467	1157
467	1415
467	1651
467	1879
467	2123
467	2686
468	2127
468	2409
469	1006
469	2620
470	588
470	2976
471	656
471	1047
471	1896
471	2551
472	531
473	735
474	826
474	907
474	1891
474	2460
475	1082
475	1313
475	1573
475	2050
477	720
477	845
478	758
478	1099
478	1132
478	1159
478	1193
478	2138
480	633
480	752
480	826
480	1544
480	1885
480	1924
481	660
481	760
481	2057
483	1186
483	2108
484	923
484	1804
485	654
485	660
485	1614
486	509
487	2168
488	1475
489	769
489	1853
489	2487
490	700
490	1230
490	1476
490	1577
491	1982
491	2675
492	868
492	1761
492	2139
493	717
493	1177
493	1522
493	2723
493	2851
494	628
494	1370
494	2200
495	583
495	1045
495	1119
495	1920
496	634
496	936
497	539
497	1247
497	1269
499	727
499	947
500	708
500	2454
500	2614
501	723
501	1520
501	1598
501	2367
501	2371
502	1276
502	1775
502	2322
502	2569
504	558
504	1357
504	1912
505	2361
505	2779
506	1198
506	1772
507	934
507	1287
507	2043
508	675
510	1280
511	521
511	652
512	1315
513	724
513	755
513	1190
515	529
515	910
515	1284
515	2874
516	1981
517	1473
517	2169
518	837
518	1365
518	1800
518	2254
519	538
519	592
519	1304
519	1823
520	2160
521	618
522	565
522	1259
522	2943
523	846
523	1115
523	1158
524	557
524	634
524	1833
524	2427
525	630
526	580
526	873
526	1358
526	1857
528	639
530	700
530	770
530	856
531	571
531	942
531	1111
531	1381
531	2332
532	1025
532	1173
533	576
533	983
533	1188
533	1248
534	1505
534	2786
535	1726
536	934
536	1170
537	583
537	1886
537	2667
538	2073
538	2509
538	2528
539	550
539	796
539	1784
539	1851
539	2205
540	559
541	703
542	1594
542	1799
542	2300
542	2514
543	1167
543	2881
544	1565
544	1798
544	2469
545	1493
545	2350
545	2502
545	2696
546	807
546	1261
546	2067
547	607
549	906
549	1915
550	673
550	1288
550	2114
550	2681
551	1751
552	1073
552	1729
553	663
553	1187
554	780
554	937
554	2773
555	559
556	696
557	737
558	719
558	901
558	1113
558	1644
559	938
559	1515
559	1643
559	2566
559	2586
560	1019
560	1142
560	1207
560	2977
561	742
561	847
561	2463
562	595
562	1181
564	649
564	1588
564	1849
565	818
565	1389
565	2084
566	674
566	1084
566	1415
566	2169
566	2300
567	809
568	674
568	897
568	931
568	2241
570	1213
571	582
571	706
571	1005
571	1035
571	2492
572	2056
573	1329
574	1255
576	858
576	1878
577	1919
577	2185
578	1042
578	1647
579	1014
579	2425
580	981
580	1141
580	1303
580	1378
580	2022
581	606
581	2639
582	584
583	660
583	791
584	671
585	590
586	1021
586	1046
588	722
590	695
590	834
590	1613
591	850
591	1078
591	1604
592	765
592	2837
593	1056
594	607
594	1152
595	653
595	2299
596	742
596	839
596	1620
596	1922
597	2098
598	716
598	749
599	1182
599	1312
599	1331
600	781
600	1511
600	2072
601	815
601	2404
602	748
602	2485
602	2986
603	1153
603	2263
604	698
604	2690
605	613
605	690
605	1210
605	1260
605	1993
605	2318
606	2383
607	794
607	1171
607	1467
607	1829
607	2595
608	1079
608	1095
608	1601
608	1652
608	1791
609	1163
610	623
610	697
610	1173
610	1390
610	1797
610	2827
611	641
611	1257
611	1675
613	957
613	2296
614	1242
614	2648
616	725
616	940
616	1383
617	958
617	1323
617	2152
617	2165
617	2227
619	2217
620	674
620	1160
620	1307
621	2082
622	1556
622	1934
622	2000
622	2180
622	2445
622	2975
623	1393
623	1759
624	791
624	1427
624	1515
624	1709
625	903
625	2115
625	2879
626	814
626	1029
626	2022
626	2495
627	927
628	865
628	1427
629	646
629	1610
629	1996
629	2863
629	2916
630	1088
630	2753
631	1837
632	779
632	1307
632	1578
632	2016
633	979
633	1752
633	1976
633	2010
633	2014
634	1018
634	1574
635	907
635	1575
636	796
636	1210
636	2444
637	913
637	1103
638	1501
640	645
641	884
641	1482
643	852
643	1922
644	679
644	1818
646	1362
646	1808
646	2420
647	877
647	1085
647	1242
647	2171
649	1042
649	1925
649	2189
649	2808
650	741
651	964
651	1175
651	1645
651	1836
651	2749
652	1049
652	1222
652	1371
652	1472
653	1679
654	1838
654	2213
655	933
655	1581
655	2735
656	2313
656	2623
657	1429
657	2151
657	2388
658	802
658	942
658	2466
658	2926
659	772
659	1138
659	2202
659	2910
660	907
660	1229
660	2546
660	2868
661	1149
662	860
662	868
663	1444
664	821
665	1623
665	2981
666	2290
667	743
667	866
667	1163
668	1456
668	2963
669	734
669	908
669	1652
670	870
670	1420
671	783
671	1402
671	1407
671	1906
671	2102
671	2274
671	2713
672	1280
672	1541
672	1692
672	2075
672	2255
674	916
674	926
674	1167
674	1317
674	1427
675	862
675	1291
675	1784
676	1328
676	2441
677	1321
678	1601
678	1893
679	1526
679	2283
680	894
680	1028
680	2044
681	761
681	1176
682	2319
682	2569
683	938
683	1474
683	1545
684	774
684	1214
684	2798
685	857
685	1228
685	3000
686	1015
686	1315
686	1660
688	1504
689	1055
691	1266
691	1295
691	1492
692	1434
694	1220
695	1894
696	1210
696	2353
699	1712
700	874
701	2432
701	2534
701	2566
703	909
703	1041
703	1432
704	1380
704	2065
705	871
705	1948
707	827
707	952
707	2226
708	961
708	1379
708	1410
708	2347
709	1933
710	796
711	1068
712	817
712	823
712	1274
712	1405
712	2250
712	2316
712	2655
714	1249
714	2085
714	2140
714	2551
715	787
715	2360
716	767
716	1411
716	2321
717	1396
717	1467
717	1499
717	2627
718	992
719	838
719	883
719	910
719	1129
719	2569
720	751
720	1614
723	1828
723	2080
724	1308
724	1380
725	1355
725	1579
726	1145
726	1968
726	2435
726	2579
727	741
727	814
727	1146
727	1957
728	2244
729	1418
730	1484
731	1804
732	973
732	1003
732	2549
733	871
733	1283
733	2176
734	877
734	2052
735	2796
736	2749
737	946
737	1563
737	2306
737	2428
738	892
738	942
738	1682
741	793
741	879
741	1481
741	2778
742	1513
742	2451
742	2883
743	947
743	962
743	1208
745	1538
746	812
746	1031
746	2530
746	2702
747	1009
747	1973
747	2001
748	1200
749	2546
750	1381
751	1197
752	867
752	1165
752	2444
753	1100
754	763
754	786
754	1551
754	1732
754	2091
755	773
756	1450
756	1748
756	1757
756	2804
758	762
758	2079
758	2543
759	1639
759	2654
760	2352
760	2658
761	1904
763	2574
764	1070
764	2003
765	860
765	2069
765	2841
766	949
766	2563
767	1302
768	1027
769	791
769	1386
770	789
770	2826
770	2834
771	1742
773	2097
773	2595
774	1194
774	1572
774	2025
775	2017
776	1031
777	1561
777	1946
777	2017
777	2337
779	2933
781	1008
782	1470
783	1037
783	2296
784	1755
784	2198
785	921
785	1033
785	1794
785	2898
786	1211
788	1729
789	2878
790	2135
790	2637
791	868
791	1174
791	1300
791	2384
791	2751
792	991
792	2618
793	805
793	1747
794	984
795	1498
796	900
796	2165
796	2370
796	2741
797	1408
797	2014
797	2716
797	2828
798	1454
798	2032
800	1040
800	1384
801	1110
801	1782
801	2434
803	861
803	2830
804	2159
804	2556
805	1337
805	1779
805	2613
808	841
808	1253
809	1047
809	1206
810	932
810	1399
810	1631
810	2693
811	1121
811	1576
811	2376
811	2403
812	1479
813	1013
813	1488
813	2987
814	1000
814	2341
815	1130
815	2805
816	1446
816	2493
816	2990
818	1075
819	1409
819	1781
821	1508
821	1719
821	2144
821	2230
821	2366
824	2002
826	875
826	2298
826	2518
826	2931
827	2539
828	1236
828	1330
828	1568
828	2113
828	2428
829	1619
829	2078
830	988
830	1250
830	1674
830	1785
831	950
831	1189
831	1227
832	959
834	1282
834	2483
835	2480
838	2109
839	1700
840	1059
841	2465
843	1938
844	889
846	1663
848	868
848	1141
848	1962
848	2063
850	1061
850	1310
850	1334
850	1371
850	1462
850	2211
850	2535
852	1300
852	1680
853	1118
853	1309
853	1326
853	2471
854	1529
854	2405
856	1238
856	1392
858	1533
858	1710
858	2149
859	2028
859	2887
860	1548
860	1805
860	2344
861	1083
861	2908
862	1859
863	1408
863	1653
863	2640
864	1015
864	1022
864	2467
865	1952
866	1922
868	972
868	1161
868	2442
870	1937
870	2101
870	2638
871	1098
871	2133
871	2243
872	957
872	1440
873	1445
873	1716
873	2481
873	2489
874	1120
874	2420
875	1065
875	1069
877	1072
877	1693
877	1799
878	1170
878	1524
878	2801
879	1448
879	2311
880	2712
881	1684
881	1704
882	939
884	1210
884	2619
885	912
885	2755
886	1665
887	940
887	2497
888	915
888	1178
888	1695
889	1195
889	1949
890	2059
891	1023
891	1694
891	2728
891	2994
893	913
893	1633
894	1347
894	1760
895	1136
895	1159
896	1376
896	2646
897	1544
897	1643
897	2973
898	1210
898	1628
899	2954
900	967
900	1093
900	1589
901	1096
902	2484
904	1908
904	2082
904	2456
905	2161
906	995
906	1034
906	1111
906	1116
906	1717
906	1936
907	998
907	1086
908	1963
909	2579
910	1299
910	2393
911	1519
913	1081
913	2131
913	2430
914	2457
915	1030
915	2814
916	2034
917	2089
918	1252
919	920
920	1190
920	1267
921	2357
922	1842
923	2525
924	2756
924	2884
926	1734
928	1496
929	955
929	1094
929	2409
929	2742
930	2518
931	1552
931	1593
931	1641
932	1523
932	1835
932	2577
933	1044
933	1375
933	1516
934	1188
934	1319
934	2018
935	1870
936	1026
936	2227
938	963
938	1237
940	1126
940	1139
940	2861
941	1260
941	2694
942	1043
942	2561
943	1076
945	1324
945	1327
946	1658
949	1670
949	2479
950	1251
951	1621
951	2740
952	1115
954	2559
954	2995
956	1453
957	996
957	2257
958	2880
959	997
960	1080
960	2953
961	1244
961	1417
961	1698
961	2988
963	1154
966	2289
967	1275
968	1574
969	1167
969	2401
970	2725
971	1670
971	1714
972	1058
973	1731
973	2347
974	1230
974	1520
974	1551
975	1438
976	993
977	1399
980	1297
981	1660
982	1436
983	1031
983	1091
983	1622
983	1749
985	1052
987	2399
987	2784
987	2982
988	1262
990	1057
990	2179
991	1903
991	2414
992	1042
993	1082
993	1210
993	2033
997	1252
998	1744
999	1135
999	1634
999	2092
999	2838
1000	2704
1001	1141
1002	1169
1002	2307
1004	2163
1006	2858
1007	1545
1007	2090
1007	2387
1009	1097
1009	1339
1009	1520
1009	2125
1009	2155
1010	2645
1010	2835
1010	2984
1011	2891
1012	1589
1012	2935
1012	2967
1013	1664
1013	2628
1013	2811
1015	1884
1016	1444
1017	1430
1017	1763
1017	2776
1018	1058
1018	1155
1018	2854
1018	2961
1019	1325
1020	1205
1021	1733
1022	1172
1022	2774
1023	1658
1024	2095
1025	1108
1026	2182
1026	2580
1027	1308
1027	1350
1028	1582
1029	1147
1029	2727
1030	2260
1031	1042
1031	1048
1031	1062
1031	1189
1031	2191
1032	1605
1034	1086
1034	1549
1035	1410
1035	1489
1036	2150
1038	1180
1038	1231
1039	1341
1039	2458
1039	2972
1041	1127
1041	1861
1041	2278
1041	2345
1042	1083
1042	1132
1042	1223
1042	1688
1042	1911
1042	2296
1043	2519
1044	1607
1044	2121
1045	1484
1047	1240
1047	1628
1047	2330
1048	1657
1049	1093
1050	1343
1051	1263
1052	2721
1054	2106
1054	2359
1058	2303
1059	2653
1061	1087
1062	2199
1064	1161
1065	1352
1065	2010
1066	2448
1067	1242
1068	1373
1068	1890
1068	2881
1069	1168
1072	1107
1072	1711
1073	1694
1073	1897
1074	1147
1074	1762
1076	2137
1076	2232
1078	1364
1082	1377
1082	1901
1082	2007
1085	2003
1085	2859
1086	1342
1086	1913
1086	2207
1088	1494
1088	1702
1089	2654
1091	2158
1091	2817
1092	2904
1093	1101
1093	1171
1093	1296
1094	1114
1094	2445
1096	1366
1096	2047
1096	2597
1097	1102
1097	1381
1098	1504
1098	1608
1098	2020
1099	1395
1100	1217
1102	1528
1102	1989
1102	2817
1103	1547
1104	2282
1105	1246
1107	1400
1107	1946
1109	1164
1111	1248
1111	2066
1111	2503
1112	2864
1113	1169
1113	1268
1115	1532
1118	2868
1119	1301
1119	2424
1121	1271
1121	1804
1121	1827
1122	2932
1125	2015
1127	1787
1127	2118
1130	2279
1131	1191
1132	1653
1132	1954
1133	2544
1133	2993
1134	1612
1135	1419
1137	1184
1137	2806
1138	1225
1138	1531
1139	1521
1140	1584
1141	1240
1141	1346
1141	2269
1142	1289
1142	2616
1142	2622
1143	2683
1144	2467
1145	1332
1147	1228
1147	1232
1149	2872
1149	2942
1151	1291
1151	2459
1151	2748
1152	1353
1152	1996
1152	2906
1154	1463
1154	1941
1154	2086
1155	2661
1155	2813
1156	1583
1158	2267
1159	1841
1159	2137
1162	2063
1163	1926
1164	1381
1165	2382
1167	1689
1168	1872
1169	1203
1169	2119
1170	1565
1170	1753
1170	2548
1172	1483
1172	2959
1173	1401
1173	1506
1173	1543
1173	2595
1176	1414
1177	1824
1177	2253
1178	1442
1178	2030
1179	1265
1179	2922
1180	1218
1180	1322
1181	1262
1182	1233
1182	1333
1183	1497
1184	1697
1184	2997
1185	1371
1185	1512
1186	2999
1187	2365
1187	2665
1188	1585
1188	1656
1188	2707
1189	1309
1189	1499
1189	1691
1189	2001
1190	1220
1190	1428
1190	1617
1190	1815
1190	2781
1192	1606
1192	1724
1192	1799
1193	1632
1195	1752
1195	2596
1195	2910
1196	1397
1196	1992
1197	1338
1197	1360
1197	2453
1199	1809
1199	2701
1200	1871
1200	1877
1201	1721
1202	1929
1208	2499
1209	1435
1210	1518
1210	1649
1212	2825
1213	2146
1214	1468
1214	1737
1214	1914
1215	1891
1218	1373
1218	1585
1218	2763
1219	1459
1220	2215
1221	1485
1223	1650
1224	1723
1226	1254
1230	1503
1230	1526
1232	1277
1232	1674
1234	1394
1234	1917
1236	1318
1236	1500
1236	2438
1237	2533
1238	1393
1238	1491
1239	2462
1240	1361
1241	1527
1242	1796
1244	1955
1245	2294
1248	1677
1248	2192
1248	2903
1248	2959
1250	1365
1251	2326
1252	1890
1253	1851
1255	2688
1256	2669
1257	1682
1257	2867
1257	2901
1258	2220
1258	2478
1259	1836
1262	1412
1262	1495
1262	2722
1263	2582
1264	1783
1265	1300
1265	1311
1265	1780
1265	2142
1268	1817
1268	2992
1270	1517
1271	1471
1271	1934
1271	2398
1273	1864
1273	1888
1274	1841
1274	2046
1275	1454
1275	2524
1275	2666
1276	2222
1276	2651
1277	2233
1278	2123
1278	2636
1280	1656
1280	2284
1283	1630
1284	1625
1284	2086
1284	2408
1285	2035
1285	2757
1287	1458
1288	2069
1289	1666
1291	1693
1291	2304
1291	2309
1292	2632
1293	2633
1293	2955
1294	2630
1297	2618
1297	2905
1299	1344
1302	2369
1302	2535
1306	1780
1307	1404
1308	1985
1309	1351
1309	1660
1310	2465
1314	1503
1314	2923
1314	2955
1315	1882
1315	2505
1316	2341
1317	1336
1319	1403
1319	1460
1321	1732
1322	2395
1323	1966
1324	1659
1325	1490
1327	1421
1327	2342
1327	2372
1329	1593
1329	2045
1331	1381
1331	2468
1332	1682
1332	2171
1335	2348
1336	1451
1337	1745
1337	2809
1338	2866
1339	2379
1340	1864
1340	2751
1344	2157
1344	2491
1344	2545
1349	1995
1349	2472
1351	1960
1352	1437
1352	2950
1353	1469
1353	2093
1354	1708
1354	1768
1354	2743
1354	2948
1355	2212
1355	2293
1355	2474
1357	2238
1358	2292
1358	2412
1359	2435
1360	2183
1362	1487
1363	2569
1364	1596
1364	1945
1367	1815
1367	2643
1367	2777
1368	1964
1369	1719
1369	1969
1370	1819
1371	1406
1371	1959
1371	2088
1371	2699
1371	2715
1371	2735
1372	1595
1375	1736
1376	1875
1377	1439
1377	1788
1377	2004
1378	2073
1378	2208
1378	2958
1380	1603
1380	1746
1380	2259
1380	2714
1381	1599
1381	1619
1381	1756
1381	2146
1383	2077
1385	2468
1385	2822
1386	1656
1386	1718
1388	1423
1389	2995
1391	1464
1391	2431
1393	1852
1393	2329
1395	1452
1395	2107
1395	2558
1397	1754
1399	1858
1399	2326
1399	2840
1400	1557
1400	2296
1401	1733
1402	2040
1403	1856
1404	1457
1404	1822
1405	1990
1408	1813
1408	1856
1408	2759
1410	1648
1410	2164
1410	2443
1412	1615
1412	2174
1412	2772
1415	1732
1415	1832
1416	2315
1421	2381
1421	2593
1423	2870
1424	1564
1424	2439
1427	2285
1429	2843
1430	2717
1430	2902
1431	2288
1431	2321
1431	2327
1432	2890
1433	2978
1436	1646
1437	2204
1438	1582
1438	1680
1439	1509
1442	1678
1445	1650
1446	1862
1446	2341
1449	2061
1450	1610
1455	1840
1455	2521
1455	2540
1455	2802
1457	2411
1460	2193
1460	2396
1461	2242
1463	2309
1463	2825
1464	1662
1464	2513
1464	2686
1465	1755
1465	2450
1466	1642
1467	1611
1467	1826
1469	1510
1469	1683
1470	1570
1470	2836
1474	1950
1474	1978
1474	2567
1474	2770
1479	2080
1482	2290
1482	2670
1483	2907
1483	2929
1484	2287
1484	2557
1485	1921
1487	1702
1489	1635
1490	1514
1492	2888
1495	2684
1495	2847
1495	2871
1496	2104
1497	1983
1500	1681
1500	1814
1501	1767
1501	2024
1503	1696
1503	2130
1504	1508
1504	1923
1504	1928
1504	1985
1505	1650
1508	1570
1511	2944
1512	2223
1513	1615
1513	2221
1514	2800
1517	1587
1517	2572
1519	1562
1519	2343
1520	1790
1520	2831
1521	2968
1522	2191
1522	2455
1524	1965
1525	2190
1528	2490
1528	2979
1529	2276
1530	2149
1530	2568
1531	2946
1532	2635
1533	1600
1533	2011
1533	2801
1537	2297
1540	2436
1542	1716
1542	2012
1542	2132
1544	1585
1545	2060
1548	1914
1549	2542
1549	2651
1550	2228
1553	1821
1554	2342
1556	1911
1557	2266
1559	2206
1561	2273
1562	3000
1563	2053
1567	2350
1568	2930
1569	2784
1570	2275
1571	2576
1575	1704
1575	1834
1576	2468
1578	2276
1578	2776
1580	1975
1580	2378
1581	2058
1582	1996
1582	2600
1582	2621
1583	2520
1584	1895
1584	1934
1584	2846
1588	2156
1589	1660
1589	2389
1590	1776
1591	2110
1592	1673
1594	1669
1594	2076
1596	1685
1597	1848
1597	1923
1598	1627
1603	1686
1603	1833
1603	1961
1606	2487
1606	2951
1610	1863
1611	1666
1612	1822
1617	1984
1618	1989
1618	2560
1621	2021
1625	2041
1626	2972
1628	2392
1632	1789
1633	2588
1634	1810
1634	2674
1635	2229
1635	2885
1636	2718
1638	2358
1639	2322
1640	2811
1642	2231
1643	1772
1643	2161
1644	2197
1645	2399
1645	2957
1647	2768
1648	1828
1650	2569
1650	2570
1651	1910
1652	2210
1653	2147
1656	1795
1656	2112
1658	1879
1659	2349
1659	2650
1660	1665
1660	1855
1662	2819
1664	2963
1665	2581
1666	2605
1668	2762
1669	1954
1669	2884
1670	1837
1672	1956
1672	2286
1672	2340
1674	1913
1676	2037
1677	2719
1678	1909
1678	2310
1680	1955
1688	1735
1688	2277
1690	1742
1690	2068
1691	2081
1691	2789
1693	2087
1694	1832
1694	2116
1694	2990
1696	1861
1697	2001
1699	2519
1701	2497
1702	2221
1702	2644
1702	2803
1705	1801
1706	2380
1708	1727
1709	1822
1709	1844
1709	1980
1709	2758
1711	2894
1714	2027
1714	2983
1715	2499
1716	2383
1716	2660
1719	2237
1719	2840
1720	2122
1721	1883
1722	2261
1724	1831
1724	2591
1724	2700
1726	1916
1726	2368
1729	1854
1729	1920
1729	2422
1729	2676
1729	2775
1730	1951
1732	2469
1733	2538
1734	1761
1734	1792
1734	1843
1734	2502
1736	1974
1739	2219
1746	1770
1746	2769
1748	1777
1749	1758
1750	1932
1750	2449
1751	2074
1752	2506
1752	2746
1753	1765
1753	1940
1754	2597
1757	1836
1758	2375
1759	1774
1759	1825
1759	2126
1760	2915
1761	1771
1767	2662
1769	2731
1772	2303
1774	1850
1774	2346
1775	1866
1776	2498
1778	1838
1778	2249
1778	2384
1780	2918
1784	1839
1784	2855
1786	2478
1786	2587
1790	1902
1790	2067
1792	2367
1794	2039
1794	2621
1795	2736
1796	2064
1798	2112
1798	2415
1799	2005
1801	2146
1802	2510
1806	2129
1806	2264
1807	1887
1816	2006
1820	2188
1822	2571
1823	1880
1825	2334
1828	2447
1829	2423
1829	2843
1830	2234
1832	2687
1833	2104
1833	2347
1834	2760
1835	2919
1836	2632
1837	1868
1837	2259
1838	2235
1840	2042
1840	2342
1841	2185
1845	2468
1846	2816
1848	2036
1851	1987
1851	2435
1857	2501
1862	2692
1862	2966
1863	2118
1864	2249
1864	2829
1865	2062
1865	2821
1867	2940
1868	2172
1870	2262
1870	2612
1870	2717
1870	2766
1873	1991
1876	2325
1877	2248
1878	2418
1880	2013
1881	2392
1883	2849
1885	1890
1886	2546
1890	2214
1893	1959
1894	1955
1894	2426
1894	2740
1895	2636
1898	2390
1898	2869
1899	2612
1900	2453
1901	2596
1903	2562
1906	2238
1907	2143
1907	2410
1908	2354
1915	1979
1918	2516
1919	2550
1923	1994
1923	2362
1923	2641
1925	2029
1925	2162
1926	2986
1927	2191
1928	2445
1930	2754
1931	2964
1933	2236
1933	2361
1933	2691
1934	1979
1941	2697
1942	2067
1942	2201
1942	2203
1942	2222
1945	2824
1946	2099
1950	2550
1956	2082
1958	2391
1958	2826
1959	2499
1965	2094
1965	2324
1965	2607
1966	2083
1968	2895
1972	2504
1974	2750
1976	2258
1983	2599
1985	2137
1987	2218
1990	2109
1991	2580
1991	2911
1992	2440
1994	2067
1996	2625
1997	2437
1997	2991
2001	2228
2005	2729
2011	2250
2011	2673
2011	2720
2012	2038
2012	2726
2013	2554
2017	2685
2020	2400
2022	2966
2023	2417
2026	2196
2027	2494
2028	2647
2030	2146
2036	2436
2040	2383
2040	2706
2041	2561
2041	2927
2045	2733
2047	2959
2048	2705
2051	2105
2054	2971
2056	2595
2067	2206
2079	2170
2084	2271
2092	2998
2093	2499
2093	2587
2096	2872
2099	2877
2104	2732
2109	2939
2114	2732
2116	2689
2117	2597
2123	2609
2124	2917
2124	2928
2125	2795
2127	2642
2129	2470
2131	2154
2131	2295
2133	2996
2134	2240
2135	2589
2140	2333
2146	2448
2154	2882
2154	2971
2157	2416
2159	2940
2168	2537
2173	2323
2174	2175
2181	2821
2186	2925
2192	2507
2192	2599
2195	2290
2198	2782
2199	2709
2200	2452
2205	2606
2207	2350
2207	2831
2210	3000
2211	2224
2211	2914
2213	2783
2215	2818
2222	2290
2222	2531
2222	2761
2225	2952
2226	2702
2228	2263
2228	2316
2230	2802
2233	2363
2233	2462
2234	2698
2234	2965
2235	2940
2237	2581
2238	2441
2239	2275
2240	2752
2241	2775
2244	2683
2244	2785
2247	2496
2250	2360
2251	2680
2253	2446
2253	2807
2254	2529
2257	2302
2258	2413
2263	2426
2263	2960
2267	2406
2269	2634
2272	2516
2272	2608
2273	2747
2278	2610
2278	2832
2286	2590
2290	2565
2291	2678
2294	2640
2296	2628
2297	2854
2308	2313
2309	2743
2314	2791
2315	2751
2320	2812
2329	2532
2330	2578
2334	2603
2345	2971
2346	2900
2347	2385
2348	2629
2350	2606
2351	2767
2352	2708
2360	2407
2363	2477
2364	2433
2376	2631
2382	2845
2384	2820
2385	2847
2388	2781
2389	2887
2390	2598
2391	2936
2400	2937
2402	2489
2402	2754
2407	2523
2411	2780
2421	2536
2422	2695
2427	2703
2428	2730
2430	2652
2437	2862
2441	2612
2444	2461
2455	2585
2459	2682
2459	2886
2463	2677
2465	2815
2468	2554
2468	2601
2475	2555
2476	2616
2481	2942
2484	2771
2485	2663
2487	2512
2491	2682
2498	2966
2501	2541
2506	2906
2507	2514
2508	2615
2516	2626
2517	2865
2518	2595
2519	2732
2520	2595
2536	2690
2550	2595
2557	2889
2562	2672
2565	2712
2567	2792
2567	2892
2574	2817
2574	2853
2580	2766
2583	2794
2587	2734
2587	2810
2587	2974
2595	2764
2597	2913
2599	2798
2612	2790
2615	2710
2631	2789
2640	2740
2647	2790
2653	2805
2654	2776
2668	2674
2668	2995
2678	2947
2680	2762
2690	2864
2724	2980
2726	2788
2729	2785
2731	2835
2732	2783
2742	2776
2744	2897
2754	2799
2804	2857
2817	2929
2847	2924
2850	2856
2866	2938
2887	2995
2889	2903
2896	2956
2901	2989
2935	2985
2941	2958
