1	2
1	3
1	4
1	5
1	6
1	7
1	8
1	9
1	17
1	18
1	38
1	66
1	75
1	82
1	91
1	101
1	105
1	108
1	288
1	334
1	340
1	429
1	500
1	568
1	614
1	706
1	777
1	1095
1	1136
1	1202
1	1583
1	1758
2	3
2	4
2	5
2	6
2	7
2	8
2	9
2	31
2	76
2	81
2	134
2	183
2	192
2	256
2	258
2	371
2	518
2	604
2	866
2	1096
2	1190
2	1192
2	1515
2	1532
2	1650
2	1879
2	2110
2	2728
3	4
3	5
3	6
3	7
3	8
3	9
3	17
3	35
3	42
3	50
3	61
3	71
3	73
3	83
3	98
3	103
3	141
3	256
3	272
3	317
3	357
3	374
3	438
3	470
3	529
3	587
3	923
3	1026
3	1259
3	1712
3	1721
3	1745
3	1999
3	2328
3	2827
3	3396
4	5
4	6
4	7
4	8
4	9
4	10
4	26
4	27
4	30
4	64
4	75
4	90
4	92
4	99
4	100
4	126
4	159
4	165
4	214
4	217
4	369
4	626
4	653
4	712
4	779
4	1068
4	1322
4	1336
4	1466
4	1639
4	1882
4	2011
4	2959
4	3404
4	3480
5	6
5	7
5	8
5	9
5	12
5	15
5	88
5	94
5	99
5	118
5	161
5	165
5	197
5	200
5	275
5	300
5	359
5	399
5	461
5	601
5	670
5	676
5	928
5	1008
5	1088
5	1099
5	1319
5	1407
5	1486
5	1989
5	2162
6	7
6	8
6	9
6	16
6	21
6	22
6	23
6	25
6	44
6	110
6	123
6	145
6	170
6	227
6	394
6	396
6	616
6	793
6	1004
6	1072
6	1521
6	1921
6	2247
6	3305
6	3416
7	8
7	9
7	11
7	21
7	23
7	36
7	55
7	82
7	85
7	115
7	174
7	246
7	272
7	567
7	601
7	761
7	1011
7	1497
7	1603
7	1796
7	1859
7	2610
7	2704
8	9
8	43
8	66
8	75
8	137
8	197
8	223
8	258
8	284
8	336
8	430
8	596
8	716
8	781
8	782
8	1256
8	1538
8	1588
8	1698
8	2857
8	2915
9	14
9	29
9	61
9	65
9	70
9	90
9	99
9	102
9	117
9	134
9	159
9	190
9	209
9	258
9	286
9	307
9	326
9	353
9	367
9	438
9	594
9	1604
9	2900
9	3335
10	33
10	49
10	50
10	79
10	93
10	147
10	440
10	2666
11	13
11	19
11	32
11	1359
12	34
12	37
12	53
12	102
12	355
12	1077
13	17
13	20
13	23
13	387
13	1894
13	2172
14	54
14	178
14	224
14	389
14	708
14	1377
15	39
15	77
15	220
15	270
16	63
16	100
16	101
16	778
16	1658
16	1893
17	42
17	88
17	214
17	219
17	223
17	452
17	517
17	585
17	636
17	736
17	792
17	872
17	3028
18	28
18	46
18	69
18	314
18	336
18	1225
18	2333
19	569
20	52
21	24
21	113
21	273
21	298
21	485
21	970
21	1393
21	1882
21	2059
22	97
22	154
22	411
22	1178
23	26
23	30
23	52
23	55
23	61
23	80
23	98
23	132
23	133
23	420
23	696
23	1999
23	2015
23	2220
23	2226
23	2670
23	3378
23	3448
24	182
24	1010
25	107
25	321
25	508
25	1114
25	1579
25	1772
25	2945
26	67
26	138
26	394
26	1065
26	1096
26	2230
27	185
27	378
27	594
27	801
27	841
27	1098
27	1774
28	31
28	62
28	279
28	304
28	1068
29	60
29	252
29	584
29	1522
29	2194
30	45
30	190
30	516
31	81
31	580
31	909
31	953
31	2229
32	134
32	373
32	481
32	882
32	1043
33	48
33	179
33	340
33	615
33	3460
34	74
34	144
34	432
34	1370
34	1591
34	1940
34	2736
34	2839
35	243
35	324
35	380
35	422
35	1126
35	1458
35	1718
35	1887
35	2506
35	2986
36	41
36	176
36	2107
36	2390
37	51
37	56
37	80
37	234
37	262
37	2328
38	40
38	80
38	106
38	111
38	1596
39	220
39	495
40	59
40	290
40	381
40	742
40	1992
40	2007
40	3251
41	85
41	270
41	3017
42	55
42	125
42	167
42	171
42	172
42	245
42	346
42	1940
43	152
43	250
43	316
43	386
44	173
44	280
44	493
44	780
44	1031
45	329
46	47
46	58
46	85
46	101
46	102
46	156
46	832
46	2539
47	1416
48	63
48	159
48	194
48	892
48	2861
48	3065
49	175
49	670
49	2905
49	3478
50	98
50	140
50	157
50	268
50	325
50	397
51	57
51	103
51	119
51	217
51	298
51	1099
51	1222
51	2215
52	103
52	380
52	1939
52	1970
53	499
53	1474
53	2961
53	3082
54	72
54	283
54	438
54	446
54	699
54	1323
54	3004
55	71
55	111
55	132
55	245
55	365
55	1222
55	1741
55	1915
55	2005
55	2300
56	96
56	709
57	206
57	1215
57	1280
57	2843
58	86
58	181
58	497
58	867
58	1700
60	253
60	407
60	1672
60	2019
60	2709
61	432
61	692
61	870
61	1606
61	2209
62	427
62	690
63	68
63	149
63	430
63	453
63	1353
63	1958
63	2471
63	3457
64	337
64	350
64	3267
65	225
65	385
65	1710
65	2750
66	75
66	147
66	160
66	1173
66	1284
66	1597
66	2882
67	180
67	286
67	292
67	313
67	432
67	1378
67	2089
67	2389
67	2470
67	3102
68	166
68	337
68	372
68	719
68	785
68	1662
68	1859
68	2006
69	130
69	177
69	358
69	1571
69	2419
69	3436
70	306
70	525
70	1049
70	1215
70	1412
71	311
71	546
71	940
71	1004
71	1046
71	1976
72	151
72	186
72	643
72	888
73	146
73	232
73	383
73	618
73	1601
73	1838
75	87
75	154
75	225
75	398
75	1041
75	1767
75	3109
76	78
76	115
76	220
76	247
76	500
76	1315
76	1406
77	84
77	235
77	240
77	255
77	300
77	1327
77	3078
78	183
78	214
78	613
79	225
79	433
79	3426
80	167
80	184
80	267
80	273
80	812
80	947
80	1097
80	1229
80	2620
80	2995
80	3094
80	3448
81	135
81	205
81	348
81	398
81	657
81	668
81	1265
81	2207
81	2424
82	89
82	101
82	127
82	195
82	207
82	1831
82	2636
83	95
83	121
83	1684
83	2652
84	435
84	999
84	1195
85	221
85	337
85	1093
85	1276
85	2346
85	2980
86	120
86	142
86	230
86	402
86	1279
86	1417
86	2859
87	188
87	213
87	264
87	3005
88	101
88	180
88	211
88	237
88	585
88	1437
88	3155
89	761
89	838
89	952
89	1733
90	515
90	600
90	645
90	1143
90	1215
90	2090
90	3033
91	259
91	454
91	466
91	1823
91	2013
91	2319
91	2350
92	109
92	114
92	171
92	937
92	1813
92	2420
92	2723
93	658
93	710
93	950
93	974
94	123
94	486
95	104
95	201
95	643
96	484
96	593
96	1828
96	2115
97	320
97	678
97	935
97	1201
97	1478
98	256
98	371
98	984
98	1015
98	1038
98	2823
99	276
99	398
99	526
99	1138
99	1270
100	112
100	122
100	148
100	247
100	294
100	1145
100	1657
100	2778
101	154
101	180
101	281
101	296
101	348
101	414
101	656
101	787
101	817
101	1110
101	1622
101	1831
101	1901
101	2214
101	3179
102	124
102	364
102	518
102	582
102	982
102	3080
103	116
103	359
103	408
103	622
103	757
103	1019
104	1025
104	2199
105	114
105	231
105	387
105	392
105	2448
106	114
106	361
107	120
107	199
107	301
107	421
107	687
107	2551
108	191
108	351
108	934
108	1133
108	3247
109	136
109	189
109	406
109	518
109	1365
109	2809
110	164
110	325
110	374
110	901
110	1927
110	3011
111	1313
111	1675
111	2490
111	2565
112	163
112	282
112	496
112	609
112	2388
112	3189
113	129
113	139
113	299
114	330
114	964
114	1031
114	1752
114	2378
114	3107
115	209
115	210
115	474
115	1629
115	2065
115	2642
116	150
116	190
116	308
116	884
116	2190
117	297
117	1888
117	2769
117	3230
118	390
118	514
118	2311
119	368
119	519
119	1891
119	2106
119	3340
120	241
120	666
120	783
121	128
121	686
121	776
121	1040
121	3338
122	131
122	1611
123	198
123	259
123	519
123	546
123	723
123	754
123	3002
124	697
124	2597
125	153
125	158
125	309
126	178
126	183
126	1085
126	2736
127	348
127	490
127	1295
127	1473
127	1578
127	2189
127	2416
128	195
128	297
128	332
128	357
128	512
128	3403
129	1634
130	176
130	248
130	583
130	1541
131	521
131	2997
131	3068
132	174
132	239
132	266
132	441
132	2232
132	2930
132	3098
133	218
133	554
133	631
134	367
134	393
134	434
134	447
134	918
134	2051
134	3177
136	1025
136	2136
136	2896
137	423
137	647
137	915
138	428
139	215
139	1364
139	1574
139	1863
139	2438
139	2812
139	3101
140	333
140	537
140	557
140	1283
140	2200
140	2566
141	169
141	641
141	738
141	1550
141	2758
142	143
142	336
142	552
142	957
142	1533
142	2453
143	607
143	795
143	1452
143	2017
143	2719
144	2246
144	2578
145	212
145	339
145	1291
145	2996
146	1269
146	2336
147	168
147	257
147	516
147	620
147	637
147	1491
148	539
149	869
150	155
150	245
150	247
150	313
150	1636
150	1977
151	162
151	171
151	203
151	208
151	444
151	598
151	2499
151	2938
151	3439
152	187
152	515
152	3471
153	173
153	204
153	302
153	335
153	475
153	2318
153	2556
154	171
154	209
154	244
154	250
154	259
154	328
154	395
154	430
154	1352
154	1576
154	2227
154	2653
156	329
156	566
156	1176
156	1227
157	256
157	2449
158	1089
158	2261
160	794
160	900
160	1414
161	196
161	599
161	987
161	1664
161	1767
161	2341
162	970
162	2439
162	2650
162	2697
163	274
163	570
163	1208
163	2394
164	451
164	464
164	914
164	2678
164	2759
165	817
165	1023
165	1221
165	2511
166	1433
166	1562
167	202
167	421
167	527
167	973
167	1142
167	1489
167	2872
167	3085
168	249
168	531
168	3098
168	3405
169	236
169	331
169	2908
169	3219
169	3306
170	380
170	410
170	3035
171	192
171	193
171	630
171	885
171	889
171	1290
171	2103
172	216
172	524
172	908
173	612
174	542
174	1196
174	1214
174	2425
174	3217
175	257
175	625
175	2314
175	2847
175	2990
176	325
176	369
176	460
176	779
176	1207
176	1779
176	1788
176	2907
176	3341
178	228
178	242
178	277
178	1275
178	1853
179	200
179	2836
180	291
180	753
180	1246
180	1316
180	1916
180	2650
180	3249
181	284
181	331
181	487
181	1189
181	2179
182	226
182	602
182	980
182	1213
182	2881
182	3454
183	190
183	200
183	341
183	409
183	655
183	1012
183	1753
183	2695
185	251
185	254
185	388
185	437
185	2305
186	501
186	1462
186	1515
186	2048
187	929
187	1035
187	1516
187	3169
188	368
188	1444
188	2643
189	233
189	1091
189	1955
189	1994
190	248
190	253
190	460
190	1155
190	1252
190	1739
190	1855
190	2276
191	276
191	309
192	606
192	1754
192	3092
193	333
193	1487
193	2052
194	3158
195	200
195	260
195	1119
196	318
196	420
196	498
196	811
196	2988
197	440
197	959
197	1117
197	3447
199	897
199	972
199	1696
200	253
200	366
200	548
200	590
200	694
200	826
200	849
200	2533
201	229
201	775
201	1044
202	271
203	655
203	672
204	322
204	396
204	410
204	696
204	774
204	1124
204	2844
205	2237
206	293
206	1521
206	2869
207	479
207	1228
208	2479
208	3184
210	442
210	527
211	862
211	1537
211	1540
211	1707
211	2289
211	2364
212	238
212	910
212	1481
212	3375
213	597
213	766
213	1604
213	1724
214	269
214	704
214	800
214	983
214	1138
214	1170
214	2235
214	3330
215	786
215	1305
215	1602
216	1125
216	1884
216	3352
217	222
217	352
217	356
217	640
217	1054
217	1864
218	1648
218	2591
219	700
219	795
219	1437
219	1483
219	1663
220	265
220	395
220	413
220	610
220	965
220	2332
220	2693
221	492
221	1575
221	3184
222	1804
222	1874
222	2402
222	2682
223	574
223	751
223	877
223	940
223	1262
224	338
224	1531
224	1786
224	2596
224	3333
225	290
225	459
225	1544
225	2114
225	2158
225	3130
226	278
226	287
226	1042
227	313
227	716
227	874
227	1136
227	2700
227	3466
228	285
228	1286
228	2317
229	533
229	705
229	810
229	2363
229	2903
230	261
230	875
231	370
231	471
231	821
231	2628
232	1546
233	309
233	455
233	575
233	652
234	315
234	371
234	477
234	1991
235	1231
235	1860
235	2029
236	887
236	1501
237	329
237	683
238	457
238	847
238	949
239	376
239	802
239	2867
240	295
240	2387
241	679
241	735
241	941
241	1517
241	2184
242	669
242	966
243	1141
243	2787
244	746
244	755
245	722
245	798
245	991
245	1039
245	1629
245	1796
245	1953
245	2347
245	2478
245	3117
246	301
246	513
246	839
246	2600
247	520
247	533
247	649
247	1342
248	363
248	864
248	1470
248	2160
248	2482
249	343
250	680
250	721
251	1150
252	319
252	327
252	1869
252	2402
253	273
253	317
253	461
253	1055
253	2099
253	2360
254	303
254	534
254	559
254	1310
254	2151
255	382
255	1063
255	1430
255	1908
256	765
256	1068
256	1300
256	2321
256	3303
258	269
258	367
258	403
258	1309
259	766
259	1169
259	2187
259	3187
260	310
260	469
260	723
260	3222
261	263
261	1278
261	1953
262	629
262	979
262	3466
262	3483
263	415
263	750
263	1310
264	416
264	443
264	574
264	891
264	1179
264	1589
265	3227
266	1180
266	1297
266	1534
266	2305
267	289
267	731
267	1201
267	1360
268	401
268	734
268	977
268	1104
268	1320
268	1435
268	2054
268	2549
269	342
269	550
269	643
269	1294
269	1440
269	1645
269	2732
269	3152
269	3475
270	358
270	507
270	556
270	2073
270	2472
271	284
271	323
271	985
271	1123
271	2885
272	290
272	469
272	614
272	1379
272	2060
273	362
273	797
273	891
273	1289
273	1388
273	2021
274	499
274	1510
274	1570
275	311
275	418
275	1362
275	1737
275	3276
276	385
276	1671
276	1888
277	726
277	938
277	1212
277	1495
277	2615
278	364
278	1298
279	305
279	841
279	1464
279	1792
280	462
280	828
281	326
281	384
281	827
281	993
281	3104
282	714
282	2469
283	704
283	1938
283	2372
284	399
284	1269
284	2927
284	3332
286	1261
286	1920
286	1943
286	2016
286	3411
287	1301
288	312
288	2308
288	2832
289	360
289	425
289	1124
289	1427
290	315
290	375
290	421
290	684
290	962
290	1319
290	1701
290	1781
290	3175
291	424
291	553
291	876
291	1569
291	2855
292	1069
292	2916
293	579
293	1331
293	2856
294	665
294	1998
295	822
295	2586
296	981
296	1563
297	596
297	762
297	1034
297	2584
298	344
298	648
299	412
299	1485
300	381
300	419
300	740
300	1037
300	1355
300	2116
300	2175
301	330
301	1188
301	3389
302	491
302	954
302	1334
302	2522
302	3135
303	1240
304	1029
304	1593
304	2423
305	945
305	1390
305	1532
306	480
306	667
306	990
306	1131
307	345
307	1874
308	835
308	1059
308	1795
308	3450
309	388
309	520
309	608
309	2462
310	725
310	759
310	822
311	844
311	1207
311	1429
311	1820
311	2250
311	3133
312	469
313	476
313	495
313	643
313	1169
313	1413
313	1420
313	1953
314	468
314	574
314	704
314	2714
315	530
315	962
315	2817
316	482
316	1080
316	1502
316	1533
317	497
317	2116
317	2343
319	404
319	445
319	717
320	463
320	497
320	1288
320	2037
321	705
321	715
322	848
322	865
323	611
323	820
323	833
323	1494
325	334
325	405
325	420
325	802
325	1073
325	1322
325	2391
325	3116
326	469
326	1537
327	662
327	1268
328	362
328	3333
329	502
329	591
329	1367
329	1544
330	347
330	1521
330	1928
331	377
331	543
331	1353
331	1569
331	2279
331	2485
332	391
332	1259
332	2933
333	1367
333	1692
333	2258
334	448
334	752
334	2688
335	1274
335	1317
335	1732
336	472
336	499
336	1148
336	2345
337	348
337	416
337	436
337	707
337	716
337	783
337	942
337	1431
337	2263
338	349
338	685
338	2564
338	3441
339	2097
339	2281
340	625
340	3258
341	2650
342	413
343	544
343	852
343	1350
343	2100
344	594
344	1131
344	1203
344	2557
345	383
346	354
346	995
346	3160
348	374
348	506
348	1094
348	2102
348	3341
349	960
349	1438
350	400
351	541
352	456
353	379
353	449
353	522
353	663
353	1191
353	2130
354	549
354	916
354	1026
354	1288
354	2457
355	1696
356	431
356	458
356	996
356	1975
357	472
357	532
357	680
357	792
357	1168
358	486
358	797
358	3125
360	584
360	587
360	1121
361	962
361	1249
361	1454
361	3372
362	535
362	592
362	853
362	1152
362	1724
362	2481
362	3464
363	997
363	1108
364	436
364	509
364	3077
365	1221
366	666
366	800
366	1878
366	2009
366	2445
366	3488
367	383
367	733
367	770
367	826
367	1059
368	2383
368	2613
369	1125
369	2593
369	2738
370	465
370	3373
371	838
371	1387
371	1759
371	2580
371	3428
372	592
372	1144
372	1281
373	464
373	711
373	1137
374	693
374	933
374	1368
374	1386
374	1413
374	1928
374	2558
374	3099
375	1932
376	1211
376	1756
377	848
377	2969
378	3143
380	1052
380	2166
380	2326
380	3381
381	805
381	2303
383	582
383	957
383	1385
383	1570
383	3379
384	438
384	538
384	741
384	1140
385	405
385	3164
387	901
387	1344
387	1369
388	625
388	2646
388	3209
389	691
389	737
389	1024
389	1236
390	1761
390	1948
391	686
392	638
392	1783
393	671
393	688
393	703
394	2286
394	2548
395	768
395	3092
396	540
396	542
396	1025
396	2545
397	467
397	633
397	936
397	993
397	1549
397	1557
397	2626
398	511
398	704
398	861
398	1337
398	1557
399	898
399	1165
399	1511
399	2028
399	2814
399	3124
400	693
400	1505
401	417
402	911
403	1901
403	2909
405	781
405	1588
406	1001
407	749
407	1134
408	495
408	710
408	1224
408	1469
408	1547
409	616
409	652
409	875
409	3490
410	798
410	2053
411	494
411	944
411	2287
411	2393
412	863
412	1410
412	1919
412	3318
413	1241
414	535
414	571
414	1947
414	2379
414	2712
415	439
415	681
415	730
415	790
415	2053
415	2092
416	1100
416	1246
416	1325
416	1779
417	756
417	881
417	1016
417	1576
418	426
418	664
418	823
419	1349
419	2221
419	3027
420	878
420	1186
420	1363
421	466
421	698
421	1699
421	2139
421	2524
421	3475
422	478
422	695
422	960
422	1666
422	2087
422	2806
423	551
423	2503
424	450
425	724
425	1890
425	2042
426	807
427	606
427	644
428	1394
428	2408
429	2887
430	675
430	2633
430	3460
431	1371
431	2066
432	809
432	1457
432	3019
433	2718
434	617
434	661
435	2071
435	3316
437	1076
437	2236
438	459
438	1003
438	1050
438	1223
438	1271
438	1380
438	1706
438	2580
438	3049
439	946
439	1951
440	444
440	488
440	489
440	544
440	645
440	3019
441	1823
441	2833
442	533
442	1551
442	2436
443	893
443	1456
443	2326
444	603
444	915
444	1823
444	2064
444	3157
445	1020
446	523
446	713
446	1449
446	1620
446	1798
446	2119
447	771
448	528
449	912
449	1488
449	2067
449	2717
450	505
450	840
450	2305
450	2313
451	1098
451	1207
451	1814
451	3456
452	3210
453	2310
454	567
454	1898
455	634
455	1193
456	758
456	1651
456	1797
458	1427
458	2068
458	3093
459	859
459	2081
459	2320
460	497
460	738
460	760
460	761
460	1147
461	538
461	759
461	1061
461	1766
462	504
462	720
463	772
464	503
466	863
466	1499
466	2122
466	2405
466	2406
467	488
467	1087
467	3072
468	483
469	473
469	563
469	662
469	883
469	1223
469	1239
469	1425
470	1220
470	1997
470	2514
471	600
471	796
471	1686
471	2559
472	568
472	933
473	561
473	1725
473	2010
473	2361
474	545
474	666
476	570
476	673
476	770
476	925
476	1301
477	587
477	948
477	1336
477	1468
477	2650
478	558
478	619
478	1022
478	1027
479	1096
479	2245
481	1400
482	2492
483	806
483	1498
484	988
484	1436
484	2782
485	871
485	1673
485	1736
486	504
486	595
486	639
486	1014
486	1112
486	2692
487	627
487	745
487	2735
487	3323
487	3454
487	3459
488	727
489	510
489	1082
490	1074
490	1077
490	3237
493	605
494	564
494	589
494	651
494	831
494	963
494	1073
495	1032
495	1115
495	1580
495	3199
495	3460
496	1983
496	3353
497	1184
497	3269
498	587
498	1083
498	1445
499	2342
500	944
500	1182
501	3142
503	563
503	799
503	886
503	1399
503	1751
504	562
504	1588
505	1152
506	573
506	3232
508	565
508	819
508	993
508	1860
508	2217
508	2293
509	1161
510	576
510	783
510	1202
511	693
514	632
515	536
515	2301
516	873
516	916
516	979
516	1046
516	1283
516	2943
517	998
518	560
518	646
518	989
518	1259
518	1734
518	2094
518	2914
519	3031
520	803
520	864
520	3384
521	1170
522	693
522	1192
523	1058
523	1153
523	1530
524	744
524	1021
524	1181
525	710
525	762
525	1232
525	1840
526	705
526	1264
526	2082
526	2607
527	568
527	682
527	1130
527	1157
527	1361
527	1664
527	1717
527	1789
527	1837
527	2270
527	2738
528	2122
529	1928
529	3022
530	676
530	1067
531	1070
531	2339
532	547
532	621
532	642
532	921
532	975
533	555
533	1419
533	1495
533	3076
533	3235
533	3272
535	919
535	1603
536	824
536	1086
536	1288
536	2560
537	584
537	689
537	1083
537	1546
537	2801
537	2862
537	2960
538	1503
538	2298
538	2525
538	2846
540	635
540	1484
540	1835
541	623
541	1669
542	558
542	693
542	1939
543	702
544	674
544	816
544	2984
544	3141
545	578
545	762
545	789
545	1146
545	1647
546	586
546	1044
546	1677
546	1887
546	3108
547	2733
548	1618
548	2925
550	1784
550	2737
551	666
551	1027
551	1149
552	1036
552	1520
553	594
553	1872
555	815
556	1175
556	3091
557	956
557	2146
557	2762
558	1243
558	2440
559	2636
560	581
560	1565
561	750
561	1492
561	2970
562	1442
563	1017
563	1171
563	1397
563	1644
564	1254
564	1616
564	1857
564	3182
565	572
565	577
566	1713
567	682
567	1543
567	2120
568	1059
568	1496
568	2284
569	1116
569	1527
570	846
570	1615
570	1936
570	2022
571	654
571	1159
571	1504
571	2670
571	3208
572	650
572	1296
572	2418
573	628
573	691
573	1501
574	614
574	757
574	1446
574	2575
574	3487
575	1674
575	2030
576	860
576	2018
576	2771
577	621
577	1016
577	2437
578	1388
579	729
580	622
580	879
580	1169
580	3481
581	588
581	791
583	2157
583	2323
585	773
585	1475
585	2647
585	3280
586	1147
586	2530
586	2627
587	599
587	1447
588	628
588	1166
589	1619
591	1197
592	1683
592	2814
593	1827
594	660
594	1077
594	1373
594	2291
595	899
595	2550
596	1129
597	896
597	1418
598	718
598	1244
598	1562
599	1238
600	774
600	1629
600	2876
601	1199
601	1704
601	2365
602	748
602	1018
603	1609
603	1844
603	2400
603	2919
604	666
604	2277
605	659
605	1028
605	2056
608	1325
608	2777
609	743
609	788
609	1068
609	1396
610	1594
610	1928
611	3111
612	1322
612	2964
613	868
613	955
613	2106
614	2439
614	2570
614	3059
615	840
615	1097
615	2379
616	769
616	1294
616	1934
616	2383
616	2541
616	2617
617	2047
619	624
619	804
619	903
619	924
619	1263
619	2516
619	3156
619	3379
619	3435
620	747
620	1005
620	2019
621	1283
621	1751
622	677
622	1187
622	2094
622	2667
622	2767
623	761
623	1398
623	3413
624	1513
625	1056
625	1775
625	1961
626	1105
626	1952
627	2024
628	1015
629	739
629	1007
629	1907
631	764
631	800
631	1819
631	2803
631	3461
632	1768
632	2101
633	1348
633	3217
634	767
637	649
637	807
638	1625
639	1109
639	2754
640	1868
640	2075
641	1064
641	1642
641	2141
641	2575
641	3200
643	759
643	776
643	780
643	1512
643	2339
644	1993
645	728
645	1062
645	1599
645	2452
645	3225
646	830
646	2295
648	791
648	2251
648	2639
648	2935
650	951
651	894
652	1877
652	3043
652	3414
653	866
653	1575
654	808
654	2295
655	813
655	866
655	2600
655	3115
656	1508
657	1971
657	2061
658	1201
658	2074
659	1573
659	3076
660	1699
660	2776
660	3014
661	1066
661	1870
662	917
662	1477
662	3284
663	3355
665	2742
665	2828
666	784
666	954
666	1135
666	1354
666	1424
666	2075
666	2239
668	907
669	1341
669	1594
669	2299
670	1045
670	1625
670	1801
670	2407
670	3066
671	701
671	1918
673	1459
674	943
674	961
674	1942
676	957
676	1880
676	2496
679	1529
679	1777
680	773
680	1101
680	2495
680	2502
681	1467
682	805
682	898
683	850
685	732
685	3492
686	845
686	969
686	2259
686	2929
686	3392
687	1693
687	2097
687	2234
688	1405
689	2077
691	2280
691	3394
692	1252
692	2083
692	2126
693	989
693	1054
693	1595
693	2053
694	822
694	1887
695	1075
697	1147
697	1514
697	3332
700	1040
700	1193
701	895
701	2142
702	818
702	837
702	2149
703	952
703	1304
703	1950
704	1375
704	1928
705	814
705	1875
706	2266
707	1060
707	1300
707	2109
709	1631
710	978
710	1044
710	1100
710	1771
710	2514
710	2890
711	845
711	1106
711	1799
711	1899
711	3203
713	763
713	784
713	1370
713	2095
714	1363
714	3018
715	2027
716	926
716	1354
716	1391
716	1613
716	2259
717	1403
718	3425
719	1551
719	2029
720	1048
720	1382
721	1235
721	1697
721	1865
721	2309
722	1330
722	1685
722	1782
723	1728
723	3164
723	3251
724	729
725	1962
729	1230
729	2710
730	1577
732	2560
733	1340
733	1351
733	1802
734	1033
735	1896
735	2117
735	2283
736	834
736	1856
736	2528
737	1241
738	1063
739	829
739	890
739	3348
740	906
740	922
741	1832
741	1944
741	1946
742	2940
742	2965
744	1243
744	1309
745	2133
746	1849
747	1008
747	1192
747	2003
747	3056
749	2851
750	1617
750	3218
750	3438
751	1132
752	1172
753	1318
753	1852
753	2972
753	3361
754	2897
755	2427
755	3248
756	904
756	986
757	1160
757	1290
757	1441
757	1821
758	1118
759	915
759	1193
759	1657
759	1856
760	1835
760	2767
761	1776
761	2252
761	3395
762	803
762	805
762	1319
762	1754
762	2773
763	1247
763	1455
763	1781
763	3445
764	1407
764	2021
764	2034
764	2578
764	2863
765	1824
765	2125
765	2473
766	1053
766	1290
766	1856
766	3181
767	1374
767	2138
767	2188
768	1743
768	2037
769	991
770	913
770	3050
771	2540
773	1243
773	1480
773	1830
773	3254
775	2577
776	1879
778	2664
779	825
779	2879
779	3108
780	943
780	1034
782	1982
782	2640
783	1450
783	1545
783	2075
783	2898
783	3062
783	3159
784	842
784	2275
785	1352
785	1922
785	2392
785	3067
785	3151
786	1027
786	3265
787	1333
787	2913
787	3211
788	1347
789	1253
789	2790
790	939
790	994
790	2032
790	2368
790	2369
790	3041
790	3345
791	920
791	1196
791	1478
791	2926
792	890
792	1057
792	1092
792	1174
792	1889
793	1259
794	1079
794	1332
794	1641
794	2358
795	1521
795	2023
795	2589
796	1328
796	1599
796	2877
797	1323
797	3327
798	856
798	2920
798	3034
799	836
800	843
800	1078
800	1226
800	2376
800	2434
801	1102
802	3403
803	1006
803	1774
803	2181
803	2954
804	3477
805	1177
805	3071
805	3267
807	1426
807	1584
808	1107
810	1288
810	2950
810	3088
811	1064
812	2816
813	851
814	1306
814	2004
815	1217
815	1479
815	2203
816	3193
817	1478
817	1615
817	1720
818	2480
818	2600
818	2932
819	967
819	1336
819	2134
820	902
820	958
820	1607
821	1551
822	1051
822	1299
822	1823
822	3476
823	1774
823	2353
823	3223
824	1472
825	2379
826	1664
826	2040
827	1033
829	1030
830	1100
830	2132
831	857
832	1308
833	854
833	1249
833	1542
836	855
836	1307
836	1314
838	880
838	1198
839	858
839	1245
839	1277
840	1335
840	1521
841	2248
842	1287
842	1495
842	1817
842	2476
842	2484
844	1637
844	2257
845	1757
846	1602
846	1930
846	1945
847	858
847	972
847	2554
848	2215
848	2912
851	1492
851	3146
852	1056
852	3486
854	1437
854	2248
855	1600
855	2741
856	1111
856	2910
857	1221
859	1415
859	2329
860	1443
861	1882
861	3255
862	930
862	1762
862	2135
864	1194
864	1288
865	867
865	952
865	1158
865	1966
866	918
866	1122
866	1707
866	1834
866	2267
866	2430
866	2818
866	3366
867	1087
867	1355
867	1493
867	2041
868	1978
868	2287
868	3157
869	905
869	1434
869	2085
870	2182
870	2396
870	2966
871	1335
872	1731
873	1312
874	1128
875	1696
876	2053
877	3174
878	1653
879	1656
879	2111
879	2619
880	2915
881	2792
883	1127
884	932
886	1218
886	1829
886	1985
887	968
887	1285
888	1103
888	1223
888	3415
888	3476
889	1822
890	2587
891	1090
891	2772
893	1837
893	3423
894	1708
894	2902
895	1193
895	1573
895	1615
896	1344
896	2353
896	2379
898	2616
899	1372
899	1523
900	2892
901	1788
901	2002
901	2187
901	2260
903	976
903	1210
903	2192
904	2765
905	992
905	2637
906	1903
907	1047
907	3149
908	1326
908	3123
909	1152
909	3228
911	3270
912	1071
913	931
913	1084
914	1234
914	2721
915	1247
915	1519
915	1749
915	1839
915	2136
915	2675
915	2958
915	3223
915	3472
916	2002
917	1058
917	1346
917	1981
917	2576
918	1097
918	1215
918	3242
920	927
920	1259
920	2690
921	1647
921	1740
922	1291
922	1532
923	1392
924	1750
924	3315
925	1876
926	1954
927	1002
928	1216
931	1028
931	3313
932	1130
933	1035
933	1552
933	3500
934	3228
935	1293
936	1218
937	1524
937	1541
937	1729
937	2514
938	1379
938	2096
940	1062
940	1714
940	2225
942	1560
942	1904
942	2113
943	1081
944	1521
944	2703
945	1566
945	2813
948	2991
949	1162
949	1292
949	2744
950	1640
951	2224
952	2288
952	2918
952	3190
953	1204
954	3411
957	1114
957	1327
957	1689
957	1730
957	1825
957	2998
957	3054
958	1219
958	1260
958	1785
958	2533
959	2775
959	2917
960	1151
960	1319
960	2065
960	2815
961	1267
962	1000
962	1163
962	1272
962	1528
962	1883
964	2855
965	1113
967	1007
968	1791
968	2097
970	971
970	1343
970	1588
970	3451
971	1266
972	1032
972	2720
973	1139
973	1711
973	3103
975	1463
976	1302
979	2306
979	2590
981	1331
983	1009
983	1141
984	1209
984	1242
984	1582
986	1350
986	2931
987	1563
987	1780
987	2076
988	1518
989	1582
989	2282
990	1013
990	1183
990	2399
990	3489
991	2934
992	1319
992	2907
993	2360
994	1205
996	1356
996	1471
996	1735
997	1408
999	1156
999	2499
1000	1358
1000	1705
1000	1760
1001	1191
1002	1628
1002	1680
1003	1402
1003	2224
1003	2555
1004	1021
1004	1030
1004	1375
1004	1627
1004	2008
1004	2598
1004	2632
1004	3127
1005	1694
1006	2265
1007	1471
1007	1504
1007	1840
1007	2889
1009	1660
1011	2398
1012	2650
1014	2170
1014	2500
1015	1635
1015	2719
1016	1201
1018	1806
1018	1949
1019	1428
1019	1625
1019	2582
1021	1475
1021	1502
1021	2760
1022	1765
1023	1990
1023	2573
1024	1644
1025	1267
1025	2089
1025	2732
1025	2848
1027	1291
1027	2270
1027	3010
1027	3194
1028	1321
1028	1953
1029	2273
1029	2331
1029	3117
1031	1250
1031	1621
1032	1764
1032	2247
1032	2639
1034	2360
1034	3081
1034	3383
1035	1422
1035	3287
1035	3404
1036	1329
1036	1763
1037	2248
1038	1936
1038	2201
1038	3116
1044	1608
1044	1719
1044	1993
1046	2995
1046	3045
1048	1746
1050	3448
1052	2212
1052	2725
1053	3334
1054	2165
1054	3183
1055	2858
1056	2344
1057	1585
1057	3304
1058	2292
1058	2446
1058	2647
1059	1376
1059	1470
1059	1617
1059	2829
1059	3400
1060	1357
1062	1285
1062	2320
1062	2531
1062	3098
1063	2527
1064	1258
1064	1285
1064	1390
1066	1072
1066	1451
1068	2327
1068	2951
1070	1525
1070	2211
1071	1331
1071	2223
1072	1120
1072	1871
1073	1519
1073	3032
1074	1850
1076	2219
1077	1835
1077	2171
1077	2313
1077	3215
1079	3140
1082	1671
1083	1087
1083	1670
1084	2513
1085	1421
1086	1345
1086	1366
1086	2083
1086	2567
1087	1655
1089	2370
1091	1811
1091	2306
1091	3040
1092	1201
1093	1267
1093	1931
1093	2928
1093	3137
1094	1372
1094	1526
1094	2025
1094	2199
1094	2483
1096	1196
1096	1395
1096	1711
1096	1860
1096	3018
1097	1098
1097	1164
1097	1457
1097	1979
1098	2591
1098	2821
1100	2049
1100	2167
1100	2490
1100	3322
1101	2937
1102	2000
1103	1282
1103	1851
1104	1167
1104	1225
1104	2271
1105	1815
1105	2837
1106	1995
1106	2311
1107	1159
1107	1199
1107	1559
1108	3363
1109	2602
1110	2270
1111	1453
1111	1974
1111	2404
1111	2452
1113	1256
1113	1788
1114	1339
1114	1389
1114	2776
1116	2026
1116	3165
1122	1268
1122	1322
1122	2861
1124	1873
1124	1958
1124	2253
1124	2357
1124	2971
1124	3394
1125	1247
1125	1902
1125	2102
1125	3042
1127	1472
1127	2332
1128	1806
1128	2870
1129	1959
1129	3059
1130	1381
1130	1627
1130	2089
1131	1324
1131	3434
1132	1744
1132	2058
1132	2788
1134	1154
1134	1770
1134	2255
1134	2406
1136	1555
1136	1901
1136	2161
1136	2461
1136	2524
1137	1626
1138	1200
1138	1781
1138	1836
1138	2203
1138	2543
1138	2808
1139	2592
1140	1369
1140	2180
1144	1273
1144	2509
1144	3070
1146	2450
1147	1951
1147	2938
1147	3080
1148	1563
1148	2980
1149	2442
1149	2446
1151	1185
1151	2681
1152	3024
1153	1248
1153	1628
1153	1881
1154	1423
1154	1702
1154	2538
1155	1771
1155	2105
1156	1409
1158	2706
1159	1257
1159	2985
1159	3202
1160	1411
1160	1866
1161	1805
1161	1972
1162	1900
1163	1255
1164	2035
1164	2685
1166	1678
1169	1233
1169	3475
1172	1614
1174	1221
1174	1984
1174	2438
1175	1553
1175	2670
1176	1311
1176	1531
1177	3117
1178	2657
1181	2095
1182	1237
1182	1397
1182	1795
1182	3253
1183	1762
1183	2401
1184	1581
1184	1858
1185	1263
1185	1970
1185	2542
1186	1562
1186	1707
1186	2208
1186	2241
1186	2921
1188	2296
1188	2923
1190	1383
1191	2295
1192	1668
1192	3070
1193	1502
1193	1709
1193	2024
1193	2245
1193	2694
1193	2886
1193	3410
1194	2974
1195	1592
1196	1448
1196	2009
1196	3079
1197	3122
1198	3051
1200	2195
1201	2946
1203	1206
1203	1674
1203	2509
1203	3328
1205	1654
1207	1920
1208	2494
1208	3096
1209	1861
1211	2831
1212	3347
1212	3491
1213	1941
1215	1556
1215	1833
1215	2958
1216	1875
1216	1909
1218	2023
1218	3493
1220	2553
1221	1925
1221	2072
1221	2328
1221	2677
1221	3317
1223	1996
1223	2466
1223	3443
1225	2346
1228	2091
1228	3144
1229	2487
1229	3448
1230	1327
1230	1561
1230	2621
1232	3358
1233	2498
1236	1994
1236	2066
1236	2854
1237	1251
1237	2006
1237	2044
1237	2141
1237	2497
1238	1267
1239	2059
1240	2316
1241	1257
1241	2216
1241	2571
1243	1461
1243	2270
1243	2935
1244	1556
1244	2509
1244	2868
1246	2478
1246	2691
1246	3154
1247	3021
1248	1548
1248	2012
1249	1499
1249	1606
1249	2464
1250	2944
1251	1622
1252	2979
1252	3459
1253	2708
1253	2799
1254	1507
1256	1913
1258	1702
1258	1871
1258	2050
1258	2562
1259	1631
1259	2116
1259	2209
1259	2651
1260	1911
1260	3385
1261	1476
1261	3220
1263	1292
1263	1353
1263	2250
1263	2613
1263	3137
1263	3189
1264	2432
1264	2952
1265	2160
1267	1598
1268	2183
1269	3332
1271	1303
1273	1605
1274	1465
1275	1460
1275	2527
1276	1500
1276	1525
1278	1715
1278	1979
1279	1664
1279	1681
1281	1688
1281	3244
1282	2241
1282	2648
1283	1779
1283	1803
1283	2753
1284	1809
1285	1326
1285	1887
1285	2269
1285	2647
1285	3165
1286	1287
1287	1630
1287	1854
1287	2488
1287	3447
1288	1781
1288	3475
1290	1575
1290	3001
1291	2613
1291	3169
1292	2785
1293	2751
1293	3217
1295	1956
1295	2822
1298	1961
1299	1536
1299	1643
1300	1723
1301	1531
1301	1801
1301	2177
1301	3030
1302	2489
1304	1506
1304	1821
1305	2221
1306	2488
1307	2137
1308	1338
1308	1834
1308	2312
1308	2702
1309	1709
1309	3019
1309	3308
1310	2635
1312	2457
1312	2650
1314	3316
1319	1392
1319	1623
1319	3435
1320	2993
1321	1607
1321	1661
1322	1372
1322	2871
1323	1864
1323	3331
1324	1605
1324	2715
1325	2131
1326	1987
1326	3485
1327	1632
1329	3495
1331	1944
1331	2230
1331	2724
1331	3454
1332	1482
1333	1787
1333	2315
1334	1573
1334	2736
1335	1416
1335	1568
1335	2307
1336	1613
1336	2020
1336	2366
1337	2493
1338	2038
1340	2433
1341	1624
1341	1833
1343	3069
1344	1558
1344	2121
1345	2535
1346	1810
1346	1826
1346	2249
1348	2202
1348	2322
1348	3262
1349	1495
1352	1439
1353	2230
1355	1848
1355	2739
1358	3498
1360	2686
1361	2421
1361	2493
1362	2174
1364	1572
1364	2466
1365	1404
1367	1432
1367	1630
1367	1781
1367	2676
1368	1384
1368	2820
1369	3092
1370	3278
1372	1377
1373	1679
1373	2073
1373	3165
1375	2388
1377	2692
1381	1943
1381	2043
1382	2412
1382	2922
1383	2505
1384	1401
1385	3210
1385	3343
1388	2417
1389	1885
1391	1800
1395	2672
1396	1509
1396	1691
1396	1960
1396	3487
1397	1440
1397	1592
1398	3197
1398	3327
1401	1490
1401	3100
1402	1638
1403	1738
1404	2186
1404	2431
1405	2683
1405	3015
1406	1612
1407	1996
1407	2250
1407	2399
1407	3298
1409	2994
1410	1877
1410	2128
1411	1797
1412	2950
1413	2037
1413	2747
1413	3023
1414	1862
1414	2456
1415	3264
1416	2324
1416	2725
1417	1748
1418	2063
1418	2622
1418	3482
1419	1590
1419	3370
1421	2161
1421	2351
1426	2231
1427	1447
1427	1695
1427	2790
1427	3114
1428	1675
1428	3132
1428	3328
1429	1581
1429	3336
1430	2154
1430	3442
1431	2238
1431	2609
1435	1687
1435	1914
1435	2098
1436	1496
1436	1929
1437	1582
1437	2398
1438	2282
1439	1769
1440	1607
1440	1667
1440	3240
1443	1856
1443	2755
1444	1499
1446	3285
1451	2640
1452	2501
1453	1910
1453	2563
1454	1659
1454	1690
1454	2000
1456	2330
1457	3120
1457	3286
1458	1567
1458	3441
1459	2040
1459	2156
1459	2459
1460	1917
1461	2129
1463	1633
1463	1926
1464	2150
1464	2349
1467	2202
1468	2359
1469	1535
1469	1643
1469	1988
1469	3272
1470	2881
1470	3206
1471	2435
1472	1586
1476	1812
1476	3126
1477	1651
1477	3291
1478	3342
1479	1818
1481	1737
1482	1937
1482	2606
1482	2626
1482	3221
1483	3322
1486	2409
1486	2532
1487	3089
1488	2585
1489	1494
1490	1554
1490	1704
1491	2112
1493	2143
1494	1730
1495	1570
1495	1613
1495	2644
1496	1816
1497	1535
1498	1682
1498	1724
1500	1747
1501	2802
1502	1740
1502	1847
1503	2069
1503	3285
1504	3346
1506	1726
1506	3174
1507	1539
1507	1676
1510	1867
1511	2518
1511	2671
1513	3205
1515	1807
1515	2380
1515	2477
1515	2504
1516	1741
1516	3407
1518	1610
1518	3377
1519	1646
1519	1730
1519	2962
1520	3431
1521	2163
1522	1841
1523	3216
1525	2147
1526	3044
1527	2349
1527	2990
1531	2009
1531	2184
1531	3120
1532	1625
1532	3418
1535	1668
1536	2178
1536	3163
1537	2614
1538	1963
1539	3060
1543	2348
1544	1727
1544	2079
1544	2754
1544	2783
1545	1958
1546	2672
1547	1570
1547	2264
1547	2278
1547	2693
1548	3186
1549	1564
1551	3063
1552	2112
1553	1689
1553	3048
1556	1927
1556	2467
1556	3466
1557	1625
1557	1846
1557	2825
1558	1739
1559	2070
1559	3319
1561	1932
1561	3005
1562	1582
1562	1587
1562	1594
1562	2730
1563	2610
1565	2233
1565	2380
1569	2625
1570	1835
1570	2473
1570	2724
1570	2842
1570	3239
1572	3084
1572	3351
1573	2206
1573	2216
1574	2039
1575	1986
1575	2108
1575	2221
1575	2891
1576	1994
1576	2159
1577	1755
1578	1594
1580	2349
1580	2973
1581	2332
1582	2144
1582	2603
1582	2711
1582	3119
1584	1831
1584	2917
1585	2512
1586	2806
1586	2915
1587	2036
1588	1886
1588	1980
1591	2078
1591	2748
1591	3076
1592	2756
1592	3469
1594	1652
1594	2123
1596	1722
1596	2011
1596	2221
1597	2412
1598	2746
1598	3256
1600	1649
1601	1794
1603	2463
1604	1674
1604	1897
1605	2297
1606	2066
1606	2294
1606	2386
1606	2659
1606	2818
1608	1665
1608	3171
1608	3365
1609	1957
1609	2936
1611	2481
1611	2656
1612	3450
1615	2336
1615	2636
1615	3382
1618	2093
1619	2243
1619	2845
1619	3189
1621	2764
1621	3148
1622	1738
1622	3390
1623	1708
1623	2007
1623	2336
1624	2352
1625	1668
1625	1964
1626	2084
1626	2693
1627	3420
1628	2834
1630	3225
1633	1892
1635	2716
1636	1696
1637	2638
1638	2917
1639	2362
1640	1716
1640	3297
1641	2385
1643	1935
1643	3382
1644	1986
1645	2164
1646	2097
1647	2080
1647	2870
1647	2890
1648	2705
1649	2665
1651	3166
1654	3112
1660	3081
1661	2519
1661	3314
1662	1902
1662	2240
1663	1895
1664	1801
1664	2294
1665	3444
1666	2124
1668	2293
1668	2495
1668	3065
1669	3283
1670	1727
1671	2645
1672	3362
1674	2020
1674	2568
1675	2057
1676	1855
1676	2662
1680	2447
1681	3349
1682	3150
1684	1924
1684	3455
1687	1721
1688	2140
1688	2173
1689	2508
1690	2807
1694	2830
1695	2342
1697	2094
1698	1742
1698	2316
1698	2884
1699	1703
1699	3153
1700	1965
1701	2899
1702	2634
1703	2086
1703	2584
1704	3061
1709	1832
1709	2045
1710	3281
1711	2115
1712	2515
1714	1790
1715	3364
1717	2185
1717	2853
1717	3457
1718	2205
1721	3486
1722	3238
1723	2106
1723	3312
1724	1881
1726	3058
1728	2781
1729	1808
1730	2104
1730	3350
1732	3269
1733	2864
1734	3038
1735	2202
1735	2302
1738	2918
1739	2987
1740	1843
1740	2217
1741	2587
1741	2633
1741	3046
1741	3157
1742	2866
1743	3241
1744	2168
1747	3234
1747	3275
1748	1773
1748	1923
1749	2766
1752	2262
1753	2631
1753	3257
1757	2507
1757	3342
1758	2704
1758	3129
1759	1837
1759	2002
1760	1778
1761	3226
1762	1906
1762	2332
1765	2474
1766	1973
1766	2796
1767	3213
1768	1793
1768	2734
1771	2704
1773	2105
1774	2308
1774	2354
1775	2983
1779	1967
1779	2062
1779	2719
1779	2976
1784	2378
1786	1988
1787	1933
1787	2955
1787	3393
1788	1953
1788	2375
1789	2089
1789	2608
1790	3399
1791	3404
1793	1968
1793	2673
1794	1845
1796	3012
1796	3290
1799	2055
1799	2686
1800	1912
1800	3236
1801	1969
1801	3388
1802	2561
1802	3230
1804	2347
1805	3296
1806	1936
1806	2167
1807	3131
1808	2295
1809	2768
1809	2785
1809	3419
1811	3473
1812	2981
1813	1980
1814	2169
1814	3458
1815	2295
1818	2373
1819	2544
1820	1964
1821	2558
1821	2826
1821	2957
1822	3326
1823	2008
1823	2780
1824	2878
1828	2339
1830	2033
1831	1842
1831	2569
1831	2601
1831	2780
1833	2669
1835	1875
1835	2414
1837	2698
1837	3032
1837	3398
1839	2014
1839	2198
1840	2415
1841	2155
1842	3026
1844	3238
1846	2327
1847	2381
1849	1947
1853	2901
1855	2840
1856	2197
1856	2665
1859	1874
1859	2146
1860	2323
1861	2266
1861	2325
1862	2031
1863	2523
1866	2040
1867	2699
1868	2088
1868	2994
1871	1881
1872	3325
1873	2272
1873	2552
1873	3386
1874	3277
1875	2152
1875	2915
1877	2805
1877	2947
1878	1905
1879	2046
1879	3180
1881	2883
1881	2946
1882	2244
1882	3002
1882	3084
1882	3394
1884	2151
1885	2485
1886	2191
1887	2589
1891	3053
1892	2001
1892	2397
1893	2838
1894	2356
1896	3193
1898	3169
1901	2376
1901	2968
1902	2966
1904	3047
1908	2244
1910	2145
1910	2918
1911	2337
1914	2220
1914	2724
1919	2428
1920	3336
1921	2153
1922	2706
1922	3272
1925	2193
1925	2701
1928	2083
1928	2738
1929	2004
1929	2454
1929	2599
1931	2740
1932	3029
1933	2118
1934	2254
1936	3406
1937	3074
1939	2501
1943	3289
1944	2195
1944	2726
1949	2364
1949	2468
1950	3470
1951	2419
1951	3289
1953	2123
1960	2774
1963	3282
1963	3452
1965	2222
1966	2703
1966	3474
1967	2713
1970	2804
1971	3075
1972	2411
1975	2707
1976	2256
1977	2148
1978	2660
1979	2684
1981	2340
1982	3000
1983	2304
1984	2204
1984	2944
1985	2604
1986	2147
1986	2620
1987	2274
1988	2290
1992	2023
1993	3344
1994	2016
1994	2516
1994	2723
1994	3144
1996	2162
1996	3356
1996	3471
1998	3086
2000	3200
2000	3341
2001	2419
2003	2981
2004	2407
2004	2852
2006	2123
2009	2318
2009	2767
2010	2795
2011	3417
2012	3388
2014	2594
2015	2114
2016	2629
2018	2520
2020	2543
2020	2870
2020	3355
2021	2876
2022	2228
2023	2475
2023	2529
2025	2443
2029	3082
2030	2770
2031	3236
2032	2906
2032	3019
2033	3195
2034	2268
2035	2374
2039	3221
2040	2285
2040	2948
2042	3435
2043	2941
2045	2338
2046	2403
2047	2798
2048	2176
2048	2601
2049	2422
2049	2570
2053	2316
2053	2623
2055	2758
2057	2127
2057	2353
2057	2945
2057	3110
2058	3064
2062	3161
2063	2410
2067	2798
2068	2521
2069	2097
2071	2749
2075	2203
2075	2368
2077	2893
2080	3259
2084	2460
2086	2891
2086	3073
2088	2210
2089	2610
2089	2857
2091	2302
2091	3306
2092	2429
2093	2630
2093	2953
2094	2962
2096	3378
2097	2633
2097	2687
2097	3379
2099	3078
2099	3288
2102	2335
2102	2426
2102	2575
2103	2218
2104	2213
2105	3028
2106	2460
2110	2211
2111	3392
2113	2612
2115	2334
2117	2972
2123	3243
2128	2458
2128	3248
2132	2465
2132	3378
2133	2367
2133	2722
2134	2835
2135	2543
2136	2196
2136	3106
2137	2441
2141	2191
2146	2610
2146	2900
2149	2679
2149	3437
2150	3219
2151	2818
2155	2537
2156	2240
2156	2514
2156	3013
2156	3051
2156	3311
2160	2514
2160	3007
2161	2883
2162	2486
2164	3273
2167	3042
2168	2413
2169	3077
2171	2720
2172	2198
2172	2377
2173	2999
2177	2624
2177	3425
2182	2510
2188	3134
2192	2939
2192	3184
2192	3274
2192	3432
2193	2546
2195	2412
2197	3387
2198	3196
2199	3098
2199	3333
2200	2242
2202	3306
2206	2961
2211	3037
2211	3302
2212	2824
2212	3430
2214	3300
2216	2243
2216	2976
2216	3378
2217	3427
2220	2992
2220	3404
2221	3376
2222	2668
2225	3391
2231	2809
2233	2355
2234	3192
2236	2773
2238	3320
2240	2461
2241	2793
2243	2536
2244	2384
2244	2491
2250	2646
2250	2816
2252	2588
2256	3103
2259	3329
2260	3043
2267	2879
2270	2349
2270	2820
2272	2382
2272	2980
2273	3278
2276	3051
2280	3052
2280	3422
2286	2461
2287	2819
2287	3258
2292	2745
2293	2845
2293	3127
2294	3471
2295	3116
2295	3261
2296	2637
2300	3163
2307	2880
2309	2968
2309	3429
2313	3404
2315	3060
2318	3106
2318	3167
2328	2449
2328	2564
2330	2371
2332	2641
2332	3076
2336	2645
2336	3290
2339	2982
2346	2395
2347	3087
2347	3138
2355	2574
2355	2797
2358	3244
2360	2511
2360	2819
2365	2444
2366	2501
2366	3309
2367	3294
2368	2517
2368	2605
2368	2975
2371	2859
2374	2960
2375	2451
2379	3057
2383	2455
2383	2622
2385	2873
2386	2616
2386	2727
2387	2595
2390	3378
2390	3421
2391	3043
2395	2732
2398	2583
2398	2613
2399	3139
2400	3009
2402	2654
2402	2752
2403	2534
2403	3363
2404	2810
2406	3463
2407	2800
2408	2849
2410	2888
2411	2665
2411	3316
2414	2680
2415	3409
2423	2564
2426	3438
2427	3006
2430	3321
2436	3032
2439	2784
2439	2924
2439	3147
2441	2548
2443	3354
2444	2743
2445	3032
2446	3235
2447	2581
2448	3135
2449	2611
2449	2845
2449	2860
2449	3036
2456	2572
2460	3222
2466	2726
2467	3369
2471	3224
2471	3363
2472	2611
2472	2663
2473	2825
2473	3008
2478	2767
2480	2661
2481	2669
2482	2579
2482	2649
2482	3266
2484	2865
2486	3311
2490	2674
2491	2841
2493	2840
2494	3401
2496	2618
2498	3143
2499	2757
2506	2547
2506	2689
2507	2894
2508	2995
2511	2933
2511	3340
2514	3494
2518	3311
2521	2526
2527	2658
2527	2835
2531	3172
2532	2870
2536	2906
2539	2811
2562	3337
2564	2655
2585	2750
2587	2823
2589	3299
2591	3162
2592	3499
2594	3431
2600	2670
2601	2663
2601	2711
2605	2978
2607	2977
2608	3207
2609	3170
2613	2761
2614	2744
2616	2949
2618	2665
2624	3128
2630	2956
2633	2642
2636	3301
2641	3214
2644	3245
2645	2893
2645	2898
2647	3366
2648	3339
2649	2696
2650	2677
2650	2723
2650	2729
2650	2763
2650	2989
2653	3078
2658	3292
2661	2762
2661	3176
2664	3050
2665	2794
2666	3024
2668	2786
2668	3105
2668	3295
2670	3181
2670	3438
2672	3241
2672	3470
2674	3049
2675	3335
2676	3137
2678	2731
2680	3366
2691	3290
2692	2904
2697	2821
2698	2717
2698	2971
2702	3233
2705	2827
2707	3121
2708	2791
2716	2850
2716	3324
2718	2895
2718	3496
2732	3070
2733	3357
2734	3055
2738	3228
2738	3468
2746	2789
2748	2911
2750	3082
2754	2963
2756	3145
2757	3229
2758	3332
2760	3002
2761	3485
2762	2779
2764	2875
2765	2942
2767	2772
2767	3252
2775	3293
2782	3424
2783	2794
2788	3004
2794	3188
2799	3187
2801	3212
2802	3359
2804	3231
2810	2874
2814	3282
2816	3184
2829	2914
2829	3321
2832	3025
2839	3310
2845	2865
2846	3391
2848	3412
2850	3113
2851	3073
2860	3003
2863	2885
2868	2967
2871	3190
2882	3118
2883	3217
2885	3246
2887	3090
2887	3263
2906	3020
2913	3244
2915	3321
2930	3479
2936	3471
2938	3097
2948	3360
2950	3482
2954	3191
2960	3236
2961	3273
2972	3034
2973	3447
2978	3268
2980	3452
2980	3462
2984	3390
2989	3016
2993	3456
2997	3414
2998	3211
2999	3068
3002	3095
3002	3374
3004	3440
3005	3327
3006	3201
3012	3136
3015	3312
3016	3484
3019	3360
3024	3367
3028	3457
3030	3178
3034	3465
3036	3039
3045	3380
3047	3173
3053	3279
3056	3260
3057	3083
3062	3408
3065	3250
3068	3185
3076	3374
3077	3433
3102	3441
3114	3204
3116	3307
3117	3274
3127	3168
3133	3449
3143	3271
3152	3368
3157	3198
3197	3261
3224	3333
3244	3321
3272	3453
3292	3435
3306	3366
3332	3446
3344	3371
3363	3397
3387	3402
3447	3467
3449	3497
