1	2
1	3
1	4
1	5
1	6
1	7
1	8
1	9
1	22
1	32
1	38
1	58
1	60
1	160
1	202
1	268
1	374
1	1524
1	2847
2	3
2	4
2	5
2	6
2	7
2	8
2	9
2	10
2	13
2	16
2	29
2	49
2	122
2	211
2	332
2	444
2	490
2	580
2	674
2	703
2	852
2	1087
3	4
3	5
3	6
3	7
3	8
3	9
3	14
3	26
3	27
3	28
3	52
3	79
3	81
3	89
3	96
3	130
3	140
3	182
3	209
3	353
3	457
3	472
3	574
3	892
3	1431
3	1814
3	2142
3	2746
4	5
4	6
4	7
4	8
4	9
4	11
4	20
4	29
4	35
4	36
4	42
4	49
4	60
4	62
4	164
4	564
4	938
4	1613
4	2151
5	6
5	7
5	8
5	9
5	12
5	23
5	25
5	31
5	72
5	76
5	79
5	81
5	150
5	295
5	359
5	460
5	576
5	594
5	1039
5	1426
5	1454
5	1745
5	1785
5	1810
5	2432
5	2468
6	7
6	8
6	9
6	12
6	21
6	38
6	43
6	49
6	57
6	63
6	108
6	218
6	529
6	851
6	1039
6	1285
6	1335
6	1580
6	1585
6	2980
6	2993
7	8
7	9
7	11
7	23
7	24
7	51
7	69
7	81
7	145
7	173
7	255
7	275
7	279
7	282
7	472
7	2640
8	9
8	12
8	15
8	32
8	33
8	79
8	82
8	86
8	125
8	142
8	187
8	227
8	295
8	358
8	372
8	840
8	906
8	1097
8	1172
8	1290
8	1298
8	2031
9	10
9	25
9	27
9	29
9	30
9	41
9	48
9	52
9	89
9	111
9	235
9	349
9	1390
9	1792
9	2877
10	18
10	59
10	134
10	238
10	314
10	388
10	540
10	1034
10	1780
10	2347
11	14
11	15
11	73
11	98
11	120
11	195
11	770
11	1038
11	1265
11	2015
11	2208
11	2598
11	2975
12	13
12	16
12	28
12	47
12	107
12	155
12	166
12	205
12	351
12	979
12	1307
12	1760
12	1820
13	17
13	19
13	30
13	44
13	77
13	80
13	104
13	293
13	296
13	536
13	665
13	826
13	837
13	1752
14	17
14	22
14	34
14	36
14	51
14	191
14	667
14	706
14	842
14	943
15	18
15	19
15	57
15	107
15	198
15	418
15	1344
15	2118
16	20
16	37
16	46
16	65
16	88
16	92
16	161
16	181
16	241
16	467
16	704
16	1287
16	1563
16	2300
17	21
17	26
17	124
17	233
17	246
17	697
17	1168
17	1182
17	1397
17	1704
17	2119
18	21
18	31
18	39
18	53
18	65
18	109
18	338
18	1101
18	2082
18	2465
19	56
19	127
19	236
19	332
19	1643
19	1939
19	2027
19	2449
20	24
20	35
20	59
20	60
20	263
20	269
20	288
20	497
20	1147
20	2417
21	48
21	149
21	172
21	180
21	198
21	535
21	643
21	1007
21	1144
21	1482
22	40
22	56
22	132
22	168
22	169
22	256
22	380
22	391
22	400
22	530
22	566
22	732
22	1153
22	1577
22	1800
22	2519
22	2791
23	35
23	45
23	55
23	70
23	128
23	186
23	193
23	431
23	699
23	1030
23	1813
24	58
24	141
24	461
24	513
24	913
24	1530
24	1646
24	2650
25	34
25	64
25	92
25	186
25	201
25	204
25	210
25	277
25	497
25	620
25	622
25	737
25	820
26	33
26	68
26	83
26	101
26	148
26	157
26	274
26	381
26	627
26	1073
26	1189
26	1492
26	2051
26	2261
26	2508
26	2947
27	47
27	55
27	286
27	394
27	397
27	1020
27	1268
27	1634
27	2056
27	2147
27	2631
28	39
28	43
28	50
28	127
28	167
28	787
28	1025
28	1184
29	32
29	45
29	71
29	165
29	187
29	285
29	319
29	419
29	444
29	466
29	516
29	540
29	582
29	1369
29	1725
29	2160
30	85
30	137
30	146
30	206
30	598
30	693
30	1756
31	54
31	72
31	237
31	278
31	355
31	392
31	400
31	441
31	463
31	756
31	2664
32	159
32	193
32	350
32	831
32	975
32	1316
32	2563
33	42
33	88
33	212
33	533
33	2656
34	83
34	588
34	667
35	40
35	46
35	64
35	67
35	91
35	386
35	454
35	678
35	1261
36	37
36	97
36	175
36	179
36	658
36	692
36	1880
36	1994
37	41
37	50
37	80
37	121
37	235
37	299
37	410
37	1906
38	87
38	184
38	221
38	310
38	924
38	1087
38	1527
39	102
39	320
39	768
39	1098
39	1415
39	2384
39	2437
40	42
40	44
40	139
40	143
40	185
40	359
40	411
40	695
40	862
40	1410
40	2688
41	44
41	69
41	233
41	302
41	473
41	927
41	1195
42	449
42	707
42	1329
42	1537
43	53
43	61
43	74
43	138
43	263
43	395
43	455
43	1117
43	1866
43	2097
44	97
44	121
44	187
44	242
44	248
44	299
44	423
44	698
44	838
44	939
44	2853
45	63
45	73
45	76
45	81
45	96
45	119
45	275
45	658
45	953
45	1489
45	2230
45	2604
46	62
46	82
46	91
46	123
46	150
46	155
46	373
46	480
46	556
46	1159
46	2797
47	75
47	144
47	197
47	294
47	495
47	633
47	1621
47	2789
48	68
48	78
48	277
48	321
48	390
48	727
48	1242
48	1521
48	1879
48	1984
48	2101
48	2185
48	2507
48	2803
49	61
49	70
49	99
49	100
49	291
49	333
49	501
49	575
49	1056
49	1256
49	1572
49	1618
49	1962
49	2046
50	365
50	741
50	804
50	1364
50	2410
51	103
51	131
51	139
51	341
51	372
51	1349
51	1594
52	54
52	127
52	1872
52	2199
53	470
53	581
53	1657
53	2268
54	94
54	113
54	171
54	199
54	287
54	749
54	843
54	1211
54	1294
54	1691
54	2556
54	2716
55	93
55	94
55	157
55	185
55	868
55	1341
55	1430
55	1674
56	75
56	78
56	114
56	148
56	442
56	596
56	742
56	946
57	66
57	149
57	197
57	691
57	1193
57	1984
58	90
58	135
58	247
58	380
58	402
58	613
58	783
58	888
58	1740
58	2480
59	77
59	110
59	218
59	224
59	388
59	714
59	733
59	995
59	1309
59	1743
59	1940
59	2790
60	67
60	93
60	110
60	112
60	120
60	161
60	232
60	254
60	267
60	280
60	416
60	893
60	1874
61	74
61	87
61	100
61	159
61	252
61	436
61	669
61	809
62	71
62	231
62	271
62	306
62	326
62	327
62	844
62	1128
62	1650
63	84
63	144
63	182
63	298
63	422
63	2968
64	95
64	129
64	162
64	514
64	629
64	669
64	725
64	1348
64	2341
65	66
65	142
65	192
65	360
65	566
65	895
65	2416
66	108
66	131
66	281
66	334
66	917
66	1589
66	2991
67	106
67	297
67	321
67	358
67	435
67	483
67	729
67	962
67	1053
67	1873
68	86
68	190
68	261
68	331
68	798
68	883
68	1295
69	84
69	340
69	583
70	122
70	140
70	166
70	578
70	743
70	972
71	115
71	147
71	178
71	298
71	528
71	612
71	716
71	827
71	1435
71	1443
71	1815
72	90
72	106
72	126
72	176
72	451
72	533
72	627
72	662
72	739
72	784
72	973
72	1098
72	1212
73	79
73	109
73	257
73	264
73	564
74	136
74	149
74	200
74	214
74	424
74	447
74	484
74	1037
74	1577
74	1632
74	2720
75	163
75	1172
75	1452
75	2387
76	199
76	313
76	507
76	638
76	902
77	126
77	152
77	210
77	266
77	362
77	367
77	634
77	1266
77	1307
77	2004
77	2081
77	2232
78	85
78	103
78	117
78	421
78	493
78	524
78	1123
78	1908
78	2153
79	104
79	194
79	196
79	248
79	340
79	617
79	623
79	863
79	915
79	1271
79	2626
80	128
80	136
80	192
80	206
80	937
80	2056
80	2109
81	95
81	228
81	398
82	115
82	125
82	396
82	434
82	1760
83	102
83	163
83	240
83	250
83	831
83	2165
83	2614
83	2749
84	202
84	281
84	395
84	641
84	1379
84	1591
84	2532
84	2967
85	99
85	209
85	632
85	1094
85	1475
85	2411
85	2614
86	123
86	225
86	363
86	465
86	849
86	1214
86	1269
86	1554
86	2444
86	2453
87	225
87	407
87	438
87	755
87	865
87	1025
88	151
88	154
88	156
88	262
88	301
88	708
88	2147
89	116
89	1219
89	1515
90	178
90	270
90	377
90	760
90	1847
90	2902
91	146
91	1340
91	1699
92	503
92	507
92	1173
93	111
93	174
93	188
93	195
93	238
93	247
93	419
93	471
93	651
93	1011
93	1607
94	98
94	113
94	135
94	176
94	226
94	269
94	450
94	797
94	1693
95	417
95	682
95	1107
95	1834
96	114
96	153
96	763
97	117
97	175
97	208
97	220
97	284
97	549
98	118
98	255
98	2341
99	101
99	129
99	133
99	143
99	170
99	329
99	352
99	390
99	441
99	660
100	105
100	183
100	650
100	655
100	795
100	854
100	1305
100	1570
101	214
101	427
101	634
101	939
101	1235
101	1538
101	2017
101	2726
102	154
102	217
102	234
102	326
102	369
102	491
102	935
102	2072
103	105
103	130
103	153
103	223
103	242
103	2127
103	2440
103	2663
104	116
104	179
104	251
104	305
104	306
104	1113
104	1215
104	1807
104	2388
104	2557
105	200
105	305
105	881
105	1302
105	1409
105	2038
105	2270
106	112
106	171
106	189
106	226
106	378
106	960
106	2533
106	2875
107	119
107	145
107	274
107	615
107	1293
107	2481
108	156
108	228
108	234
108	257
108	718
108	764
108	888
108	2684
108	2961
109	1728
109	2817
110	203
110	578
110	948
110	1124
110	1379
110	1669
110	1928
110	2014
111	164
111	253
111	768
111	975
112	118
112	180
112	266
112	426
112	477
112	563
112	820
112	1054
112	2891
113	152
113	239
113	342
113	597
114	141
114	213
114	244
114	612
114	706
114	1896
114	1996
114	2005
114	2283
114	2439
115	366
115	595
115	796
115	830
115	1937
116	134
116	229
116	260
116	555
116	814
116	1567
116	2339
116	2652
117	191
117	1184
117	2284
117	2475
117	2807
118	133
118	261
118	288
118	399
118	464
118	498
118	650
118	2057
119	221
119	267
119	511
119	562
120	124
120	142
120	284
120	303
120	352
120	1558
120	2410
120	2787
121	410
121	501
121	1304
121	1418
121	2114
121	2825
122	158
122	783
122	2530
124	211
124	323
124	344
124	454
124	680
124	963
124	1442
125	360
125	403
125	502
125	1247
125	1254
125	1319
125	2026
125	2233
126	162
126	2083
126	2299
127	137
127	215
127	466
127	510
127	558
127	1433
127	1500
127	1739
128	324
128	357
128	668
128	1210
128	1787
128	1970
128	2982
129	300
129	703
129	970
129	1058
129	1178
130	132
130	170
130	522
130	802
130	929
130	960
130	2164
131	147
131	160
131	255
131	313
131	322
131	779
131	965
131	1024
131	1133
132	368
132	1091
133	138
133	177
133	617
133	845
133	1089
133	1300
133	1419
133	1530
133	1719
133	1789
134	168
134	336
134	643
134	1536
134	1865
134	2320
135	282
135	285
135	517
135	639
135	1505
135	1858
136	202
136	260
136	283
136	287
136	1256
136	1377
136	2277
137	482
137	646
137	869
137	1239
137	1313
137	2130
137	2454
137	2489
138	165
138	291
138	315
138	505
138	829
138	2725
139	169
139	208
139	349
139	353
139	458
139	679
139	992
139	2421
139	2548
140	908
140	1408
141	304
141	420
141	439
141	746
141	752
141	1165
141	2678
142	440
142	578
142	607
142	759
142	1004
142	1963
142	2350
142	2482
143	158
143	312
143	570
143	774
143	2615
144	660
144	839
144	1232
144	1757
145	749
145	776
145	1284
145	1853
145	1915
146	167
146	212
146	243
146	301
146	341
146	364
146	404
146	545
146	1478
147	265
147	283
147	672
147	693
147	726
147	806
147	903
147	2535
148	245
148	363
148	478
148	526
148	609
148	1013
148	1041
148	1200
148	1207
148	1436
148	1682
149	183
149	325
149	1859
149	2627
150	151
150	330
150	616
150	631
150	1810
151	382
151	711
151	1518
151	1828
151	1918
151	2595
152	256
152	297
152	376
152	772
152	1014
152	1263
152	2755
153	188
153	764
153	1564
153	1649
153	1733
153	2118
153	2662
154	527
154	747
154	1255
154	1338
154	1685
154	1708
154	1712
155	172
155	337
155	997
155	1217
155	1907
155	2521
156	165
156	231
156	369
156	456
156	724
156	758
156	921
156	1062
156	2809
157	223
157	336
157	345
157	365
157	391
157	518
157	597
157	1328
157	2989
158	534
158	2007
158	2970
159	259
159	547
159	1550
159	1731
160	222
160	240
160	293
160	378
160	642
160	1263
160	1274
160	2047
161	215
161	499
161	1632
161	2540
161	2920
162	308
162	417
162	1386
163	189
163	207
163	268
163	335
163	427
163	519
163	551
163	667
163	1302
163	2758
164	712
164	1448
164	2293
164	2492
165	181
165	1366
165	1391
166	173
166	471
166	599
166	879
166	978
166	1102
166	1134
166	1209
166	1235
167	2734
168	183
168	241
168	292
168	788
168	867
168	1187
168	1513
169	251
169	389
169	424
169	581
169	1416
170	177
170	438
170	1043
170	1945
170	2604
171	204
171	493
171	555
171	717
171	877
171	1021
171	1508
171	1920
172	174
172	190
172	289
172	307
172	351
172	970
172	2929
173	236
173	237
173	265
173	448
173	533
173	575
173	823
173	2004
173	2353
174	845
174	1690
174	1850
174	2252
175	585
176	219
176	376
176	628
176	635
176	811
177	232
177	271
177	563
177	653
177	1422
177	2073
177	2242
177	2472
178	194
178	280
178	311
178	479
178	533
178	608
178	681
178	825
178	903
179	556
179	699
179	1140
179	1842
179	2234
179	2278
179	2295
179	2772
180	272
180	316
180	350
180	382
180	2728
181	230
181	286
181	546
181	1071
181	2358
182	196
182	437
182	568
182	1150
182	2052
183	184
183	220
183	433
183	1198
183	1209
184	201
184	205
184	217
184	309
184	489
184	742
184	1606
184	2291
184	2875
184	2907
185	264
185	488
185	792
185	1709
186	322
186	362
186	424
186	580
186	977
186	1977
187	207
187	334
187	375
187	807
187	1080
187	1122
187	2859
188	244
188	1152
189	219
189	243
189	345
189	415
189	475
189	1055
189	2319
190	379
190	494
191	276
191	432
191	1130
191	2672
192	413
192	515
192	837
192	999
192	1023
192	1266
192	1780
192	1783
192	2098
193	258
193	990
193	1005
193	1797
193	1959
194	230
194	253
194	327
194	416
194	1371
195	213
195	303
195	311
195	373
195	548
195	968
195	1234
195	1899
196	224
196	357
196	554
196	1654
197	222
197	554
197	1144
197	1190
197	1239
197	1751
198	216
198	363
198	428
198	504
198	1997
199	300
199	535
199	1186
199	1209
200	203
200	245
200	250
200	2203
201	741
201	794
201	1295
201	1430
201	1727
202	302
202	325
202	436
202	1622
202	2272
202	2389
203	229
203	289
203	866
203	1035
203	1367
203	1650
203	2084
204	292
204	361
204	730
204	911
204	1297
204	2248
205	219
205	582
205	1735
206	789
206	814
206	2484
207	387
207	476
207	691
207	1035
207	1456
207	2464
208	316
208	631
208	649
208	673
208	810
208	1158
208	1353
208	2140
209	262
209	276
209	385
209	496
209	571
209	1598
209	2951
210	382
210	1051
210	2603
211	700
211	867
211	1191
212	331
212	384
212	397
212	418
212	719
212	990
213	254
213	361
213	657
213	1605
213	2720
214	216
214	596
214	605
214	621
214	792
214	1528
215	255
215	314
215	498
215	543
215	638
215	785
215	1722
215	2071
216	375
216	392
217	464
217	1006
217	1106
217	1482
218	308
218	935
218	2629
219	307
219	949
219	1148
220	367
220	374
220	1027
220	1698
221	227
221	246
221	406
221	585
221	1578
222	450
222	1236
222	2384
222	2858
223	648
223	1081
223	1690
223	2216
224	1062
225	544
225	928
225	1748
226	381
226	906
226	953
226	1264
226	2799
226	2945
227	317
227	346
227	442
227	474
227	537
227	640
227	656
227	728
227	1156
227	1588
227	1689
228	371
228	435
228	469
228	544
228	678
228	854
228	1164
228	1324
228	1597
228	2687
229	409
229	546
229	1362
230	249
230	383
230	393
230	653
230	734
230	904
230	1165
231	254
231	279
231	572
231	2129
231	2169
232	393
232	1305
232	1968
233	432
233	662
233	1050
233	1116
233	1405
233	2105
233	2189
234	273
234	278
234	296
234	422
234	504
234	552
234	997
234	1385
234	1680
234	2103
235	1377
236	347
236	434
236	568
236	2286
236	2383
236	2841
237	239
237	440
237	839
237	858
237	1129
237	1616
237	2422
238	272
238	273
238	323
238	430
238	511
238	625
238	985
238	1001
238	1755
238	2345
238	2899
239	249
239	426
239	465
239	595
239	784
240	414
240	552
240	1220
240	2401
241	745
241	1314
241	2117
241	2433
242	320
242	333
242	398
242	490
242	571
242	1701
242	2619
243	258
243	539
243	847
243	1194
243	1718
244	270
244	408
244	540
244	1403
244	2903
245	259
245	354
245	569
245	577
245	1128
245	1620
245	1991
245	2969
246	324
246	347
246	453
246	916
246	1222
247	252
247	290
247	405
247	550
247	559
247	1896
247	1950
248	485
248	665
248	1051
248	2597
248	2757
248	2900
249	339
249	705
249	767
249	1000
249	1029
250	304
250	329
250	342
250	437
250	737
250	1020
250	1893
250	2849
251	603
251	686
251	821
251	877
251	884
251	1107
251	1216
251	1234
251	1394
251	1437
252	317
252	339
252	687
252	1891
253	436
253	704
253	1875
253	2004
253	2365
253	2626
253	2642
254	413
254	487
254	533
254	538
254	569
254	1070
254	1105
255	673
255	797
255	1206
255	1409
255	1517
255	1631
255	1702
255	2821
256	340
256	486
256	584
256	723
256	918
256	1468
256	1832
257	657
257	1948
257	2719
258	355
258	911
258	1253
258	1380
258	2124
259	468
259	604
259	855
259	1483
259	1599
260	346
260	370
260	446
260	940
260	1187
260	2625
261	399
261	775
261	886
261	990
261	1145
261	1197
261	1323
261	1417
261	1623
261	2370
261	2958
262	601
262	1339
262	1415
263	335
263	1130
263	1389
263	1798
264	451
264	1681
265	317
265	368
265	445
265	621
265	1375
265	2444
266	309
266	407
266	443
266	524
266	685
266	1036
266	1386
266	2266
267	310
267	344
267	1406
268	401
268	557
268	1520
268	2253
268	2663
269	609
269	624
269	721
269	1295
269	1975
269	2539
270	496
270	890
271	520
271	2374
272	1032
272	1040
272	1097
272	1171
272	1252
272	2482
273	312
273	356
273	553
273	610
273	1309
273	1574
273	1747
274	294
274	448
274	514
274	1925
274	1961
274	2041
275	470
275	1521
275	1847
276	389
276	468
276	645
276	1167
277	993
277	2789
278	404
278	550
278	752
279	290
279	2092
279	2306
280	370
280	722
280	799
280	1221
280	2785
281	1566
281	1876
282	722
282	1801
282	1853
282	2901
283	2572
284	318
284	1052
284	1081
284	1548
284	2059
285	967
285	1183
285	1975
285	2918
286	328
286	687
286	1166
286	2011
287	690
287	1031
287	1500
288	991
288	1215
288	1477
289	387
289	463
289	486
289	592
289	600
289	795
289	962
289	1179
289	2171
290	338
290	412
290	862
290	1279
290	1559
290	1730
290	1756
290	2837
291	607
291	889
291	1142
291	1192
291	1768
291	1799
291	1855
292	505
292	589
292	661
292	713
292	742
292	830
292	972
292	1099
292	1107
292	1275
292	2762
293	377
293	484
293	495
293	1456
293	2883
294	531
295	371
295	386
295	529
295	740
296	446
296	452
296	636
296	819
296	1370
296	1786
297	402
297	491
298	1207
298	1391
299	365
299	430
299	475
299	519
300	340
300	541
300	868
300	904
300	952
300	1474
300	2406
300	2637
301	330
301	385
301	406
301	461
301	777
301	781
301	805
301	1352
301	2010
302	850
302	1950
302	2844
303	733
303	966
303	1768
303	1956
303	2724
303	2835
304	2434
305	714
305	1066
305	1908
305	2009
306	477
306	652
306	1688
306	2996
307	343
307	515
307	818
307	866
307	2001
307	2361
308	492
308	606
308	895
308	1338
308	1834
309	315
309	718
309	1550
309	2066
309	2390
310	1207
310	2205
311	343
311	348
311	628
311	735
311	750
311	940
311	2164
311	2512
311	2979
312	971
312	1076
312	1830
312	1901
312	2089
312	2378
313	337
313	618
313	676
313	744
313	771
313	1290
314	449
314	642
314	1008
314	1256
314	2383
315	319
315	403
315	473
315	636
315	1833
316	1047
316	1092
317	318
317	936
318	620
319	747
319	822
319	935
320	503
320	864
320	2576
321	328
321	625
321	836
321	881
321	1665
321	1811
321	1999
321	2186
321	2728
322	1303
322	1495
322	1497
322	1579
323	688
323	856
323	1060
323	2635
323	2857
324	354
324	781
324	853
324	1151
324	1202
324	1288
324	1702
324	2100
324	2433
324	2777
325	1671
325	2661
326	356
326	439
326	2009
326	2058
326	2385
326	2450
326	2631
327	458
327	509
327	1957
327	2145
327	2668
328	420
328	478
328	516
328	907
328	1036
328	1106
328	1111
328	1359
328	1590
328	2172
329	782
329	786
329	2062
330	2415
331	774
331	945
331	1077
331	1458
331	2999
332	666
332	790
332	1152
332	1861
332	2060
333	364
333	487
333	575
333	613
333	1354
333	2701
334	579
334	1107
334	1315
334	2801
335	366
335	567
335	637
335	999
335	2144
336	401
336	1880
336	2590
336	2815
337	539
337	593
337	645
337	858
337	1080
337	1460
337	2594
338	348
338	469
338	1770
338	2503
338	2570
339	342
339	412
339	1017
339	1402
339	1787
339	2148
339	2217
340	499
340	710
340	1703
340	2027
340	2322
341	429
341	523
341	632
341	1083
341	1112
341	1511
341	1916
341	1947
341	2177
341	2253
342	384
342	447
342	459
342	474
342	730
343	541
343	586
343	956
343	1877
344	493
344	671
344	1260
344	1626
345	502
345	588
345	936
345	1139
345	2034
345	2182
346	801
346	2377
347	623
347	644
347	757
347	909
347	1015
347	1775
347	1980
348	349
348	531
348	637
348	834
348	1027
348	1348
348	1567
348	2848
349	750
349	1218
349	2949
350	736
350	961
350	1061
350	1432
351	642
351	1185
352	425
352	525
352	744
352	763
353	622
353	1407
353	1480
353	2287
353	2451
354	379
354	1120
354	1171
354	1477
354	2447
355	382
355	560
355	587
355	633
355	780
355	825
355	1112
355	1541
355	1796
355	2950
356	1298
357	431
357	522
357	611
357	754
358	804
358	1013
359	1390
359	1440
359	2148
360	538
360	709
362	573
362	902
362	1222
363	711
363	1104
363	1472
363	2972
364	508
364	998
364	1158
364	1291
365	811
365	1079
365	1118
365	1570
365	2120
365	2215
365	2673
365	2751
365	2933
366	1088
366	1668
366	2015
367	578
367	598
367	958
368	989
368	1708
368	2931
369	1299
370	670
370	1063
370	1141
370	2109
371	480
371	552
371	1135
371	1459
372	414
372	889
372	932
372	957
372	1537
373	483
373	812
373	1523
373	2069
374	523
374	655
374	938
374	1282
374	1513
374	1808
375	481
375	587
375	951
375	958
375	1207
375	1243
375	2634
376	383
376	551
376	982
376	1093
376	1141
376	1684
376	2809
377	394
377	396
377	456
377	904
377	1875
378	667
378	1724
378	1843
379	656
379	1019
379	1070
379	1137
379	1407
379	1487
379	1673
381	1077
381	1202
381	1224
382	521
382	575
382	681
382	802
382	2903
383	834
383	1291
383	2048
384	508
384	549
384	1170
384	1233
384	1435
384	2002
384	2575
384	2926
384	2962
385	409
385	462
385	510
385	686
385	739
385	1111
385	1445
385	1657
385	2193
386	405
386	467
386	482
386	639
386	709
386	851
386	2662
387	423
387	520
388	408
388	506
388	654
388	832
388	1328
388	1458
390	594
390	1601
390	2215
390	2829
391	494
391	702
391	715
391	1870
391	2670
392	664
392	891
392	1153
392	1274
393	421
393	565
393	590
393	2327
394	790
394	794
394	1619
394	1789
394	2548
395	799
395	1052
395	1533
396	453
396	629
396	1974
396	2392
396	2409
396	2682
397	1179
397	1205
397	1301
397	1441
397	1642
398	428
398	879
398	986
398	1014
398	2298
399	415
399	2277
399	2338
400	411
400	1028
400	1378
400	1587
400	2116
400	2616
401	601
401	604
401	805
401	1478
401	1794
401	2774
402	445
402	513
402	2134
403	460
403	492
403	646
403	1136
403	1805
404	698
404	1561
404	1973
405	526
405	591
405	672
405	767
405	872
405	1621
405	1845
406	976
406	1936
407	602
407	778
407	794
407	1380
407	2186
407	2333
407	2534
408	459
409	797
409	1415
409	1833
409	2043
410	425
410	1022
410	1538
410	2332
411	905
411	1088
411	1286
411	1598
411	2030
412	646
412	1781
412	2633
412	2693
412	2882
413	1056
413	1075
413	1148
413	1350
413	1900
413	2530
413	2550
413	2801
414	708
414	1758
414	2552
415	589
415	931
415	1653
415	2737
416	619
416	2317
416	2991
417	489
417	604
417	800
417	1560
417	1612
418	462
418	724
418	1124
418	1984
418	2244
418	2498
418	2601
419	426
419	488
419	509
419	561
419	565
419	666
419	1452
419	1700
419	2096
419	2399
419	2718
420	457
420	694
420	1074
420	1484
420	1961
420	2068
420	2457
420	2939
421	745
421	1107
421	1117
421	2112
422	433
422	952
422	1446
422	1490
423	1502
424	543
424	766
424	770
424	894
424	2131
424	2585
425	536
425	1746
426	688
426	1776
426	2119
427	429
427	608
427	1244
427	2557
428	1336
428	1425
428	1471
428	2058
429	532
430	1119
431	455
431	485
431	1067
431	1499
431	2204
431	2282
432	762
432	946
432	1342
433	769
433	1476
433	1793
433	1856
433	1879
434	506
434	513
434	547
434	1548
434	1721
435	557
435	1231
435	1778
435	2019
436	443
436	1993
436	2078
437	518
437	1382
438	1057
438	1269
438	1703
439	500
439	860
439	1048
439	1105
439	1150
439	1595
439	2720
440	452
440	490
440	819
440	1556
441	500
441	600
441	618
441	2102
441	2160
442	1311
442	1376
442	1654
443	572
443	668
443	735
444	476
444	521
444	562
444	1461
444	1892
444	2836
445	592
445	1502
445	2324
446	545
446	1246
446	1417
446	2285
447	624
447	692
447	1119
448	803
448	1085
448	1683
448	2475
448	2476
448	2818
449	788
449	1484
450	570
450	675
450	746
450	1249
451	969
451	1091
452	2022
453	533
453	701
453	1064
453	1067
453	1218
453	2884
453	2994
454	481
454	542
455	548
455	859
455	966
455	1726
455	2340
455	2628
456	530
456	553
456	602
456	2508
457	651
457	1084
457	1304
457	1396
457	2206
458	610
458	738
458	1734
458	2338
459	697
459	1281
459	2006
459	2696
459	2786
460	591
460	659
460	1616
460	2494
461	853
461	1016
461	1935
462	675
462	1732
462	1891
462	2354
463	605
463	1248
463	1568
464	479
464	626
464	930
465	1097
465	1504
465	1600
465	2736
466	543
467	512
467	586
467	967
467	1714
467	2018
468	537
468	1066
468	1340
468	1890
469	1181
469	1497
469	1902
469	2917
470	848
470	1378
470	2363
470	2707
470	2974
471	559
471	753
471	1200
471	1817
471	1983
472	1174
472	2042
472	2491
473	816
473	1297
473	1522
473	2275
473	2688
474	561
474	1183
474	1236
474	1275
474	2146
475	1277
475	1854
475	2346
476	2938
477	626
477	899
477	1695
478	808
478	890
478	1540
478	1843
479	882
479	1038
479	1096
479	1555
479	1829
479	2069
480	852
481	534
481	2098
481	2188
481	2239
482	786
482	883
482	917
482	1116
482	1625
482	1675
482	2653
483	649
483	1003
483	1005
483	1449
484	490
484	2201
484	2486
485	649
485	775
485	912
485	1188
485	1246
485	1387
486	527
486	1021
486	1327
486	1559
486	2138
486	2189
486	2895
487	924
487	1132
487	1204
487	1806
487	1971
488	859
488	1115
488	2605
489	900
489	1059
489	1337
489	1895
489	2192
489	2970
490	1106
490	1464
491	512
491	1358
491	2267
491	2723
492	1815
492	2106
492	2169
492	2546
493	804
494	525
494	1032
494	1047
494	1756
494	1854
495	2260
496	652
496	777
496	901
496	1372
496	1919
496	2076
497	614
497	1042
497	1131
497	1512
497	1766
498	542
498	576
498	630
499	591
499	1160
499	1321
500	832
500	872
500	1110
500	1792
501	579
501	1010
501	1462
501	1917
502	758
502	1204
503	670
503	981
503	1312
503	1313
503	1503
503	2152
504	620
505	513
505	2823
506	1608
506	2609
506	2752
506	2971
507	821
507	1090
507	1393
508	789
508	1244
508	1624
508	2241
509	710
509	2664
510	683
510	1719
510	2513
511	661
511	1125
511	1326
511	1580
511	1914
511	2549
512	528
512	532
512	823
512	948
512	1258
512	1422
513	584
513	828
513	1363
514	517
514	934
514	1109
514	1374
514	1413
514	1655
514	1913
514	1986
514	2125
514	2344
515	1373
515	1526
515	2497
516	612
516	878
517	815
517	912
517	2100
518	583
518	882
518	1206
518	1230
519	985
519	1147
519	1661
519	1951
520	1311
520	1318
520	1479
520	1520
520	2265
520	2641
521	840
521	933
521	1352
521	1782
521	1882
522	689
522	813
523	1127
524	574
524	947
524	996
525	603
525	1398
525	2990
526	674
526	685
526	874
526	978
526	2271
527	1284
528	537
528	857
529	938
529	1510
529	1721
529	2436
530	567
530	1196
531	663
531	954
531	2198
532	808
532	919
532	1011
532	1133
532	1221
533	796
533	1855
533	2873
534	1461
535	689
535	864
535	905
535	1887
536	599
536	676
536	782
536	1475
536	1526
536	1888
537	640
537	772
537	1018
537	1569
537	1883
538	694
539	765
539	848
539	1164
539	1700
540	963
540	2217
540	2362
540	2462
541	652
541	1860
542	1033
542	1176
542	1813
542	2248
542	2541
543	560
543	667
543	679
543	776
543	1462
544	980
544	991
544	1254
544	1321
545	771
545	800
545	941
545	1551
545	1690
545	1822
545	1942
545	2624
546	577
546	748
546	857
546	1465
546	2427
547	558
547	1796
547	2553
548	654
548	897
548	1087
548	2142
549	1068
549	1078
549	1191
549	1470
549	1635
549	1842
549	2800
549	2968
550	793
550	2223
550	2515
551	573
551	1006
552	615
552	1531
552	1953
552	2080
552	2528
553	870
553	1155
553	1465
553	2644
554	1515
554	1759
554	2921
555	1597
555	2087
556	2431
557	769
557	914
557	1282
558	899
558	2229
559	630
559	2770
560	635
560	1086
560	1596
560	1818
560	1841
560	2207
560	2651
561	2029
561	2426
562	680
562	1176
562	1846
563	738
563	2095
563	2391
563	2651
564	702
564	1059
564	2022
565	740
565	1160
565	1210
566	614
566	647
566	964
566	968
566	1064
566	1072
566	1079
566	1366
566	1400
566	1795
567	616
567	647
567	798
567	923
567	1035
568	590
568	894
568	2280
568	2823
570	801
570	984
570	1065
570	1097
570	1886
570	2108
571	1359
571	2040
571	2366
572	726
572	861
572	2430
572	2497
572	2880
573	995
573	1096
575	1463
575	1537
575	1556
575	1686
575	2420
575	2715
576	593
576	1334
576	1877
577	606
577	1046
577	1154
577	1839
577	2113
578	671
578	1927
578	2106
579	641
579	681
579	2549
580	664
581	731
581	809
582	715
582	933
582	961
582	2419
582	2429
582	2589
583	734
583	1459
583	1859
584	1306
584	1821
584	2833
585	619
585	1060
585	1402
585	2499
586	1262
586	2448
587	791
587	813
588	1374
588	1581
588	1957
588	2869
589	683
589	1400
589	1450
589	1987
590	1166
590	1930
590	2354
591	928
591	2421
591	2638
592	662
592	1145
592	1772
592	2163
593	850
593	1142
593	2150
593	2411
593	2584
593	2664
593	3000
594	1764
594	2456
594	2797
595	720
595	861
595	878
595	956
595	1651
595	1988
595	2263
596	725
596	885
596	1763
596	2700
596	2730
597	1360
597	2897
598	1954
599	1895
600	611
600	1437
601	719
601	843
601	1759
602	855
602	1245
602	1369
603	757
603	880
603	942
603	1019
603	1688
603	2964
604	1629
605	1423
605	1712
606	916
606	1016
606	1223
607	758
608	2181
608	2758
609	876
609	1516
609	1690
609	2107
609	2269
610	841
610	1826
610	2520
611	810
612	973
612	1365
612	1666
612	2989
613	720
613	766
613	955
613	1160
613	1432
613	2379
613	2916
614	1946
614	2088
614	2825
615	896
615	915
615	1076
616	1374
616	1514
616	2335
617	716
617	2466
618	785
618	818
618	1553
618	1641
618	2334
619	2671
619	2884
620	833
620	1843
620	2121
620	2532
621	717
621	2885
622	677
622	728
622	1317
622	1699
622	1868
622	2639
623	1270
624	1251
624	1620
624	1909
625	1102
625	2059
625	2470
626	712
626	824
626	1057
626	1355
626	1593
626	2862
627	982
627	2030
628	668
628	1087
629	803
629	1168
629	2054
630	700
630	826
630	1631
630	2282
630	2316
630	2628
631	682
631	1858
632	648
632	802
632	1002
632	1065
632	1199
632	1473
632	1623
633	659
633	780
633	1592
633	1758
633	2691
633	2865
634	760
635	705
635	1203
635	1695
636	1049
636	2139
636	2996
637	731
637	1388
638	2104
638	2177
639	644
639	1229
639	1786
639	2226
639	2617
641	663
641	684
641	707
641	994
641	2037
641	2202
641	2350
642	713
642	1640
643	2398
644	1779
644	2516
646	1637
647	1092
647	1932
647	2811
648	793
648	951
648	1742
648	2042
649	791
650	732
650	1749
651	2371
652	1113
652	1715
653	1867
654	1050
654	2180
655	684
655	806
655	1383
656	1175
656	1345
656	1629
657	695
657	753
657	1356
657	1884
658	1676
659	1172
660	875
660	1552
660	1644
661	677
661	844
661	930
661	1298
661	1349
661	1586
662	1393
662	1805
662	2369
662	2391
663	1071
664	667
664	723
664	787
664	871
664	1151
665	983
665	1259
666	1083
666	1601
667	816
667	1360
668	1075
668	1190
668	1547
669	1095
669	2425
669	2562
669	2970
670	1030
670	1384
670	2038
670	2686
670	2702
671	981
671	1405
672	1574
672	2500
673	690
673	1131
673	1742
675	1394
675	1649
676	817
676	822
676	2514
676	2724
677	701
677	761
677	786
677	1018
677	1479
677	1882
677	2793
678	773
678	971
678	1276
678	2259
679	1193
679	1609
680	751
680	778
680	914
680	2029
681	2754
682	1240
682	1395
682	2281
683	736
683	980
683	1230
683	1929
683	2930
684	1491
684	1531
684	2579
685	2321
685	2948
686	1436
688	773
688	817
688	900
688	1063
689	1167
690	1517
691	696
691	1146
691	1271
691	1278
691	1754
691	2070
692	1492
692	1514
692	1861
692	2612
693	919
693	1419
693	2084
693	2965
694	696
694	1864
695	1498
695	2108
696	727
696	934
696	1349
696	1353
696	2112
697	856
697	988
697	1181
697	1431
697	2435
698	886
698	943
698	1033
698	2468
698	2693
699	1034
699	1044
700	835
700	1216
700	2187
701	761
701	1503
701	2531
702	2198
703	804
703	1645
703	1732
703	2309
703	2406
704	2003
705	1017
705	1208
705	1941
706	942
706	1451
706	1729
707	987
707	1127
707	1546
707	1724
707	2079
707	2368
707	2815
709	849
709	876
709	1922
710	1100
710	1454
710	2605
711	751
711	827
711	993
711	1068
712	865
712	1093
713	721
713	921
713	1851
713	1977
714	1627
715	762
715	1072
715	1557
715	2294
716	759
716	874
716	959
716	2381
716	2713
716	2812
717	1347
717	1411
717	1486
717	1498
717	1522
717	2202
717	2243
719	835
719	1004
719	1022
719	1583
719	2876
720	743
720	1615
721	1233
721	1420
721	1739
722	1001
723	1361
723	1568
724	754
724	884
724	1741
724	2057
724	2453
725	729
725	736
725	1337
725	1381
725	2000
725	2373
725	2843
726	756
726	901
726	2090
726	2137
726	2565
727	1438
727	1524
727	1644
727	2866
728	828
728	964
728	1507
728	1693
728	2478
729	873
729	1028
730	918
730	1121
730	1924
730	2783
731	2372
731	2957
732	812
732	1549
733	1819
733	2586
734	1058
734	1734
735	926
735	1440
736	1382
736	1860
737	871
738	979
738	2559
739	920
739	1177
739	1505
739	1804
739	2851
740	969
740	2452
741	765
741	847
741	869
741	1582
741	2349
742	748
742	836
742	932
742	2946
743	779
743	1007
743	1121
743	1186
744	976
744	1719
744	2779
745	922
745	1134
745	1217
745	1628
746	1225
746	1593
746	2278
747	1090
747	1995
749	1378
749	1617
749	1731
750	925
751	909
751	1241
751	1457
751	1694
751	1978
751	2074
752	929
752	2610
752	2798
753	833
753	892
753	1156
753	1174
753	1428
753	1605
753	2256
753	2288
753	2342
753	2864
754	755
754	2093
754	2136
754	2296
755	1049
755	1094
756	1970
756	2427
756	2714
757	824
757	1104
758	891
758	2379
759	887
759	1308
759	1310
759	1966
759	2107
759	2194
759	2989
760	1250
760	1809
760	1985
760	2048
760	2060
761	1009
761	1123
761	1227
761	1996
761	2649
763	2123
763	2156
763	2510
764	1362
764	1371
766	913
766	1099
766	2283
766	2313
766	2624
767	1466
767	1972
767	2170
768	986
768	1705
769	1272
769	2466
770	1489
771	1132
771	1312
772	965
772	1192
773	1277
773	1969
774	2870
775	945
775	950
775	1095
776	862
776	1061
776	1069
776	1945
776	2297
777	829
777	870
777	907
777	952
778	1012
778	1793
780	1009
780	1089
781	793
781	1135
781	1532
781	1841
781	1864
782	2167
783	1512
783	1713
783	1765
784	846
784	1884
785	889
785	892
785	1157
785	2245
786	949
786	1894
786	2144
787	898
787	1023
787	1935
787	2393
788	1372
789	2538
790	880
790	1139
790	2576
791	1136
791	1965
791	2894
791	2909
791	2997
792	897
792	2063
792	2762
793	1199
793	2191
794	2452
795	1213
795	1918
796	1087
796	1114
796	1467
796	1844
796	2692
797	1100
797	1876
797	2167
798	1717
798	1966
798	2319
798	2345
798	2389
799	842
799	898
799	904
799	1343
799	1727
799	1741
799	2484
800	1280
800	2445
800	2563
800	2739
800	2852
800	2868
801	1228
802	1154
802	1402
802	1508
802	2373
802	2441
803	838
803	1612
803	2703
804	950
804	974
804	2558
805	807
805	1031
805	1589
805	1692
806	1250
807	910
807	1122
807	1356
807	2315
808	863
808	941
808	1163
808	1389
808	1634
808	1982
808	2405
809	815
809	1296
809	1539
809	1659
809	1783
809	2477
809	2983
811	1751
812	987
812	1213
812	1457
812	1510
812	2016
813	920
813	1824
813	2825
814	1327
814	1534
815	1322
815	1846
816	860
816	1565
817	1048
817	1744
817	2474
818	972
819	841
819	1103
819	1203
819	1500
819	1819
819	2918
820	1045
820	1287
820	2164
821	923
821	1237
821	1346
821	1868
821	2245
822	2718
823	1694
823	2024
823	2159
823	2275
825	925
826	1710
826	2348
827	1949
827	2249
827	2540
828	996
828	1381
828	2197
829	1149
829	1189
829	1342
829	2049
829	2647
830	1940
831	1325
831	1421
831	2913
832	959
832	964
832	1140
833	1173
833	1615
833	2238
834	846
834	1029
834	1639
835	873
835	1308
835	1363
835	2172
835	2980
837	1126
837	1211
837	2534
838	2184
838	2336
839	977
839	2039
839	2686
840	937
841	910
841	1146
841	1917
842	1367
842	1534
842	1590
842	2124
843	988
843	1812
843	2242
843	2568
844	2165
845	1201
845	1448
845	2623
845	2999
846	1385
846	1881
848	994
848	1037
848	2455
849	957
849	1258
849	1753
849	2222
850	1138
850	1610
850	1933
852	887
852	1060
852	1260
852	1268
852	1406
852	1993
852	2037
852	2485
852	2765
853	2972
854	1040
854	1067
855	1718
855	2006
856	1137
856	1544
857	1069
857	1155
857	1255
857	1264
857	2181
857	2852
859	875
859	944
859	946
859	1178
860	1798
860	2077
861	1332
861	1455
861	1468
861	1523
862	974
863	2113
864	989
865	885
865	1595
865	2115
865	2238
866	1109
867	1101
867	2706
867	2881
867	2889
868	1466
870	1676
870	1862
872	1186
872	1387
872	1453
872	2343
873	1107
873	1267
873	1856
873	1972
873	2906
874	935
874	1491
874	2237
875	1544
876	1310
876	1677
876	2791
877	1281
877	1713
877	2302
878	998
878	1549
879	2228
881	908
881	926
881	2087
881	2788
882	1299
882	1397
882	2868
883	2673
883	2788
884	2608
885	1943
885	2502
886	1277
886	1451
886	1845
886	1931
886	2152
887	992
888	1299
888	1673
888	2760
889	1012
889	1024
889	1474
889	1827
889	2912
890	893
890	1163
890	2039
891	1421
893	1002
893	2014
894	1424
895	896
895	1082
896	955
896	1229
896	1343
897	1373
897	1817
897	2061
897	2109
897	2236
898	922
898	947
898	1172
898	1755
898	2190
900	1086
900	1414
901	1871
902	2192
902	2231
902	2671
903	1306
903	2458
904	1674
904	2173
904	2195
904	2876
904	2926
905	1280
905	1292
905	2742
906	1820
906	2117
907	931
907	954
907	2012
908	944
908	1041
908	1660
908	2939
909	1205
909	1611
910	2526
910	2536
910	2927
911	1231
911	1401
911	1725
911	2042
911	2900
912	1251
912	1283
912	1637
912	2694
913	2224
914	2726
915	1015
915	1707
916	1196
916	2214
916	2458
917	1143
917	1821
917	1948
917	2954
918	2703
918	2854
919	1226
919	2526
920	1242
920	1294
920	2748
921	1628
921	1692
921	2646
922	927
922	1120
922	1259
922	1564
922	1588
922	1638
922	1672
924	1546
924	2700
925	1637
925	2745
925	2904
926	1219
926	1606
926	2487
926	2904
927	1584
928	1108
928	1225
928	2863
929	1187
929	2145
929	2395
930	1542
931	1238
931	1256
931	1646
932	1003
932	1045
932	1608
932	1890
932	1898
933	1586
933	1965
933	2507
934	1114
934	2947
935	1240
935	2732
937	1562
938	1074
938	1449
938	1899
939	1378
940	1316
940	2905
941	965
941	1831
941	2044
941	2321
941	2511
942	1073
942	1175
942	1670
942	1709
942	2405
942	2667
942	2744
943	1365
943	1981
943	2271
943	2716
944	1010
945	1830
946	1129
947	983
947	1169
947	2274
948	1319
948	2950
950	1143
951	1680
951	2698
952	1871
952	2267
953	1735
953	1738
954	1149
955	2987
957	1212
957	1399
957	2396
957	2954
958	1737
959	1469
959	1998
959	2736
961	1008
961	1987
961	2089
961	2583
963	1558
963	2155
964	1257
964	2174
965	1026
965	1355
965	1816
965	2493
966	1916
967	1046
967	1261
967	2158
967	2541
968	1799
969	1082
970	2820
972	1429
972	2329
973	984
973	2240
974	1351
974	1469
974	1857
975	2857
976	1334
976	1518
976	1716
976	1754
977	1493
977	1878
977	2730
978	1115
978	2149
979	1201
980	1388
980	1696
980	1942
980	2028
980	2752
981	1376
982	1180
982	1293
982	2940
983	1000
984	1188
984	2525
984	2981
985	1110
985	1480
985	1494
985	2501
986	1992
986	2471
986	2553
988	2301
989	1460
989	2115
989	2767
990	1633
990	2764
991	1740
991	2372
991	2429
992	2712
993	1323
993	1370
993	1756
994	1500
994	2003
994	2747
995	1125
995	1411
995	2356
996	1994
996	2053
996	2839
997	1053
997	1964
997	2713
998	1044
998	1683
998	2109
998	2918
999	1731
999	2175
1000	1078
1000	1297
1000	1331
1000	1535
1001	1423
1001	1805
1001	2654
1002	1428
1002	1485
1002	2438
1003	1958
1003	2359
1003	2953
1004	1752
1004	2008
1004	2447
1004	2714
1005	1583
1005	1750
1005	1802
1006	1320
1006	2377
1006	2644
1006	2701
1007	2777
1008	1903
1009	1554
1009	2784
1010	1026
1011	1626
1011	1920
1011	2120
1011	2914
1012	1488
1012	2141
1012	2307
1012	2635
1013	1351
1014	1162
1014	1392
1015	1126
1015	1265
1015	1467
1015	2347
1015	2805
1019	1324
1019	1388
1020	1054
1020	1273
1022	2602
1023	2135
1023	2582
1023	2763
1024	2028
1025	1723
1025	2344
1025	2591
1026	1967
1026	2518
1027	1043
1027	1536
1027	2211
1028	1453
1028	1656
1028	2211
1029	1182
1029	1322
1029	1335
1029	1470
1029	2352
1030	2582
1031	1179
1031	1396
1031	1720
1031	2919
1032	1080
1032	1885
1033	1055
1034	2771
1035	1634
1036	1476
1037	1042
1037	1195
1037	1214
1038	1100
1038	1339
1039	2522
1040	1161
1040	1490
1040	2093
1041	1300
1041	1687
1041	1886
1041	2858
1042	1289
1043	1118
1043	1159
1043	1921
1044	1889
1044	2332
1045	1677
1046	1445
1047	2052
1047	2415
1048	2414
1048	2461
1049	1157
1049	2523
1050	1395
1050	1425
1050	1706
1051	1325
1051	2772
1052	1643
1053	2097
1054	1358
1054	1571
1054	1886
1054	2335
1054	2533
1055	2025
1055	2324
1057	1326
1057	1661
1057	2487
1058	1330
1058	2274
1059	1170
1059	1288
1060	1103
1060	1177
1060	1951
1060	2451
1060	2517
1061	1486
1061	2404
1062	1412
1062	2201
1062	2367
1063	1541
1063	1927
1063	2908
1064	1085
1064	2094
1065	1317
1066	2746
1067	1162
1067	1227
1067	1357
1067	1447
1067	1717
1067	2715
1067	2845
1069	1341
1070	2074
1071	1084
1071	1636
1072	1602
1072	2482
1073	1326
1073	2185
1073	2294
1073	2675
1074	1596
1074	1822
1074	1883
1074	2872
1076	1249
1076	1609
1076	2524
1078	2044
1079	1450
1079	1528
1079	1560
1079	1994
1079	2506
1081	2551
1081	2813
1082	1569
1082	1762
1083	1194
1083	1629
1084	1108
1084	1524
1084	1568
1084	2559
1085	2482
1086	2266
1087	2002
1087	2962
1088	2655
1088	2669
1089	1207
1089	1301
1089	1429
1089	1587
1090	1161
1090	1416
1090	2629
1090	2849
1091	2437
1091	2741
1092	2210
1093	1186
1093	1772
1094	1511
1095	1506
1095	1585
1096	1138
1096	1728
1096	2652
1097	1198
1097	1729
1097	2078
1099	1656
1099	1847
1100	1667
1100	2535
1100	2820
1100	2907
1101	1272
1101	1682
1101	2136
1101	2176
1101	2680
1102	1909
1103	1226
1103	1392
1103	1840
1103	2828
1104	1350
1105	1444
1105	1464
1106	1237
1106	1604
1107	2122
1108	1923
1108	1979
1109	1180
1109	1471
1110	2255
1110	2737
1111	1788
1111	2606
1112	1169
1113	2183
1113	2485
1114	2412
1114	2495
1115	1630
1115	2310
1115	2678
1117	2219
1118	1464
1121	1283
1123	1645
1123	1944
1123	2269
1123	2925
1124	2251
1125	2029
1126	1726
1126	1930
1126	2850
1127	2157
1128	1845
1129	1838
1129	1989
1129	2690
1130	2589
1131	1655
1131	2132
1132	2388
1133	2218
1133	2467
1133	2816
1134	1336
1135	1347
1135	1472
1136	1485
1136	2483
1137	1584
1137	2150
1137	2358
1138	2442
1138	2645
1139	1802
1140	2291
1141	1736
1141	1831
1142	1838
1142	1845
1142	1911
1143	1664
1143	1829
1143	2592
1144	1243
1144	1863
1145	1292
1145	1399
1145	2053
1146	1499
1146	1691
1146	2025
1146	2031
1146	2142
1146	2630
1147	1678
1147	1775
1148	1483
1148	1850
1148	1862
1148	2013
1148	2213
1148	2408
1148	2796
1149	1278
1149	2046
1150	1415
1150	2918
1151	1296
1151	1737
1152	1279
1152	2207
1152	2264
1153	1220
1154	1753
1154	1851
1154	2329
1154	2547
1155	1257
1156	2608
1156	2759
1157	1611
1157	2566
1158	2240
1158	2273
1158	2664
1159	1270
1159	1384
1159	1572
1159	1676
1160	2602
1162	1289
1162	1329
1162	1781
1163	1228
1163	1368
1163	1867
1163	2591
1165	1330
1166	1185
1166	1424
1166	1653
1167	2260
1168	1504
1169	1869
1169	2233
1170	1333
1170	1501
1170	1575
1171	1420
1171	1552
1173	1197
1174	1427
1174	2925
1175	1625
1175	1797
1175	2622
1176	1286
1176	1287
1176	1533
1178	2477
1181	2241
1181	2710
1182	1652
1182	2544
1183	1256
1183	1368
1184	2376
1185	2940
1187	1245
1187	2603
1187	2923
1188	1852
1189	2127
1190	1519
1190	2352
1190	2502
1191	1224
1191	1361
1191	1404
1191	1496
1191	1807
1191	2007
1191	2013
1192	1488
1193	2607
1194	1439
1194	1738
1194	2366
1195	1648
1196	1711
1196	2512
1197	1730
1197	2134
1197	2386
1198	1922
1198	2035
1199	1232
1199	1812
1199	2222
1200	1980
1200	2011
1201	1223
1201	1273
1201	1379
1201	1444
1202	1208
1202	1404
1202	1946
1202	2683
1202	2888
1204	1532
1204	1613
1204	2116
1205	1253
1205	1315
1205	1610
1205	1679
1205	1686
1206	2219
1206	2579
1207	1441
1207	1529
1207	2080
1207	2223
1207	2997
1208	1247
1208	1473
1208	2412
1209	1539
1209	2621
1210	1241
1210	2010
1211	2400
1213	1662
1214	1592
1214	2599
1215	1333
1215	1836
1216	1509
1216	1844
1217	1238
1217	1685
1217	2121
1218	1248
1219	1446
1219	2183
1220	1413
1220	1622
1221	1778
1222	1252
1222	1647
1223	1971
1223	2246
1224	1262
1224	1576
1224	1905
1224	2086
1224	2369
1226	1743
1226	2735
1227	1344
1227	1434
1228	1318
1228	1663
1228	2123
1228	2259
1229	1852
1229	2397
1229	2808
1230	2132
1231	2295
1232	2055
1232	2960
1233	1481
1233	2106
1234	1978
1235	1555
1235	2478
1236	1603
1236	2518
1238	1562
1239	1627
1239	2110
1240	1408
1241	1722
1242	1403
1243	2330
1243	2859
1246	1290
1246	2064
1247	1487
1247	1602
1247	2463
1248	1581
1248	2569
1249	1401
1250	1750
1250	1777
1251	1332
1251	1501
1252	2615
1253	1314
1253	1439
1253	1516
1253	1839
1255	1463
1255	1995
1255	2125
1256	1804
1256	1857
1256	2357
1259	1632
1260	1679
1260	1974
1260	2514
1261	1267
1261	1912
1261	1960
1261	2711
1261	2924
1263	1285
1263	1354
1263	2525
1264	1493
1266	1545
1266	1557
1266	2472
1267	2310
1268	1364
1268	1825
1268	2425
1268	2851
1269	1303
1269	2768
1271	2666
1271	2675
1271	2705
1272	1276
1272	1955
1272	2268
1273	1320
1273	1816
1274	1346
1275	1808
1276	1698
1276	2496
1276	2860
1276	2948
1278	2544
1279	2094
1279	2146
1280	1796
1281	1553
1281	2085
1282	2114
1284	1779
1285	1563
1286	1931
1287	1383
1287	2190
1288	1398
1288	1983
1288	2019
1288	2606
1289	1958
1289	2301
1290	2210
1290	2932
1291	1982
1292	1357
1292	2607
1294	2041
1294	2325
1294	2973
1295	1962
1296	1600
1296	2941
1298	2882
1299	1614
1299	2516
1300	2571
1301	2017
1301	2248
1302	1603
1303	1825
1303	2551
1304	1426
1304	1642
1305	2448
1305	2931
1306	2290
1307	2499
1308	2564
1309	1375
1309	1875
1309	1934
1309	2838
1310	2512
1311	1345
1311	2141
1311	2627
1311	2782
1312	1631
1312	1939
1313	2459
1314	1442
1314	2191
1314	2562
1315	1848
1315	2409
1317	2449
1318	1551
1319	1936
1321	1331
1321	1828
1321	2738
1322	1761
1322	2915
1323	1410
1323	1561
1323	2296
1324	2689
1325	2170
1325	2323
1327	2463
1327	2990
1328	1873
1329	2892
1330	1341
1330	1580
1330	2695
1332	1905
1332	2035
1332	2414
1332	2439
1334	1604
1334	2251
1335	1617
1335	1988
1336	1937
1337	1642
1338	2521
1339	2489
1341	2864
1343	1664
1343	2531
1345	2529
1345	2710
1346	1689
1346	2343
1347	1443
1347	1647
1347	2904
1348	1525
1348	2554
1348	2620
1349	1573
1349	2622
1349	2822
1350	1630
1350	2320
1351	1837
1351	2890
1351	2982
1353	2168
1354	2095
1355	2769
1356	1509
1356	2075
1357	1412
1357	1697
1357	2275
1359	2586
1360	1671
1360	2501
1360	2775
1362	1540
1362	1745
1362	2297
1363	1667
1363	1844
1363	2700
1363	2810
1364	1767
1364	2490
1365	2446
1366	2257
1366	2588
1367	1481
1367	1662
1367	2099
1367	2179
1368	1372
1368	1418
1370	2941
1370	2951
1371	1837
1373	1678
1374	2166
1375	1773
1375	1807
1376	1811
1376	2479
1377	1665
1378	1703
1379	2030
1379	2331
1380	1571
1380	2034
1381	1672
1381	1748
1381	2598
1382	1964
1382	2676
1385	1543
1385	2086
1385	2126
1385	2936
1387	1736
1387	1771
1387	2561
1388	1545
1388	2092
1389	1434
1389	1849
1389	2328
1389	2814
1390	1607
1390	2428
1391	2555
1392	1413
1392	2479
1392	2966
1393	1433
1394	1906
1395	1919
1395	2946
1396	1566
1396	1801
1397	1576
1397	1704
1398	1954
1398	2583
1399	2785
1401	2026
1404	1414
1404	1761
1405	1619
1406	1967
1407	2149
1407	2854
1408	2943
1410	1658
1410	2061
1411	2804
1412	1543
1415	1641
1415	1947
1415	2232
1416	1651
1417	1827
1417	2070
1418	1885
1419	1447
1419	2527
1422	2236
1423	1640
1424	1427
1424	1455
1425	2133
1425	2307
1426	1496
1426	1705
1427	1429
1428	2574
1428	2658
1429	1438
1429	2446
1429	2909
1430	1494
1430	2001
1430	2289
1431	2512
1431	2623
1431	2640
1432	2145
1434	2618
1434	2837
1435	2068
1436	2351
1439	2630
1440	1507
1440	2969
1441	1648
1441	1953
1441	2476
1443	2262
1443	2698
1443	2934
1444	1707
1444	2632
1445	2886
1448	1902
1448	2079
1450	1542
1450	2802
1451	1782
1451	2720
1452	1639
1452	2040
1456	1594
1456	2235
1458	1824
1458	2407
1458	2749
1458	2937
1460	1764
1460	2144
1462	1766
1462	2527
1462	2795
1463	1757
1463	1870
1464	1599
1464	1614
1464	1997
1465	1994
1465	2049
1465	2362
1466	1776
1466	2130
1467	1878
1468	2263
1471	1646
1471	2279
1471	2738
1472	1835
1472	2316
1473	1495
1473	1618
1473	2333
1475	1578
1475	2423
1475	2794
1478	2537
1479	2717
1479	2902
1480	1952
1480	2976
1481	1658
1481	1979
1481	2153
1481	2312
1481	2611
1482	1525
1482	1848
1482	2743
1483	2209
1483	2454
1484	1790
1485	2805
1487	2397
1487	2645
1489	2470
1490	1547
1490	2492
1491	1535
1491	2394
1492	1714
1494	2304
1496	1573
1497	1747
1497	1784
1497	1925
1497	1998
1497	2285
1497	2327
1498	2810
1499	2081
1499	2871
1500	1506
1500	2247
1501	1763
1502	1565
1502	1723
1504	1529
1504	2162
1504	2272
1504	2874
1505	2212
1507	2455
1508	1965
1508	2050
1508	2221
1509	2911
1510	2244
1510	2993
1511	1697
1511	2096
1511	2657
1512	2304
1513	2216
1515	1660
1517	1519
1517	1527
1517	1675
1517	2616
1518	1826
1518	2679
1520	1591
1520	2711
1520	2934
1521	1820
1521	2892
1522	1565
1522	2908
1523	1959
1523	2524
1524	2137
1525	1910
1526	2091
1528	1670
1528	2213
1528	2660
1529	1666
1530	1635
1530	1852
1531	2827
1532	1795
1532	2780
1532	2928
1534	2018
1534	2045
1534	2348
1535	2067
1535	2279
1535	2592
1536	1633
1536	1893
1537	2528
1539	1720
1541	2083
1542	2102
1543	2288
1543	2309
1543	2759
1544	1575
1544	2158
1545	2910
1547	1973
1547	2341
1548	2200
1548	2224
1549	1582
1549	2760
1549	2782
1550	2105
1551	2256
1552	2554
1553	2085
1553	2302
1553	2509
1554	2761
1555	2400
1556	1624
1556	2550
1558	1681
1560	2790
1561	1636
1561	2597
1563	1915
1563	1952
1563	2343
1564	1579
1564	2110
1565	2361
1566	1668
1566	2173
1567	1767
1567	1914
1567	1932
1567	2819
1568	2175
1570	1652
1570	1944
1570	2054
1570	2707
1571	1894
1571	2621
1572	2435
1572	2744
1573	1638
1573	1770
1573	1981
1574	1845
1575	2064
1575	2230
1575	2311
1576	1912
1577	1962
1577	2043
1579	2402
1580	1711
1580	2032
1580	2681
1580	2899
1580	2952
1581	1716
1581	2997
1582	2318
1584	2596
1584	2774
1585	2806
1586	2727
1587	1684
1587	2205
1588	2657
1589	2422
1590	2155
1591	2157
1591	2386
1591	2679
1592	1866
1592	2467
1592	2898
1593	1904
1593	1956
1593	2305
1595	2012
1595	2897
1596	1936
1596	2438
1597	2159
1597	2299
1600	1823
1601	2610
1603	2179
1603	2290
1603	2404
1604	1985
1606	1701
1606	2221
1607	1814
1608	1823
1608	1911
1610	2203
1610	2494
1611	1669
1611	2336
1613	1932
1614	1733
1614	1889
1614	2786
1614	2831
1615	1777
1615	2351
1615	2735
1616	2293
1618	1706
1618	2325
1619	2184
1619	2416
1621	1696
1621	1805
1621	2942
1622	1803
1622	1897
1622	2445
1623	1659
1625	1703
1626	2235
1626	2543
1629	2161
1629	2247
1629	2722
1630	1901
1630	2761
1630	2787
1631	2654
1633	1863
1633	2578
1635	2393
1636	2708
1637	1762
1638	1794
1638	2023
1639	1992
1639	2754
1641	2055
1642	1907
1644	1897
1644	2154
1645	2731
1645	2930
1646	2021
1647	1692
1648	1769
1648	1881
1649	1774
1649	1819
1650	2399
1652	2195
1652	2403
1652	2460
1653	2187
1654	1835
1654	2963
1655	1765
1655	2471
1657	2355
1658	1800
1658	1938
1658	2289
1659	2826
1659	2988
1660	1663
1660	1933
1661	2276
1662	1690
1662	2417
1662	2702
1664	1840
1664	2242
1664	2250
1667	2163
1667	2547
1667	2584
1668	1687
1669	2401
1669	2977
1670	2312
1671	2440
1671	2503
1672	1710
1672	1744
1672	2733
1673	2706
1673	2994
1674	1838
1674	2082
1675	2365
1676	2634
1678	2078
1678	2750
1679	1898
1680	2314
1680	2735
1681	2560
1682	2024
1684	1803
1684	2140
1685	2769
1686	2036
1686	2208
1687	1774
1688	2361
1689	1818
1689	1990
1689	2154
1690	2204
1691	1989
1693	2893
1694	2385
1694	2434
1695	2704
1696	1849
1696	1923
1697	1769
1697	1832
1697	2568
1698	2460
1699	2063
1700	1809
1700	2780
1701	2469
1701	2678
1702	1900
1703	2129
1703	2237
1704	2607
1707	2847
1708	2590
1708	2639
1709	2090
1709	2311
1710	2676
1711	1715
1712	1921
1715	1771
1716	2841
1717	2552
1717	2683
1717	2959
1719	1788
1720	2816
1722	2879
1724	2867
1725	1986
1727	2770
1728	1746
1728	2937
1729	1791
1730	2560
1731	1790
1731	2360
1731	2465
1732	2680
1732	2878
1733	2581
1734	1976
1735	1929
1738	1955
1739	2065
1739	2231
1740	2143
1741	1785
1741	2339
1742	1749
1742	2287
1742	2359
1742	2661
1743	2344
1743	2364
1743	2442
1743	2593
1745	1784
1745	1994
1747	2065
1747	2273
1747	2361
1748	1865
1748	1941
1748	2776
1749	1836
1749	2002
1749	2537
1749	2620
1750	2126
1751	1990
1751	2248
1752	2111
1753	2382
1753	2812
1754	2234
1755	1949
1755	2178
1756	1773
1756	1806
1756	1903
1756	2196
1756	2600
1756	2682
1757	2008
1757	2225
1758	2697
1759	1874
1761	2133
1763	2753
1764	2308
1764	2781
1765	2305
1766	2473
1766	2874
1767	2075
1767	2569
1767	2842
1768	2047
1768	2449
1769	2587
1770	2685
1772	2674
1773	2292
1773	2913
1774	1888
1774	2975
1776	2505
1777	1791
1777	2218
1778	2585
1779	2118
1780	2122
1780	2546
1781	2284
1782	2376
1783	2228
1784	2050
1784	2456
1785	2595
1786	2252
1786	2845
1786	2923
1787	2276
1787	2881
1790	1904
1791	2395
1792	2965
1794	2020
1795	2859
1796	2669
1797	2768
1799	2314
1800	2250
1801	2561
1801	2888
1803	2462
1805	1913
1805	2500
1805	2978
1806	1872
1806	2166
1807	2255
1808	2091
1809	2512
1814	2188
1815	2303
1816	2254
1817	1926
1817	2225
1817	2469
1818	2226
1819	2371
1819	2680
1820	2570
1821	1999
1822	2722
1823	1892
1823	1963
1823	2515
1824	1926
1824	2220
1825	2217
1825	2343
1829	2423
1830	2151
1830	2168
1830	2912
1832	2795
1833	2613
1834	2239
1834	2522
1835	2571
1837	2661
1838	2880
1841	2834
1842	2033
1844	2128
1850	2349
1851	2326
1852	1869
1852	1969
1852	2733
1854	1887
1855	2643
1856	2322
1856	2441
1857	2143
1858	2955
1859	1923
1859	2258
1860	2131
1860	2870
1863	2135
1863	2342
1864	2966
1866	2418
1866	2955
1867	2318
1867	2957
1868	2704
1869	1943
1870	2613
1873	1924
1874	2077
1878	2111
1878	2649
1878	2766
1879	1910
1880	1991
1881	1928
1881	2778
1883	2936
1884	2840
1885	2798
1885	2811
1885	2878
1886	2136
1886	2387
1886	2433
1887	1934
1888	2147
1890	2567
1891	2648
1892	2254
1892	2728
1893	2051
1893	2286
1895	2340
1896	2348
1898	2104
1898	2609
1898	2896
1899	1960
1900	1918
1900	2513
1901	2292
1903	2229
1904	2199
1904	2330
1906	2197
1907	2021
1907	2081
1907	2265
1908	2042
1909	2000
1909	2536
1909	2786
1910	2509
1912	2578
1914	2117
1914	2193
1914	2709
1915	2725
1916	2162
1917	1976
1918	2088
1918	2308
1918	2382
1920	1961
1922	2632
1922	2660
1923	2916
1924	2523
1927	2262
1927	2364
1927	2656
1928	2023
1928	2200
1930	2261
1930	2927
1931	2989
1932	2764
1935	2300
1935	2914
1936	1938
1937	2129
1937	2952
1937	2995
1942	2784
1944	2174
1945	2160
1946	1968
1947	2898
1949	2161
1952	2341
1953	2214
1953	2887
1955	2016
1955	2979
1960	2943
1961	2257
1963	2814
1964	2566
1964	2719
1964	2836
1965	2668
1965	2861
1966	2403
1966	2985
1967	2723
1970	2511
1971	2032
1972	2281
1972	2542
1972	2922
1973	2176
1974	2398
1976	2067
1979	2045
1979	2073
1979	2103
1979	2156
1980	2394
1980	2538
1981	2020
1982	2575
1983	2545
1984	2062
1984	2483
1984	2593
1985	2306
1985	2545
1986	2431
1994	2375
1994	2520
1996	2033
1996	2712
1998	2005
2000	2418
2002	2529
2003	2072
2004	2337
2004	2498
2005	2071
2006	2542
2010	2128
2011	2381
2013	2743
2015	2334
2016	2138
2018	2036
2020	2174
2020	2625
2020	2877
2022	2243
2022	2313
2023	2196
2024	2443
2025	2363
2026	2750
2028	2402
2029	2331
2029	2506
2029	2633
2030	2740
2032	2839
2033	2227
2036	2436
2036	2773
2037	2461
2037	2679
2041	2390
2041	2490
2041	2775
2042	2564
2042	2721
2043	2139
2044	2076
2047	2171
2049	2915
2049	2974
2050	2280
2053	2220
2053	2367
2053	2573
2057	2337
2057	2647
2058	2786
2061	2066
2061	2938
2065	2430
2065	2807
2066	2212
2066	2653
2067	2182
2068	2480
2072	2481
2074	2830
2075	2249
2078	2227
2078	2258
2080	2178
2082	2258
2082	2505
2083	2337
2085	2509
2085	2820
2089	2099
2089	2691
2090	2806
2090	2932
2093	2370
2093	2887
2095	2433
2096	2298
2096	2493
2096	2802
2098	2771
2099	2101
2101	2360
2101	2588
2102	2162
2102	2611
2106	2896
2108	2636
2108	2842
2111	2491
2113	2194
2114	2819
2116	2496
2116	2928
2116	2998
2118	2346
2118	2650
2119	2408
2120	2881
2120	2911
2121	2180
2122	2457
2125	2773
2128	2966
2129	2692
2133	2407
2135	2543
2138	2303
2140	2667
2141	2751
2141	2817
2144	2384
2149	2580
2151	2264
2151	2831
2152	2212
2153	2804
2153	2856
2154	2565
2154	2977
2155	2174
2156	2428
2156	2696
2156	2747
2158	2734
2161	2517
2161	2755
2166	2375
2166	2959
2167	2355
2175	2326
2177	2420
2178	2681
2180	2206
2186	2690
2187	2556
2187	2572
2188	2323
2192	2504
2192	2599
2194	2962
2195	2474
2196	2270
2196	2983
2201	2209
2201	2763
2207	2380
2207	2443
2207	2986
2208	2715
2211	2488
2212	2446
2213	2246
2214	2580
2215	2328
2217	2832
2218	2961
2221	2577
2223	2617
2225	2717
2227	2781
2228	2705
2228	2808
2229	2473
2230	2689
2235	2692
2236	2378
2237	2800
2241	2426
2241	2708
2242	2353
2243	2745
2244	2809
2245	2960
2246	2377
2246	2392
2246	2555
2249	2400
2250	2846
2251	2699
2252	2886
2253	2419
2253	2665
2253	2742
2253	2850
2259	2380
2260	2504
2268	2488
2273	2424
2275	2333
2286	2895
2289	2685
2291	2600
2291	2856
2293	2315
2294	2905
2294	2922
2294	2995
2297	3000
2298	2539
2298	2803
2299	2573
2300	2317
2301	2778
2304	2432
2306	2792
2306	2883
2308	2860
2311	2396
2313	2357
2313	2618
2315	2624
2316	2424
2316	2594
2316	2989
2319	2824
2322	2753
2325	2596
2327	2646
2329	2636
2329	2813
2331	2374
2334	2356
2335	2464
2337	2776
2338	2486
2339	2612
2339	2756
2339	2890
2342	2368
2345	2413
2349	2459
2355	2378
2357	2729
2358	2519
2358	2593
2360	2958
2362	2677
2373	2829
2374	2844
2378	2413
2378	2964
2381	2659
2387	2574
2389	2706
2391	2889
2392	2729
2393	2956
2394	2935
2396	2567
2397	2641
2398	2666
2400	2821
2401	2984
2402	2638
2402	2986
2403	2679
2403	2832
2405	2423
2406	2446
2409	2510
2409	2679
2412	2779
2415	2984
2416	2694
2422	2825
2422	2834
2425	2807
2426	2744
2428	2450
2428	2963
2430	2648
2431	2581
2436	2869
2438	2944
2440	2687
2443	2790
2444	2765
2446	2838
2451	2495
2454	2670
2457	2799
2462	2796
2464	2873
2466	2766
2469	2695
2471	2866
2472	2601
2474	2992
2476	2822
2485	2826
2491	2975
2503	2929
2507	2577
2511	2684
2513	2855
2515	2672
2517	2853
2519	2942
2520	2674
2521	2587
2523	2848
2527	2818
2534	2625
2550	2637
2551	2558
2553	2739
2553	2865
2558	2709
2559	2619
2563	2699
2563	2920
2563	2973
2565	2981
2568	2901
2569	2642
2570	2643
2571	2593
2571	2881
2572	2944
2576	2728
2577	2987
2578	2861
2581	2893
2583	2658
2587	2767
2590	2793
2592	2794
2592	2997
2596	2867
2597	2665
2604	2655
2607	2677
2610	2967
2611	2935
2615	2956
2616	2727
2621	2697
2624	2949
2626	2988
2628	2659
2633	2921
2634	2827
2634	2840
2652	2756
2657	2748
2667	2825
2679	2731
2679	2885
2684	2835
2689	2721
2691	2998
2692	2741
2700	2872
2702	2757
2707	2732
2708	2879
2715	2871
2722	2843
2726	2846
2727	2783
2731	2910
2736	2792
2737	2740
2740	2919
2745	2924
2752	2782
2754	2855
2757	2978
2767	2830
2768	2976
2782	2828
2782	2953
2792	2891
2793	2985
2795	2945
2796	2933
2804	2833
2811	2824
2817	2906
2840	2863
2847	2998
2849	2917
2860	2862
2865	2971
2868	2894
2892	2992
