1	2
1	3
1	4
1	5
1	6
1	7
1	8
1	11
1	18
1	27
1	29
1	30
1	42
1	257
1	381
1	589
1	606
1	763
1	821
1	845
1	1044
1	1191
1	1492
1	1510
1	1626
1	1650
1	2847
1	3164
1	3195
2	3
2	4
2	5
2	6
2	7
2	8
2	9
2	11
2	15
2	23
2	28
2	91
2	126
2	158
2	166
2	249
2	294
2	465
2	790
2	812
2	1251
2	1446
2	1548
2	2301
2	2677
2	3266
3	4
3	5
3	6
3	7
3	8
3	15
3	19
3	25
3	26
3	102
3	117
3	141
3	197
3	266
3	302
3	351
3	447
3	519
3	820
3	2803
4	5
4	6
4	7
4	8
4	14
4	37
4	110
4	172
4	281
4	375
4	389
4	399
4	419
4	452
4	466
4	1133
5	6
5	7
5	8
5	13
5	21
5	23
5	53
5	60
5	76
5	80
5	129
5	172
5	238
5	410
5	467
5	468
5	571
5	612
5	727
5	1173
5	2083
5	2617
5	2672
5	2963
5	3444
6	7
6	8
6	22
6	25
6	30
6	43
6	59
6	126
6	182
6	231
6	304
6	481
6	1279
6	1562
6	1717
6	1871
6	1874
6	2092
7	8
7	9
7	10
7	12
7	14
7	20
7	49
7	71
7	92
7	172
7	261
7	284
7	321
7	425
7	1422
7	1884
7	2750
7	3315
7	3331
8	10
8	17
8	25
8	47
8	59
8	69
8	82
8	171
8	208
8	264
8	314
8	323
8	325
8	361
8	419
8	430
8	560
8	651
8	934
8	1437
9	13
9	16
9	18
9	19
9	48
9	66
9	106
9	179
9	319
9	386
9	400
9	589
9	592
9	598
9	631
9	1742
10	26
10	54
10	55
10	78
10	110
10	111
10	369
10	698
10	1401
10	2202
10	3241
11	12
11	34
11	52
11	56
11	63
11	178
11	366
11	519
11	520
11	562
11	617
11	634
11	880
11	916
11	1402
11	1714
11	1883
11	2272
12	16
12	28
12	83
12	93
12	193
12	704
12	807
12	1747
13	17
13	31
13	39
13	601
13	735
13	953
13	1606
13	1708
13	3064
14	41
14	92
14	215
14	388
14	661
14	1263
15	58
15	212
15	379
15	1074
15	1551
15	2176
15	2299
16	24
16	27
16	36
16	49
16	65
16	66
16	96
16	121
16	125
16	158
16	168
16	214
16	255
16	297
16	552
16	1080
16	1280
16	1285
16	2964
16	2983
16	3077
17	21
17	25
17	52
17	100
17	160
17	197
17	335
17	695
17	734
17	985
17	1113
17	3118
18	20
18	22
18	56
18	61
18	104
18	116
18	138
18	173
18	174
18	469
18	711
18	773
18	1144
18	1218
18	3136
19	25
19	31
19	77
19	80
19	109
19	187
19	324
19	338
19	515
19	670
19	748
19	1303
20	24
20	33
20	51
20	91
20	512
20	788
20	1107
21	32
21	37
21	39
21	53
21	55
21	101
21	249
21	760
21	839
21	918
21	1174
21	1215
21	2618
22	35
22	65
22	491
22	1800
22	3024
23	29
23	32
23	34
23	40
23	81
23	90
23	122
23	704
23	744
23	795
23	865
23	2830
23	2923
24	45
24	46
24	51
24	165
24	180
24	738
24	1383
24	2051
24	2875
25	33
25	36
25	38
25	95
25	137
25	227
25	737
25	1189
25	1294
25	1427
25	2170
26	42
26	54
26	64
26	107
26	116
26	132
26	168
26	303
26	371
26	695
26	1120
26	1158
26	1253
26	1570
27	35
27	46
27	114
27	159
27	167
27	186
27	269
27	910
28	72
28	85
28	133
28	372
28	487
28	528
28	610
28	1017
28	1049
28	1752
29	41
29	47
29	68
29	106
29	118
29	127
29	334
29	901
29	1084
29	1619
29	2655
29	3209
30	58
30	87
30	102
30	217
30	231
30	294
30	302
30	328
30	652
30	1571
31	108
31	234
31	380
31	713
31	1057
31	1121
31	1921
32	100
32	109
32	156
32	2182
33	43
33	50
33	68
33	69
33	169
33	1194
33	1266
33	2522
33	2523
33	2832
34	40
34	57
34	166
34	216
34	300
34	747
34	1135
34	1399
34	2526
35	61
35	312
35	552
35	598
35	757
36	38
36	89
36	90
36	388
36	467
36	2516
36	2640
37	44
37	151
37	262
37	637
37	940
37	1365
37	2780
37	2819
37	3274
38	44
38	67
38	82
38	94
38	112
38	132
38	155
38	163
38	441
38	843
38	861
38	2736
39	64
39	138
39	222
39	586
39	770
39	1302
40	50
40	62
40	111
40	119
40	136
40	726
40	816
40	1070
40	1855
41	134
41	147
41	186
41	188
41	374
41	427
41	432
41	485
41	488
41	548
41	937
41	2086
41	2094
42	93
42	202
42	220
42	268
42	1467
42	1497
42	1570
43	48
43	117
43	148
43	152
43	1447
43	1794
43	2109
43	2678
43	2709
44	45
44	130
44	149
44	306
44	438
44	701
44	972
44	2352
44	2857
45	188
45	488
45	1011
45	1558
45	1863
45	1916
46	63
46	203
46	346
46	394
46	397
46	421
46	508
46	651
46	2053
47	81
47	118
47	213
47	247
47	336
47	396
47	771
48	60
48	70
48	1267
48	1392
48	1835
48	2550
48	2778
48	3060
49	71
49	79
49	88
49	99
49	136
49	191
49	201
49	414
49	2632
50	62
50	182
50	185
50	353
50	990
50	1148
50	1746
50	2308
50	2758
50	2960
51	83
51	157
51	256
51	344
51	1292
51	1748
51	2338
52	104
52	137
52	433
52	870
52	1073
52	1718
52	3072
53	89
53	205
53	216
53	644
53	835
53	869
53	1322
53	1506
53	2663
54	134
54	153
54	312
54	664
54	809
54	1159
54	1865
54	2140
54	2228
54	3076
55	72
55	76
55	84
55	160
55	264
55	304
55	787
55	938
55	1821
55	2386
56	57
56	78
56	124
56	360
56	498
56	1367
56	1739
56	2125
56	2139
56	2766
57	97
57	108
57	150
57	154
57	169
57	381
57	837
57	853
57	2044
57	2933
57	3284
58	105
58	145
58	181
58	240
58	286
58	464
58	475
58	570
59	195
59	549
59	784
59	884
59	1115
59	1495
59	1752
59	2882
59	3236
60	76
60	86
60	135
60	144
60	694
60	740
60	812
60	1054
60	1951
60	2347
61	797
61	1651
61	1677
62	71
62	87
62	150
62	183
62	190
62	219
62	299
62	450
62	530
62	1528
62	3363
63	67
63	74
63	80
63	82
63	162
63	230
63	463
63	566
63	641
63	826
63	879
63	1425
64	192
64	364
64	1213
64	1385
64	2215
64	2535
65	85
65	120
65	121
65	128
65	144
65	360
65	980
65	1189
65	1254
65	1373
65	2431
66	77
66	94
66	128
66	170
66	200
66	217
66	228
66	260
66	593
66	671
66	685
66	2249
66	3303
67	70
67	73
67	125
67	129
67	265
67	430
67	800
67	845
67	1223
67	1738
67	1876
67	3201
67	3284
68	75
68	98
68	105
68	847
68	1227
68	1888
68	1941
68	2172
68	2330
68	2448
68	2891
68	3167
69	290
69	605
69	654
69	723
69	955
69	2437
69	2439
70	141
70	275
70	555
70	614
70	799
70	1386
70	1420
70	1877
71	318
71	451
71	615
71	1246
71	1464
71	1479
71	2441
72	73
72	79
72	113
72	762
72	833
72	2581
72	2759
72	3246
73	74
73	75
73	113
73	146
73	261
73	565
73	1206
73	1273
73	1762
73	3249
74	88
74	165
74	196
74	724
74	2518
74	2768
74	2814
75	283
75	324
75	775
75	1029
75	1039
76	120
76	630
76	658
76	776
76	830
76	1478
76	2252
77	103
77	189
77	408
78	199
78	359
78	758
78	1197
78	1591
78	1995
79	101
79	107
79	123
79	209
79	214
79	986
79	1016
79	1214
79	1425
79	2523
80	172
80	198
80	271
80	316
80	505
80	603
80	813
80	1834
80	3365
80	3399
81	84
81	86
81	96
81	97
81	115
81	124
81	139
81	206
81	258
81	274
81	297
81	317
81	385
81	850
81	3107
81	3320
82	316
82	453
82	564
82	821
82	883
82	977
82	2735
82	2772
82	3086
83	91
83	95
83	149
83	218
83	711
83	1523
83	2018
83	3226
84	554
84	1915
84	3016
85	143
85	146
85	209
85	259
85	354
85	472
85	725
86	211
86	429
86	600
86	673
86	1012
86	1123
86	1761
86	2440
86	3447
87	204
87	210
87	282
87	285
87	850
87	1024
87	1100
87	1129
87	2065
87	2213
87	2667
88	99
88	131
88	393
88	480
88	486
88	616
88	653
88	748
88	1069
88	1483
88	1512
88	2936
89	364
89	647
89	1004
89	2902
90	142
90	408
90	434
90	436
90	506
90	791
90	1398
91	112
91	279
91	698
91	700
91	1259
91	1440
91	2879
91	3406
92	122
92	143
92	224
92	343
92	346
92	749
92	950
92	1347
93	114
93	375
93	389
93	535
93	592
93	648
93	919
93	1875
93	2008
93	2081
94	123
94	199
94	208
94	327
94	367
94	450
94	633
94	656
94	2547
95	245
95	276
95	444
95	587
95	2801
96	204
96	215
96	532
96	1458
96	1475
96	2408
96	2651
97	98
97	103
97	153
97	179
97	337
97	1434
97	2861
98	122
98	152
98	158
98	175
98	184
98	239
98	799
98	862
98	906
98	972
98	1070
98	1438
98	2860
99	155
99	226
99	398
99	473
99	493
99	607
99	1723
100	243
100	449
100	825
100	1344
100	1526
100	1784
100	2021
101	140
101	302
101	355
101	579
101	601
101	2345
101	2870
101	3247
102	131
102	167
102	225
102	2106
103	719
103	774
103	933
103	1226
103	1298
103	1321
103	2967
104	321
104	369
104	370
104	506
104	719
104	747
104	1630
105	250
105	435
105	570
105	3281
106	162
106	2818
107	230
107	735
107	753
107	872
107	2131
107	3237
108	203
108	260
108	290
108	291
108	560
108	609
108	999
108	1291
108	2090
108	2647
109	119
109	594
109	1307
109	2138
109	2249
109	2700
110	174
110	436
110	645
110	1003
110	1036
110	1081
110	1088
110	1482
110	1798
110	3486
111	159
111	411
111	515
111	580
111	2127
111	2923
112	163
112	180
112	1325
112	1443
112	1567
112	1630
112	1751
112	2014
112	2701
113	115
113	490
113	531
113	581
113	666
113	760
113	1759
113	3222
114	130
114	269
114	427
114	932
114	1052
114	1237
114	1334
114	1415
115	126
115	127
115	139
115	298
115	382
115	391
115	939
115	1047
115	1124
115	1429
115	2122
116	145
116	1000
117	164
117	173
117	445
117	463
117	2301
118	135
118	232
118	339
118	638
118	1649
118	2425
118	3050
118	3437
119	140
119	143
119	147
119	370
119	371
119	416
119	832
119	1057
119	3246
120	154
120	202
120	221
120	271
120	466
120	1557
120	2171
121	143
121	196
121	234
121	270
121	454
122	133
122	262
122	483
122	1071
122	1184
122	1552
122	1582
122	1767
122	2172
123	200
123	235
123	391
123	611
123	1058
123	1331
123	2261
123	2570
123	2879
123	3251
124	185
124	319
124	376
124	1175
124	1410
124	2012
125	233
125	289
125	427
125	574
125	645
125	727
125	1209
125	1833
125	2166
125	2838
126	161
126	194
126	646
126	946
126	981
127	387
127	534
127	568
127	1100
127	1271
127	1655
127	2088
127	3234
128	151
128	158
128	212
128	220
128	285
128	301
128	529
128	1086
128	1696
128	2986
129	233
129	494
129	517
129	541
129	2857
130	142
130	183
130	322
130	632
130	1270
130	2203
131	627
131	1487
131	1797
131	1883
131	2635
132	207
132	228
132	326
132	382
132	420
132	996
132	1009
132	1821
132	2041
132	2374
133	181
133	674
133	2744
134	222
134	352
134	367
134	525
134	609
134	716
134	820
134	1411
134	2806
135	170
135	567
135	714
135	720
135	945
135	1145
135	1384
135	1432
135	1434
135	1518
135	2305
136	237
136	536
136	712
136	1032
136	1231
136	1512
137	514
137	542
137	1560
137	2938
137	3035
138	615
138	688
138	952
138	1278
138	1659
138	2195
138	2267
138	3165
138	3182
139	157
139	207
139	277
139	1522
139	1828
139	1845
139	2272
140	227
140	233
140	315
140	882
140	1356
140	2245
141	148
141	223
141	244
141	314
141	351
141	492
141	503
141	558
141	594
141	745
141	1118
141	1200
142	156
142	177
142	737
142	845
142	2699
142	3191
143	511
143	669
143	732
143	894
143	1290
143	2336
144	224
144	243
144	1854
145	171
145	313
145	751
145	961
145	1147
145	2324
145	2664
145	3303
146	314
146	423
146	1607
146	1865
146	2794
146	3075
147	301
147	1524
147	1789
147	2218
147	2557
148	161
148	222
148	293
148	511
148	530
148	1022
148	1216
149	268
149	736
149	854
149	2031
149	2689
150	198
150	468
151	389
151	1388
152	189
152	219
152	338
152	386
152	401
152	913
152	1682
152	2759
152	2791
153	470
153	753
153	1028
153	1518
153	2956
154	337
154	404
154	1289
155	187
155	277
155	295
155	362
155	441
155	571
155	663
155	785
155	871
156	336
156	863
156	1197
156	1451
156	1488
156	1973
156	2326
156	2945
157	164
157	242
157	928
157	1753
157	2248
157	2414
157	2436
157	3192
158	192
158	226
158	295
158	443
158	999
159	267
159	341
159	418
159	584
159	668
159	2313
159	3413
160	175
160	213
160	607
160	660
160	2026
160	2033
160	2351
161	251
161	266
161	279
161	378
161	500
161	1326
161	1936
161	2511
161	3390
161	3492
162	444
162	1033
162	1596
162	2083
162	2510
162	3329
163	191
163	198
163	236
163	288
163	343
163	793
163	1558
163	2061
163	2627
163	3243
164	177
164	184
164	473
164	478
164	559
164	658
164	1892
164	2813
164	2908
165	309
165	341
165	442
165	502
165	731
165	1535
165	1979
166	248
166	254
166	310
166	477
166	772
166	1473
166	1668
166	2114
166	2544
167	267
167	286
167	815
167	1452
167	1604
168	178
168	238
168	367
168	412
168	509
168	1145
168	1329
168	1810
168	2062
168	2223
168	2952
168	3461
169	253
169	278
169	296
169	483
169	925
169	1422
169	2068
169	2244
169	2258
169	2698
169	3390
170	176
170	332
170	480
170	522
170	705
170	728
170	771
170	953
170	1306
171	193
171	300
171	1053
171	1363
171	1783
172	221
172	257
172	421
172	532
172	1972
172	2065
173	251
173	254
173	287
173	540
173	1061
173	2395
173	2820
174	176
174	305
174	307
174	311
174	392
174	622
174	692
174	1041
174	1376
174	1413
174	3181
175	357
175	365
175	535
175	574
175	1064
175	1667
176	190
176	242
176	355
176	502
176	595
176	604
176	920
176	3328
176	3462
177	234
177	284
177	299
177	1187
177	2116
178	281
178	288
178	311
178	840
178	1014
178	1812
178	2986
179	229
179	334
179	438
179	827
180	195
180	354
180	794
180	916
180	1181
180	1605
180	2920
181	406
181	708
181	950
181	1232
182	229
182	272
182	669
182	1556
182	1739
183	210
183	439
183	885
183	2939
184	248
184	331
184	776
184	905
184	931
184	2073
184	2630
184	3247
185	242
185	1543
185	3325
186	375
186	709
186	1055
186	1138
186	1435
186	2775
186	3326
187	273
187	348
187	596
187	2023
187	2457
187	2845
188	407
188	448
188	3142
189	206
189	263
189	340
189	409
189	626
189	706
189	1309
189	1566
189	1789
190	239
190	567
190	1750
190	3468
191	194
191	236
191	303
191	401
191	412
191	825
191	1745
192	752
192	936
192	1600
192	2372
192	2633
193	422
193	547
193	793
193	1597
193	1921
194	1182
194	1243
194	2352
194	2369
194	2412
195	211
195	263
195	322
195	390
195	490
195	600
195	613
195	777
195	1267
195	1368
195	2219
195	2811
196	242
196	359
196	653
196	723
196	1493
197	201
197	245
197	277
197	897
197	913
197	1121
197	2193
198	223
198	307
198	425
198	683
198	958
198	1074
198	2544
199	662
199	664
199	851
199	1341
199	2999
199	3186
200	278
200	306
200	428
200	863
200	983
201	288
201	672
201	2516
201	3156
202	205
202	241
202	315
202	504
202	965
202	1758
203	272
203	330
203	677
203	826
203	882
203	3011
204	225
204	246
204	448
204	666
204	836
204	1454
204	2408
204	2730
205	237
205	523
205	642
205	643
205	1728
206	244
206	273
206	689
206	828
206	1662
206	3031
207	240
207	317
207	716
207	857
207	1875
207	3243
207	3475
208	403
208	447
208	1003
208	3171
208	3313
209	216
209	427
209	476
209	495
209	578
209	696
209	1089
209	2355
209	3055
210	405
210	742
210	806
210	939
210	1778
210	2873
211	218
211	328
211	2204
212	242
212	282
212	377
212	518
212	584
212	631
212	1050
212	1974
212	2795
212	3437
213	523
213	640
213	641
213	1035
213	1211
213	1683
213	1689
213	1707
213	2896
213	3058
214	313
214	474
214	597
214	1339
214	1462
214	1521
215	733
215	736
215	1521
216	252
216	533
216	756
216	1487
216	2220
216	2483
217	459
217	482
217	509
217	859
217	1042
217	1084
217	1143
217	1349
217	2007
217	2209
217	2667
218	335
218	526
218	539
218	543
218	1231
218	1386
218	1745
218	2004
218	2388
219	232
219	289
219	383
219	499
219	501
219	553
219	1536
220	426
220	979
220	1055
220	1441
221	902
221	2657
222	308
222	929
222	943
222	1311
223	345
223	415
223	428
223	855
223	1919
223	2199
223	2328
224	246
224	351
224	368
224	1225
224	1973
225	1256
225	1294
225	2808
226	265
226	292
226	368
226	2111
226	2337
227	242
227	275
227	431
227	487
227	525
227	590
227	1262
227	1799
227	1854
227	2762
228	411
228	1332
228	1448
228	1819
228	1904
228	2157
228	2178
229	485
229	550
229	830
229	949
229	1200
229	1850
230	241
230	879
230	1062
230	3122
231	235
231	451
231	1736
231	1993
231	3196
232	413
232	1140
232	1267
232	1444
232	2428
233	280
233	415
233	1172
233	1500
233	3124
233	3155
234	320
234	652
234	738
234	739
234	1926
234	2148
234	2961
235	250
235	253
235	255
235	1079
235	1414
235	2048
236	256
236	333
236	420
236	970
236	1139
236	2931
237	350
237	461
237	3476
238	484
238	1808
238	2431
238	2988
239	460
239	1128
239	2281
239	2853
240	309
240	1282
240	2036
240	2658
240	3105
241	258
241	410
241	1039
241	1167
241	2636
242	247
242	291
242	778
242	854
242	917
242	1142
242	1311
242	1505
243	252
243	276
243	537
243	1486
243	1837
244	1019
245	418
245	531
245	796
245	1438
245	3102
245	3442
246	270
246	323
246	417
246	452
246	676
246	807
246	886
246	2078
246	2339
246	2345
247	648
247	682
247	699
247	787
247	1059
247	2214
248	340
248	486
248	856
248	1146
248	2229
248	2574
248	2646
249	508
249	895
249	907
249	1227
249	1310
249	1694
249	1734
249	2200
249	2589
250	333
250	387
250	409
250	544
250	944
250	1076
250	1123
250	1527
250	1837
250	2142
250	2582
251	871
251	1972
251	3175
252	352
252	361
252	958
252	1680
252	2059
252	3474
253	308
253	650
253	705
253	838
253	938
253	1075
254	362
254	703
254	1558
254	2982
255	310
255	406
255	1459
255	1629
255	2312
255	2628
256	259
256	414
256	1065
256	1082
256	2793
256	3265
257	605
257	1129
257	3457
258	402
258	545
258	756
259	471
259	543
259	1725
260	329
260	349
260	563
260	989
260	2004
261	292
261	345
261	423
261	585
261	665
262	449
262	661
262	959
262	1290
262	2295
262	3489
263	440
263	1130
263	3279
263	3354
264	342
264	364
264	499
264	623
264	1044
264	2296
265	681
265	1308
265	1696
266	294
266	852
266	3182
267	373
267	512
267	786
267	805
267	942
267	2654
268	305
268	433
268	548
268	566
268	717
268	1314
268	2350
269	378
269	479
269	697
269	717
269	1222
270	547
270	583
270	588
270	924
270	1363
270	1758
270	2646
270	3036
271	327
271	384
271	785
271	1007
271	1684
271	2443
271	2499
271	3127
272	274
272	293
272	780
272	1006
272	1157
272	1469
272	2100
272	2529
272	2950
272	3385
273	280
273	287
273	298
273	1226
273	2135
273	2215
273	2675
274	395
274	460
274	526
274	528
274	833
274	1171
274	1887
274	1910
274	1970
275	866
275	895
275	1585
275	2383
276	326
276	455
276	569
276	892
276	1107
276	1234
276	1732
276	1997
276	3079
277	446
277	633
277	1133
277	1906
277	2747
278	556
278	606
278	1473
278	1573
278	1966
279	358
279	377
279	392
279	440
279	458
279	529
279	702
279	768
279	1013
279	1268
279	1565
279	2089
279	3020
280	347
280	491
280	507
280	591
280	624
280	1510
280	1519
280	2410
280	3067
281	283
281	586
281	765
281	1020
281	1251
281	2826
282	363
282	477
282	578
282	1652
282	2691
283	470
283	472
283	507
283	987
283	2243
283	2954
283	2968
283	3440
284	546
284	1095
284	2586
285	366
285	462
285	568
285	577
285	1497
285	1566
286	524
286	1374
286	1382
286	2188
286	2460
287	516
287	655
287	914
287	1127
287	1940
287	2241
287	2922
287	3005
287	3478
288	527
288	908
288	1103
288	1930
288	2793
289	1036
289	1507
289	1807
290	496
290	701
290	795
291	413
291	881
291	1195
291	1447
291	1824
291	2202
291	2956
292	296
292	390
292	1766
293	339
293	358
293	595
293	634
293	675
293	1305
293	1382
294	429
294	663
294	2152
294	3130
295	385
295	554
295	1093
295	1169
295	1658
295	1942
295	2477
296	318
296	442
296	493
296	678
296	707
296	2128
297	329
297	560
297	1301
297	1384
297	1419
297	1822
298	397
298	856
298	1221
298	3045
299	357
299	1117
299	1421
299	1441
299	2911
300	549
300	718
300	1621
301	711
301	911
301	1237
302	379
302	556
302	1175
302	1234
302	2715
302	3349
303	1066
303	1258
303	1445
303	1676
303	2574
303	2987
304	454
304	538
304	686
304	1836
305	443
305	754
305	957
305	1083
306	325
306	1081
306	1154
306	1160
306	1162
306	1283
307	320
307	356
307	620
307	1593
307	2920
308	521
308	2866
309	618
309	625
309	2484
309	3040
310	1190
310	1212
310	1444
310	1754
311	883
311	1388
311	1404
311	2047
311	2537
311	3039
312	344
312	365
312	1806
312	3248
313	494
313	611
313	635
313	1564
313	1588
313	2432
314	1061
314	1066
314	1076
314	1280
314	1529
314	1897
314	1903
314	2531
314	2723
314	3121
315	331
315	400
315	689
315	797
316	347
316	678
316	1736
316	1893
316	3362
316	3451
316	3492
317	374
317	456
317	469
317	992
317	1589
318	416
318	1860
319	350
319	1914
319	2833
319	3010
319	3193
320	383
320	404
320	424
320	557
320	647
320	2885
320	3487
321	746
321	890
321	1013
321	1974
322	683
322	1925
323	376
323	576
323	599
323	870
323	1163
324	330
324	628
324	699
324	988
324	1352
324	1517
324	1756
324	2381
325	434
325	1301
325	1902
326	2505
327	332
327	348
327	349
327	456
327	516
327	1152
327	1158
327	1277
327	2359
327	2858
327	3242
327	3345
329	2259
329	2533
330	372
330	495
330	819
330	1978
330	2051
330	3116
331	781
332	351
332	363
332	973
332	1376
332	2576
332	2944
332	3187
333	596
333	1423
333	2147
334	845
334	1188
334	2336
334	2502
334	3375
335	533
335	964
335	2463
336	458
336	718
336	852
336	975
336	1326
337	846
337	1470
337	1768
338	446
338	680
338	783
338	788
338	1162
338	2400
338	3140
339	1240
339	1362
339	1516
339	2882
340	347
340	380
340	402
340	513
340	1176
341	342
341	646
341	1099
341	1353
342	417
342	1900
343	353
343	405
343	2967
344	1991
345	947
345	1168
345	2358
345	2640
346	1102
346	3048
346	3049
347	1255
347	1328
348	425
348	1177
348	1307
349	810
349	918
349	2381
350	422
350	1561
350	2563
350	3404
351	904
352	396
352	817
352	1088
353	393
353	1069
353	2223
354	780
354	811
354	967
354	1247
354	2805
354	2928
354	3016
355	356
355	621
355	1697
355	2079
355	2612
355	3268
356	465
356	766
356	818
357	439
357	624
357	1638
358	398
358	685
358	1229
358	1437
358	1720
358	1792
358	2382
358	2742
359	457
359	682
359	715
359	1120
360	384
360	432
360	869
360	980
360	1118
360	1563
360	3285
361	1080
361	1509
361	1971
362	459
362	527
362	964
362	1204
363	712
363	1224
363	2545
364	1436
364	2878
365	565
365	1417
365	1418
365	1670
365	3394
366	437
366	667
366	1743
367	518
367	580
367	599
367	887
367	1313
367	1848
367	2631
368	395
368	665
368	680
368	761
368	1023
368	3173
369	778
369	779
369	1355
369	2560
369	2954
369	3337
370	684
370	686
370	1109
370	1807
370	2435
371	373
371	553
371	769
371	877
371	1383
371	1676
371	3382
371	3432
372	513
372	576
372	811
372	1450
373	694
373	818
373	935
373	1037
373	2583
373	3216
374	431
374	1214
374	1400
375	650
375	1067
375	1199
376	407
376	569
376	2274
377	645
377	1238
377	1277
377	1358
377	2266
378	474
378	842
378	954
378	1132
378	1275
378	1791
378	2653
378	3192
378	3468
379	539
379	1025
379	1461
379	1706
379	2258
380	765
380	2585
380	3379
381	426
381	541
381	550
381	733
381	779
381	810
381	952
381	1116
382	559
382	1103
382	1350
382	2101
383	564
383	588
383	724
383	729
383	1152
383	1220
383	1771
383	1977
383	2192
384	462
384	1782
385	461
385	538
385	650
385	903
385	1041
385	1306
386	1513
386	2142
387	2433
387	3120
388	884
388	1625
388	2912
389	394
389	673
389	702
389	1932
390	399
390	521
390	1096
390	2005
390	2713
391	437
391	524
391	1201
391	1401
391	1484
391	1782
391	3340
392	617
392	687
392	691
392	804
392	891
392	1020
392	3342
393	427
393	489
393	510
393	573
393	1045
393	1305
394	478
394	1501
394	1679
394	2187
394	2453
395	514
395	760
395	874
395	1786
395	2236
395	2374
396	455
396	608
396	781
396	2011
396	2043
396	2761
397	407
397	729
397	746
397	1395
397	1825
397	1892
397	3090
397	3400
398	403
398	557
398	579
398	603
398	896
398	932
398	954
398	1594
399	497
399	670
399	730
399	1034
399	1180
399	1447
399	1613
399	1681
399	2075
399	2206
399	3232
400	506
400	660
400	1308
400	2695
400	2756
400	3142
401	522
401	663
401	715
401	1208
401	1915
401	2774
402	911
402	1228
402	1276
403	2356
403	2728
404	496
404	912
404	1222
404	2283
404	2636
404	2826
404	3356
405	592
405	626
405	2286
406	991
406	1102
406	1692
406	3105
407	679
407	1660
407	1761
407	2809
407	3213
407	3307
408	1526
408	2300
408	3064
409	822
409	1481
410	834
410	1105
410	1281
410	1639
410	1651
410	1898
411	846
411	966
411	1379
411	1840
412	424
412	497
412	905
412	1098
412	1888
412	1909
412	2829
412	3349
413	636
413	1031
413	1155
413	1698
414	471
414	619
415	483
415	492
415	573
415	706
415	1465
415	3294
416	479
416	709
416	1699
416	2154
417	445
418	675
418	707
418	740
418	2034
418	2092
419	597
419	1795
419	2678
419	2855
420	750
420	2104
420	2423
420	3072
421	752
421	2023
421	2250
422	582
422	906
423	659
423	763
423	769
423	817
423	841
423	1042
423	1284
423	1449
423	2711
424	435
424	629
424	791
424	1883
425	1025
425	1078
425	1527
425	1716
425	2876
426	563
426	914
427	880
427	2610
427	2901
428	2297
428	2721
429	476
429	562
429	686
429	1149
430	505
430	1368
430	1601
431	1841
432	2728
432	3309
433	1030
433	1813
433	1975
433	2585
433	2976
434	616
434	1178
434	1726
434	1810
435	464
435	681
435	877
435	1040
435	2776
436	608
436	2766
437	697
437	848
437	1365
437	1373
437	1623
438	540
438	759
438	802
438	1038
438	1640
438	2474
439	3273
440	453
440	589
440	687
440	728
440	1230
440	1820
440	2340
440	2669
440	3042
441	649
441	2532
441	2997
442	500
442	3240
443	742
443	1333
443	1670
443	1991
443	2799
444	1304
444	1631
444	1775
444	1933
444	1958
444	2231
444	2284
445	676
445	888
445	989
445	1430
445	3270
446	654
446	714
446	1890
446	2709
447	457
447	1504
447	1574
447	2031
447	3221
448	1390
449	1616
450	484
450	498
450	567
450	3126
451	575
451	858
451	1735
451	2673
451	3178
451	3458
452	1360
452	2038
453	481
453	489
453	934
453	2157
454	916
455	544
455	662
455	758
455	2965
456	510
456	1424
457	582
457	609
457	945
458	644
458	767
458	1087
458	1168
458	1909
459	713
459	908
459	1408
459	1575
459	2340
459	3163
460	710
460	1236
460	3237
461	677
461	1318
461	1868
461	2135
462	837
462	985
462	1350
462	2141
462	3213
463	503
463	546
463	624
463	751
463	1522
463	1730
463	2569
463	3490
464	537
464	545
464	744
464	1553
465	555
465	593
465	1153
465	2734
466	511
466	2076
466	2769
467	901
467	1484
468	801
468	996
468	3079
468	3370
468	3466
469	475
469	550
469	587
469	802
469	849
469	2226
469	3176
470	567
470	621
470	966
470	1805
470	1918
470	1955
470	2446
471	591
471	684
471	755
471	975
471	1474
471	2534
472	630
472	1106
472	1525
472	2254
473	957
473	1463
473	1811
473	1836
473	2268
474	764
474	1063
474	2615
474	3260
475	501
475	623
475	866
475	1059
475	1134
475	1561
475	1670
475	1689
475	3462
476	482
476	775
476	782
476	2124
477	1616
477	1878
478	558
478	583
478	627
478	1472
478	2827
479	971
479	2613
479	3456
480	551
480	1380
481	743
481	1309
481	1754
481	2008
481	2863
482	1337
483	504
483	800
483	810
483	944
483	1624
483	1714
483	1757
483	1998
484	1543
485	858
485	900
485	1283
485	1389
486	749
486	1480
486	1787
486	2256
486	2375
487	1233
487	1984
487	2770
488	798
488	1009
488	1703
488	1741
488	1990
488	2207
489	604
489	1423
490	1005
490	1231
490	1563
490	2130
491	1113
492	520
492	613
492	622
493	536
493	612
493	809
493	993
493	1002
493	1494
493	1722
494	1177
494	1669
494	3214
495	572
495	839
495	2478
495	2501
496	561
496	770
496	801
496	1030
496	2319
496	2606
496	2846
497	560
497	764
497	2979
498	721
498	824
499	642
499	979
499	1219
499	3241
500	517
500	808
500	912
500	2611
501	551
501	1034
501	1377
502	1452
502	1508
502	2233
502	3141
503	722
503	922
503	1122
503	1530
504	585
504	818
504	976
504	2743
504	3116
505	542
505	708
505	849
505	1579
505	2194
505	2400
506	841
506	859
506	2515
506	3221
507	1544
507	2020
508	878
508	891
508	922
508	1389
508	1417
508	2333
508	2368
509	671
509	892
509	1027
509	1370
509	1727
509	2741
510	632
511	1967
511	2048
512	688
512	703
512	935
512	2094
512	2540
512	3224
513	1091
513	1238
514	572
514	834
514	898
514	1021
514	2284
514	2912
515	534
515	602
515	792
515	1538
515	1932
515	2293
515	2590
516	808
516	992
516	1300
516	1456
517	679
518	738
518	1472
518	1617
518	2127
519	731
519	3392
520	686
520	2221
520	2554
520	2659
520	3391
521	636
521	693
521	951
521	1146
521	2862
522	1027
522	2419
523	602
523	637
523	640
523	1686
523	1976
524	899
524	1753
524	2482
524	3331
525	541
525	1646
526	1976
526	2098
528	876
528	909
528	1546
528	3014
529	1429
529	1671
529	3019
530	657
530	766
530	1626
530	2063
530	2163
530	2263
530	2660
531	560
531	659
532	691
532	907
532	1771
532	1824
533	860
533	1576
534	923
534	1847
534	2240
534	2652
534	3261
534	3358
535	868
535	1665
535	2601
536	643
536	1608
536	1716
536	2384
537	720
537	721
537	873
538	696
538	1072
538	2457
538	2713
539	1852
539	2274
539	2643
540	739
540	902
540	1232
540	2342
541	1270
541	2074
541	2890
542	813
542	1011
542	1600
542	2058
543	618
543	693
543	1638
543	2329
543	2884
544	667
544	1028
544	3043
545	1050
545	1268
545	2225
545	2303
545	2746
545	2839
546	956
546	961
546	1351
546	2332
547	790
547	2995
548	772
548	1288
548	1475
548	1819
548	2624
549	1156
549	2462
549	2856
550	690
550	784
550	946
550	967
550	1221
550	1247
550	1780
550	1979
550	2602
551	722
551	786
551	898
551	1554
551	1917
552	1005
552	1195
552	2275
553	1491
553	1749
553	1855
553	2001
554	645
554	1106
554	1127
554	2656
555	789
555	1139
555	1223
555	2169
556	993
556	2042
556	2601
556	2673
557	649
557	861
557	1111
557	1176
557	1816
558	646
558	1842
558	2961
559	561
559	798
559	2052
559	2975
560	646
560	778
560	904
560	1577
560	1586
560	1603
560	2621
560	3075
560	3214
561	581
561	755
561	3216
561	3482
562	645
562	1660
562	1693
562	1934
562	2547
562	3371
563	625
563	782
563	1588
563	2562
563	3383
564	1652
564	1881
564	2928
564	2981
565	591
565	1345
565	1766
565	2288
565	3301
566	1196
567	575
567	1150
567	2701
568	614
568	928
568	1550
569	762
569	1173
569	2209
569	3180
570	657
570	1366
570	2434
570	2957
570	3335
571	629
571	796
571	1633
571	1898
571	2083
572	577
572	1125
572	1241
572	1882
572	1986
573	690
573	867
573	926
573	1615
574	845
574	2212
575	799
576	947
578	1395
579	1431
579	3225
580	635
580	1244
580	1762
580	3008
580	3031
581	620
581	732
581	2337
581	2385
582	590
582	1128
582	1236
583	619
583	1109
583	1166
583	1582
584	628
584	822
584	2353
584	2562
585	772
585	897
585	1812
585	2854
586	1919
587	815
587	977
587	1533
587	2977
587	3088
588	832
588	920
588	2158
589	692
589	2780
589	3094
590	1394
590	2499
591	1336
591	2578
591	2730
591	2757
592	1136
592	1411
592	1664
592	1904
592	2007
592	2829
593	2035
594	656
594	930
594	1633
594	2176
594	2674
595	1531
595	3146
595	3310
596	789
596	873
596	888
596	1016
596	1091
596	2693
596	2765
597	1701
597	2474
598	792
598	1047
598	1610
598	2464
599	877
599	1627
599	1939
599	2776
600	782
600	1417
600	2916
600	3163
601	814
601	1578
601	2740
601	2847
602	668
602	948
602	2032
602	2822
603	1054
604	700
604	3357
605	639
605	847
605	3011
606	610
606	2017
606	2391
606	2950
607	880
607	1490
607	1609
607	2934
608	1829
608	2878
609	1063
609	1082
609	1895
609	2905
610	639
610	1332
610	1393
610	2468
612	681
612	1695
612	1864
612	3161
613	1000
613	1946
614	794
614	1681
614	2580
614	3334
615	738
615	1592
615	2840
615	3446
616	982
616	1187
616	3305
617	1008
617	1367
617	1675
617	3411
618	3283
619	1077
619	1262
619	1719
619	2496
620	1548
620	2171
620	2676
621	1804
622	730
622	1903
622	2078
622	2563
622	3426
622	3450
623	1751
623	2957
624	2003
624	2551
624	2910
625	2888
625	3110
626	1165
626	1242
626	1319
626	2591
626	2750
626	3091
626	3227
627	960
627	1114
627	1130
627	1144
627	1210
628	2150
629	835
629	1243
629	1882
630	1104
630	1135
631	750
631	806
631	915
631	1299
631	1571
631	2197
631	2511
632	652
632	827
632	872
632	943
632	978
632	2749
633	1296
633	2099
633	2588
634	1021
634	1804
634	2856
635	1811
635	2565
636	638
636	853
636	875
636	1634
637	704
637	2470
638	1943
638	2388
639	2039
639	2102
639	3347
640	1107
640	1297
640	1490
641	1923
641	1996
641	3003
641	3150
641	3264
642	655
642	686
642	865
642	1018
642	2153
644	704
644	1122
644	1253
644	2394
645	1720
645	3100
646	988
646	990
646	1160
646	1170
646	2542
646	3458
647	964
647	1007
647	1138
647	1207
647	3312
648	929
648	995
648	1171
648	1375
648	2069
649	751
649	1322
649	2398
649	3319
650	1270
650	1555
650	2273
650	2613
651	726
651	814
651	1118
651	1511
651	1769
651	3338
652	2342
652	2940
653	917
653	976
653	1151
653	1159
653	2063
653	2444
654	767
654	1502
654	2671
654	2877
655	997
655	1632
655	2644
656	745
656	893
656	1403
656	1750
656	3003
657	672
657	1467
657	1685
658	783
658	1559
658	1669
658	3266
659	754
659	1774
659	2168
659	2280
659	2288
659	2349
659	2472
659	3058
659	3109
660	1043
660	1457
660	2316
660	3302
661	838
661	2318
663	909
663	1094
663	2177
663	2401
663	3046
664	1092
664	1245
664	1369
664	1433
664	1492
664	1546
664	2174
664	2674
664	3133
664	3450
665	805
665	1775
666	741
666	844
666	1330
666	2079
666	2894
666	3419
667	674
667	2902
668	876
668	1258
668	1564
668	3490
670	734
670	959
670	1281
670	2286
671	965
671	1026
671	2578
672	757
672	1026
672	2072
673	1167
673	1199
673	1358
673	1827
674	1062
674	2788
674	3475
675	901
675	1614
675	1896
676	1239
676	1465
676	1981
677	804
678	848
678	864
678	2145
678	2831
678	3376
679	1711
679	1802
680	836
680	1529
680	2238
680	2383
680	3059
681	1136
681	2269
681	2733
681	2927
682	819
682	1269
682	2265
682	2966
683	1296
683	1408
683	1859
683	3139
684	704
684	1700
684	2015
684	2538
685	1115
686	823
686	842
686	2396
686	3183
686	3485
687	1125
687	1481
687	2294
687	2943
688	741
688	777
688	815
688	1467
689	2976
689	3106
690	987
690	1613
690	2507
690	2942
691	1094
691	1182
691	1260
691	1603
691	1984
692	831
692	1494
693	1765
694	751
694	951
694	2985
695	1582
695	2196
696	831
696	1549
697	1404
697	1442
697	1478
697	1990
698	725
698	1049
698	1264
699	1344
699	1704
699	1925
700	1119
700	1858
700	2074
700	2458
700	2704
700	3184
701	1749
701	3041
702	970
703	710
703	968
703	997
703	2156
704	1295
704	2230
704	3184
705	921
705	1121
705	1439
706	1068
707	895
707	1079
707	1648
707	1806
707	2088
708	1252
708	1416
708	1685
708	2011
709	774
709	919
709	1740
709	2150
709	2181
710	941
710	2009
710	2419
710	2985
711	736
711	1196
711	3444
712	936
712	1113
712	1658
712	1665
712	2024
712	2081
712	2855
713	1150
713	1198
713	1644
713	2963
714	1340
714	1678
714	2153
715	890
715	1426
715	2728
715	3435
716	759
716	1346
716	2873
717	1002
717	1024
717	1468
717	3489
718	2200
718	2401
719	2360
720	803
720	1392
721	1718
721	3174
722	1192
722	1334
722	1985
723	798
723	867
723	1514
723	1805
724	893
724	986
724	1137
724	1315
724	2539
724	2851
724	3154
725	823
725	995
726	743
726	973
726	1299
726	2084
726	2379
726	3179
727	773
727	1051
727	1608
727	2455
728	1174
729	868
729	1184
730	921
730	1889
730	2813
731	1562
731	1816
731	1841
731	2732
731	2751
732	768
732	855
732	2061
732	2403
732	2731
733	2208
734	860
734	1108
734	1117
734	1286
735	956
735	1210
735	1258
735	1618
735	1794
736	823
736	896
736	919
736	1581
736	1892
736	2539
737	994
737	2332
737	3348
738	1052
738	1127
738	1141
738	1887
738	2256
739	1279
739	1944
740	815
740	1249
740	1885
740	2616
741	840
741	962
741	1517
741	2851
742	1006
742	1585
742	1597
743	1554
743	1778
743	2085
744	1321
744	1427
744	1840
744	1894
744	3367
745	1149
745	1200
745	2097
745	3441
746	1534
746	1547
746	2025
746	2917
746	2949
747	894
747	970
747	1046
747	2312
748	1045
748	1202
748	1248
748	2689
748	2791
749	824
749	1329
749	1347
749	1614
749	1886
749	2744
750	2108
750	3300
751	843
751	881
751	1010
751	1090
751	1250
751	1455
751	3061
752	761
752	1040
752	1185
752	1479
752	1688
752	2110
752	3295
752	3386
753	829
753	963
753	981
753	2715
753	3481
754	803
754	1202
754	1430
754	2372
754	2740
754	2866
754	3323
755	1714
756	2935
757	927
757	1829
757	2099
757	2497
758	1098
758	2617
759	802
759	971
759	1721
759	1964
760	2603
760	2782
760	2919
761	883
761	1056
761	1266
761	1645
761	2046
761	3167
762	1471
762	1550
762	1942
762	2675
763	889
763	1124
763	1340
763	1983
763	2735
764	948
764	3359
765	1068
767	937
767	2211
768	974
768	2746
768	3025
769	3350
770	1361
771	851
771	921
771	1537
771	1785
771	3143
772	1818
773	917
773	1455
773	2203
773	2990
773	3223
775	1757
776	1316
776	1702
776	1800
776	3480
777	857
777	1183
777	2590
777	2599
777	2635
778	1110
778	1312
778	1348
778	1580
778	2349
778	2491
779	2163
779	2265
779	2329
779	2774
780	3069
780	3402
781	816
781	1470
782	1064
782	1293
782	1378
782	1555
783	1097
783	1897
783	2417
783	2577
784	900
784	2418
784	2815
784	2817
784	3068
786	1193
786	2517
786	3144
787	1140
787	1274
788	829
788	1097
788	1492
789	2341
790	1042
790	1731
790	2239
791	1067
791	1648
791	2790
792	1019
792	1710
792	1853
792	1916
792	2406
792	2988
793	1119
793	1394
793	3291
794	1219
794	1342
794	2520
795	1533
795	2189
796	923
797	1250
797	1980
797	2726
798	2953
799	1453
799	1617
800	998
801	887
801	1458
801	1777
802	960
803	1141
803	1493
803	2133
804	1649
804	2688
805	1536
806	1004
806	1090
806	1313
806	2012
806	2186
806	2447
806	2874
807	998
807	1568
807	1864
807	2089
807	2932
808	874
808	1217
809	1242
809	2293
809	2544
809	3078
809	3402
810	1356
810	2016
811	828
811	844
811	1462
811	3025
812	1095
812	1530
812	1832
812	2445
813	972
813	1818
813	1861
814	1191
814	1284
814	1476
814	2050
814	2545
814	2996
815	886
815	1830
815	2044
815	2133
815	3006
817	2564
818	1085
819	1131
819	1172
819	1179
819	2727
819	2781
820	969
820	1014
820	2694
822	1234
822	2156
822	2196
822	3264
823	1164
823	2461
823	2569
823	2781
824	1017
824	2615
824	3057
825	1153
825	1205
825	1673
825	1803
825	2320
826	1201
826	1995
826	2411
827	934
827	1514
827	1726
827	3065
827	3445
828	1132
828	1653
828	1965
828	2633
829	969
829	974
829	1010
829	1656
829	2231
829	2248
830	984
830	1136
830	1264
830	1375
830	1406
831	836
831	1671
831	1871
831	1937
832	2838
833	963
833	1022
833	1289
833	1480
833	1772
833	1935
833	2406
834	864
834	899
834	978
834	1186
834	1461
834	2091
834	2756
836	862
836	2463
837	1145
837	3415
838	1222
840	970
841	1018
841	1545
841	1647
842	1101
842	1907
842	2190
842	2228
843	1328
843	1505
843	2290
844	1525
845	2140
845	3155
846	1249
846	1477
846	1892
847	949
847	1001
847	2050
849	931
849	1233
849	2113
850	1300
850	1346
850	1409
850	1934
850	3292
851	1260
851	1359
851	1769
851	2017
852	1295
853	1023
853	1235
853	1485
853	1959
853	2409
854	955
854	1015
855	909
855	1111
856	1355
856	1407
856	2168
857	1073
857	1643
857	1873
858	878
858	903
858	962
859	885
859	1285
859	2541
859	3493
860	1166
860	2603
860	3449
861	1186
861	1288
861	2644
861	3377
862	1589
863	1847
863	2587
863	3218
864	1008
864	1827
864	2217
864	2405
864	2524
864	3281
865	1072
865	2763
866	875
866	1552
866	1618
866	2334
866	2765
867	2443
868	1531
869	939
869	1075
869	1895
869	2323
870	2549
871	1544
871	2044
872	1460
872	1496
872	2440
872	2705
873	1104
873	1590
873	2493
874	3239
875	1447
875	2119
876	910
876	956
876	1265
876	1342
876	1446
876	1906
876	2737
877	1510
877	1953
877	1994
877	3267
879	1508
879	2489
880	2085
881	1288
881	1640
882	3195
883	1311
883	3135
884	1093
884	2736
885	1764
885	2033
886	1015
886	1191
886	3315
887	889
887	2173
889	2442
890	1403
891	933
891	1327
891	2201
892	2593
892	2864
892	2897
893	925
893	968
893	1961
893	3185
893	3296
894	1646
895	1337
895	1515
895	1733
895	2837
896	941
896	1225
896	1520
897	1001
897	1071
897	1424
897	1450
897	2528
898	1114
898	1815
898	2402
898	3299
899	983
899	1048
899	1541
899	1569
899	1599
899	1688
899	3195
900	1037
900	1060
900	2131
900	2987
900	3253
901	1366
901	2309
902	924
902	2622
902	3104
903	1086
904	942
904	1254
904	1834
904	2608
904	3035
905	915
905	1354
905	2035
905	2047
905	2486
905	2579
906	1587
906	1958
906	1969
907	930
907	1448
907	1731
907	3135
908	926
908	1053
908	1137
908	1180
908	1515
908	2573
909	2465
909	3289
910	954
910	1113
910	2515
910	2721
910	3029
911	1622
911	1691
911	1817
911	2528
912	2834
913	1107
913	1978
914	1542
914	2054
914	2834
915	1709
915	1858
916	1089
917	1220
917	1837
917	1918
917	2103
917	3307
918	1255
918	1352
918	1728
918	1801
918	2062
919	1873
919	2767
920	3358
921	1406
921	1539
921	2672
921	3027
922	1126
922	1469
922	2134
922	2654
923	927
923	3314
924	2670
925	1335
925	1891
925	2118
925	2567
926	1972
926	2454
927	1218
927	2684
928	1099
928	1654
928	2651
929	3145
930	940
930	2157
931	984
931	1087
931	2760
932	1208
932	1412
932	1662
932	2178
932	3493
933	1333
934	2108
934	2147
935	1156
935	1215
936	994
936	1675
936	2951
937	1203
938	1046
939	1405
939	1862
940	1748
940	2481
941	1200
941	2862
943	1378
943	2716
944	1051
944	1436
944	1661
944	2058
944	2103
944	2311
944	3194
946	1507
946	1625
946	1687
947	1126
947	1212
947	1532
947	1705
947	2277
947	2510
948	1110
948	1410
948	1956
948	2216
948	2227
949	1320
949	1644
949	3333
950	1354
950	1992
950	3041
951	1612
951	1955
951	2459
951	3373
952	1058
952	1361
952	1393
952	3424
953	3134
954	1265
954	1396
954	1405
954	1706
954	2264
955	1729
956	1409
957	1723
957	2748
958	1504
958	2114
958	2586
959	1029
959	2177
960	1274
961	1038
961	1306
962	1933
962	2463
962	2909
964	1275
964	2392
964	2685
965	1096
965	1526
965	1881
966	1032
967	991
967	1642
967	2471
968	3256
969	1154
969	2098
969	2418
970	2667
970	3368
971	1230
972	1161
972	1927
972	3172
973	1457
973	2014
973	2287
974	3078
975	1192
975	1345
975	1540
975	1635
975	2060
975	2192
976	1101
976	1576
977	982
977	1165
977	1331
977	1907
978	1599
978	2991
978	3054
979	1379
980	2154
981	1248
981	1631
981	2822
981	2895
982	1942
982	2160
982	2253
982	2711
983	1318
983	1336
983	1338
983	1710
983	2521
984	1077
984	1108
984	1116
984	2201
985	1048
985	1178
985	1869
986	1996
986	2824
987	1151
987	1735
987	2792
988	2437
989	1579
989	1912
989	2122
989	2262
989	2656
989	2748
989	2859
989	3479
990	1245
990	1690
990	1715
990	2417
991	1078
992	1145
992	1239
992	1282
993	1294
993	2064
994	1060
995	1035
996	1105
996	1967
996	2235
997	1012
997	1083
997	2322
997	3125
998	1703
998	2132
998	2259
999	1727
1000	1717
1001	1143
1002	1181
1002	2890
1003	2488
1004	1033
1004	1183
1005	2397
1006	1377
1006	2692
1006	2874
1007	1056
1007	1209
1008	2680
1009	1287
1009	1348
1009	3286
1010	1302
1011	2053
1011	2385
1012	1043
1012	1460
1012	2129
1012	2406
1012	3093
1013	1243
1013	1341
1013	1801
1014	1400
1014	2387
1014	2518
1016	1121
1016	3129
1016	3317
1017	1090
1017	1567
1017	1683
1018	1031
1018	1632
1018	3023
1019	1090
1019	2123
1019	2936
1020	1085
1020	1246
1020	1823
1021	1949
1021	3352
1022	1702
1023	1207
1023	1503
1023	1724
1023	3148
1024	1292
1024	1831
1024	3004
1025	1161
1025	1397
1025	1474
1025	1495
1025	1928
1025	2654
1026	2191
1026	3325
1027	1272
1027	2095
1028	1999
1028	2883
1028	3047
1028	3329
1030	1065
1030	1357
1030	2493
1030	3311
1030	3483
1031	1788
1031	1877
1032	1541
1032	2842
1033	1686
1033	2566
1034	1155
1034	1325
1034	2486
1034	2994
1034	3063
1034	3449
1035	1257
1036	1468
1037	1364
1037	1565
1037	2120
1038	1680
1038	1708
1038	1971
1038	2447
1041	1213
1041	1235
1041	3407
1041	3493
1042	1351
1042	2273
1042	3075
1043	1134
1043	1381
1043	1419
1043	1591
1043	1645
1043	1657
1043	1921
1043	2567
1044	1148
1044	1315
1044	1537
1045	1451
1045	1601
1045	2494
1047	1679
1047	2370
1048	1774
1048	2526
1049	1445
1050	1434
1050	3214
1051	1228
1051	2066
1051	2325
1051	3066
1052	1920
1053	1674
1053	2739
1053	3428
1054	2041
1054	2553
1055	1319
1055	1513
1055	2018
1055	2552
1056	1477
1056	2745
1057	1372
1057	1572
1058	1578
1058	3278
1059	1147
1059	3431
1060	1471
1060	2148
1061	2294
1061	2469
1062	1112
1062	1257
1064	1586
1064	2718
1066	1287
1066	2785
1067	1478
1067	2835
1067	3406
1068	1402
1069	1131
1069	1560
1069	1663
1070	1164
1070	1198
1070	1330
1070	1414
1071	2755
1072	2377
1072	3071
1073	1788
1073	2828
1074	1188
1074	2289
1075	1193
1075	1486
1075	1532
1075	1547
1075	1866
1075	2370
1075	2786
1076	1190
1076	2686
1078	2139
1078	2270
1078	2619
1079	1559
1079	1582
1080	1112
1080	1719
1080	2161
1082	1205
1082	1412
1082	2143
1082	2959
1082	3204
1083	1312
1083	1324
1083	2067
1083	2236
1084	1396
1084	1587
1084	2754
1084	3215
1085	1369
1085	1498
1085	2229
1085	3114
1086	2161
1086	3084
1087	1092
1087	2568
1087	2947
1088	1519
1088	1623
1088	2604
1089	1545
1089	1556
1089	2325
1089	2546
1090	1476
1091	2970
1093	1206
1093	1602
1093	1641
1093	1956
1093	2240
1093	2260
1093	2559
1093	3339
1094	1391
1094	2620
1096	1353
1096	1499
1096	1664
1096	1678
1096	2719
1096	3356
1097	1133
1097	2915
1098	1314
1099	1711
1099	2704
1099	3405
1099	3478
1100	1635
1101	1526
1102	1416
1102	2269
1103	1303
1103	3017
1104	2115
1104	2492
1104	3362
1105	1729
1105	2077
1106	2112
1107	1583
1107	2712
1108	1170
1108	1297
1109	1224
1109	2812
1110	1901
1110	2314
1111	1398
1111	2027
1111	2903
1111	3197
1111	3419
1112	2718
1113	1467
1113	2081
1113	2901
1114	2029
1114	2060
1115	1846
1115	2307
1115	2592
1116	1244
1116	2548
1116	2843
1117	1145
1117	1914
1117	1969
1118	1499
1118	2306
1118	2787
1119	1179
1119	1989
1119	2287
1119	3340
1120	1310
1120	1593
1120	2189
1121	1142
1121	1421
1121	1428
1121	1433
1121	1466
1121	1510
1121	3245
1123	1157
1123	1241
1123	2592
1124	2066
1125	2786
1126	1269
1126	1545
1126	2802
1127	2038
1127	2158
1127	3063
1128	1509
1128	2317
1129	2193
1129	2696
1129	3466
1130	1483
1130	1776
1130	1968
1130	2082
1131	1291
1131	1387
1131	1712
1131	3270
1133	1169
1133	2948
1134	1415
1135	1293
1135	1862
1136	1316
1136	2452
1137	1240
1137	1938
1138	1204
1139	1913
1140	1661
1141	2310
1141	3322
1142	1216
1143	1327
1143	1773
1143	1905
1143	2239
1145	1273
1145	1583
1145	1890
1145	1929
1145	2343
1145	2577
1145	3370
1145	3434
1146	1611
1146	1884
1146	3345
1147	1869
1147	1981
1147	1982
1148	1370
1148	1380
1148	1814
1150	1217
1150	1538
1151	1211
1151	1672
1151	1690
1153	1839
1153	2013
1153	2124
1153	2180
1153	2304
1153	3330
1154	1232
1154	1271
1154	1304
1154	1911
1154	3115
1155	1573
1155	2167
1155	3180
1156	1163
1156	1432
1156	1809
1156	1946
1156	2429
1156	2725
1157	1185
1157	2029
1157	2494
1157	3388
1158	2090
1159	1205
1159	1256
1160	1317
1160	1323
1160	1590
1160	1717
1160	2096
1161	1820
1161	1833
1161	1843
1161	2102
1161	3048
1162	1844
1163	1278
1163	2797
1164	1796
1164	1880
1164	2093
1164	3369
1165	1779
1165	3026
1166	1205
1166	1343
1166	1977
1167	1317
1167	2749
1167	3085
1168	1928
1168	2501
1168	2541
1168	3309
1168	3351
1169	1773
1170	1397
1171	1343
1171	1622
1171	1697
1171	1822
1171	3277
1172	1576
1172	2234
1173	1413
1173	2980
1174	1203
1175	1724
1175	2384
1176	1604
1176	2046
1177	1220
1177	1391
1177	2243
1177	2414
1178	2797
1179	1966
1180	2410
1181	1491
1181	2405
1182	1194
1182	2182
1183	2676
1185	1418
1185	2019
1185	2129
1185	2540
1185	2891
1186	1272
1186	1775
1186	1839
1186	2626
1186	3044
1187	1261
1187	1581
1187	1629
1187	3459
1188	1385
1189	2471
1189	3318
1190	1535
1190	2654
1191	1972
1191	2318
1192	1261
1192	1286
1192	2328
1193	3082
1193	3486
1194	2336
1194	3290
1195	1760
1195	1849
1195	2128
1195	2762
1196	1740
1196	2438
1197	2497
1197	2503
1197	2632
1198	2612
1198	2973
1198	2978
1199	1523
1200	1263
1200	1420
1200	1624
1200	1892
1200	2260
1200	2860
1200	2994
1201	1371
1201	2006
1201	3223
1201	3283
1202	1557
1204	1917
1204	3049
1204	3119
1205	2392
1205	2433
1205	2663
1205	3148
1205	3225
1205	3244
1207	3111
1208	2898
1209	1865
1209	2575
1210	1399
1210	1809
1211	1320
1211	1610
1211	1847
1212	1338
1212	1539
1212	1876
1212	2625
1213	1229
1213	1364
1213	1472
1213	1603
1213	1945
1214	2097
1215	1947
1215	2803
1216	1347
1216	3189
1216	3464
1217	1324
1217	2856
1218	1595
1219	1663
1219	1790
1220	1319
1220	2789
1220	3470
1221	2594
1221	2935
1222	2823
1223	2490
1224	1988
1225	1252
1225	1796
1226	1339
1227	1628
1229	1464
1229	1637
1229	1963
1231	1302
1231	1847
1231	2865
1231	2993
1232	1390
1232	1439
1232	1896
1232	2506
1233	2720
1234	3236
1235	1276
1236	2589
1236	2649
1237	1241
1238	2438
1238	2498
1239	1832
1239	1985
1239	2549
1240	2075
1241	2100
1241	2107
1242	1770
1242	1776
1243	2343
1243	2943
1244	1627
1244	2144
1244	2836
1247	1607
1248	2082
1248	2652
1248	3165
1248	3341
1249	2207
1249	2389
1249	2470
1250	2649
1251	1659
1251	2036
1251	3065
1252	1298
1252	1435
1252	1770
1253	1259
1253	1885
1253	2026
1254	1960
1254	1970
1254	1989
1254	2165
1254	2167
1254	2504
1255	2391
1256	1957
1256	2103
1257	1860
1258	3257
1258	3386
1259	1323
1259	1863
1259	2711
1260	3440
1261	1359
1261	1861
1261	2783
1264	2784
1264	3052
1265	1335
1265	1404
1265	1891
1266	1387
1267	3363
1267	3498
1268	2105
1268	3129
1269	1725
1269	3140
1270	3453
1271	1694
1272	1899
1272	2197
1272	2254
1273	1371
1273	2604
1274	1732
1274	1936
1274	2362
1275	1357
1275	1628
1275	2064
1275	2808
1275	3300
1276	1528
1276	1835
1276	3220
1277	2354
1278	1463
1278	1506
1278	2357
1280	2658
1281	2396
1281	2557
1281	2614
1282	1785
1282	2521
1282	2598
1282	2843
1283	2887
1283	3255
1284	1513
1284	1924
1284	3095
1285	1957
1285	2789
1286	1620
1286	1743
1288	2210
1288	3230
1289	3346
1290	1520
1291	1381
1291	3230
1292	3150
1292	3186
1293	3371
1294	1598
1294	2942
1295	1406
1295	1592
1295	1948
1296	3252
1296	3457
1297	1575
1298	3188
1299	2641
1300	1584
1300	1940
1301	1830
1302	1488
1302	2126
1302	3086
1303	1551
1303	3018
1303	3021
1304	1374
1304	2596
1305	1502
1306	1880
1306	2520
1307	2475
1308	1456
1308	1496
1308	2692
1310	1922
1310	2472
1310	2991
1311	1383
1311	3044
1312	1636
1312	2186
1313	2779
1314	1609
1314	1620
1316	2155
1316	2628
1317	1580
1318	1489
1318	1908
1318	3073
1319	1426
1319	1759
1319	3235
1319	3338
1320	1442
1320	2645
1320	2796
1321	1738
1321	1784
1321	3190
1321	3263
1322	1715
1322	1929
1323	1987
1323	2361
1323	3304
1325	1938
1326	1524
1326	2045
1327	1349
1327	1992
1328	1640
1328	2467
1329	1471
1329	1542
1330	1360
1330	1838
1330	2173
1331	2373
1331	2439
1331	3183
1332	1742
1332	2307
1333	2306
1333	2468
1333	2687
1333	3484
1334	1924
1336	1874
1337	1431
1337	2659
1338	1678
1338	3269
1339	1584
1340	2247
1341	2745
1342	1641
1342	2001
1342	2032
1343	2185
1344	1362
1344	1428
1344	2169
1344	2343
1344	2877
1345	1814
1345	3233
1346	1948
1346	2134
1346	2599
1347	2531
1347	2821
1348	1666
1348	3310
1350	1999
1350	2028
1350	2120
1350	2508
1351	2362
1351	2820
1351	2913
1352	1943
1353	1983
1353	2000
1355	2390
1355	3347
1357	1471
1357	2542
1357	2647
1357	3021
1358	2121
1358	2536
1359	1856
1359	2144
1359	2305
1359	2482
1359	3100
1360	1482
1360	1670
1360	3074
1360	3081
1361	1654
1361	1838
1361	2344
1362	1511
1363	3143
1363	3336
1364	1765
1364	3352
1365	1372
1366	2049
1366	2292
1367	1950
1367	2282
1367	2546
1368	2404
1369	3178
1370	3353
1371	1650
1371	2068
1371	2933
1373	1453
1373	1574
1373	2380
1374	2263
1374	2461
1375	2807
1375	2889
1376	1443
1376	1737
1377	1713
1377	2020
1378	1605
1379	2702
1379	2872
1380	1454
1380	1569
1380	2164
1380	3032
1380	3112
1381	2828
1382	2142
1382	3158
1382	3405
1383	1699
1383	2181
1383	2478
1383	2638
1383	2899
1383	3401
1383	3436
1384	2582
1385	1407
1385	1485
1385	1844
1385	2795
1385	3276
1386	2508
1386	2941
1387	2377
1387	2661
1388	2237
1389	3198
1390	1937
1390	2357
1390	2487
1391	1568
1391	2005
1394	3030
1397	1786
1397	2049
1398	1799
1398	2571
1399	1637
1399	3070
1400	2611
1400	3346
1401	2055
1401	2456
1401	3364
1402	3205
1403	1500
1403	3488
1404	2184
1405	1793
1405	2253
1405	3357
1406	1594
1406	2875
1406	3136
1407	1953
1407	2130
1408	1449
1408	3384
1409	3107
1410	3418
1411	2113
1411	2543
1412	1466
1412	1797
1412	1945
1412	2699
1413	2059
1413	3327
1414	2491
1415	3257
1415	3343
1416	2650
1417	1545
1417	2525
1418	1642
1418	1910
1419	1549
1419	1793
1419	3205
1421	3424
1422	2040
1424	1540
1424	1655
1425	1792
1425	2550
1425	3359
1426	1508
1426	1572
1426	2072
1427	1653
1427	1768
1428	1859
1428	1993
1428	2573
1429	2195
1429	2278
1432	2030
1433	2206
1433	2214
1433	2298
1433	2514
1434	3321
1436	1501
1436	1691
1436	3070
1436	3286
1437	2179
1437	2641
1438	1440
1438	1498
1438	1787
1438	1901
1438	2367
1438	3373
1439	1852
1439	1913
1439	3028
1440	3054
1441	1503
1441	2321
1441	2668
1441	2962
1442	2271
1442	3388
1442	3460
1443	2132
1443	3000
1444	1621
1444	1660
1445	2314
1445	2492
1445	2884
1447	1700
1447	3401
1448	1459
1448	1602
1449	2010
1449	2426
1449	2525
1449	3168
1450	2556
1451	2552
1452	1581
1453	3400
1454	1489
1454	1767
1454	2082
1455	1673
1455	1866
1455	2371
1455	2953
1455	3123
1456	1553
1456	1713
1456	1783
1457	1839
1457	2010
1457	2221
1458	2225
1458	3026
1458	3053
1459	1695
1459	1757
1460	1737
1460	2887
1461	1534
1461	3366
1462	1756
1462	2409
1462	3446
1464	1730
1465	2449
1465	2572
1465	3455
1466	2371
1466	2687
1466	3445
1468	1734
1468	2672
1468	3320
1469	2083
1470	1473
1470	2021
1471	2264
1472	2121
1473	2226
1473	2688
1473	3075
1474	2356
1474	2565
1474	2657
1474	2764
1475	2056
1476	2002
1476	2112
1476	2900
1477	2449
1477	2972
1478	2502
1480	2764
1481	2062
1482	1657
1482	2270
1483	1674
1483	2076
1483	2084
1483	2420
1483	3378
1484	2087
1485	1786
1485	3476
1486	2430
1488	2077
1488	2246
1491	1867
1491	2366
1491	3425
1492	1935
1492	1962
1492	2042
1492	2057
1495	1705
1496	1647
1496	1769
1496	1949
1497	1886
1498	3085
1498	3275
1499	2710
1500	2355
1500	3228
1501	2324
1501	2816
1501	3133
1502	1712
1502	3103
1502	3158
1503	1583
1503	3047
1504	2670
1504	3461
1505	2708
1506	1516
1507	2019
1507	2892
1507	3200
1508	2234
1508	2654
1508	2832
1508	2924
1508	3002
1509	2404
1509	2996
1510	1747
1510	3211
1511	3046
1512	1939
1512	2323
1512	2738
1513	1763
1513	3083
1513	3441
1514	2191
1514	3057
1515	3257
1515	3327
1516	1825
1516	2348
1516	2593
1517	3081
1517	3151
1517	3158
1518	2174
1518	2579
1519	2232
1521	2354
1522	3306
1522	3374
1523	3073
1524	1892
1525	1777
1525	2118
1525	2974
1526	2311
1526	3383
1527	1598
1527	3159
1527	3381
1528	1879
1528	2152
1529	2027
1529	2158
1530	1595
1530	1634
1530	1803
1531	2003
1531	3421
1534	2693
1535	2368
1535	2769
1537	1677
1537	2126
1538	3032
1540	2580
1541	2921
1542	2205
1543	1965
1543	2642
1543	2918
1543	3206
1544	1698
1544	1926
1545	1672
1545	2527
1546	1764
1546	2841
1547	1666
1548	3424
1549	2162
1549	2336
1550	3202
1550	3289
1551	1760
1552	1682
1552	3210
1553	1577
1553	2335
1553	2415
1553	2523
1554	2109
1554	2334
1555	1772
1555	3042
1556	2366
1557	1606
1558	1611
1558	1903
1558	2770
1558	3033
1560	2777
1560	2854
1561	1931
1561	2331
1562	1813
1562	1839
1562	2187
1563	2929
1564	1615
1565	1779
1565	1963
1566	1643
1566	2424
1567	2514
1568	2310
1571	1684
1571	1693
1572	1763
1572	1857
1572	2707
1574	1636
1574	2117
1575	3038
1575	3497
1577	2480
1577	2621
1577	3323
1578	1704
1578	2185
1578	2261
1578	2876
1579	2025
1579	2390
1579	3131
1579	3211
1580	1692
1580	2304
1580	2308
1580	3166
1581	2266
1582	3092
1582	3407
1583	1611
1583	1846
1583	2584
1583	2792
1586	1857
1586	3153
1587	1656
1587	1954
1587	3177
1588	1596
1588	2155
1588	2451
1588	2965
1588	3251
1589	3439
1590	1941
1590	2353
1591	1893
1591	1940
1591	3364
1592	1707
1592	2379
1592	2446
1593	3432
1595	1798
1595	2175
1595	3438
1597	2534
1597	3423
1600	2183
1600	2559
1601	1795
1601	1826
1601	2914
1601	3098
1602	2281
1602	2865
1603	2609
1604	1619
1604	1986
1604	3173
1606	1639
1606	2224
1607	2224
1607	2462
1607	2682
1607	2703
1608	1612
1608	2519
1608	2587
1608	3326
1610	2809
1610	3500
1611	1791
1611	2109
1611	2212
1611	2326
1612	2442
1614	2435
1614	3316
1615	2517
1616	2204
1616	2697
1617	1709
1617	2208
1618	2250
1619	1815
1619	2341
1619	2897
1621	1721
1621	2267
1621	2300
1622	2402
1622	3126
1623	2043
1623	3330
1625	1870
1625	2513
1626	3392
1628	1667
1628	1790
1628	1997
1629	1741
1629	1808
1629	2473
1629	2953
1629	3305
1630	2069
1630	2444
1631	3319
1632	1744
1633	1744
1633	2116
1638	3410
1639	1668
1639	2055
1642	1850
1643	1687
1644	2198
1645	3092
1646	1964
1647	1755
1647	3159
1647	3199
1648	2111
1649	3132
1651	2159
1653	2922
1653	3466
1654	2940
1655	2030
1656	1781
1657	1962
1657	2255
1658	1908
1659	1701
1659	2056
1659	3102
1660	2146
1660	3231
1660	3460
1661	1746
1661	2596
1662	1733
1662	2973
1663	2218
1664	2162
1664	2747
1665	1831
1665	1968
1665	2256
1666	1817
1666	2290
1666	3196
1667	2969
1668	2006
1668	2430
1668	3488
1669	2119
1670	3434
1671	1872
1671	1900
1671	2682
1672	2091
1672	2125
1672	2679
1672	3108
1673	1952
1673	2110
1674	1853
1675	1921
1675	2393
1675	2938
1676	3002
1677	1802
1677	1950
1677	2137
1677	2908
1677	3030
1678	1870
1678	1954
1680	2369
1680	3204
1681	2040
1681	2984
1683	2717
1684	1994
1685	2553
1686	2394
1687	2344
1687	2375
1688	3228
1688	3280
1690	2812
1691	2774
1691	2811
1692	2623
1692	2775
1693	1845
1693	3464
1694	3463
1695	2488
1695	2498
1697	2703
1698	1781
1698	2219
1698	2634
1698	2654
1698	2952
1699	3056
1700	2052
1700	2597
1700	3001
1701	2222
1701	2637
1702	2291
1702	3043
1704	3252
1705	2277
1705	2512
1705	2519
1705	3308
1706	2022
1706	2275
1707	2315
1707	2799
1709	2981
1709	3126
1710	1951
1710	2302
1710	2316
1710	2575
1712	1823
1714	1868
1714	2013
1714	2899
1715	2298
1715	2548
1716	2086
1717	1922
1717	2855
1718	1722
1718	3117
1719	2347
1719	2618
1719	3416
1720	2779
1721	2303
1721	2554
1723	2198
1723	2279
1725	1872
1725	2235
1725	3495
1727	2000
1728	1842
1728	1947
1729	1879
1730	2617
1732	2346
1732	2536
1732	3291
1733	2551
1734	1851
1734	3168
1735	2146
1736	2037
1736	2752
1738	1780
1740	2170
1740	2660
1740	2825
1740	3067
1740	3127
1741	2080
1741	2237
1741	3056
1742	3447
1743	2761
1744	2798
1744	3203
1745	1755
1745	2096
1745	2522
1745	2889
1746	2106
1746	2598
1748	1931
1749	2509
1750	2794
1751	1843
1751	3203
1753	1851
1753	2180
1753	2752
1755	2151
1755	2955
1755	3355
1756	2283
1756	3117
1756	3295
1757	1856
1757	3157
1757	3396
1758	3128
1759	1912
1759	2107
1759	2315
1759	3072
1759	3169
1759	3290
1760	1894
1760	1917
1760	2604
1760	2722
1760	3268
1762	1902
1762	2259
1763	2473
1764	2327
1764	2426
1765	2399
1766	2591
1766	2639
1769	1848
1770	2093
1770	2610
1770	3469
1771	1988
1771	2773
1772	2351
1772	2459
1772	2883
1774	2639
1775	1786
1775	2792
1776	2778
1776	3194
1777	2664
1777	3154
1778	2149
1778	2190
1779	2054
1780	1930
1781	2057
1781	2309
1781	2411
1783	1889
1783	1927
1784	2028
1787	2844
1788	3175
1788	3322
1789	1878
1790	3296
1792	2683
1794	2904
1795	2141
1796	1826
1796	2292
1796	2983
1797	2387
1798	2909
1799	2166
1799	2858
1799	2895
1801	2376
1803	2230
1803	2594
1804	1828
1806	2217
1806	3120
1806	3471
1807	2392
1808	3006
1808	3279
1809	3050
1811	1911
1811	2009
1811	3287
1812	1944
1812	2378
1813	2671
1813	3092
1813	3389
1814	2382
1815	2257
1816	1905
1816	2149
1816	2399
1816	2407
1816	2869
1816	2994
1817	1923
1817	1960
1819	2681
1819	3470
1822	1849
1824	2070
1826	3314
1827	2031
1827	3131
1828	2067
1828	2509
1830	2396
1830	2681
1830	3324
1831	2278
1832	2496
1832	3114
1833	2302
1833	2538
1833	3032
1834	2015
1835	1982
1835	2427
1836	1867
1836	2276
1836	2982
1836	3231
1836	3423
1837	2136
1837	2464
1837	2485
1837	2595
1837	2924
1837	3420
1838	2742
1839	2725
1840	2073
1842	2151
1843	2045
1844	2543
1844	2665
1846	2071
1846	3393
1847	2330
1847	2360
1847	2934
1847	3033
1848	3324
1849	3387
1853	2485
1853	3122
1854	2995
1855	2841
1855	3095
1856	2138
1856	2992
1856	3103
1858	2468
1859	3251
1859	3438
1860	1899
1860	2365
1861	2016
1861	2104
1861	2807
1862	2958
1864	2166
1865	3499
1866	3206
1867	2280
1868	3200
1869	2070
1870	2729
1870	2861
1871	2753
1872	2970
1873	2929
1875	2452
1876	3077
1877	2317
1877	2645
1879	2735
1880	3224
1882	2403
1883	1959
1884	1920
1884	2679
1884	2893
1886	3193
1887	2232
1887	2378
1888	2268
1888	3467
1889	1987
1889	2024
1889	2690
1891	2490
1892	2850
1892	3242
1894	3013
1895	2734
1896	2363
1897	3496
1899	3197
1900	2095
1901	2669
1901	2788
1901	2814
1902	2666
1903	2087
1903	2892
1904	2913
1905	2331
1905	2495
1905	2733
1905	3347
1907	3174
1907	3372
1908	2002
1908	2691
1908	2979
1910	1980
1910	2477
1913	2076
1913	3396
1914	3335
1916	2606
1917	2451
1917	2955
1918	2849
1919	2205
1920	2136
1920	2175
1921	2350
1922	3006
1923	1998
1924	3218
1925	2299
1927	2607
1927	3465
1928	3091
1929	2571
1929	2595
1929	3022
1929	3080
1930	2373
1931	2365
1932	3125
1933	2427
1934	2500
1935	2458
1935	2852
1936	2939
1937	1952
1937	2428
1937	2507
1938	1961
1938	2039
1939	1975
1939	2246
1940	2662
1941	2529
1942	1956
1942	2298
1944	2313
1944	2605
1945	2609
1945	2911
1945	2962
1947	2143
1947	2868
1949	2555
1950	2870
1952	3353
1953	2893
1953	2898
1955	2753
1957	2188
1958	2460
1958	2980
1959	2801
1963	2653
1964	2997
1965	2380
1966	2159
1966	2476
1966	2864
1967	2479
1967	3024
1967	3249
1968	2914
1971	2941
1971	3020
1972	2668
1972	3398
1973	2971
1975	2238
1975	3099
1976	2183
1976	2480
1976	2714
1976	2948
1980	2489
1980	2561
1981	2295
1981	2907
1983	2137
1983	2626
1986	2037
1986	2335
1986	2631
1987	2271
1987	2800
1987	2845
1988	2242
1988	2824
1989	2945
1990	2717
1991	2767
1992	2244
1992	2500
1993	2869
1993	2900
1996	2076
1996	2279
1996	2690
1996	3078
1996	3096
1999	2333
2001	2683
2002	2680
2003	2258
2003	2469
2003	2484
2003	3381
2006	2199
2006	3250
2007	2227
2008	3217
2009	2672
2011	2634
2013	2790
2014	2904
2015	2705
2016	3387
2017	3098
2018	2160
2018	2427
2018	2602
2018	2731
2018	3181
2019	2022
2019	2947
2021	2034
2021	3170
2023	2638
2025	2125
2026	3354
2027	2710
2028	2071
2028	2216
2029	2620
2032	3287
2033	2998
2035	2655
2035	2831
2035	3199
2035	3273
2038	2698
2038	3017
2039	2251
2041	3267
2042	3004
2043	2422
2045	2165
2045	3013
2045	3383
2046	3124
2048	2959
2048	3421
2049	3051
2049	3399
2050	3129
2051	2395
2052	3238
2053	2105
2053	3414
2055	2101
2055	3317
2057	2117
2057	2624
2058	2363
2058	3422
2059	2194
2059	2815
2062	2504
2063	3312
2063	3487
2065	2600
2066	2739
2066	3384
2066	3386
2068	2346
2068	3478
2069	3111
2070	2881
2071	2220
2071	2450
2071	2835
2072	2080
2072	2296
2074	2661
2075	2453
2076	3465
2076	3496
2077	2297
2077	3196
2079	2251
2080	2992
2080	3427
2081	2475
2084	2361
2085	2572
2087	3293
2088	2241
2089	2179
2089	2842
2090	3414
2092	2429
2092	3234
2095	2233
2095	2637
2096	3262
2097	2210
2097	2588
2099	3137
2100	3034
2103	3404
2104	2263
2104	2359
2104	3149
2105	2530
2105	3410
2111	2115
2111	2364
2114	2825
2115	3089
2117	2123
2117	2583
2118	2386
2121	3190
2122	2827
2122	2926
2122	3455
2124	2432
2125	2145
2125	3084
2126	2530
2128	2285
2128	2727
2129	2696
2129	3433
2130	2556
2133	2358
2133	2398
2137	2750
2139	2322
2140	3088
2140	3403
2144	2425
2145	2595
2145	3235
2146	2179
2146	2650
2147	2338
2148	3183
2150	2558
2150	2706
2154	2255
2154	2533
2155	2755
2156	2524
2156	3318
2157	3037
2157	3339
2161	2164
2162	2751
2163	2690
2164	2320
2165	2495
2166	2222
2166	2561
2166	2723
2167	2787
2169	2211
2169	2503
2170	2855
2171	2487
2173	3060
2175	2252
2175	3408
2175	3409
2176	2393
2176	2608
2177	2916
2177	3416
2179	2376
2179	3301
2179	3497
2180	2184
2180	2213
2180	2846
2180	3177
2181	2420
2181	2685
2181	3157
2182	2476
2182	2666
2182	3112
2183	2291
2184	3360
2185	3341
2186	2367
2187	2840
2188	2247
2188	3069
2190	2505
2190	2605
2196	2416
2196	2513
2196	2643
2197	2445
2197	3471
2199	2319
2199	3380
2200	2285
2200	2724
2200	3285
2201	2630
2201	2792
2204	3222
2205	2276
2206	3293
2207	3477
2208	2262
2208	3022
2208	3152
2208	3333
2209	2289
2209	2450
2209	3269
2210	2836
2212	2466
2212	3299
2213	2757
2214	2695
2214	3217
2215	2527
2216	2977
2218	2662
2220	2483
2222	2479
2222	2964
2223	2421
2224	2348
2224	2885
2226	2257
2228	2407
2228	2465
2228	2768
2229	2242
2230	2413
2231	2245
2232	2415
2234	3189
2235	2389
2235	2560
2236	2282
2238	2719
2239	3138
2241	3039
2242	2686
2244	2871
2247	3397
2248	2555
2253	3008
2255	3055
2256	2493
2257	3278
2257	3500
2259	2413
2260	3271
2261	3007
2261	3096
2261	3261
2263	2810
2269	3238
2270	2423
2271	2702
2272	3027
2273	2422
2274	2694
2277	2339
2277	2455
2278	2839
2279	2802
2279	3288
2283	2702
2283	3442
2288	2412
2290	2654
2291	2943
2292	2570
2295	2466
2295	2607
2296	3294
2297	3429
2300	2321
2300	2532
2305	2785
2307	2833
2310	2760
2310	2784
2311	3066
2311	3253
2312	3491
2315	2937
2315	3332
2316	2830
2318	2614
2319	3208
2319	3272
2320	3080
2321	2327
2321	2481
2321	2804
2322	2642
2323	2416
2325	2558
2325	3219
2326	2735
2327	3470
2328	2364
2329	3408
2330	3053
2332	2448
2332	2720
2335	3276
2336	2652
2337	2724
2340	3365
2343	2926
2344	3115
2347	2960
2348	2424
2349	2434
2350	3208
2352	2397
2356	3099
2357	2906
2359	3226
2359	3463
2360	3207
2362	2968
2363	2564
2367	2930
2367	3316
2368	2467
2368	3151
2368	3367
2369	2568
2369	2777
2369	2867
2369	3170
2371	2441
2371	2930
2371	3045
2376	2772
2377	2421
2378	3263
2379	2616
2379	3087
2381	2619
2382	2693
2382	3348
2388	3160
2388	3297
2389	2870
2390	2760
2395	3415
2395	3480
2396	2771
2397	3394
2399	2782
2401	2810
2402	2844
2402	3062
2402	3207
2404	2737
2405	2432
2405	2623
2405	2697
2406	3256
2407	2454
2408	3012
2410	3015
2410	3137
2411	3156
2413	3481
2417	2888
2422	2804
2422	3386
2423	3160
2425	3101
2429	2436
2429	2597
2430	2581
2431	2512
2434	2456
2436	3008
2438	3393
2439	2535
2440	3124
2440	3129
2440	3233
2443	2896
2443	3202
2444	3104
2446	3413
2447	3489
2448	2758
2450	2584
2450	3068
2451	2894
2453	2711
2456	2917
2460	2665
2460	3071
2461	2741
2461	2958
2461	3229
2465	2648
2465	2969
2473	2547
2473	3244
2475	3134
2477	2800
2479	3198
2480	3479
2482	2537
2484	3010
2484	3343
2485	2706
2486	2600
2487	2818
2488	3355
2489	2738
2491	2629
2493	2576
2493	3149
2494	2506
2499	2627
2500	2796
2500	3036
2500	3302
2501	3147
2501	3262
2505	3176
2505	3452
2506	3336
2509	2763
2511	2629
2514	2937
2515	2993
2515	3040
2516	3009
2517	2949
2518	2871
2518	3215
2519	2701
2519	3152
2521	3433
2523	2919
2523	2972
2523	3240
2527	3398
2529	2700
2531	2743
2534	3431
2538	2984
2539	2852
2539	3425
2541	3115
2542	3171
2543	2622
2550	2880
2551	2732
2552	2566
2552	2872
2552	3166
2555	3062
2558	3211
2558	3375
2561	3106
2567	2817
2570	2821
2571	2783
2571	3361
2575	2903
2578	2625
2578	3118
2579	2708
2580	2684
2581	2780
2581	3361
2583	2906
2583	3494
2593	3019
2593	3360
2595	2714
2598	2648
2598	2853
2599	2677
2601	3001
2601	3271
2603	3352
2603	3484
2604	3459
2605	2744
2606	3439
2607	2880
2610	3087
2611	2621
2611	2863
2611	3321
2612	3246
2613	2716
2616	3076
2617	2754
2617	3217
2618	2712
2618	2726
2618	3034
2619	3282
2620	3481
2622	3015
2623	2798
2624	2886
2624	3219
2626	2722
2629	2850
2636	3074
2637	2810
2639	3427
2640	3172
2642	2848
2644	2978
2645	2805
2645	3106
2649	2848
2650	3185
2652	3420
2654	2921
2655	2932
2655	3483
2656	2823
2656	2868
2656	3018
2657	2886
2657	3153
2660	3123
2663	2989
2663	3147
2666	2707
2671	2773
2674	3351
2678	2849
2679	3000
2679	3119
2681	3051
2681	3451
2684	2951
2686	2881
2689	3210
2693	3298
2696	2915
2698	3395
2703	3093
2703	3094
2704	3377
2709	3101
2711	3138
2720	3002
2720	3250
2722	3146
2725	2776
2727	3297
2728	2729
2729	3472
2732	3274
2736	3232
2739	2816
2743	2837
2746	2806
2748	2966
2749	2905
2751	3344
2754	2771
2755	2946
2755	3139
2757	3482
2758	3443
2765	3282
2766	2867
2767	3429
2768	3485
2775	3374
2776	2910
2777	2859
2779	3209
2781	2931
2781	2990
2782	3298
2784	3007
2785	3422
2786	2974
2787	3409
2788	3444
2793	3212
2794	2907
2794	3008
2802	3113
2802	3306
2804	3009
2804	3010
2804	3368
2807	3452
2811	3110
2816	3162
2816	3328
2816	3334
2816	3469
2818	2819
2818	3436
2820	2909
2825	3144
2827	3082
2830	2946
2832	2999
2832	3499
2833	3265
2838	2925
2838	3038
2838	3059
2846	3090
2847	3411
2853	3012
2854	3280
2856	3201
2858	3473
2861	3052
2865	3130
2868	2918
2868	3188
2870	3118
2870	3322
2871	2925
2872	3089
2872	3498
2880	2927
2882	3272
2886	3061
2887	3313
2888	3229
2888	3418
2890	3337
2891	3032
2891	3477
2892	3029
2892	3097
2892	3277
2892	3376
2893	3258
2895	3382
2896	3259
2897	3037
2898	3426
2911	3014
2911	3472
2915	3227
2917	2971
2921	3288
2925	3128
2925	3172
2926	3435
2927	2944
2927	2989
2935	2975
2936	3258
2937	3023
2938	3412
2940	3161
2942	3077
2942	3385
2943	3342
2944	3379
2948	3169
2949	3417
2950	3109
2950	3164
2953	3412
2955	3028
2956	2998
2957	3097
2960	3223
2963	3113
2966	3005
2974	3474
2983	3010
2987	3443
2991	3454
2994	3141
3003	3369
3007	3395
3009	3344
3011	3259
3016	3334
3018	3332
3018	3456
3022	3239
3031	3453
3037	3257
3040	3417
3045	3179
3049	3083
3062	3397
3065	3430
3066	3162
3066	3292
3068	3220
3070	3145
3070	3389
3072	3260
3073	3187
3075	3121
3085	3245
3089	3108
3100	3494
3105	3308
3105	3350
3112	3212
3123	3132
3131	3378
3132	3191
3159	3254
3159	3275
3179	3248
3181	3448
3195	3401
3204	3430
3206	3223
3209	3413
3219	3403
3226	3304
3232	3454
3233	3428
3239	3307
3239	3311
3245	3448
3246	3495
3247	3255
3249	3470
3253	3254
3278	3430
3281	3380
3283	3366
3295	3473
3324	3430
3330	3481
3333	3372
3346	3467
3380	3391
3422	3491
