1	2
1	3
1	4
1	5
1	6
1	10
1	11
1	28
1	68
1	82
1	116
1	117
1	332
1	358
1	372
1	483
1	784
1	1240
2	3
2	4
2	6
2	7
2	22
2	55
2	71
2	89
2	282
2	469
2	693
2	1500
2	2042
3	20
3	28
3	279
3	366
3	781
3	856
3	1765
3	2781
4	10
4	13
4	15
4	41
4	83
4	195
4	295
4	344
4	369
4	1152
4	2180
4	2495
4	2727
5	10
5	22
5	97
5	215
5	237
5	499
5	570
6	38
6	53
6	102
6	129
6	172
6	329
6	516
6	912
6	1527
6	2073
7	8
7	9
7	58
7	98
7	521
7	672
7	871
8	34
8	62
8	408
8	1303
8	2764
9	10
9	19
9	32
9	123
9	264
9	687
10	16
10	23
10	29
10	33
10	52
10	54
10	62
10	67
10	77
10	159
10	284
10	400
10	602
10	1669
11	12
11	14
11	23
11	31
11	65
11	112
11	186
11	195
11	197
11	205
11	1376
11	1532
12	17
12	18
12	130
12	196
12	257
12	560
12	586
12	1347
13	25
13	2166
14	76
14	810
15	85
15	444
15	497
15	515
15	743
15	1037
15	1346
15	2314
16	24
16	64
16	173
16	262
16	913
16	1087
16	1904
17	82
17	464
17	710
18	21
18	35
18	49
18	881
18	886
18	1251
19	47
19	2006
19	2962
20	39
20	89
20	465
21	623
21	770
21	1214
21	1819
21	2101
22	26
22	27
22	122
22	123
22	190
22	550
23	42
23	45
23	103
23	216
23	276
23	336
23	348
23	879
23	1220
23	1588
23	2107
23	2801
24	30
24	39
24	58
24	74
24	99
24	140
24	251
24	1009
25	42
25	43
25	51
25	63
25	90
25	1241
25	2419
25	2595
26	36
26	115
26	313
26	874
26	938
26	1535
26	1793
26	2144
27	102
27	183
27	517
28	37
28	283
28	332
28	540
28	803
28	1351
29	66
29	157
29	541
29	1008
29	1085
29	1239
29	1791
29	2070
30	73
30	201
30	297
30	1107
30	1809
31	50
31	134
31	297
31	956
31	2633
32	320
32	349
32	706
32	1992
33	163
33	227
33	228
33	1068
34	100
34	128
34	637
34	915
34	927
35	113
35	202
35	418
35	545
35	1026
36	53
36	67
36	82
36	139
36	770
36	1231
36	1455
37	141
37	1223
37	1307
37	2166
38	40
38	44
38	93
38	106
38	136
38	145
38	640
38	957
38	1188
38	2323
39	48
39	94
39	179
39	562
39	1092
40	57
40	111
40	232
40	402
40	642
40	2016
40	2457
41	46
41	69
41	79
41	201
41	202
41	414
41	760
42	96
42	247
42	336
42	488
42	1651
42	1898
43	60
43	73
43	643
43	755
43	873
43	1621
43	1814
44	56
44	61
44	210
44	326
44	341
44	423
44	1409
45	95
45	128
45	207
45	489
45	516
45	569
46	142
46	735
46	2792
47	81
47	1361
47	1769
48	83
48	152
48	969
48	2265
49	202
49	665
49	807
50	84
50	132
50	154
50	178
50	188
50	214
50	430
50	783
50	785
50	1806
51	75
51	485
51	514
51	2049
52	80
52	127
52	252
52	357
52	729
52	1040
52	2467
53	59
53	289
53	420
53	515
53	553
53	634
53	758
53	836
53	956
53	1558
54	126
54	149
54	259
54	298
54	362
54	691
54	1249
54	2320
55	242
55	354
55	581
56	218
56	330
56	485
56	1196
58	99
58	121
58	137
58	315
58	411
58	799
58	991
59	181
59	209
59	240
59	268
59	285
59	296
59	297
59	1077
60	101
60	175
60	203
60	651
61	125
61	255
61	1093
61	1544
62	136
62	193
62	493
62	1672
62	2801
63	120
63	1039
63	1543
63	2311
63	2752
64	70
64	88
64	158
64	238
64	335
64	416
64	466
64	701
64	2577
65	66
65	72
65	92
65	97
65	155
65	179
65	258
65	260
65	740
65	859
65	1685
65	2576
65	2615
66	160
66	169
66	177
66	220
66	254
66	314
66	519
66	611
66	962
66	1372
67	68
67	224
67	1851
68	78
68	329
68	351
68	946
69	206
70	83
70	151
70	454
70	819
70	2473
71	110
71	447
71	767
72	91
72	138
72	159
72	453
72	471
72	928
73	104
73	139
73	198
73	381
73	903
73	2005
74	690
74	870
74	1035
74	2299
75	161
75	301
75	427
75	431
75	1384
76	86
76	2508
77	109
77	169
77	208
77	236
77	246
77	495
78	965
78	1155
79	87
79	415
79	526
79	536
80	91
80	249
80	265
80	452
80	506
80	607
80	1185
80	1503
80	1754
81	1780
82	139
82	191
82	436
82	442
82	565
82	631
82	664
82	727
82	1886
83	102
83	143
83	300
83	519
83	917
83	1447
83	1984
84	308
84	351
84	461
84	492
84	733
85	131
85	294
85	309
85	343
85	546
85	1420
86	108
86	328
87	129
87	381
87	1377
88	352
88	550
88	730
88	939
88	970
88	1269
89	252
89	475
89	1554
90	147
90	244
90	273
90	1102
91	324
91	817
92	484
92	1001
92	1437
93	185
93	319
94	140
94	1729
95	143
95	524
95	990
95	1099
96	114
96	281
96	739
97	100
97	591
97	1653
98	384
98	551
99	105
99	131
99	135
99	241
99	1495
100	119
100	168
100	433
100	821
100	919
101	148
101	273
101	1097
101	2127
102	124
102	168
102	219
102	324
102	2643
103	173
103	479
103	1772
103	1960
104	2459
104	2901
105	133
105	189
105	257
105	326
105	452
105	482
105	531
105	601
106	107
106	225
106	271
106	473
107	118
107	155
107	231
107	342
107	390
107	684
107	1813
107	2086
108	121
108	137
108	220
108	302
108	2375
108	2549
109	174
109	323
109	410
109	1553
109	2503
111	233
111	361
111	952
111	1382
112	121
112	146
112	359
112	392
112	794
112	1073
112	1581
112	1828
112	2256
113	213
113	263
113	274
113	516
113	2341
114	327
114	831
114	1011
114	1612
115	567
116	153
117	230
117	364
117	398
117	528
117	1228
117	1308
117	2152
117	2667
118	225
118	654
119	556
119	920
119	1277
119	2008
121	141
121	259
121	1353
122	1710
122	2687
123	212
123	403
123	429
123	1087
123	1913
123	1983
123	2060
123	2078
123	2402
124	171
124	229
124	1020
124	1567
125	391
125	559
126	251
127	234
127	504
128	250
128	256
128	502
128	972
128	1884
129	259
129	457
129	582
130	166
130	355
130	511
130	1947
131	167
131	975
131	997
131	1271
131	1734
131	1989
131	2302
132	1565
132	2235
132	2694
133	160
133	338
133	1579
133	1932
133	2707
134	840
135	344
135	1028
135	1084
135	1243
136	170
136	331
136	451
136	612
136	1052
136	1143
136	1693
136	2994
137	341
137	382
138	211
138	434
138	554
138	753
138	1256
138	2951
139	162
139	186
139	198
139	251
139	306
139	388
139	929
139	1080
140	144
140	156
140	190
140	206
140	247
140	418
140	431
140	653
140	841
140	1037
140	1538
141	254
141	397
141	634
141	726
141	1713
141	2214
142	176
142	226
142	409
142	2410
143	192
143	307
143	999
143	2052
144	150
144	175
144	405
144	686
144	797
144	882
144	2283
145	187
145	193
145	278
146	207
146	334
146	350
146	369
146	564
146	2007
146	2177
147	1000
148	202
148	414
148	464
148	1849
149	247
150	213
151	164
151	165
151	268
151	486
151	513
151	702
152	830
152	1044
152	1200
153	421
153	1481
153	1951
155	184
155	336
155	383
155	654
155	933
156	194
156	2933
157	182
157	376
157	649
157	2730
158	467
158	1746
159	219
159	290
159	348
159	381
159	548
159	565
159	661
159	2912
160	243
160	2093
160	2242
161	220
161	273
161	614
161	677
161	822
162	263
162	462
163	199
163	269
163	604
163	894
164	825
164	946
164	1208
165	334
165	432
165	445
166	270
166	405
166	1258
166	1848
167	239
167	311
168	222
168	673
168	1013
168	2476
168	2901
168	2937
169	366
169	380
169	522
169	664
169	727
170	180
170	221
170	267
170	275
170	982
170	1137
171	175
171	1098
171	1395
172	337
172	370
172	1094
172	1142
173	593
173	876
173	944
173	1618
174	538
174	630
174	1565
174	2920
175	242
175	291
175	500
175	613
175	713
175	2004
176	248
176	294
176	400
177	1145
177	2567
178	533
178	2455
179	422
179	850
179	963
179	1533
179	2454
180	199
180	538
180	571
180	574
180	585
180	588
181	200
181	210
181	1601
182	2351
182	2477
182	2522
183	204
184	195
184	232
184	444
184	2030
185	196
185	287
185	552
185	2551
185	2972
186	622
186	841
186	1187
187	542
187	718
188	426
188	687
188	888
189	216
189	328
189	440
189	606
189	1298
189	2135
190	615
190	622
190	1220
191	232
191	792
191	1486
192	383
192	404
193	223
193	463
193	943
193	1500
194	449
195	433
195	561
195	629
195	987
195	1304
195	2861
196	520
196	538
196	824
196	1060
196	2460
196	2996
197	385
197	1042
197	1394
198	235
198	920
198	982
198	1143
198	1439
198	2109
199	203
199	273
199	293
200	301
200	356
200	417
200	477
200	2139
200	2645
201	448
202	228
202	318
202	322
202	353
202	381
202	473
202	627
202	844
202	854
202	2181
202	2761
203	2458
204	666
204	1965
205	339
205	1756
205	2418
206	292
206	681
206	1103
206	1262
207	316
207	2545
207	2637
208	2602
210	363
210	384
210	1029
210	1345
210	1899
211	1587
212	891
213	299
213	869
213	976
213	1019
213	1032
213	2859
214	515
214	1337
214	1885
215	2601
216	217
216	438
216	472
216	765
216	1210
216	1310
217	345
217	413
217	692
217	901
217	1673
218	1046
219	383
219	769
220	618
220	1071
220	1232
220	1237
220	1809
220	2513
221	245
221	554
221	676
221	1933
221	2461
222	305
222	456
222	1015
222	2264
222	2761
223	286
223	571
223	2168
223	2605
223	2849
224	736
224	1605
225	776
225	1038
225	1106
226	594
226	1530
226	1599
227	645
227	974
227	2249
228	388
228	641
228	804
228	948
228	1614
228	2585
229	808
229	1741
230	394
230	1912
230	2014
230	2339
231	270
231	911
231	1494
231	1895
232	261
232	603
232	953
232	1528
233	277
233	384
233	1688
233	2194
233	2337
234	1159
234	2121
235	253
235	304
236	412
236	518
236	985
236	2012
237	1002
237	1019
238	307
238	954
238	1166
239	626
239	900
239	1012
239	1295
240	291
240	335
240	340
242	288
242	523
242	643
242	1313
243	272
243	377
243	579
243	635
244	1135
245	365
246	547
246	1823
247	487
247	498
247	509
247	536
247	580
247	602
247	771
247	1190
247	1751
247	2085
247	2435
248	788
248	2035
249	1735
250	484
250	838
250	1851
250	2104
251	736
251	1442
251	1648
251	1721
251	2090
252	746
252	1438
253	266
253	424
253	578
253	916
253	2911
254	258
254	459
254	510
254	1642
255	425
255	437
255	451
255	484
255	751
255	811
255	1978
256	1703
256	1761
256	1838
256	2463
257	264
257	2198
257	2366
258	472
258	476
258	675
258	744
258	837
258	1178
258	2027
258	2107
258	2918
259	333
259	761
260	1413
261	620
261	2102
261	2751
262	760
262	2599
262	2677
263	362
263	388
263	648
263	652
263	1005
263	2638
263	2779
263	2912
264	316
264	321
264	1499
265	441
265	1384
265	1419
266	2033
267	605
267	1132
267	1509
268	362
268	1186
268	1329
268	1616
268	2396
269	720
270	326
270	488
270	618
270	715
271	387
271	460
271	534
271	644
272	1979
272	2496
273	303
273	413
273	535
273	1759
273	2438
273	2565
273	2828
274	1680
274	2391
275	714
276	376
276	455
276	1332
277	317
277	714
277	939
277	1054
277	1287
277	1768
278	407
278	709
278	966
279	280
279	406
279	1504
280	360
280	1031
280	2312
281	505
281	909
281	1334
282	349
282	448
282	655
282	1104
283	312
283	529
283	852
283	2143
284	310
284	363
284	1857
285	525
285	1293
285	1352
286	736
287	798
289	889
289	1220
289	1749
290	568
290	667
290	754
290	816
290	1018
290	1946
290	2893
291	368
291	597
291	2107
292	515
292	2195
293	374
293	1484
294	699
294	897
294	918
296	524
296	1733
297	401
297	527
297	565
297	1542
298	318
298	369
298	508
298	796
298	1428
299	698
300	325
300	564
301	1043
301	1757
302	396
302	537
302	828
303	2018
303	2276
303	2291
304	700
304	857
304	1007
304	1379
305	575
305	855
305	1059
305	1484
305	2164
306	807
306	1045
306	1049
308	470
308	608
309	488
309	1136
309	2204
309	2535
310	764
310	804
310	861
310	1678
310	1834
310	2045
311	458
311	617
311	760
312	1933
313	419
313	450
313	1126
313	1993
314	395
314	474
314	1855
315	367
315	1358
316	403
316	573
318	1121
318	1816
318	1903
318	2574
318	2923
319	503
319	866
319	940
319	998
319	2077
319	2205
320	597
320	754
320	2855
321	445
321	2489
322	549
322	1030
323	1412
323	2986
324	347
324	1367
324	1421
325	543
325	896
325	906
325	2672
326	435
326	501
326	1056
326	1216
326	1868
326	1887
327	351
327	533
327	780
327	984
327	1556
327	2495
328	662
328	1162
328	1270
328	1666
329	371
329	485
329	1175
329	1643
329	1894
330	381
330	633
330	2180
331	346
331	557
332	452
332	1443
333	2110
335	373
335	2381
335	2845
336	1265
336	2904
337	808
338	507
338	576
338	679
338	994
339	584
339	958
339	1708
340	524
340	979
340	1356
340	1547
340	1552
341	443
341	648
341	691
341	981
341	2488
341	2537
341	2842
342	439
342	598
342	612
343	378
343	388
343	473
343	1591
344	630
344	708
344	1081
344	1130
344	1183
344	1405
345	379
345	530
345	1057
345	1101
346	530
346	558
346	1663
346	1763
346	2452
348	1061
348	1268
349	389
349	1029
349	1038
349	2554
350	845
351	415
351	686
351	694
351	740
351	1118
351	1381
351	1597
351	1621
351	1821
351	2408
352	649
352	1423
352	1831
352	2082
353	464
353	2352
354	399
354	535
354	2296
356	934
357	878
357	2524
357	2586
358	625
358	989
358	2825
359	571
359	634
359	1957
359	2464
360	615
360	1976
360	2246
361	375
361	587
362	610
362	712
362	931
362	1536
362	1754
362	1897
362	2012
362	2123
362	2277
363	876
363	1217
363	1318
363	1935
364	1255
364	1275
365	671
365	1004
365	1058
366	386
366	1076
366	1282
366	1654
367	2818
368	694
369	752
369	775
369	820
369	1472
369	2636
370	2487
371	541
372	496
374	472
374	1229
374	2949
376	607
376	653
376	1595
376	2678
377	716
377	717
377	2015
377	2160
378	995
378	2633
379	446
379	715
379	1486
380	428
380	498
380	1315
381	397
381	457
381	555
381	821
381	1812
381	1846
381	1858
381	1969
382	678
382	2018
383	468
383	1192
383	1660
384	1915
384	2145
384	2306
385	813
385	1149
385	2802
387	393
387	635
387	885
387	1145
388	440
388	521
388	640
388	680
388	872
388	928
388	936
388	1348
388	1712
388	1929
388	2050
388	2406
388	2940
389	658
389	795
389	847
389	926
389	2345
389	2903
390	617
391	463
392	968
392	1217
392	2043
393	464
393	656
393	669
393	814
393	1406
393	1770
394	724
394	848
394	1140
394	1217
395	1562
396	2834
397	902
397	1025
397	1526
397	2821
398	793
398	2475
398	2627
399	1080
400	2321
401	1454
402	506
403	570
403	607
403	1238
403	2003
403	2020
404	491
404	712
404	880
405	460
405	566
405	801
405	1569
405	1644
405	2281
405	2306
406	665
406	905
406	1417
406	2046
407	1888
408	443
408	820
408	1658
409	1146
411	1343
411	1809
412	682
412	1161
413	855
414	709
414	785
414	818
414	1156
414	1357
414	1477
414	2915
415	583
415	1513
415	2061
416	943
418	676
418	774
418	1624
419	946
419	1962
421	785
421	2257
422	1652
422	2522
423	624
423	1072
424	1389
424	2782
425	480
425	536
425	1167
425	1186
425	1487
425	2590
426	478
426	532
426	1414
426	2666
427	1201
427	2710
428	670
428	750
428	782
428	1051
428	1851
429	1203
429	1973
429	2756
430	2662
430	2673
431	560
431	2217
432	1818
432	2451
433	522
433	674
433	1120
433	1474
435	1109
435	1112
436	563
436	728
436	1122
436	1139
436	1783
436	1795
436	2058
437	1047
437	1086
438	2134
438	2954
439	904
440	1347
441	490
441	772
441	1840
442	601
443	512
443	1544
443	2729
444	665
444	1128
444	2026
444	2254
445	660
445	692
446	650
446	659
446	1919
446	1974
446	2856
447	1525
447	1691
447	2271
448	1441
448	1878
448	2967
449	1742
449	1801
450	1176
450	2392
450	2966
451	748
451	1422
451	1502
451	1677
451	2782
452	595
452	1063
452	1260
452	1299
452	1490
452	2349
453	1314
454	596
454	1235
454	2453
455	1048
455	1309
455	2094
456	1411
456	2969
457	951
457	2521
458	2161
458	2536
459	631
459	2069
460	632
460	1078
460	1235
460	2291
460	2618
461	590
461	2621
461	2683
463	488
463	1235
463	1721
463	1803
463	2754
464	968
464	973
464	1298
464	1722
465	2531
466	1344
466	2777
467	1248
467	1630
467	2523
468	589
468	1858
469	494
470	930
472	609
472	784
472	1082
472	1478
472	1787
472	1944
472	2604
473	539
473	612
473	1134
473	1231
473	1508
473	1756
473	2743
473	2827
474	1635
474	2342
474	2917
475	481
476	515
476	544
476	1016
476	1320
478	963
478	1014
478	2061
479	661
479	1283
479	1875
480	577
480	697
480	704
481	2274
481	2281
481	2622
482	1096
482	2725
483	759
483	2185
484	634
484	639
484	654
484	2966
485	572
485	1668
485	2130
486	2669
487	592
487	702
487	722
487	1230
487	1461
488	663
488	842
488	1656
488	1707
488	2539
488	2600
490	692
490	949
491	1043
491	1278
492	600
492	1289
493	636
494	723
495	539
495	823
495	1328
497	1697
497	2432
498	1312
499	1187
499	1971
500	2761
501	787
501	1198
501	1252
501	1375
502	835
503	676
503	1593
504	719
504	1755
504	2365
505	689
506	747
506	2275
507	1115
507	2450
507	2999
508	1799
508	1926
509	1147
509	2718
510	532
510	729
510	986
511	765
512	646
512	657
512	2548
513	612
513	1050
514	619
514	2154
514	2744
515	787
515	839
515	844
515	914
515	961
515	976
515	1168
515	1737
515	1760
515	1804
515	1891
515	2630
515	2899
516	835
516	1486
516	2171
517	628
517	791
517	1406
518	834
519	1154
519	1639
519	2002
519	2046
519	2140
520	616
520	2231
520	2658
521	935
521	1477
522	1100
522	1305
522	1924
522	2047
523	1977
523	2758
524	621
524	637
524	822
524	989
524	1248
524	1402
524	1944
525	1489
526	639
526	668
526	942
526	1920
526	2201
527	899
529	1822
530	1728
532	595
532	682
532	1244
532	1831
532	1923
534	1243
535	599
535	1600
535	2103
536	1540
536	1638
536	1729
536	1786
536	2157
536	2741
537	1063
537	2919
538	868
538	1125
538	2195
538	2820
538	2937
539	1522
540	864
540	2659
540	2854
541	638
541	996
541	1330
541	1718
542	924
543	559
543	1286
544	850
546	1236
547	1046
548	1064
548	2983
549	1003
550	934
552	630
552	742
552	1245
553	711
553	2448
557	683
557	884
557	948
557	2387
558	688
558	1182
559	895
559	1355
560	1566
561	759
561	839
561	1095
563	734
563	786
563	2910
564	1261
564	1396
564	2283
565	1130
565	1517
566	2949
568	1445
569	2414
570	757
570	829
570	833
570	1262
570	1322
570	1519
570	2275
571	1157
572	784
572	832
572	1319
573	1960
573	1970
574	932
574	1207
574	1464
574	1764
574	2545
577	600
579	738
579	862
579	2542
580	1450
580	2354
581	860
581	2451
581	2483
582	1359
583	732
583	839
583	1053
583	1520
583	2910
585	1470
587	887
588	848
589	787
590	2129
590	2281
591	1199
591	1672
591	2788
592	705
593	1291
593	2649
594	1544
594	2856
595	768
595	799
595	1725
595	2081
596	827
596	990
596	2589
597	598
598	656
598	1348
599	652
599	2906
600	1215
600	1330
600	1491
601	928
601	1170
601	1284
601	1396
602	1150
602	1235
602	2105
602	2134
603	1227
604	1714
605	1622
606	758
606	779
606	980
606	1483
607	1536
607	2894
608	1429
608	2721
608	2935
610	845
610	1248
611	2175
612	713
612	745
612	841
612	992
612	2335
612	2642
614	699
614	1316
614	2085
615	858
615	1024
616	763
616	770
616	1088
616	1257
616	1578
617	622
618	1410
618	2421
619	1115
620	647
620	1198
620	1333
620	2324
621	1036
621	1213
621	1231
622	942
622	2131
623	696
623	843
623	2285
624	790
625	2520
627	787
627	1636
627	1872
627	2852
628	741
628	1055
629	1544
629	2942
630	731
630	1822
631	1607
632	707
632	950
632	1666
632	2091
633	2625
634	773
634	1393
634	1583
634	1854
634	2147
635	762
635	784
636	831
636	1404
636	2564
637	760
637	2282
638	2569
639	1011
639	1148
639	1348
639	1943
640	893
640	1507
641	1781
641	2523
641	2543
641	2737
642	749
642	2210
643	1425
643	1941
644	749
644	1281
644	2226
644	2628
646	787
646	2823
647	736
647	1049
647	1506
648	1614
648	2232
649	722
649	1158
649	1844
651	741
651	1931
651	2088
651	2408
652	685
652	686
652	695
653	654
653	1375
653	1610
654	808
654	961
654	1307
654	1312
654	2648
655	805
655	1555
656	1222
656	1246
657	1462
657	2301
657	2784
659	1279
659	1521
659	2011
660	959
661	1654
661	1825
661	1906
661	2590
662	703
662	1022
662	1212
663	815
664	2255
665	725
665	853
665	1306
665	2659
665	2723
666	812
666	865
666	1533
666	2966
667	1762
668	1467
668	1726
669	692
670	2891
673	727
673	1383
673	1641
674	1893
675	1870
676	875
676	1647
676	2281
676	2301
677	1115
677	2583
678	923
679	1727
680	806
680	824
680	2248
680	2571
681	771
683	785
683	1172
684	867
684	977
684	1523
685	1242
686	806
687	715
687	754
687	1300
688	849
689	976
689	1626
691	785
691	1338
691	2279
691	2449
691	2507
692	963
692	1462
692	2218
692	2373
692	2678
693	1694
694	775
694	1336
694	1475
694	2355
695	2307
695	2347
695	2600
696	2541
697	1861
697	2133
698	1124
699	890
699	1531
699	2317
701	721
701	2251
701	2259
702	1492
703	1041
703	1203
703	1676
704	2808
705	777
705	1456
705	2243
706	1381
706	2010
707	1050
708	2107
709	1566
709	2530
710	1478
710	2420
711	1385
712	778
712	800
712	1025
713	2453
714	991
714	1660
714	2211
715	1067
715	2528
716	1493
716	2212
717	2000
717	2021
718	2856
719	1027
719	1079
719	1460
719	1723
719	1955
719	2287
720	1778
721	2095
721	2385
722	895
723	1180
723	1270
725	1401
725	2035
725	2423
725	2733
726	756
727	849
727	1090
727	1416
728	1353
728	1622
728	2261
728	2898
729	883
729	1204
729	1863
729	2104
729	2565
729	2712
730	877
730	1160
731	854
731	1174
731	2425
732	1359
732	2841
734	961
735	737
735	889
735	1195
736	786
736	1395
736	2048
736	2104
736	2204
736	2826
737	766
737	2100
737	2628
738	2162
739	1427
739	1994
740	2327
740	2482
741	805
742	1375
742	1510
743	2209
743	2873
744	1647
744	1827
744	2493
745	2024
745	2395
747	1435
747	1634
748	789
748	2778
749	1373
749	1801
749	2397
750	1091
752	1690
752	1701
752	1739
752	2372
753	1449
755	2195
756	1181
756	1515
758	2449
759	1259
759	2153
759	2943
760	809
760	1625
760	1724
760	1950
760	1963
760	1982
761	1967
762	1981
763	1850
764	1267
764	2476
766	854
766	1120
766	2523
766	2666
767	1368
767	2065
768	1209
769	2183
770	2630
771	1416
771	2135
772	1230
772	2277
773	793
776	1866
776	2991
777	1021
777	1123
777	1545
778	1114
779	1832
779	2136
780	1852
781	826
782	1485
782	1853
784	1193
784	1339
784	2035
785	802
785	919
785	1363
785	1668
785	2367
786	1642
787	953
787	1173
787	1276
787	1311
787	1620
787	1817
787	1820
787	1987
787	2862
788	1010
788	2434
791	1199
791	2547
792	2268
793	1441
793	1538
793	1580
793	2052
793	2683
794	836
794	976
794	1248
795	1446
796	1232
796	1592
797	1480
797	2737
798	2883
799	1070
799	1640
799	1651
799	1698
799	2052
799	2179
799	2970
802	2829
804	2105
804	2642
804	2910
805	892
805	964
806	1476
806	2593
807	1399
807	2041
807	2524
807	2819
808	846
808	898
808	1225
808	1259
808	1470
808	2364
809	1948
809	2471
810	972
810	1189
810	1576
811	1785
812	921
813	836
814	907
815	1787
817	1771
818	2023
819	1117
819	2041
820	1327
820	1392
820	1980
821	1324
822	1937
824	1842
824	2114
824	2854
825	1851
826	2759
826	2941
828	1154
829	1364
830	908
830	1325
831	895
831	1017
832	1681
833	1736
835	2169
836	1226
836	1613
836	1627
836	2570
837	1151
839	1131
839	1266
839	2219
841	906
841	2266
841	2345
841	2465
842	851
842	967
842	1065
842	1497
842	2128
843	2409
844	951
844	1164
844	1660
845	939
845	941
845	1621
846	867
846	1551
848	1743
849	1179
849	1274
849	1675
850	1066
850	1415
850	2867
851	1145
851	2540
852	1691
852	2735
853	2263
854	2199
854	2470
854	2678
855	863
856	1584
856	2859
857	1829
857	2037
858	1133
859	988
859	2497
861	937
861	942
862	1294
862	2059
862	2076
866	2333
866	2383
867	940
867	1613
868	922
868	1041
869	960
869	2705
870	947
870	2476
872	945
872	1466
872	1921
873	2780
874	925
874	2806
875	910
875	1023
876	2737
878	1315
878	2843
880	2394
880	2581
880	2640
883	1371
883	1482
883	1521
885	1112
885	1747
885	1796
886	1199
887	1845
888	2620
889	1254
890	2606
890	2682
892	1034
893	1528
894	1075
894	1643
895	1291
895	1292
895	1297
895	1559
895	1758
895	1922
895	2999
896	1119
897	1206
897	1221
897	1233
899	1261
899	2013
900	971
900	1896
902	1434
902	1629
903	939
903	1380
903	2357
904	2466
905	1127
906	1046
906	1660
907	983
907	2406
908	1170
908	1811
908	1935
909	1816
911	1907
911	2125
912	1023
915	2835
916	955
916	1407
916	2431
919	2028
921	1194
921	1469
924	1326
924	2880
926	1165
927	1301
927	2115
927	2552
928	1388
928	1789
928	1873
928	2832
929	1237
930	2331
931	2290
931	2705
932	1612
933	1514
935	2848
937	2297
937	2628
938	1564
939	950
939	1217
939	1478
939	2193
939	2242
939	2947
940	2936
941	1438
941	1830
941	2244
942	1650
942	1851
942	2332
942	2527
943	1119
944	1074
944	2043
947	1424
947	1670
948	1110
948	2595
949	1722
949	2046
950	1138
950	2556
950	2681
952	1403
952	1548
953	978
953	2153
953	2790
954	1155
955	2079
957	1459
957	1715
958	1264
958	1516
958	2494
959	1788
959	2510
960	2665
960	2746
961	1183
961	1591
961	1643
962	2829
965	1370
965	1400
965	1661
966	1355
966	1942
967	993
967	1693
968	1105
968	1602
969	1609
969	2750
970	1360
970	1954
971	1218
971	1938
972	1006
972	1317
973	1324
973	2146
974	1578
974	2551
975	1371
975	2562
976	1405
976	1609
976	1984
976	2575
976	2644
977	1116
977	1247
977	1263
977	1684
977	1854
977	2869
978	1331
978	1572
978	2149
981	1478
982	1254
982	2316
984	1682
984	2130
985	1574
985	1919
987	1522
988	1599
989	1594
989	1743
989	2575
989	2987
990	2292
991	1563
992	1692
994	1033
994	1496
994	1750
995	1985
996	2064
997	1430
997	1619
997	1908
998	2227
999	1934
1000	1358
1001	1044
1002	1069
1002	1118
1002	1280
1004	1144
1004	1491
1004	2054
1005	1568
1006	1255
1006	1958
1006	2505
1006	2955
1007	2085
1008	2479
1008	2655
1009	1905
1010	1112
1010	1439
1010	2238
1011	1089
1011	1643
1011	1896
1011	2243
1012	2647
1013	1108
1013	1908
1017	1062
1017	1637
1018	1575
1018	1665
1018	2142
1019	1292
1019	2097
1019	2875
1020	1374
1022	1348
1022	1883
1022	2950
1023	2970
1024	1317
1025	1907
1026	2083
1028	2066
1028	2685
1030	1184
1030	1706
1031	1655
1032	1119
1032	1288
1032	1668
1032	1859
1033	1285
1034	2675
1035	1272
1038	1386
1039	1145
1039	2639
1039	2683
1039	2871
1040	1083
1042	2484
1042	2831
1043	1169
1043	2054
1044	2650
1045	1529
1046	2043
1049	1328
1049	1473
1049	1730
1050	1250
1050	1372
1051	2058
1054	1385
1054	1615
1054	1797
1055	2697
1059	1153
1060	2116
1060	2833
1061	1418
1061	1549
1063	2053
1064	1465
1064	1745
1064	2615
1065	1541
1066	1440
1067	1341
1067	1354
1067	2182
1068	2215
1072	2850
1073	1187
1077	2930
1079	1173
1079	1876
1079	2883
1080	1205
1080	1225
1081	1335
1081	2691
1082	1111
1082	1704
1083	1154
1084	1774
1084	1869
1085	2119
1086	1152
1086	1182
1086	1304
1086	1321
1086	1408
1086	2191
1087	1874
1087	2898
1088	1512
1089	1202
1089	1375
1089	1876
1090	2074
1093	1546
1093	2474
1094	1171
1094	1191
1094	1967
1095	2424
1096	1575
1099	2111
1099	2438
1099	2533
1101	1944
1103	2032
1103	2692
1105	1712
1105	2272
1106	1141
1107	1163
1107	1632
1108	2219
1109	1431
1109	2223
1109	2691
1110	1113
1110	2240
1110	2293
1113	2304
1114	1391
1114	2487
1115	1397
1115	1569
1115	1846
1115	1998
1115	2303
1115	2812
1116	1211
1118	1328
1118	1488
1119	1432
1119	1696
1120	1302
1120	2186
1121	1800
1121	2357
1122	1366
1122	1964
1123	2529
1124	1129
1125	2607
1127	1775
1128	1273
1128	2514
1130	1773
1130	1878
1132	1603
1132	2084
1133	2377
1134	1255
1134	2017
1135	1402
1135	1433
1136	1168
1136	1234
1138	1990
1138	2067
1139	1867
1139	2421
1140	1649
1140	2190
1140	2207
1140	2356
1141	1702
1141	1843
1141	2656
1142	1518
1142	2814
1143	1177
1143	2718
1144	1802
1147	1445
1147	2188
1149	1373
1149	1586
1149	1947
1149	2961
1150	1664
1151	1881
1152	1224
1152	1337
1152	2773
1153	1397
1153	1557
1154	1191
1154	1648
1154	1855
1155	1163
1158	2557
1164	1296
1165	2443
1165	2749
1167	1323
1168	2662
1169	2069
1169	2502
1169	2770
1170	1219
1170	1881
1170	2202
1171	1324
1171	1720
1172	1560
1173	1340
1175	1196
1177	1197
1178	1826
1180	2278
1181	2371
1182	1289
1182	2881
1183	1766
1183	1944
1183	2127
1183	2153
1184	2339
1185	2350
1187	1956
1188	2208
1189	2167
1189	2929
1191	2133
1192	1836
1192	1923
1193	1798
1196	1611
1196	2810
1198	1935
1199	1253
1199	2653
1199	2914
1200	1744
1201	1539
1201	2677
1202	1705
1203	1302
1203	1821
1203	2133
1203	2413
1204	2158
1205	1815
1205	1959
1206	1657
1207	1337
1207	2384
1210	1312
1215	2237
1215	2305
1215	2522
1217	1615
1217	1700
1217	2103
1217	2715
1219	1928
1220	1387
1220	1458
1220	2436
1220	2462
1221	1724
1222	2501
1222	2525
1223	2396
1224	1474
1224	2053
1224	2230
1225	1243
1226	2233
1229	1779
1230	1565
1230	1732
1231	2633
1231	2973
1235	2236
1235	2783
1236	1837
1236	1919
1237	1702
1237	1726
1237	2075
1238	1468
1238	1972
1240	1730
1243	1677
1243	2027
1244	1563
1244	2528
1245	1513
1246	1686
1247	1471
1247	1577
1247	2597
1248	1280
1248	1840
1249	1565
1250	2790
1252	2590
1253	1378
1253	1390
1254	1436
1254	2091
1254	2390
1255	1305
1256	2658
1257	1389
1257	1451
1257	2616
1258	1890
1259	2080
1260	1679
1261	2269
1261	2507
1262	1369
1262	1901
1262	2533
1262	2678
1262	2694
1262	2901
1264	1662
1267	1290
1267	1979
1269	1717
1269	2357
1269	2405
1271	1873
1272	1671
1272	1880
1272	2090
1272	2155
1272	2579
1272	2683
1273	2267
1274	1505
1276	2704
1280	1916
1282	1398
1283	2668
1284	1988
1284	2839
1286	1709
1286	2516
1289	2401
1290	1321
1290	2609
1291	1342
1291	1582
1291	2480
1292	1457
1292	2005
1293	1614
1295	1748
1295	2029
1295	2369
1298	1600
1300	1596
1300	2148
1302	2310
1303	1417
1303	1606
1304	1578
1304	1829
1304	2636
1304	2974
1305	1573
1305	2071
1305	2336
1306	1570
1306	1856
1308	1860
1308	2793
1309	1963
1310	2748
1311	1444
1312	1889
1312	1965
1312	2270
1312	2459
1313	1362
1313	2340
1314	2517
1314	2892
1315	2776
1317	1347
1317	1524
1318	1604
1320	2117
1323	1953
1323	2174
1323	2412
1324	1478
1325	1466
1326	2161
1327	2039
1327	2760
1328	1350
1328	1879
1328	2705
1331	1462
1332	1493
1333	1790
1333	2062
1334	1349
1336	2213
1337	1365
1337	1448
1337	2985
1338	1598
1339	2652
1341	2411
1342	1640
1342	2184
1343	2740
1346	2888
1347	1463
1347	2916
1348	1594
1350	1355
1350	1740
1350	1883
1350	2598
1350	2722
1351	1550
1353	1441
1353	2711
1354	1792
1355	1589
1355	1824
1355	2035
1355	2485
1356	1537
1356	2811
1359	2001
1361	2588
1363	1674
1364	2294
1366	2044
1367	2004
1369	1642
1372	1810
1372	2119
1372	2678
1372	2704
1374	2245
1375	1716
1375	2959
1376	2909
1377	2065
1377	2224
1377	2838
1380	1985
1381	2098
1381	2469
1382	2468
1384	1448
1385	1397
1385	1406
1385	2244
1386	1511
1386	2221
1387	2348
1390	1777
1392	2288
1394	1453
1395	1555
1395	2093
1395	2844
1398	2827
1399	2415
1400	2589
1401	2334
1402	1738
1402	2731
1404	2896
1405	2634
1405	2947
1405	2994
1406	1426
1406	1877
1406	2151
1407	2493
1408	2224
1409	1596
1410	1501
1413	1711
1413	2647
1417	1900
1419	2072
1421	1428
1421	1668
1421	2573
1422	2677
1423	1835
1423	1909
1424	2315
1424	2477
1425	2280
1426	2753
1427	2225
1428	1491
1428	1565
1428	2803
1429	1608
1429	2686
1433	1695
1433	2343
1434	2368
1437	1895
1438	1607
1438	1659
1438	1671
1438	2586
1438	2827
1439	1689
1441	2969
1442	1716
1443	1452
1446	1986
1449	2273
1449	2845
1450	1996
1452	2290
1453	2833
1455	2953
1457	2288
1459	2403
1460	1623
1460	2824
1461	1824
1462	2558
1462	2879
1464	1479
1464	1571
1465	2726
1465	2989
1466	1808
1466	3000
1468	1936
1470	2271
1472	2089
1473	2156
1474	1889
1475	1590
1475	2022
1477	1589
1477	2932
1478	1505
1478	1536
1478	1566
1478	1610
1478	2500
1478	2534
1478	2537
1479	2081
1482	1950
1489	1576
1490	1782
1491	1498
1491	1534
1491	1927
1491	2570
1493	1928
1494	1568
1494	2163
1496	1754
1497	2138
1497	2799
1498	2176
1500	1637
1503	2331
1504	1628
1505	1591
1505	2742
1506	1995
1509	1638
1511	1847
1511	1885
1511	2054
1512	2587
1514	1585
1514	2002
1514	2220
1516	2661
1517	1642
1519	2063
1520	2045
1520	2087
1520	2203
1521	1572
1522	2045
1523	1816
1524	1945
1525	1566
1525	2305
1526	2624
1528	2805
1528	2981
1529	1925
1529	2187
1530	2077
1531	1645
1531	2719
1532	2755
1533	2359
1533	2988
1535	1794
1535	1870
1535	1881
1535	2096
1535	2938
1536	1561
1536	2577
1537	1633
1538	2786
1539	2398
1540	2358
1540	2975
1541	2166
1542	2701
1543	1729
1543	1731
1544	1646
1544	2703
1547	1643
1548	1667
1548	1865
1549	2134
1550	1822
1555	1903
1555	2002
1556	2443
1557	1767
1559	1753
1561	2240
1561	2952
1562	1833
1562	2509
1563	2335
1563	2590
1565	2559
1566	2068
1566	2581
1567	1569
1567	1776
1569	2637
1570	1847
1570	2565
1571	1687
1573	1841
1575	2804
1576	2728
1577	1914
1577	2552
1578	1864
1578	2153
1584	2038
1587	2360
1589	1659
1589	1699
1589	2036
1591	1779
1591	2114
1592	2150
1594	1693
1594	1805
1595	2082
1596	2910
1597	2979
1599	1643
1602	2994
1603	2732
1606	2344
1607	2113
1609	2591
1609	2915
1611	1910
1611	2637
1612	2193
1613	1984
1613	2055
1614	1617
1614	1768
1614	1787
1614	2165
1616	2252
1617	2696
1618	1752
1619	1631
1619	2546
1620	2019
1621	2768
1622	2106
1624	2161
1624	2603
1625	2727
1626	2132
1626	2373
1626	2446
1626	2952
1627	2551
1632	1683
1635	2716
1635	2774
1636	2313
1636	2619
1640	2310
1640	2653
1642	1839
1642	2034
1643	1719
1643	1837
1643	2767
1643	2844
1647	2506
1648	2617
1649	1940
1649	2170
1651	1952
1652	2791
1654	2608
1659	2363
1660	2430
1660	2618
1662	1804
1662	2860
1663	2282
1664	2540
1664	2670
1666	2034
1666	2653
1666	2907
1668	2663
1669	2652
1673	1892
1673	2422
1674	2309
1675	2526
1676	2300
1677	1987
1678	1966
1679	2800
1683	2924
1684	2222
1685	2728
1686	1968
1686	2108
1687	2614
1689	2772
1691	2301
1693	1814
1693	2125
1693	2789
1695	2258
1698	2594
1699	2440
1699	2738
1701	2031
1701	2495
1702	2253
1702	2960
1704	2937
1710	2124
1711	2191
1712	2908
1714	1928
1714	2610
1715	2066
1718	2623
1718	2853
1718	2863
1720	2641
1721	2766
1723	1737
1724	2048
1726	2717
1727	1784
1729	2284
1729	2339
1729	2529
1734	2611
1735	1882
1740	2040
1740	2378
1742	1917
1743	1750
1743	2977
1744	1930
1744	2835
1747	2393
1752	1949
1754	1872
1754	2563
1755	2052
1755	2353
1756	2388
1757	2048
1758	1815
1759	1999
1759	2381
1760	2181
1763	2657
1764	2009
1765	2429
1768	1967
1768	2228
1770	2629
1771	2421
1772	2165
1777	1871
1777	1933
1777	2368
1778	2013
1781	2407
1782	2512
1783	2842
1784	2137
1786	2499
1788	1971
1789	2286
1790	2846
1790	2943
1796	2518
1799	2241
1799	2676
1800	2234
1803	2270
1804	1807
1804	2428
1805	2700
1807	1844
1807	1884
1807	1947
1808	2478
1812	2318
1814	1819
1815	2707
1816	1886
1816	1961
1817	1846
1817	1975
1818	2270
1819	2346
1822	2291
1824	2400
1824	2754
1827	1862
1831	2295
1833	2958
1834	2013
1835	1997
1837	1938
1837	2703
1838	2289
1840	2684
1843	2582
1845	1950
1845	2122
1846	2820
1849	2206
1849	2815
1851	2791
1852	1902
1854	2283
1854	2978
1856	1911
1859	2447
1861	2463
1862	1991
1862	2817
1863	2056
1863	2250
1864	1918
1865	1939
1865	2580
1868	2416
1869	2860
1870	2025
1870	2306
1870	2319
1871	2264
1872	2280
1876	2909
1878	2550
1879	1897
1884	1894
1885	2748
1886	2724
1889	2515
1891	2220
1894	2546
1896	2462
1896	2837
1897	2821
1899	2486
1901	2698
1902	2795
1903	2141
1903	2495
1905	2451
1907	2650
1908	2288
1908	2363
1909	2651
1914	2120
1914	2262
1918	2370
1919	2322
1920	2216
1920	2329
1922	2699
1928	2551
1930	2980
1933	2147
1934	2091
1936	2865
1938	2618
1939	1987
1939	2099
1940	2304
1944	1952
1948	2192
1952	2057
1958	2282
1963	2412
1967	2051
1967	2178
1969	2096
1970	2367
1970	2566
1970	2900
1971	2559
1971	2958
1973	2408
1975	2502
1976	2892
1981	2472
1984	2322
1985	2572
1986	2247
1987	2359
1991	2646
1993	2439
1996	2970
1998	2368
1998	2733
2000	2074
2000	2189
2005	2015
2008	2989
2011	2159
2011	2308
2015	2628
2015	2633
2017	2197
2017	2969
2020	2957
2021	2080
2021	2362
2027	2177
2027	2902
2028	2361
2031	2196
2035	2804
2040	2514
2042	2905
2044	2417
2047	2635
2048	2124
2051	2502
2052	2120
2053	2298
2054	2260
2057	2765
2060	2296
2061	2806
2065	2145
2065	2328
2065	2527
2068	2771
2069	2534
2070	2112
2070	2456
2073	2404
2076	2921
2077	2358
2077	2899
2081	2664
2083	2105
2083	2770
2084	2229
2087	2674
2088	2946
2090	2092
2091	2292
2092	2561
2093	2399
2094	2889
2099	2874
2099	2912
2101	2173
2101	2913
2102	2437
2103	2330
2104	2118
2104	2794
2104	2888
2105	2519
2105	2890
2105	2928
2107	2128
2109	2126
2109	2376
2109	2604
2111	2504
2111	2604
2122	2379
2125	2796
2129	2980
2130	2971
2134	2326
2135	2200
2136	2239
2147	2683
2150	2904
2151	2172
2156	2179
2159	2715
2161	2630
2161	2844
2163	2990
2170	2373
2172	2498
2177	2623
2177	2757
2179	2491
2183	2532
2186	2490
2187	2762
2189	2325
2189	2663
2190	2798
2191	2386
2192	2749
2200	2926
2202	2492
2203	2374
2213	2500
2217	2939
2224	2445
2225	2380
2227	2631
2228	2640
2230	2690
2238	2679
2242	2255
2243	2370
2243	2925
2244	2250
2244	2626
2245	2858
2247	2763
2249	2368
2250	2592
2250	2836
2250	2878
2252	2895
2254	2401
2254	2491
2255	2630
2255	2706
2257	2386
2258	2330
2258	2927
2259	2897
2260	2847
2261	2338
2265	2345
2265	2357
2266	2647
2266	2884
2270	2870
2273	2680
2277	2346
2280	2320
2280	2381
2281	2506
2281	2555
2281	2963
2282	2399
2283	2787
2284	2441
2287	2335
2287	2731
2289	2544
2294	2821
2296	2709
2300	2389
2304	2708
2304	2741
2304	2885
2305	2654
2316	2427
2320	2787
2320	2909
2321	2791
2322	2600
2330	2568
2331	2382
2336	2734
2343	2695
2345	2519
2346	2740
2347	2947
2351	2442
2352	2666
2352	2877
2357	2617
2358	2603
2362	2689
2362	2885
2365	2631
2367	2907
2372	2991
2373	2677
2375	2931
2381	2553
2381	2785
2382	2433
2382	2612
2382	2714
2391	2500
2397	2739
2401	2578
2404	2695
2404	2989
2406	2830
2406	2872
2416	2426
2416	2660
2416	2950
2419	2686
2420	2444
2423	2538
2436	2688
2437	2720
2443	2481
2443	2857
2450	2807
2454	2511
2458	2702
2461	2528
2461	2982
2462	2481
2463	2596
2469	2560
2471	2860
2477	2613
2487	2691
2491	2521
2496	2676
2500	2786
2504	2632
2506	2970
2521	2671
2524	2648
2530	2723
2534	2801
2538	2748
2541	2970
2542	2964
2546	2594
2561	2723
2565	2968
2566	2948
2567	2747
2574	2997
2575	2693
2576	2886
2578	2584
2579	2775
2583	2934
2592	2944
2595	2922
2597	2713
2600	2998
2602	2851
2603	2965
2611	2813
2616	2840
2618	2952
2622	2662
2623	2963
2642	2868
2648	2925
2655	2745
2655	2809
2661	2816
2662	2736
2666	2887
2677	2860
2678	2980
2684	2876
2686	2725
2688	2992
2690	2969
2691	2984
2692	2945
2705	2881
2713	2797
2717	2864
2730	2822
2734	2769
2736	2932
2738	2882
2739	2976
2761	2830
2766	2790
2779	2995
2799	2829
2846	2956
2848	2866
2877	2945
2973	2993
