1	2
1	3
1	4
1	5
1	6
1	7
1	8
1	9
1	10
1	30
1	46
1	65
1	68
1	80
1	93
1	100
1	102
1	108
1	122
1	134
1	146
1	152
1	160
1	325
1	651
1	1020
1	1717
1	1824
1	2864
2	3
2	4
2	5
2	6
2	7
2	8
2	9
2	10
2	13
2	15
2	16
2	17
2	20
2	22
2	23
2	62
2	93
2	334
2	424
2	657
2	671
2	687
2	689
2	855
2	1498
2	2772
3	4
3	5
3	6
3	7
3	8
3	9
3	16
3	19
3	26
3	39
3	49
3	66
3	85
3	92
3	183
3	277
3	288
3	319
3	414
3	508
3	547
3	787
3	809
3	944
3	1351
3	1477
3	1661
3	2693
4	5
4	6
4	7
4	8
4	9
4	11
4	12
4	13
4	14
4	48
4	59
4	81
4	84
4	91
4	265
4	356
4	440
4	466
4	1177
4	1312
4	1858
4	2024
4	2367
4	2424
4	2806
5	6
5	7
5	8
5	9
5	12
5	14
5	18
5	21
5	27
5	29
5	30
5	103
5	114
5	121
5	171
5	352
5	475
5	585
5	693
5	942
5	1664
5	2577
6	7
6	8
6	9
6	25
6	28
6	35
6	41
6	101
6	128
6	228
6	278
6	291
6	495
6	609
6	752
6	999
6	1296
6	1384
6	1562
6	2454
6	2706
7	8
7	9
7	10
7	14
7	22
7	24
7	25
7	30
7	31
7	34
7	55
7	109
7	110
7	115
7	192
7	292
7	416
7	739
7	1204
7	1887
7	2992
8	9
8	11
8	12
8	19
8	24
8	25
8	51
8	78
8	88
8	96
8	98
8	141
8	286
8	1135
8	1473
8	1663
8	1689
8	1710
8	1828
8	2280
8	2434
8	2605
8	2891
9	13
9	19
9	32
9	45
9	50
9	112
9	119
9	126
9	136
9	253
9	261
9	263
9	292
9	513
9	616
9	668
9	2556
10	11
10	22
10	64
10	144
10	156
10	195
10	199
10	251
10	260
10	339
10	389
10	521
10	765
10	850
10	943
10	951
10	1135
10	1666
10	1894
10	1922
10	2545
11	16
11	21
11	23
11	27
11	50
11	75
11	89
11	122
11	247
11	326
11	351
11	364
11	1419
12	15
12	17
12	18
12	53
12	66
12	77
12	87
12	182
12	196
12	207
12	247
12	257
12	409
12	564
12	736
12	895
12	900
12	1457
12	2863
13	20
13	23
13	26
13	33
13	35
13	86
13	98
13	105
13	117
13	153
13	192
13	197
13	479
13	1668
13	1742
13	2041
13	2979
14	15
14	26
14	47
14	58
14	68
14	75
14	136
14	238
14	361
14	491
14	712
14	835
14	1741
14	2501
15	17
15	18
15	34
15	36
15	68
15	81
15	103
15	260
15	279
15	369
15	429
15	451
15	535
15	583
15	1192
15	1267
16	20
16	21
16	25
16	28
16	42
16	79
16	91
16	105
16	130
16	189
16	199
16	228
16	434
16	503
16	863
16	1047
16	1218
16	2913
17	29
17	42
17	48
17	52
17	57
17	74
17	85
17	104
17	113
17	129
17	164
17	165
17	172
17	209
17	221
17	226
17	255
17	467
17	587
17	613
17	899
17	925
17	974
17	1206
17	1265
18	24
18	57
18	67
18	74
18	77
18	284
18	301
18	534
18	628
18	641
18	802
18	1008
18	1155
18	1591
18	1958
19	29
19	32
19	38
19	39
19	40
19	45
19	51
19	167
19	195
19	206
19	411
19	413
19	743
19	765
19	1856
20	28
20	37
20	39
20	79
20	88
20	96
20	97
20	101
20	305
20	785
20	819
20	1194
20	1394
20	1460
20	1965
21	303
21	505
21	644
21	1021
21	1091
21	1196
21	1327
21	1653
21	2980
22	27
22	34
22	36
22	41
22	43
22	113
22	181
22	198
22	240
22	340
22	514
22	521
22	609
22	696
23	83
23	242
23	329
23	339
23	455
23	495
23	497
23	580
23	633
23	734
23	1016
23	1129
23	1183
23	1526
23	1752
23	2230
23	2253
24	31
24	33
24	39
24	43
24	47
24	50
24	53
24	55
24	58
24	70
24	80
24	109
24	138
24	142
24	231
24	259
24	281
24	304
24	305
24	443
24	1707
24	2649
25	32
25	33
25	35
25	40
25	56
25	67
25	95
25	125
25	135
25	183
25	220
25	234
25	331
25	387
25	493
25	2006
25	2154
25	2262
25	2428
26	30
26	40
26	44
26	55
26	77
26	127
26	145
26	155
26	219
26	282
26	374
26	702
26	941
26	1114
26	1829
26	2086
26	2592
26	2823
27	36
27	38
27	45
27	66
27	80
27	84
27	276
27	303
27	418
27	464
27	571
27	572
27	1820
27	2869
28	37
28	46
28	187
28	298
28	376
28	455
28	463
28	784
28	946
28	1636
29	31
29	43
29	106
29	107
29	159
29	462
29	575
29	1247
30	37
30	48
30	69
30	93
30	141
30	409
30	535
30	1173
30	1199
30	1756
30	2627
31	42
31	44
31	62
31	64
31	71
31	90
31	156
31	196
31	205
31	278
31	478
31	783
31	1485
31	2165
32	41
32	44
32	52
32	97
32	208
32	279
32	307
32	318
32	494
32	680
32	1224
32	1547
32	2612
33	82
33	90
33	147
33	177
33	190
33	280
33	539
33	642
33	657
33	814
33	989
33	1151
33	1396
33	1521
33	1937
33	2273
33	2671
34	51
34	92
34	133
34	194
34	313
34	357
34	393
34	714
34	1070
34	1706
35	38
35	56
35	63
35	75
35	118
35	137
35	299
35	518
35	764
35	2602
35	2937
36	39
36	53
36	60
36	63
36	65
36	129
36	131
36	147
36	178
36	204
36	231
36	256
36	401
36	459
36	635
36	805
36	1035
36	1761
36	2184
37	67
37	78
37	140
37	219
37	472
37	499
37	531
37	716
37	1027
37	1040
37	1118
37	1188
37	1601
37	1609
37	1843
37	2138
38	73
38	210
38	223
38	255
38	297
38	330
38	337
38	565
38	946
38	1352
38	1869
38	1973
38	2049
38	2634
39	49
39	123
39	132
39	207
39	271
39	375
39	384
39	397
39	425
39	481
39	531
39	656
39	1226
39	2137
39	2322
39	2960
40	57
40	72
40	149
40	165
40	213
40	220
40	290
40	328
40	476
40	707
40	1541
40	1854
40	2374
41	49
41	159
41	180
41	730
41	1235
41	1736
41	1920
42	63
42	85
42	214
42	421
42	520
42	895
42	945
42	1042
42	2648
43	59
43	70
43	101
43	151
43	161
43	184
43	193
43	266
43	320
43	734
43	2762
44	54
44	83
44	118
44	143
44	176
44	382
44	392
44	405
44	408
44	414
44	464
44	637
44	2090
45	46
45	47
45	61
45	69
45	78
45	82
45	84
45	115
45	185
45	505
45	608
45	890
45	1049
45	1098
45	1223
45	1281
45	1643
45	2399
46	58
46	62
46	105
46	114
46	133
46	145
46	329
46	387
46	620
46	1114
46	1384
47	52
47	79
47	94
47	180
47	1046
47	1056
47	1107
47	1435
47	1484
47	1943
47	2355
48	54
48	61
48	126
48	161
48	180
48	432
48	574
48	575
48	767
48	882
48	1283
48	1385
48	1566
48	2499
48	2968
49	64
49	159
49	284
49	554
49	616
49	823
49	1675
49	1759
49	2098
50	120
50	143
50	149
50	201
50	217
50	236
50	266
50	288
50	318
50	345
50	525
50	834
50	1011
50	1038
50	1807
51	56
51	59
51	61
51	87
51	117
51	140
51	212
51	490
51	846
51	1053
51	1714
51	1825
51	2359
51	2405
51	2655
52	72
52	86
52	90
52	120
52	169
52	368
52	468
52	909
52	927
52	1122
52	1313
52	1405
53	54
53	60
53	95
53	114
53	297
53	376
53	502
53	896
53	1213
53	1228
53	1577
53	1872
53	1905
53	2084
53	2086
53	2289
54	71
54	89
54	97
54	117
54	224
54	227
54	306
54	311
54	316
54	439
54	838
54	1359
54	2313
54	2833
55	69
55	73
55	104
55	153
55	349
55	446
55	459
55	1147
55	1580
55	1824
55	1829
55	2035
55	2858
56	89
56	179
56	183
56	211
56	214
56	563
56	1014
56	1322
56	1392
56	2604
57	65
57	76
57	92
57	100
57	102
57	104
57	106
57	124
57	207
57	246
57	295
57	431
57	631
57	778
57	881
57	1139
57	1708
57	2932
58	60
58	74
58	217
58	229
58	273
58	527
58	921
58	932
58	1134
58	1173
58	1487
58	1740
59	107
59	113
59	119
59	146
59	174
59	213
59	244
59	260
59	316
59	512
59	518
59	794
59	812
59	1474
59	1772
59	2196
59	2597
60	111
60	456
60	1221
60	1536
60	1841
60	2275
60	2506
60	2812
61	71
61	115
61	121
61	271
61	826
62	70
62	112
62	240
62	333
62	358
62	477
62	512
62	612
62	813
62	1226
62	1359
62	1530
62	1696
62	1825
62	2923
63	141
63	177
63	256
63	449
63	510
63	1649
63	1809
63	2861
64	76
64	83
64	150
64	211
64	365
64	399
64	424
64	434
64	510
64	904
64	1265
64	1275
64	1665
65	73
65	169
65	188
65	201
65	338
65	1899
65	2311
65	2360
65	2783
66	191
66	192
66	317
66	571
66	645
66	1071
66	1409
66	2073
67	82
67	134
67	144
67	314
67	932
67	960
67	2479
68	174
68	185
68	258
68	279
68	349
68	394
68	506
68	545
68	926
68	1263
68	1595
68	1705
68	2945
69	72
69	126
69	178
69	702
69	850
69	858
69	1180
69	1324
69	1353
69	1631
69	2703
70	76
70	151
70	155
70	232
70	257
70	355
70	605
70	1078
70	1650
70	1764
70	2582
70	2869
71	152
71	218
71	299
71	321
71	355
71	419
71	647
71	1262
71	1697
71	2277
71	2627
72	135
72	136
72	176
72	463
72	568
72	626
72	1174
72	1493
72	2042
72	2802
73	86
73	219
73	322
73	498
73	519
73	740
73	808
73	969
73	1060
73	1085
73	1464
73	1877
73	2522
73	2981
74	81
74	130
74	224
74	245
74	253
74	290
74	323
74	469
74	569
74	878
74	1317
75	102
75	116
75	128
75	142
75	158
75	215
75	509
76	94
76	107
76	111
76	121
76	135
76	150
76	216
76	232
76	323
76	336
76	342
76	390
76	561
76	713
76	930
76	997
76	1648
76	1961
76	2201
77	103
77	230
77	235
77	287
77	440
77	621
77	708
77	864
77	970
77	1288
77	1329
77	2438
77	2476
77	2632
78	91
78	96
78	295
78	466
78	562
78	576
78	655
78	881
78	1229
78	1456
78	2710
79	124
79	156
79	163
79	166
79	321
79	469
79	471
79	619
79	831
79	837
79	1190
79	1216
79	2969
80	94
80	100
80	153
80	158
80	160
80	204
80	222
80	372
80	686
80	702
80	759
80	1085
80	1220
80	1377
81	147
81	151
81	214
81	225
81	229
81	283
81	346
81	404
81	876
81	1331
81	1791
81	2580
82	87
82	122
82	232
82	234
82	820
82	1137
82	1176
82	1303
82	1631
82	1759
83	139
83	144
83	248
83	259
83	264
83	287
83	331
83	421
83	2273
84	225
84	343
84	361
84	472
84	504
84	613
84	1063
84	1225
84	2711
85	109
85	311
85	347
85	348
85	373
85	876
85	908
85	1654
86	148
86	193
86	194
86	205
86	486
86	495
86	897
86	1034
86	1252
86	2248
86	2673
86	2712
87	88
87	175
87	308
87	309
87	341
87	2385
88	139
88	837
88	1068
88	1451
88	1453
88	2056
88	2118
88	2178
88	2539
88	2597
89	116
89	132
89	145
89	165
89	170
89	181
89	190
89	268
89	286
89	438
89	498
89	778
89	907
89	1344
90	164
90	167
90	236
90	497
90	592
90	718
90	846
90	1166
90	1170
90	2001
90	2785
91	98
91	108
91	143
91	435
91	522
91	1621
92	123
92	138
92	148
92	267
92	301
92	659
92	1111
92	1162
92	1757
92	2175
93	95
93	131
93	157
93	178
93	261
93	356
93	362
93	769
93	1023
93	1213
93	1333
93	2189
93	2559
94	99
94	132
94	385
94	393
94	763
94	1067
94	2940
95	99
95	174
95	189
95	399
95	500
95	582
95	795
95	1047
95	1959
95	2925
96	99
96	134
96	186
96	280
96	603
96	739
96	1043
96	1728
96	1996
96	2021
96	2670
97	125
97	182
97	195
97	216
97	268
97	362
97	1002
97	1342
97	2027
98	110
98	137
98	168
98	448
98	712
98	756
98	799
98	1027
98	1429
99	231
99	321
99	449
99	475
99	670
99	793
99	905
99	1563
99	1576
100	163
100	228
100	638
100	1149
100	1158
100	1563
100	2346
101	112
101	154
101	370
101	379
101	456
101	547
101	598
101	737
101	1099
101	1326
101	1553
101	2588
102	106
102	277
102	408
102	738
102	1454
102	1596
102	1908
102	2401
103	120
103	181
103	252
103	256
103	273
103	476
103	1712
103	1961
103	2559
103	2938
104	108
104	123
104	150
104	167
104	203
104	212
104	317
104	355
104	720
104	940
104	1231
104	1730
105	318
105	2279
106	152
106	261
106	269
106	282
106	289
106	500
106	552
106	986
106	1516
106	1876
106	2220
107	116
107	133
107	202
107	407
107	450
107	777
107	1348
107	2233
108	110
108	138
108	168
108	188
108	202
108	277
108	320
108	597
108	691
108	887
108	919
108	1170
108	1654
108	2820
109	142
109	299
109	516
109	579
109	606
109	678
109	1934
109	2307
109	2661
110	111
110	391
110	492
110	729
110	1544
110	1645
111	119
111	148
111	164
111	226
111	254
111	307
111	363
111	371
111	433
111	593
111	991
112	118
112	127
112	129
112	154
112	263
112	295
112	554
112	924
112	1341
112	2392
112	2843
113	322
113	371
113	402
113	579
113	830
113	1377
113	1560
113	1672
113	2020
113	2445
114	127
114	211
114	459
114	700
114	869
114	888
114	1625
114	1915
115	162
115	792
115	1014
115	1712
115	2353
116	255
116	296
116	315
116	694
116	1445
117	130
117	154
117	188
117	233
117	379
117	443
117	627
117	841
117	975
117	1541
117	1761
117	1793
117	2285
117	2600
117	2730
118	191
118	316
118	667
118	741
118	1358
118	2113
119	241
119	1282
119	1586
120	124
120	125
120	200
120	206
120	259
120	319
120	556
120	693
120	768
120	795
120	1539
121	163
121	175
121	222
121	436
121	485
121	596
121	616
121	1073
121	1317
121	1950
121	2268
121	2365
122	189
122	233
122	484
122	547
122	589
122	615
122	698
122	1147
122	1367
122	2561
123	140
123	162
123	197
123	258
123	356
123	480
123	541
123	580
123	632
123	782
123	1015
123	1200
123	1860
123	1917
123	1953
123	2380
123	2779
123	2914
124	149
124	206
124	300
124	735
124	736
125	128
125	131
125	182
125	204
125	275
125	310
125	706
125	986
125	1606
125	2144
125	2740
125	2783
126	249
126	296
126	353
126	401
126	411
126	483
126	554
126	588
126	591
126	830
126	970
126	1720
126	2173
126	2256
127	141
127	166
127	173
127	269
127	370
127	835
127	957
127	1319
127	1650
127	2034
127	2264
128	166
128	289
128	378
128	1078
128	1458
128	2246
128	2379
129	146
129	430
129	483
129	612
129	625
129	685
129	1141
129	1297
129	1439
129	2749
130	139
130	171
130	245
130	252
130	359
130	520
130	762
130	1124
131	453
131	799
131	803
131	886
131	925
131	1865
132	345
132	365
132	410
132	1072
132	1754
132	1949
132	1971
132	2115
133	432
133	597
133	627
133	668
133	962
133	1189
133	2062
133	2552
134	486
134	1051
134	1972
134	2423
134	2586
135	137
135	161
135	352
135	446
135	1730
135	1975
135	2049
136	184
136	185
136	187
136	230
136	258
136	390
136	460
136	1881
136	2062
136	2868
136	2968
137	157
137	294
137	550
137	1029
137	1183
137	1379
137	1829
137	2447
137	2950
138	239
138	265
138	1102
138	1207
138	1274
138	1456
138	1973
139	239
139	241
139	275
139	340
139	407
139	528
139	557
139	569
139	707
139	1142
139	1234
139	2035
139	2063
140	186
140	294
140	490
140	581
140	872
140	1278
140	2103
140	2201
141	198
141	226
141	248
141	849
141	984
141	1017
141	1442
141	1898
142	158
142	160
142	170
142	200
142	253
142	285
142	377
142	407
142	484
142	521
142	859
142	868
142	949
142	1514
143	296
143	431
143	447
143	703
143	749
143	773
143	828
143	1051
143	1274
143	2739
143	2834
144	173
144	187
144	201
144	248
144	378
144	525
144	587
144	626
144	1130
145	155
145	372
145	920
145	2088
146	157
146	170
146	447
146	753
146	1929
147	169
147	177
147	186
147	291
147	410
147	415
147	514
147	896
147	907
147	1717
147	1862
147	2025
147	2038
147	2752
148	221
148	482
148	725
148	831
148	1443
148	1804
148	2189
148	2622
149	171
149	557
149	624
149	729
149	865
149	1095
149	1633
150	210
150	345
150	599
150	1134
150	1973
150	2000
150	2826
151	441
151	938
151	1984
151	2219
151	2537
152	611
152	873
152	1052
152	1448
153	168
153	175
153	212
153	251
153	363
153	476
153	508
153	529
153	533
153	670
153	937
153	2266
153	2427
153	2814
153	2870
154	173
154	237
154	323
154	415
154	578
154	1950
155	272
155	274
155	373
155	435
155	463
155	782
155	877
155	1789
155	1844
155	2521
156	833
156	865
156	1247
156	1438
156	1866
156	2228
157	199
157	246
157	493
157	883
157	1394
157	2423
157	2454
157	2798
158	210
158	264
158	388
158	455
158	747
158	760
158	785
158	1497
158	1651
158	2537
159	162
159	197
159	408
159	431
159	997
159	1504
160	172
160	341
160	374
160	506
160	811
160	823
160	956
160	1067
160	1178
160	1232
160	1743
160	2617
160	2994
161	209
161	262
161	276
161	297
161	332
161	635
161	1014
161	1231
161	1381
161	1570
161	1821
162	800
162	1075
162	1314
162	1479
162	2203
162	2305
163	205
163	227
163	559
163	560
163	587
163	661
163	709
163	775
163	911
163	1350
163	2183
163	2713
164	172
164	200
164	221
164	233
164	306
164	419
164	479
164	538
164	1904
164	2197
164	2277
165	215
165	272
165	292
165	360
165	445
165	477
165	604
165	1442
165	1917
165	2596
166	176
166	375
166	380
166	679
166	810
166	1657
166	2381
167	216
167	412
167	496
167	583
167	816
167	889
167	893
167	1354
167	1637
167	1815
167	2125
167	2141
168	190
168	235
168	238
168	381
168	391
168	398
168	452
168	1124
168	1322
168	1883
168	2055
168	2148
168	2294
169	271
169	304
169	457
169	536
169	655
169	2453
169	2496
169	2763
170	278
170	439
170	817
170	869
170	1858
170	1884
170	2850
171	184
171	405
171	590
171	1398
171	2004
172	218
172	368
172	406
172	441
172	468
172	663
172	907
172	2957
173	513
173	664
173	774
174	203
174	218
174	329
174	353
174	473
174	488
174	648
174	731
174	1800
174	2462
175	179
175	280
175	604
175	744
175	1735
175	2332
175	2479
175	2565
176	230
176	270
176	296
176	337
176	357
176	425
176	756
176	811
176	1676
176	2267
176	2475
176	2548
177	179
177	191
177	198
177	344
177	386
177	544
177	776
177	955
177	1206
177	1349
177	1355
177	1519
177	1802
177	2438
177	2665
177	2862
178	193
178	196
178	314
178	387
178	581
178	1007
178	1110
178	1128
178	1203
178	1279
178	1282
178	1355
178	1371
178	2062
179	194
179	243
179	249
179	601
179	1056
179	1175
179	1763
179	2538
180	237
180	300
180	555
180	720
180	810
180	1037
180	2526
181	290
181	565
181	949
181	1005
181	1142
182	208
182	338
182	370
182	801
182	825
182	1066
182	1586
182	1848
182	2412
182	2970
183	340
183	525
183	697
183	1028
183	1420
183	1842
183	2360
183	2866
184	222
184	252
184	360
184	542
184	710
184	819
184	1417
184	1715
184	2680
185	250
185	884
185	1304
185	1378
185	1711
185	1775
185	2173
185	2383
185	2534
186	213
186	237
186	239
186	743
186	791
186	1003
186	1809
187	662
187	745
187	967
187	1397
187	1436
187	1480
187	1544
188	399
188	417
188	461
188	1024
188	1160
188	1240
188	1426
188	1921
188	2436
189	289
189	574
189	584
189	1457
190	315
190	359
190	1131
190	2079
190	2622
191	217
191	245
191	379
191	386
191	413
191	451
191	478
191	515
191	567
191	804
191	856
191	915
191	921
191	1150
191	2382
191	2560
192	301
192	304
192	579
192	1346
192	1365
192	1510
192	2318
192	2819
193	293
193	311
193	551
193	557
193	856
193	1096
193	1491
194	491
194	594
194	599
194	1676
194	1760
194	2896
195	243
195	478
195	515
195	689
195	765
195	2468
196	249
196	394
196	417
196	449
196	768
196	863
196	1098
196	1299
196	1347
196	1436
196	1880
197	203
197	342
197	375
197	398
197	538
197	711
197	794
197	1081
197	1794
198	262
198	287
198	365
198	441
198	504
198	890
198	1278
198	1419
198	1425
198	2041
198	2145
198	2153
199	202
199	915
199	2216
199	2955
200	653
200	1105
200	1218
200	2650
201	208
201	209
201	234
201	420
201	571
201	1231
201	1259
201	1459
201	1759
201	1780
201	1795
201	2866
202	240
202	300
202	309
202	312
202	1466
202	1503
202	2118
202	2430
202	2814
203	254
203	267
203	352
203	395
203	518
203	552
203	1000
203	1462
203	1889
203	2796
204	251
204	293
204	298
204	347
204	400
204	402
204	404
204	741
204	866
204	882
204	966
204	1126
204	1166
204	1506
204	2456
205	264
205	314
205	572
205	654
205	1123
205	2977
206	215
206	220
206	272
206	335
206	349
206	384
206	386
206	524
206	671
206	893
206	950
206	1603
206	1638
207	262
207	363
207	458
207	494
207	526
207	998
207	1083
207	1175
207	2110
207	2699
207	2845
208	337
208	437
208	454
208	898
208	1551
208	2209
208	2403
208	2492
208	2995
209	244
209	286
209	396
209	1541
210	241
210	253
210	305
210	410
210	495
210	804
210	1035
210	1703
210	2265
211	274
211	283
211	506
211	617
211	1069
211	1520
211	1662
212	244
212	310
212	434
212	452
212	650
212	1659
212	2224
212	2866
213	282
213	284
213	602
213	718
213	916
213	1718
213	2402
213	2687
214	398
214	425
214	517
214	536
214	649
214	990
214	1535
214	1988
214	2155
214	2226
214	2587
214	2731
215	225
215	335
215	388
215	643
215	682
215	914
215	1773
215	2510
215	2511
216	224
216	229
216	236
216	242
216	650
216	675
216	700
216	1329
216	1395
216	2314
216	2867
217	496
217	692
217	1502
218	223
218	519
218	667
218	725
218	734
218	828
218	1489
218	1533
219	227
219	293
219	328
219	659
219	684
219	821
219	929
219	1119
219	1140
219	2260
219	2816
220	223
220	283
220	328
220	818
220	833
220	980
220	1220
220	1704
220	2006
221	359
221	366
221	437
221	717
221	821
221	832
221	842
221	2047
221	2501
221	2569
221	2962
222	334
222	383
222	675
222	788
222	798
222	851
222	877
222	901
222	1173
222	2059
222	2372
222	2928
223	247
223	291
223	303
223	381
223	713
223	786
223	936
223	967
223	1939
223	1996
223	2237
223	2286
223	2314
223	2558
223	2656
224	268
224	270
224	632
224	672
224	998
224	1276
224	1473
224	1537
224	2703
225	238
225	250
225	270
225	330
225	336
225	822
225	1460
225	1551
225	2482
226	235
226	421
226	570
226	928
226	1547
226	1587
226	1859
226	2505
227	273
227	317
227	324
227	350
227	545
227	558
227	673
227	982
227	1242
227	1440
228	351
228	550
228	553
228	739
228	867
228	953
228	2383
229	312
229	313
229	430
229	690
229	815
229	965
229	1123
229	1363
229	1592
229	1635
229	1849
229	2499
229	2539
229	2859
230	706
230	746
230	747
230	887
230	892
230	960
230	1053
230	1406
230	1505
230	1704
230	2056
230	2116
230	2232
230	2263
230	2422
230	2842
230	2886
230	2950
230	2956
231	673
231	2086
231	2909
232	343
232	949
232	1241
232	1507
232	1550
232	1565
232	1897
232	2550
233	606
233	709
233	740
233	948
233	950
233	1556
233	2449
234	242
234	267
234	426
234	451
234	725
234	754
234	917
234	922
234	956
234	983
234	1022
234	1985
234	2133
234	2516
234	2733
234	2815
235	243
235	250
235	257
235	265
235	302
235	844
235	1025
235	1060
235	1257
235	1567
236	254
236	284
236	332
236	358
236	733
236	748
236	1488
236	1922
236	2154
236	2576
237	266
237	422
237	472
237	654
237	1145
237	1976
237	2077
237	2139
238	269
238	276
238	383
238	412
238	490
238	499
238	852
238	854
238	871
238	1358
238	1404
238	1901
239	274
239	481
239	759
239	1417
240	433
241	361
241	714
241	830
241	1022
241	1455
241	1506
241	2100
242	310
242	380
242	485
242	537
242	607
242	775
242	869
242	2125
242	2715
243	246
243	281
243	288
243	468
243	516
243	1066
243	1128
243	2749
244	350
244	366
244	403
244	458
244	474
244	843
244	1018
244	1028
244	1911
244	2325
244	2402
245	348
245	652
245	1035
245	1239
245	1317
246	444
246	748
246	1208
246	1338
246	1644
246	1665
246	2068
246	2270
246	2967
247	263
247	285
247	326
247	549
247	803
247	1546
247	1805
247	2436
248	477
248	998
248	1298
248	1796
249	354
249	436
249	534
249	676
249	847
249	1204
249	1509
249	2169
250	327
250	348
250	417
250	418
250	711
250	992
250	1623
250	2396
250	2514
251	332
251	347
251	402
251	1133
251	1440
251	1778
252	307
252	691
252	1094
252	1613
252	1720
253	751
253	973
253	1127
253	1187
253	1776
253	2410
254	358
254	394
254	419
254	501
254	701
254	750
254	832
254	994
254	1172
254	1207
254	1855
254	2943
255	275
255	513
255	1169
255	1632
255	1981
255	2361
256	966
256	1157
256	1193
256	1392
257	313
257	351
257	1184
257	1936
257	1960
257	2608
257	2692
258	334
258	335
258	435
258	676
258	1090
258	1466
259	367
259	524
259	843
259	1831
259	1875
259	2327
260	504
260	653
260	724
260	919
260	992
260	1089
260	1238
260	1823
261	442
261	1088
261	1495
261	1573
261	2001
261	2299
262	325
262	369
262	628
262	639
262	674
262	1424
263	306
263	727
263	790
263	1118
263	1906
263	1944
263	2081
263	2302
264	302
264	327
264	336
264	448
264	467
264	1261
264	1634
264	1926
264	2721
264	2837
265	383
265	548
265	559
265	688
265	704
265	713
265	964
265	1443
265	1491
265	1667
265	2823
266	462
266	722
266	988
266	1472
266	1567
267	625
267	1165
267	1704
267	1901
267	2527
267	2746
267	2877
268	281
268	319
268	324
268	678
268	1021
268	1117
268	1583
268	1762
268	2917
269	302
269	423
269	531
269	779
269	868
269	954
269	2281
269	2327
269	2562
270	625
270	1271
270	1823
270	2037
270	2599
271	309
271	327
271	398
271	523
271	753
271	777
271	796
271	2988
272	470
272	908
273	322
273	397
273	639
273	879
273	1288
274	428
274	502
274	598
274	608
274	923
274	1486
274	1551
275	389
275	563
275	600
275	615
275	786
275	922
275	1827
275	1955
276	464
276	570
276	666
276	906
276	1266
276	1374
276	1526
276	2306
276	2515
277	296
277	549
277	573
277	612
277	763
277	1068
277	1500
277	1544
278	298
278	454
278	559
279	366
279	502
279	710
279	2164
280	333
280	395
280	519
280	522
280	585
280	695
280	990
280	1051
280	1683
280	1801
280	1852
281	427
281	524
281	555
281	600
281	623
281	1257
281	1362
282	285
282	448
282	772
282	987
282	1160
282	1718
282	2022
283	294
283	430
283	443
283	535
283	699
283	705
283	1075
283	1076
283	1200
283	1710
283	2678
284	330
284	544
284	678
284	721
284	732
284	787
284	962
284	1294
284	1492
284	2159
284	2498
285	582
285	707
285	1340
285	1385
285	1799
285	1819
286	422
286	484
286	485
286	710
286	933
286	1295
286	1518
287	392
287	439
287	512
287	697
287	839
287	855
287	935
287	977
287	2157
287	2191
287	2786
288	569
288	586
288	663
288	1212
288	1260
288	2625
288	2759
289	391
289	646
289	1403
289	1467
289	2154
289	2736
289	2767
290	403
290	426
290	637
290	742
290	1006
290	1101
291	364
291	573
291	605
291	1125
291	1863
292	308
292	382
292	622
292	1010
292	1132
292	1868
293	341
293	497
293	909
293	1381
293	1641
293	2472
294	405
294	1564
294	2580
295	918
295	2338
296	395
296	556
296	980
296	1121
296	1402
296	1602
297	308
297	409
297	585
297	2723
298	367
298	630
298	1153
298	1778
299	344
299	545
299	546
299	904
299	1602
299	2739
299	2750
300	312
300	390
300	396
300	771
300	805
300	1031
300	1309
300	2895
301	320
301	338
301	412
301	453
301	610
301	1266
301	1549
302	507
302	538
302	1091
302	1907
303	537
303	749
303	859
303	1011
303	1159
303	1550
303	2511
304	397
304	1118
304	1477
305	326
305	343
305	808
305	1356
305	1613
305	1764
305	2104
305	2413
305	2679
306	473
306	474
306	624
306	1677
307	576
307	686
307	770
307	774
307	952
308	344
308	373
308	465
308	645
308	674
308	814
308	1487
308	2884
309	315
309	339
309	450
309	507
309	556
309	779
309	1304
309	2231
309	2472
310	392
310	664
310	669
310	2564
311	522
311	770
311	1084
311	1404
311	1995
312	428
312	465
312	487
312	1013
312	1105
312	1896
312	2725
312	2790
313	722
313	771
313	780
313	828
313	2124
313	2687
313	2840
314	353
314	364
314	491
314	614
314	973
314	1709
314	2059
314	2361
315	372
315	885
315	1628
316	324
316	346
316	466
316	507
316	549
316	2421
316	2473
317	354
317	368
317	389
317	1402
317	1404
317	2523
318	325
318	427
318	634
318	687
318	929
318	1001
318	1778
318	2020
318	2477
319	333
319	780
319	829
319	1186
319	2169
319	2214
319	2582
320	378
320	406
320	546
320	618
320	695
320	723
320	787
320	939
320	1132
320	1182
320	1360
320	1512
320	1916
320	2276
320	2874
320	2966
321	357
321	511
321	573
321	577
321	757
321	1049
321	1619
321	2076
321	2780
322	331
322	423
322	618
322	681
322	1251
323	541
323	623
323	627
323	642
323	829
323	1245
323	1383
323	1423
323	2152
323	2301
324	462
324	660
324	816
324	2242
324	2608
325	440
325	637
325	784
325	1253
325	2029
325	2411
325	2705
325	2792
325	2807
326	398
326	420
326	510
326	528
326	643
326	647
326	658
326	1598
326	2233
326	2743
327	418
327	487
327	752
327	851
328	380
328	401
328	445
328	529
328	551
328	776
328	1400
328	1573
329	561
329	931
329	1007
329	1024
329	1629
329	2148
330	423
330	842
330	1523
330	2025
330	2449
330	2600
331	342
331	350
331	589
331	602
331	686
331	773
331	1260
331	1615
331	2977
331	2982
332	385
332	708
332	899
332	2530
333	444
333	554
333	864
333	1009
333	1140
333	1163
333	1368
333	2442
334	354
334	400
334	527
334	619
334	793
334	840
334	1006
334	1532
334	1594
334	2740
335	374
335	833
335	1169
335	1819
335	1918
335	1935
335	2349
335	2369
335	2801
336	376
336	766
336	844
336	955
336	1230
336	1313
336	1471
336	1732
336	1777
336	1882
336	2529
337	384
337	406
337	527
337	1020
337	1277
337	1983
338	772
338	1468
338	2133
338	2386
339	416
339	442
339	603
339	1687
339	1898
340	487
340	509
340	795
340	818
340	1532
340	1864
341	411
341	458
341	532
341	600
341	1265
341	1696
341	1733
341	2265
342	427
342	564
342	829
342	968
343	393
343	624
343	1401
344	346
344	503
344	806
344	897
344	981
344	1295
344	1658
344	1680
345	913
345	989
345	1126
345	1556
345	2108
346	584
346	836
346	1893
346	2370
346	2500
346	2529
346	2704
347	367
347	648
347	1278
347	1321
347	1451
347	1682
347	2158
348	360
348	388
348	653
348	772
348	1102
348	1283
348	2232
348	2443
349	1588
349	2625
350	1323
350	1772
350	2583
350	2790
350	2881
351	371
351	705
351	2311
351	2616
351	2724
352	446
352	452
352	574
352	923
352	968
352	988
352	1913
352	1974
352	2161
352	2297
352	2880
353	362
353	369
353	529
353	1020
353	1465
353	1817
353	2137
353	2764
353	2939
354	1097
354	1234
354	1484
354	1962
354	2063
354	2179
354	2221
355	520
355	613
355	729
355	836
355	1287
355	2045
355	2154
355	2801
356	1161
356	1569
356	2319
357	424
357	426
357	577
357	819
357	1726
357	1818
357	2071
357	2727
358	377
358	498
358	550
358	714
358	1393
358	2302
359	493
359	1148
359	1505
359	2564
360	471
360	599
360	813
360	981
360	1291
360	1970
360	1983
360	2204
360	2793
361	622
362	694
362	1424
362	1446
362	1994
362	2951
363	404
363	578
363	783
363	917
363	2653
364	511
364	699
364	792
364	1116
365	381
365	842
365	980
365	1067
365	1211
365	2836
366	1057
366	1982
367	413
367	1372
367	1977
367	2102
367	2317
367	2485
367	2628
368	526
368	640
368	982
368	1062
368	1107
368	1598
368	1947
368	2497
368	2507
369	377
369	432
369	745
369	2017
370	481
370	965
370	1074
370	1361
370	1663
370	1746
370	2509
371	751
372	461
372	533
372	696
372	932
372	1931
373	400
373	454
373	626
373	1091
373	1384
373	1421
374	473
374	489
374	503
374	575
374	591
374	781
374	905
374	1615
374	2948
375	614
375	778
375	883
375	1034
375	1219
375	1311
375	1318
375	1374
375	1949
375	2854
376	415
376	674
376	1122
376	1354
376	1585
376	1815
377	1082
377	1946
377	2043
377	2666
378	385
378	420
378	1603
378	2303
379	433
379	543
379	690
379	768
379	2898
380	382
380	1111
380	1538
380	2723
381	436
381	630
381	638
381	728
381	796
381	1795
381	2340
381	2403
381	2760
382	591
382	602
382	605
382	845
382	852
382	873
382	1039
382	1303
382	1712
382	1928
382	2400
382	2509
382	2609
383	461
383	560
383	688
383	1130
383	1241
383	1405
383	1430
383	1978
383	2591
384	489
384	1613
384	2346
384	2428
385	403
385	488
385	609
385	889
385	1104
386	1199
386	1287
386	1484
386	1648
386	2155
386	2408
386	2629
387	465
387	488
387	1052
387	1878
387	1989
388	1731
389	438
389	467
389	706
389	1126
389	1593
389	1793
389	2702
390	438
390	825
390	1803
390	1821
391	826
391	989
391	996
391	1562
391	1688
391	2072
392	396
392	532
392	594
392	1239
392	1847
392	1924
392	2028
392	2666
392	2887
393	683
393	807
393	1181
393	1739
393	2134
394	523
394	566
394	583
394	1224
394	1275
394	1475
395	482
395	534
395	541
395	893
395	2366
396	470
396	483
396	543
396	719
396	934
396	1627
396	2825
396	2922
397	1184
397	1330
397	2926
398	442
398	460
398	530
398	564
398	1412
398	1916
398	2076
398	2468
399	872
399	1622
399	1943
399	2413
400	480
400	601
400	1064
400	1088
400	1154
400	2259
401	416
401	553
401	596
401	726
401	805
401	947
401	1431
401	2738
402	482
402	694
402	776
402	1224
402	1267
402	1810
402	2356
403	760
403	1393
403	1396
404	429
404	492
404	1002
404	2224
404	2486
404	2589
405	470
405	677
405	718
405	746
405	1215
405	1527
405	1804
406	422
406	646
406	1182
406	1352
406	1485
406	1559
406	2004
406	2069
406	2297
406	2729
406	2944
407	634
407	1136
407	2301
407	2788
407	2821
408	646
408	1240
408	2272
408	2603
408	2874
409	640
409	1628
409	2937
410	618
410	749
410	798
410	839
410	1765
410	2772
411	414
411	664
411	885
411	1382
411	2407
411	2417
411	2474
412	515
412	709
412	826
412	1568
413	804
413	939
413	2356
414	447
414	486
414	566
414	1076
414	1168
414	1452
414	2162
414	2175
415	444
415	1072
415	1357
415	1660
415	2272
415	2777
416	429
416	629
416	633
416	971
416	1583
416	1677
416	1910
416	2015
417	635
417	1086
417	2121
417	2341
418	540
418	661
418	1428
418	2012
418	2518
419	1528
419	1746
419	2685
420	428
420	500
420	567
420	621
420	1794
420	2374
420	2496
421	611
421	1243
421	1407
421	2116
421	2907
422	548
422	733
422	781
422	2049
422	2055
422	2105
423	742
423	1078
424	441
424	514
424	1012
424	1967
425	1120
425	1627
425	2481
426	540
426	595
426	1077
426	1600
426	1788
426	2016
426	2153
427	480
427	562
427	1705
427	1731
428	474
428	866
428	1300
428	2156
428	2902
429	695
429	730
429	753
429	1738
429	2384
430	475
430	770
430	1245
430	1370
431	437
431	743
431	744
431	991
431	1026
431	2048
431	2067
431	2885
432	598
432	650
432	724
432	981
432	991
432	1521
432	1774
432	1808
432	2200
433	1477
433	1724
433	1945
433	2532
434	489
434	658
434	818
435	582
435	873
435	1084
435	1621
435	1689
435	1991
436	450
436	1979
436	2579
436	2673
437	526
437	544
437	636
437	688
437	809
437	2425
438	471
438	749
438	929
438	954
438	1289
438	2149
438	2489
438	2732
439	542
439	588
439	810
439	1787
439	2053
439	2215
440	445
440	528
440	673
440	1019
440	2200
441	456
441	530
441	896
441	1243
441	1337
441	1653
441	2334
441	2358
441	2845
442	601
442	677
442	682
442	1320
442	1380
442	1661
442	1789
442	2124
442	2695
442	2885
443	501
443	611
443	788
443	928
443	1148
443	1436
443	2147
443	2857
443	2941
444	533
444	539
444	669
444	1045
444	1277
444	1411
444	1416
444	1637
444	2104
445	494
445	540
445	894
445	913
445	1068
445	1968
446	580
446	581
446	1490
446	1783
446	1867
447	592
447	649
447	760
447	1028
447	1197
447	1268
447	1442
447	1529
447	2542
447	2667
448	457
448	806
448	1147
448	1233
448	1812
449	460
449	663
449	897
449	988
449	1146
449	1194
449	1214
449	1298
449	2815
450	453
450	457
450	610
450	726
450	1167
450	1918
451	517
451	1432
451	1492
451	2455
451	2935
452	548
452	1607
453	511
453	942
453	956
453	1331
453	1928
454	711
454	1130
454	1144
454	1379
454	1398
454	1724
454	1905
455	536
455	543
455	902
455	1693
456	576
456	610
456	681
456	704
456	730
456	773
456	1115
456	2494
457	481
457	508
457	1086
458	509
458	699
458	939
458	1050
458	1165
458	1431
458	1736
459	853
459	2724
460	671
460	817
460	1031
461	876
461	1075
461	1218
461	1417
461	2391
462	665
462	1394
462	1512
462	2372
462	2458
463	523
463	567
463	862
463	1171
463	1175
464	661
464	1182
464	1975
464	2003
464	2321
465	469
465	652
465	660
465	802
465	888
465	892
465	1061
465	1070
465	1681
465	2686
465	2820
466	492
466	680
466	1077
466	1133
466	2528
467	643
467	755
467	2350
468	1029
468	2000
468	2409
468	2432
468	2609
469	572
469	622
469	1169
469	1208
469	1749
470	558
470	1446
470	1555
470	1593
471	479
471	791
471	827
471	968
471	1121
471	1183
471	1657
471	2019
471	2518
472	501
472	1172
472	1610
472	1819
472	1895
472	2634
472	2974
473	632
473	803
473	854
473	908
473	1377
473	1421
473	2723
474	735
474	1062
474	1391
474	2485
475	655
475	665
475	859
475	1158
475	1795
475	1927
476	846
476	1219
476	1681
476	1705
476	2719
477	767
477	1098
478	656
478	701
478	715
478	864
478	2854
479	682
479	689
479	764
479	984
479	1100
479	1195
479	1454
479	1798
479	2474
480	530
480	553
480	1627
481	558
481	1212
481	2586
481	2745
482	1527
483	811
483	917
483	1005
483	2015
484	589
484	594
484	1578
484	1729
484	1841
484	2755
485	546
485	703
485	1202
485	1307
485	1432
486	586
486	901
486	1187
486	1293
486	1329
486	1781
486	1925
486	1934
487	542
487	607
487	617
487	638
487	732
487	755
487	1058
487	1119
487	1503
487	2407
487	2526
488	496
488	615
488	874
488	880
488	1184
488	1660
488	2830
489	990
489	1785
489	2754
490	539
490	642
490	940
490	947
490	2591
491	1162
491	1885
491	1987
491	2417
491	2568
491	2722
492	677
492	1437
493	708
493	717
493	1222
493	1251
493	1340
493	1570
493	1649
494	499
494	532
494	555
494	561
494	619
494	891
494	1188
494	1571
494	1630
494	2117
494	2951
495	505
495	516
495	985
495	1139
495	1149
495	2069
495	2478
495	2574
495	2899
496	565
496	578
496	748
496	900
496	918
496	1004
496	1284
496	1425
496	1639
496	1694
496	2010
496	2259
496	2996
497	1018
497	1063
497	1202
497	2242
497	2644
497	2858
498	586
498	1254
498	1428
498	2198
498	2382
498	2649
499	911
499	966
499	1043
499	1191
500	517
500	704
500	824
500	926
500	1042
500	1048
500	1309
500	1706
500	1911
500	2229
500	2505
500	2674
500	2996
501	560
501	693
501	1332
501	1507
501	2689
501	2897
502	537
502	692
502	843
502	1008
502	1018
502	1079
502	2492
503	590
503	824
503	1343
503	2453
504	731
504	2129
504	2796
505	639
505	791
505	1112
506	755
506	934
506	1751
506	2749
506	2855
507	1687
507	2337
508	644
508	687
508	1089
508	2192
508	2620
508	2645
509	698
509	1003
509	1299
509	1457
509	2070
509	2471
509	2858
510	606
510	738
510	790
511	623
511	1059
511	1071
511	2012
512	552
512	666
512	679
512	684
512	881
512	1495
513	1009
513	1927
514	916
514	1354
514	2171
514	2327
515	595
515	2312
515	2692
516	596
516	737
516	738
516	1170
516	1310
516	1496
516	1566
516	1748
516	2774
517	593
517	845
517	879
517	1259
517	1565
517	2142
517	2321
517	2780
518	715
518	769
518	1748
519	563
519	660
519	1103
519	1138
519	2449
519	2823
520	1420
520	1470
520	2031
520	2040
521	633
521	1093
521	1672
521	2388
521	2694
522	577
522	592
522	817
522	2697
523	840
523	928
523	1080
523	1110
523	1256
523	2028
524	1013
524	1588
524	2448
525	629
525	798
525	922
525	931
525	1362
525	1697
525	1871
525	2218
526	620
526	1081
527	1103
527	1221
527	1557
527	1742
527	2120
527	2248
527	2290
527	2506
527	2719
527	2743
528	568
528	662
528	1610
528	1706
528	1856
528	2136
529	874
529	1100
529	1669
529	2915
530	640
530	820
530	2036
530	2808
531	1033
531	1119
531	1343
531	1447
531	1502
532	697
532	1268
532	1302
532	2019
532	2593
533	631
533	758
533	774
533	2109
533	2981
534	1210
534	1344
534	1714
534	2394
535	566
535	766
535	930
535	1280
536	793
536	1029
536	1121
536	1348
536	1482
536	1774
536	1956
536	2319
536	2758
537	562
537	590
537	957
537	1065
537	1243
537	1301
538	597
538	672
538	847
538	875
538	1096
538	1452
539	890
539	974
539	1044
539	1128
539	1349
539	1660
539	1670
540	2694
541	732
541	992
541	1328
541	1414
541	2818
542	657
542	1811
542	1857
543	568
543	757
543	900
543	963
543	1727
543	2097
543	2505
544	669
544	731
544	1151
544	1154
544	1471
545	636
545	721
545	1065
545	1309
545	1579
545	1994
546	551
546	951
546	2054
546	2578
546	2754
547	724
548	654
548	800
548	1336
548	1538
548	1658
548	1929
548	1938
549	750
549	801
549	1364
549	1540
549	1656
550	685
550	945
550	1325
550	2024
550	2149
550	2927
551	617
551	684
551	972
551	1146
551	1203
551	2672
552	751
552	953
552	1138
552	1701
552	1709
552	1736
552	2186
552	2705
553	1236
553	2757
554	700
554	887
555	723
555	1450
555	1775
556	695
556	785
556	1041
556	1413
556	1483
556	1499
556	2074
556	2160
557	658
557	752
557	790
557	1153
557	1483
557	1602
557	1903
558	1030
558	2851
559	758
559	801
559	967
559	984
559	1155
559	1301
559	1390
559	1713
559	1728
560	570
560	636
560	754
560	2042
560	2690
561	603
561	691
561	761
561	924
561	952
561	1163
561	1250
561	1395
561	1749
561	2013
561	2307
562	858
563	821
563	1171
563	1217
563	1346
563	1406
564	662
564	1070
564	1574
564	2069
564	2520
564	2534
565	735
565	789
565	1038
566	584
566	910
566	1112
566	1596
567	999
567	1143
567	1549
567	1790
568	816
568	902
568	919
568	1150
568	1475
569	756
569	1016
569	1033
569	2433
570	628
570	938
570	1164
570	1255
570	2389
571	672
571	827
571	916
571	1225
571	1269
571	1284
571	1694
571	2009
572	651
572	775
572	987
572	1181
572	2940
573	1095
573	2311
574	644
574	683
574	722
574	1338
575	740
575	1087
575	1559
575	1883
575	1933
576	866
576	1080
576	1283
576	2409
576	2751
577	604
577	859
577	861
577	936
578	595
578	607
578	848
579	588
579	1002
579	1237
579	1374
579	1985
580	593
580	720
580	847
580	959
581	647
581	892
581	972
581	1010
581	1080
581	2452
581	2538
581	2636
582	690
582	978
582	1423
583	762
583	1337
583	2213
583	2464
583	2553
583	2835
584	761
584	997
584	1253
584	1549
584	2964
585	726
585	1524
585	1927
585	2932
586	620
586	634
586	667
586	746
586	764
586	834
586	1285
586	1716
586	2391
587	683
587	797
587	1215
587	1359
587	2414
588	940
588	1432
588	2668
589	1012
589	1458
589	2221
590	759
590	767
590	1004
590	1391
590	1587
590	1926
591	631
591	1047
591	2771
592	716
592	963
592	1044
592	1181
592	1416
592	1856
592	1862
592	1954
593	652
593	719
593	1244
593	1818
593	2360
593	2803
594	621
594	1426
594	1626
595	2857
596	1992
596	2470
597	608
597	629
597	958
597	959
597	2231
597	2393
597	2744
598	963
598	1061
598	1308
598	1449
598	1709
599	822
599	936
599	1152
599	2095
599	2450
600	630
600	1106
600	1345
600	1833
601	933
601	1081
602	641
602	849
602	1401
602	1775
602	2316
602	2469
602	2614
603	1069
603	1655
604	955
604	1073
604	2490
604	2676
605	1038
605	2182
606	656
606	1518
606	2547
607	1209
607	1227
607	1292
607	1373
607	1413
607	1838
607	2397
607	2684
608	614
608	850
608	1108
608	1805
608	2076
608	2607
609	974
609	1023
609	1594
609	1695
610	868
610	1647
611	1756
611	2585
612	701
612	1932
612	2523
612	2853
613	665
613	1140
613	1341
613	2313
613	2898
614	641
614	835
614	888
614	1190
614	1869
614	2085
614	2694
615	649
615	807
615	1481
615	1909
616	723
616	1465
616	1516
616	1753
616	2506
617	712
617	872
617	920
617	1811
617	1952
617	2466
617	2609
618	2788
620	648
620	1273
620	1433
620	1812
620	2494
621	1004
621	1921
622	1101
622	1197
622	1648
622	1672
623	927
623	975
623	1144
623	1316
623	1889
623	2146
624	666
624	985
624	1008
624	1258
624	2947
625	952
625	1433
626	797
626	938
626	993
626	1335
626	1632
626	2113
626	2299
626	2657
627	1102
627	1235
627	1246
627	2234
628	856
628	904
628	918
628	1361
628	1461
628	1878
628	2009
628	2759
629	696
629	1201
629	2860
630	779
630	1125
630	2300
630	2682
631	1365
631	2077
632	659
632	1380
632	1762
632	1826
632	2492
632	3000
633	645
633	903
633	968
633	1205
633	1373
633	1957
633	2039
634	1176
634	1542
634	1834
634	2707
634	2989
635	771
635	1094
635	1594
635	1853
635	2354
637	862
637	1048
637	1107
637	2056
638	786
638	836
638	910
638	2439
639	747
639	808
639	814
639	853
639	1919
639	2096
640	692
640	839
640	857
640	1539
640	2353
640	2682
641	1058
641	1296
641	2584
642	832
642	857
642	1088
642	2175
642	2949
643	1015
644	800
644	891
644	2074
644	2465
645	935
645	1519
646	675
646	715
646	884
646	2339
646	2877
647	964
647	1054
647	1409
647	1445
647	1818
647	2373
648	676
648	813
648	976
648	1059
648	1495
648	1851
648	1997
649	651
649	668
649	824
649	1866
649	2984
650	889
650	1376
650	1799
650	2761
651	812
651	948
651	978
651	1012
651	1306
652	721
652	906
652	1082
652	1254
652	1974
653	1489
653	1546
653	2147
653	2184
653	2514
653	2646
654	733
654	1280
654	1494
654	1732
655	716
655	841
655	1043
655	2357
655	2720
656	1372
656	1590
656	1612
656	2298
656	2351
656	2507
656	2637
657	975
657	1157
657	1604
657	2201
658	1203
658	1422
658	2819
659	823
659	1212
659	2354
660	2648
661	1031
661	1139
661	1251
661	1656
661	2856
662	1057
662	2444
662	2789
663	1859
663	1995
663	2315
664	680
664	954
664	1262
664	1597
664	2016
665	670
665	727
665	809
665	1093
665	2702
666	681
666	976
666	2842
667	806
667	840
667	925
667	1279
667	1509
667	1656
667	1832
668	736
668	761
668	993
668	1084
668	1330
668	2083
668	2530
669	855
669	976
669	1386
670	871
670	1053
670	1153
671	820
671	1274
671	1402
671	1434
671	1589
671	2786
672	679
672	1026
672	1156
672	1233
672	1249
672	1490
672	1768
673	677
673	883
673	935
673	1510
673	1746
673	1779
673	1803
674	875
674	911
674	1082
674	1198
674	1628
674	1700
674	2895
675	878
675	973
675	1498
675	1947
675	2143
675	2303
675	2328
675	2887
676	749
676	750
676	769
676	841
676	1886
676	2222
676	2671
676	2807
677	685
677	852
677	1177
678	913
678	1764
678	2285
679	2288
680	792
680	822
680	834
680	1217
680	1397
680	1876
681	728
681	1422
681	2665
683	705
683	754
683	1025
683	1143
683	1285
683	2685
683	2991
684	742
684	745
684	885
684	1104
684	1215
684	1216
684	2238
684	2467
685	737
685	891
686	703
686	794
686	1612
686	1684
686	1691
686	1900
686	2376
687	698
687	1085
687	1122
687	1168
687	1369
687	1701
688	763
688	1186
688	1250
688	1527
688	1530
688	1723
688	1830
688	2889
689	926
689	1021
689	1661
689	2962
690	1127
690	1701
690	2652
690	2909
690	2926
691	797
691	1120
691	1387
691	1444
691	1951
691	2659
692	1801
692	1845
692	2178
693	1159
693	2490
693	2636
694	2107
695	1711
695	2805
696	719
696	758
696	1063
696	1065
696	1933
696	1952
696	2073
696	2099
697	1039
697	1069
697	1431
697	1626
697	1637
697	1742
697	1983
697	2071
698	1113
698	1302
698	1328
698	1350
699	1022
699	1314
699	1342
699	1903
699	1952
700	727
700	1843
700	2206
700	2698
701	766
701	1188
701	1221
701	1334
701	1740
701	2112
701	2395
702	1092
702	1105
702	1252
702	1638
702	1642
702	1692
702	2075
702	2278
702	2794
703	717
703	807
703	894
703	1190
703	1412
703	2752
703	2802
704	1131
704	1482
704	2736
705	1494
706	1214
706	1774
706	2258
707	838
707	1237
707	1448
707	1845
708	1324
708	1543
708	2205
708	2814
709	849
709	1225
709	2018
710	1353
710	1745
710	1993
711	1468
711	1999
712	1073
712	1219
712	1958
712	2251
713	1006
713	1023
713	1575
713	1690
713	1899
713	1958
713	2176
714	898
714	1087
714	1606
714	2089
715	970
715	1165
716	1692
716	1768
716	2679
717	784
717	979
717	1449
717	2480
718	1520
719	2187
719	2249
720	1057
720	1525
720	1935
720	2014
720	2088
720	2240
720	2334
720	2558
720	2776
721	1109
721	1385
721	1665
722	844
722	848
722	1237
722	1320
722	2111
723	1066
723	2020
724	757
724	1845
724	2349
725	728
725	994
725	1211
725	1356
725	1803
725	2996
726	799
726	1195
726	1898
726	2060
727	905
727	1289
727	1368
727	1522
727	1690
727	1792
729	815
729	978
729	2082
729	2302
730	741
730	912
730	1837
730	2036
730	2332
730	2387
730	2839
731	848
731	2131
731	2225
731	2426
731	2525
731	2713
732	934
732	1089
732	1230
733	1522
733	2096
734	744
734	1141
734	1599
734	2556
735	884
735	1152
735	1802
735	2855
736	802
736	1189
736	1444
736	2603
737	903
737	937
737	969
737	1037
737	1059
737	1115
737	1860
737	2445
738	1773
738	2340
739	780
739	788
739	878
739	1554
739	1967
739	2288
739	2640
740	783
740	871
740	1193
740	1292
740	1557
740	2088
740	2953
741	825
741	845
741	931
741	1597
741	1667
741	1985
741	2158
741	2202
741	2355
742	853
742	1636
742	2255
743	921
743	1044
743	1416
743	1422
743	1777
743	2094
743	2219
744	1135
744	1587
744	2645
745	1033
745	1269
745	1644
745	1760
745	2256
745	2412
745	2504
745	2825
746	1179
746	2083
746	2188
746	2535
746	2577
746	2861
747	999
747	1099
747	2051
747	2675
748	1019
748	2849
749	1827
749	2282
750	796
750	860
750	1318
750	1708
751	1228
752	1784
752	1848
752	1871
752	2633
753	1036
753	1050
753	1808
753	2621
753	2847
754	1266
754	1286
754	1582
754	1842
754	2431
755	1016
755	1256
755	1555
756	812
756	870
756	960
756	1722
756	2082
756	2087
756	2701
757	874
757	1389
757	1486
757	2060
758	782
758	1062
758	2558
759	1054
759	1383
759	2011
759	2236
760	762
760	877
760	880
760	1210
760	2185
761	860
761	1092
761	1344
761	1548
761	1797
761	2038
762	827
762	923
762	1017
762	1800
763	863
763	1041
763	1400
763	2912
764	862
764	1339
765	1561
765	1998
765	2385
765	2426
766	1178
766	1399
766	1703
766	1993
766	2587
767	1156
767	2057
767	2974
768	777
768	815
768	1574
768	1612
768	1744
768	2005
768	2544
768	2717
769	1161
769	1267
769	2945
770	1009
770	1040
770	1323
770	1472
770	1577
770	1782
770	2143
771	912
771	2092
771	2751
771	2978
772	1693
772	2108
772	2202
773	899
773	1557
773	1624
774	838
774	915
774	1116
774	1161
774	1366
774	2810
775	945
775	1106
775	1233
775	1303
775	1614
775	2367
776	1783
776	2168
777	880
777	971
777	1467
777	1823
777	2564
778	1230
779	1049
779	1286
779	1307
779	1418
779	1892
779	2374
779	2876
779	2911
779	2966
780	781
780	870
780	875
780	1074
780	1294
780	2237
780	2624
780	2954
781	789
781	1060
781	1092
781	1581
781	1693
781	1886
781	2817
782	858
782	1133
782	2128
782	2292
782	2849
783	837
783	1290
783	1430
783	1560
783	1585
783	1589
783	2659
784	789
784	886
784	957
784	1222
784	1285
784	1418
784	1691
784	1716
784	2176
784	2788
785	1019
785	1083
785	2333
786	1040
786	1904
787	1866
787	1990
787	2617
788	1017
788	1528
788	2065
789	1575
789	1651
789	2113
790	851
790	1076
790	1194
790	1558
790	1846
791	924
791	1110
791	1244
791	2027
791	2365
792	1025
792	2383
793	861
793	1720
793	1846
793	2226
793	2254
793	2315
794	1427
794	2040
794	2060
794	2385
794	2822
795	902
795	1400
795	2398
795	2852
796	1030
796	1202
796	1258
797	1315
797	2107
798	1199
798	1292
798	1747
798	2008
799	1046
799	1079
799	1124
799	2496
800	1441
800	1758
801	1727
802	1608
802	2971
803	909
804	944
804	1052
804	1116
804	2485
805	995
805	1248
805	1955
805	2254
805	2362
806	1086
806	1255
806	1874
806	2111
806	2216
806	2683
807	2148
808	1571
808	1848
809	996
809	1120
809	1137
809	1425
810	1114
810	1749
810	2021
810	2639
811	1167
811	1291
811	1722
811	2242
812	831
812	1269
812	1447
812	2862
813	1288
813	2909
814	870
814	910
814	2008
814	2149
815	1046
815	1862
816	865
816	1349
816	1951
816	2881
817	1054
817	1474
817	2301
818	948
818	1157
818	1263
818	1536
818	1765
818	1908
818	2930
819	1030
819	1378
819	1434
819	1476
819	1530
819	1574
819	2901
820	1104
820	1625
820	1788
820	2480
821	1115
821	1479
821	2105
821	2799
822	943
822	971
822	1482
822	1686
822	1874
822	2429
822	2628
822	2942
823	1001
823	1189
823	1282
823	1657
823	2257
824	1552
824	1561
824	1652
825	1036
825	1109
825	1588
825	1882
825	1966
826	1513
826	2266
827	854
827	1589
827	2139
828	958
828	1261
828	1429
828	1822
828	1864
828	2057
829	2636
829	2716
830	882
830	970
830	1155
830	1403
831	1097
831	1123
831	1192
831	1300
831	2894
832	1321
832	1839
832	2572
832	2715
833	914
833	943
833	1204
833	2744
834	1227
834	1262
834	2017
834	2384
834	2730
834	2952
835	906
835	1424
835	2236
835	2727
836	1806
836	1813
836	1922
836	2162
836	2915
837	1195
837	1581
837	2597
837	2657
838	1437
838	1788
839	961
839	1419
839	1748
839	1881
839	2047
839	2224
840	1193
841	860
842	1968
842	2343
842	2445
843	1129
843	2051
844	861
844	1525
844	1941
844	2701
845	2087
846	1859
846	1913
846	2196
846	2948
847	964
847	1158
847	1340
847	2298
847	2551
848	1010
848	1108
848	1653
848	2408
849	2755
850	1032
850	1817
850	2139
851	867
851	979
851	1064
851	1554
851	1744
851	2555
852	894
852	920
852	1048
852	1227
852	1314
852	1808
852	2161
852	2560
853	1041
853	2432
854	2014
855	857
855	1050
855	1254
855	1564
855	1739
855	2934
856	901
856	1272
856	1552
857	879
857	2050
857	2205
857	2257
857	2725
857	2989
858	927
858	1117
858	1311
858	1439
858	1563
858	1844
860	1011
860	1234
860	1504
860	1703
860	1963
860	2017
860	2420
861	1524
861	1579
861	1631
861	1890
862	1042
862	1172
862	1232
862	1264
862	1564
863	867
863	914
863	977
863	1032
863	1331
864	977
864	1508
864	1725
864	1986
864	2319
864	2472
865	1741
866	2026
866	2276
867	1154
867	1178
867	1639
867	1771
867	2014
867	2658
868	1191
868	2174
868	2486
869	1302
869	2111
869	2260
870	1163
870	1270
870	1413
870	2210
870	2218
871	951
871	1103
871	1297
871	1939
871	2418
871	2536
872	2717
873	1013
873	1655
873	2944
874	1108
874	1924
874	2401
875	898
875	937
875	1366
875	1771
875	1852
875	2137
875	2718
875	2918
876	1001
876	1322
876	1711
877	1291
877	1647
877	2363
877	2771
878	1117
879	961
879	1335
879	1371
880	1000
880	1305
880	1347
880	1640
881	886
881	1094
881	1500
882	1141
882	1870
883	895
883	1469
883	2258
883	2325
884	903
884	958
884	1339
884	2415
884	2728
885	996
885	1246
885	1558
885	2053
885	2330
885	2672
886	1045
886	1310
887	912
887	1662
887	1729
887	2349
888	942
888	1280
888	2072
889	1210
889	1909
889	2565
890	1301
890	1366
890	1565
891	1611
892	986
892	1159
892	1446
892	1794
892	1949
893	1930
894	1007
894	1229
894	1623
895	1024
895	1694
895	1809
896	1101
896	1293
896	1308
896	1387
896	2967
897	1209
897	1271
897	2044
897	2294
898	944
898	1515
898	1752
898	2127
898	2513
898	2541
898	2908
899	1162
899	1535
899	1806
899	2239
900	930
900	1242
900	1501
900	1540
900	2356
901	1099
901	1473
901	2091
901	2554
902	950
902	1488
902	1715
902	1854
903	1669
903	1835
903	1930
903	2106
903	2195
903	2375
903	2745
904	1045
904	1207
904	1429
904	1469
904	1636
905	965
905	1055
905	1272
905	1447
905	1870
905	1941
905	2123
905	2935
906	933
906	941
906	1630
906	1923
906	2037
906	2061
906	2199
906	2616
907	953
907	1056
907	1179
907	1537
907	2535
908	1026
908	1481
908	1769
908	2003
909	1711
909	1801
909	2791
910	2546
911	946
911	959
911	2260
911	2903
912	1332
912	1415
912	1635
912	2544
912	2900
913	961
913	1039
913	1129
913	1633
913	1793
913	2070
913	2521
914	1003
914	1969
914	2179
914	2433
915	1814
915	1894
915	2093
916	979
916	1597
917	1096
917	1325
917	1999
918	983
918	1910
918	2007
918	2150
918	2296
918	2442
919	1853
919	2146
920	1334
920	1875
920	1962
920	2140
921	1257
921	1796
921	2765
921	2769
922	1095
922	1226
922	2039
923	994
923	1372
923	1686
923	1959
923	1977
923	2347
923	2641
924	1608
924	1624
925	1658
925	1675
925	2243
925	2856
926	2208
927	1058
927	1180
927	1430
927	1513
927	1719
927	1942
927	2741
927	2972
928	995
928	1186
928	1688
928	1719
928	2115
928	2902
929	1616
929	2002
929	2626
930	2047
931	941
931	1438
931	2030
931	2115
931	2159
931	2524
932	1954
932	1990
932	2122
932	2177
932	2197
933	983
933	1032
933	1376
934	985
934	1770
935	1410
936	1662
937	1077
937	1156
937	1944
937	2045
937	2283
938	962
938	1145
938	1702
938	1847
939	1290
939	1311
939	1555
939	2226
939	2557
939	2959
940	995
940	1310
940	2236
940	2545
941	1005
941	1127
941	1192
941	2381
942	1398
942	1418
942	1469
942	1737
942	2624
943	1072
943	1334
943	1500
943	2640
943	2744
944	1146
944	1187
944	1336
944	2651
945	947
945	1458
945	1984
945	2386
946	1626
946	2064
946	2205
947	1765
947	2075
947	2292
947	2299
948	1198
948	1241
948	1321
948	1342
948	1659
948	1912
948	2281
949	1136
949	1272
949	1508
949	1666
949	2453
949	2607
951	1505
951	2160
951	2686
952	1185
952	1206
952	2316
953	1273
953	1478
953	1548
953	2065
953	2464
953	2646
953	2892
954	1397
954	1838
954	2274
955	1226
955	1454
955	1545
955	1997
955	2542
956	1090
956	1264
956	2034
957	2766
957	2964
958	1388
959	1347
959	2023
960	969
960	1222
960	1813
960	2291
960	2371
960	2950
961	1079
961	1083
961	1435
961	2006
961	2285
961	2965
962	982
962	987
962	1027
962	1142
963	1692
963	2117
964	1055
964	1281
964	1970
964	2570
965	1464
966	1196
966	1887
966	2336
966	2510
966	2859
967	1064
967	1699
967	2647
967	2801
967	2910
968	1160
969	972
969	2441
969	2841
969	2882
970	1015
971	1305
971	2119
971	2455
971	2561
972	1249
972	1323
972	1408
972	2220
973	995
973	1000
973	1164
973	1247
973	1370
973	1501
973	1942
973	1948
973	2283
973	2670
973	2879
974	1289
974	1702
974	1733
975	2400
975	2766
976	2022
976	2531
977	1281
977	2667
978	2930
979	993
979	1078
979	1137
979	1493
979	1978
979	2735
980	1036
980	1974
980	2656
981	1125
981	1760
981	2193
981	2290
982	2034
982	2335
982	2437
983	2658
984	2070
984	2087
985	1444
985	1492
985	2254
986	1196
986	1375
986	2103
986	2759
987	1055
987	2033
987	2595
988	1297
988	1959
988	2130
988	2711
989	1807
989	2247
989	2787
989	2839
990	2897
991	2705
992	1238
992	1914
993	1232
993	2323
994	2585
995	1239
995	1411
995	1717
995	2393
996	1339
996	1451
996	1699
996	2431
996	2441
996	2738
997	1270
997	1333
997	1363
997	2052
997	2135
998	1061
998	1113
998	1470
998	2217
998	2389
999	1361
999	1708
999	2209
999	2733
1000	1315
1000	2804
1001	1356
1001	2233
1002	1464
1002	2834
1003	1087
1003	1090
1003	1253
1003	1634
1003	2161
1003	2306
1003	2329
1004	1228
1004	1248
1004	1405
1004	1503
1004	2163
1005	1478
1006	1475
1007	1242
1007	2415
1007	2579
1007	2653
1009	2888
1010	1145
1010	1226
1010	1319
1010	1485
1010	1847
1010	2063
1011	1106
1011	1805
1011	1982
1011	2170
1011	2188
1012	1166
1013	1100
1014	2190
1015	2190
1016	1164
1016	1369
1016	1522
1016	1624
1016	2931
1016	2942
1018	1111
1018	1378
1018	1881
1018	2245
1018	2987
1019	2583
1020	1260
1020	1918
1020	2901
1021	1561
1021	2409
1022	2257
1022	2607
1023	1143
1023	1249
1024	1097
1024	1439
1024	1543
1024	1792
1024	2620
1025	1034
1025	1461
1025	1655
1025	2293
1025	2710
1025	2992
1026	1345
1026	1463
1026	1640
1026	2672
1027	1037
1027	1205
1027	1752
1027	1790
1027	1940
1028	1200
1028	1208
1028	1462
1028	1758
1028	2480
1028	2533
1029	1294
1029	2834
1029	2912
1030	1393
1030	1480
1031	1131
1031	2245
1032	2012
1032	2244
1032	2304
1032	2468
1033	1201
1033	1336
1033	2737
1033	2836
1034	2126
1034	2189
1035	1071
1035	1499
1035	2574
1036	2944
1037	1401
1037	2640
1038	2573
1038	2598
1039	1812
1039	2282
1039	2851
1040	1258
1040	1645
1040	1666
1040	2052
1040	2437
1040	2678
1041	1586
1041	1892
1042	1553
1043	1171
1043	1236
1043	1537
1043	1538
1043	2922
1044	1605
1044	2999
1046	1197
1046	1250
1046	1386
1046	1743
1046	2128
1046	2875
1047	1271
1047	2105
1047	2744
1048	1148
1049	1346
1049	2335
1049	2753
1050	1414
1050	1642
1050	1804
1050	2165
1050	2185
1050	2813
1051	2364
1052	1307
1052	1543
1052	1843
1052	2388
1052	2487
1053	1330
1053	1558
1053	1695
1054	1177
1054	1306
1054	1753
1055	1379
1055	2309
1056	1113
1056	1138
1056	1167
1056	1852
1057	1316
1057	1777
1057	2447
1058	1766
1060	1360
1060	1578
1060	1850
1060	2728
1061	2366
1061	2441
1061	2812
1062	1499
1062	1575
1062	2064
1062	2106
1063	1074
1063	1455
1063	2289
1064	1687
1064	2152
1064	2630
1065	1497
1065	2892
1066	1201
1066	2710
1066	2978
1067	1576
1068	1185
1068	1646
1069	1300
1069	1963
1070	2186
1071	1487
1071	1508
1071	1616
1071	2960
1072	1685
1072	2035
1073	2023
1074	1112
1074	1176
1074	1332
1074	2067
1075	1296
1076	1109
1076	1209
1077	1518
1077	2331
1077	2435
1078	2524
1079	1205
1079	1403
1079	2597
1080	1223
1080	1435
1080	2931
1081	1391
1081	1896
1081	2940
1082	1132
1082	1583
1082	1948
1082	1989
1082	2037
1082	2207
1082	2473
1083	1836
1083	1886
1083	2641
1083	2903
1084	1136
1084	2591
1084	2920
1085	1304
1085	1351
1085	1437
1085	1476
1085	1512
1085	1638
1086	1358
1086	2044
1086	2187
1087	1367
1087	1727
1087	2058
1088	1946
1088	2292
1088	2358
1089	1134
1089	1144
1089	2085
1089	2554
1090	1093
1090	2348
1091	1168
1091	1478
1091	1697
1091	1772
1091	2262
1091	2697
1092	1324
1092	1476
1092	1965
1092	2251
1092	2648
1092	2649
1093	1411
1093	1493
1093	2193
1094	2136
1094	2253
1094	2707
1095	1972
1096	1643
1096	1763
1096	1895
1097	1327
1097	1550
1097	2689
1097	2841
1098	1338
1098	1751
1098	2098
1099	1220
1099	1276
1099	1753
1100	2031
1100	2153
1101	1273
1101	1536
1101	1592
1101	1831
1101	2370
1101	2631
1102	2465
1104	1179
1104	1769
1105	2528
1105	2700
1106	2194
1106	2601
1107	1810
1107	1950
1107	2126
1107	2183
1108	1982
1108	2846
1109	1622
1109	1981
1109	1998
1109	2820
1110	1152
1110	1277
1110	1572
1110	2250
1110	2623
1110	2939
1111	1755
1111	1830
1111	2261
1112	1470
1112	1700
1112	2155
1112	2606
1113	2651
1114	1423
1114	2524
1114	2692
1115	1275
1115	1335
1115	1603
1116	1150
1116	1279
1116	1725
1116	2227
1116	2739
1117	1874
1118	1415
1118	2434
1118	2440
1119	2463
1120	1669
1121	1151
1121	1174
1121	1890
1121	1931
1122	1217
1122	2179
1122	2322
1122	2594
1123	2351
1123	2889
1124	1459
1124	1933
1124	2578
1125	1213
1125	1295
1125	2760
1125	2856
1126	1375
1126	1773
1126	2140
1126	2361
1126	2568
1127	1731
1127	1813
1128	1320
1130	1180
1131	1313
1131	1844
1131	1877
1131	2288
1131	2982
1132	1526
1132	2309
1133	1246
1133	1685
1133	2191
1134	2912
1135	1211
1135	1341
1135	1365
1135	2893
1136	1426
1136	2471
1137	1472
1137	1884
1137	2128
1138	1290
1138	1364
1138	1486
1139	1548
1139	1590
1139	1872
1139	2430
1140	2843
1141	1214
1141	1240
1141	1673
1141	1991
1141	2187
1142	1223
1142	1316
1142	1383
1142	2333
1142	2440
1143	2381
1144	1191
1144	1678
1144	2656
1144	2659
1145	1149
1145	1198
1145	1304
1146	1897
1146	1960
1146	2557
1146	2778
1147	2163
1147	2424
1147	2440
1148	1244
1148	1791
1148	1915
1148	2132
1148	2742
1149	2484
1149	2486
1149	2669
1150	1582
1150	1595
1150	2091
1150	2268
1151	1568
1151	1678
1151	1833
1152	1453
1152	1664
1152	1725
1153	2367
1153	2444
1153	2980
1154	1270
1155	1787
1155	2761
1156	1480
1156	1569
1156	2069
1157	1174
1157	1407
1157	1743
1158	2469
1158	2822
1159	1185
1159	1345
1159	1481
1161	1943
1161	2295
1162	1216
1162	1327
1162	1390
1162	2032
1162	2805
1163	1620
1165	1722
1165	2402
1166	1238
1166	1305
1166	2061
1167	1609
1167	2894
1168	1461
1168	1863
1169	1255
1169	1382
1169	2775
1170	1264
1170	1312
1170	1728
1170	2897
1171	2040
1172	1284
1172	1286
1172	1513
1173	1256
1173	2267
1173	2533
1174	1293
1174	1914
1176	1248
1176	1948
1176	2821
1178	1312
1178	1579
1178	2213
1178	2592
1179	2253
1180	1229
1180	1276
1180	1984
1180	2390
1180	2644
1180	2921
1181	2523
1182	1351
1182	2420
1183	1600
1183	1630
1183	1910
1183	2623
1183	2750
1184	1680
1184	1814
1184	1962
1184	2461
1186	1571
1187	2090
1187	2287
1187	2443
1187	2452
1187	2963
1188	1326
1188	1554
1188	1719
1188	2320
1189	1507
1189	1617
1189	1633
1189	1761
1189	2540
1190	1452
1190	1468
1190	1897
1190	1905
1191	2157
1191	2210
1191	2300
1192	2171
1192	2228
1192	2669
1192	2798
1192	2832
1193	1235
1193	1263
1193	1405
1193	2503
1193	2576
1193	2684
1194	1710
1194	2446
1195	1644
1195	2002
1195	2215
1196	2495
1197	1415
1197	2036
1197	2498
1198	1414
1198	1494
1198	2382
1198	2543
1198	2643
1198	2920
1199	1930
1199	2168
1200	2007
1200	2618
1201	1539
1201	1559
1201	2740
1202	1315
1202	1879
1202	2980
1203	1350
1203	1410
1204	1514
1204	1915
1204	2163
1205	1236
1205	1542
1205	1702
1205	1868
1207	1496
1207	1721
1207	2122
1208	1376
1208	1428
1208	1445
1209	1650
1209	2146
1210	2248
1210	2915
1211	1390
1212	1353
1212	1861
1212	2125
1212	2162
1212	2476
1213	1399
1213	1560
1215	1396
1215	2991
1216	1510
1216	1580
1216	1679
1216	1734
1217	1572
1218	1721
1218	1763
1219	1319
1219	1456
1219	1598
1219	1629
1219	2050
1220	2296
1220	2972
1221	2998
1222	1443
1222	2502
1223	1888
1223	2235
1224	2406
1225	1616
1225	1997
1225	2551
1225	2792
1226	2021
1226	2595
1226	2953
1227	1392
1227	1566
1228	2768
1229	1318
1229	1620
1229	2310
1229	2517
1229	2748
1231	2073
1231	2410
1232	1427
1232	2127
1232	2806
1233	1751
1233	1994
1233	2082
1234	1287
1234	1360
1234	1453
1234	1501
1234	1923
1234	1936
1234	2156
1234	2924
1235	1343
1235	2160
1236	1408
1236	1608
1236	1987
1236	2571
1237	1531
1237	2590
1237	2704
1238	1410
1238	1521
1238	1578
1238	1739
1239	1371
1239	1964
1239	2294
1240	1245
1240	1308
1240	2229
1240	2241
1241	1463
1241	1496
1241	1745
1241	1758
1242	1780
1242	2220
1242	2345
1242	2575
1242	2600
1243	1459
1243	1664
1244	1259
1244	1641
1244	2048
1244	2143
1245	1252
1245	1945
1246	1364
1246	2092
1246	2114
1246	2983
1247	1306
1247	1534
1248	1691
1248	2882
1249	1963
1249	2198
1249	2336
1250	1357
1250	1362
1250	1992
1252	1465
1252	1534
1252	2377
1252	2812
1253	1925
1253	2489
1254	1261
1254	1268
1254	1370
1254	1382
1254	2397
1255	1584
1255	2268
1255	2925
1256	1298
1256	1584
1256	2975
1257	1395
1257	1779
1257	1826
1257	1840
1257	2094
1257	2675
1257	2808
1258	1871
1258	2481
1258	2880
1259	1646
1259	2303
1259	2582
1259	2795
1261	1455
1261	1953
1262	1713
1262	1757
1262	1810
1262	2126
1262	2666
1263	2170
1263	2172
1263	2662
1263	2711
1263	2768
1264	1531
1264	2098
1265	1348
1265	1528
1265	1811
1265	2312
1265	2459
1265	2493
1267	1509
1267	1842
1267	2061
1267	2101
1267	2122
1268	1504
1268	2490
1269	1523
1270	1471
1270	2753
1271	1325
1271	1833
1271	2255
1271	2368
1272	2366
1272	2545
1273	1386
1273	1547
1274	2264
1276	1283
1276	1326
1276	1328
1276	1388
1276	1434
1276	1646
1276	2914
1277	1900
1278	1724
1279	1747
1279	1776
1279	1888
1279	2422
1280	1369
1280	1389
1280	1517
1280	1879
1280	2508
1281	2398
1281	2653
1281	2732
1281	2911
1282	1641
1282	1734
1282	2197
1283	1363
1283	1449
1283	2897
1284	1732
1286	1427
1286	1438
1286	1671
1287	1545
1288	1556
1288	1699
1288	2536
1289	2324
1289	2387
1290	1337
1290	1577
1290	2838
1291	1299
1291	1491
1291	1797
1291	1839
1291	2601
1291	2817
1292	2811
1293	1861
1293	2151
1293	2933
1294	2230
1295	1421
1295	1515
1295	1744
1295	2956
1296	1381
1296	1399
1296	1614
1296	2129
1296	2156
1296	2415
1298	1463
1298	1864
1299	2674
1299	2738
1300	1919
1300	2520
1301	1408
1301	1599
1301	1600
1302	2112
1302	2182
1302	2786
1303	1441
1303	1741
1303	2059
1303	2577
1304	1525
1304	1879
1304	2241
1304	2282
1305	2173
1305	2279
1305	2512
1306	1709
1306	2309
1307	1368
1307	1637
1307	2647
1307	2704
1308	2426
1308	2651
1308	2654
1308	2665
1310	1333
1310	1352
1311	1406
1311	1822
1311	1965
1312	1467
1312	1515
1312	2780
1313	1474
1313	1534
1313	1828
1313	2695
1313	2933
1314	2547
1314	2831
1315	2102
1315	2911
1317	1388
1317	1407
1317	1769
1317	2391
1317	2803
1317	2977
1319	1489
1319	1652
1319	2333
1320	1940
1321	1671
1321	1673
1321	1936
1321	2408
1322	1373
1322	1389
1322	1652
1322	2829
1323	2769
1324	2043
1324	2118
1324	2487
1325	1433
1325	1497
1325	1889
1325	2612
1326	2092
1326	2677
1327	1355
1327	1450
1327	1575
1327	2567
1327	2664
1329	1367
1329	2378
1329	2390
1330	1483
1330	1834
1330	2614
1330	2622
1331	1830
1331	2019
1331	2095
1332	2191
1332	2293
1332	2380
1333	1523
1333	1615
1333	1647
1333	2181
1334	1679
1334	1800
1334	2685
1336	1766
1336	2093
1337	2478
1339	1380
1339	1784
1339	1837
1339	2342
1339	2396
1340	1676
1340	1916
1340	2110
1341	1357
1341	1542
1341	1770
1341	1855
1342	1737
1344	1755
1344	2661
1345	1622
1345	1855
1347	1926
1347	2057
1347	2329
1349	1441
1349	1891
1349	1996
1349	1999
1349	2181
1349	2730
1350	1502
1350	1520
1350	1671
1350	2555
1351	1511
1351	2089
1351	2275
1352	1375
1352	1529
1352	1605
1352	1606
1352	2425
1353	2509
1353	2699
1354	2066
1354	2481
1355	1678
1355	1789
1355	1861
1355	2281
1355	2683
1356	2080
1358	1490
1358	1802
1358	1814
1360	2828
1361	1654
1362	2838
1364	1611
1365	1649
1366	1450
1366	2214
1366	2688
1367	2571
1368	2318
1369	1929
1369	2026
1370	1747
1370	1946
1370	2117
1370	2207
1371	1460
1372	2986
1373	1462
1373	2378
1374	1887
1374	2152
1375	1596
1375	1890
1375	1988
1375	2986
1376	2240
1376	2419
1376	2621
1377	1610
1377	2145
1377	2244
1378	1682
1378	1698
1378	2048
1378	2838
1379	2451
1380	1604
1380	2132
1381	1409
1381	1567
1381	1767
1381	1783
1381	2513
1382	2646
1383	1479
1383	2172
1383	2898
1385	1387
1385	1723
1385	1820
1385	2186
1385	2326
1385	2417
1385	2562
1385	2827
1386	1792
1387	1740
1387	2344
1388	1591
1388	2655
1389	1592
1389	1684
1389	1821
1390	1466
1390	2085
1391	2471
1392	2549
1393	1531
1393	2112
1393	2219
1393	2227
1393	2800
1393	2873
1393	2981
1394	2109
1395	1776
1395	2295
1395	2502
1395	2985
1396	1607
1396	2467
1396	2554
1397	1440
1397	1511
1397	1582
1397	2079
1397	2100
1398	2992
1399	1498
1399	2180
1399	2855
1400	1707
1400	1728
1400	2213
1400	2727
1401	1863
1401	2643
1403	1535
1403	2050
1403	2119
1403	2864
1404	1716
1404	2181
1404	2338
1405	1420
1405	2844
1406	1412
1406	1618
1406	2404
1407	1514
1407	1786
1407	2475
1408	1634
1408	1885
1408	1917
1409	1835
1409	1902
1410	1562
1410	1785
1410	2868
1412	2997
1413	1532
1413	2904
1414	2261
1414	2373
1415	2459
1415	2484
1415	2783
1416	2870
1417	1488
1417	2011
1417	2324
1417	2388
1417	2857
1418	1675
1418	1738
1419	2947
1420	1737
1420	2497
1421	2211
1421	2347
1421	2371
1421	2953
1422	1599
1422	2054
1422	2304
1422	2364
1422	2627
1423	1590
1424	2867
1425	2230
1425	2246
1426	1908
1426	2960
1428	2249
1428	2668
1428	2916
1428	2994
1429	1611
1429	1639
1429	1906
1429	2368
1430	1448
1430	1569
1430	1663
1430	1865
1430	2351
1431	1517
1431	1750
1432	2908
1433	1978
1434	2041
1434	2046
1434	2961
1436	1755
1437	2208
1437	2249
1437	2791
1438	1623
1438	1677
1439	1766
1439	2927
1440	1670
1440	2013
1440	2091
1441	1573
1441	2534
1442	2315
1443	1715
1443	2271
1444	1998
1444	2499
1445	1629
1445	1734
1445	2045
1445	2455
1446	1756
1446	1770
1446	1912
1446	2256
1447	1799
1447	2379
1448	1576
1448	1867
1448	2080
1448	2206
1449	1524
1449	2121
1450	1604
1450	2120
1450	2138
1451	1682
1451	2183
1452	1857
1452	2030
1452	2258
1452	2507
1453	1529
1453	2223
1454	1878
1455	1880
1455	2097
1455	2995
1456	2884
1457	1668
1457	2451
1457	2503
1457	2922
1458	1681
1459	2081
1460	1782
1460	2217
1460	2335
1461	1635
1461	2101
1462	1674
1462	1850
1462	2921
1463	1584
1463	2228
1463	2824
1464	1601
1464	1767
1464	1840
1464	2596
1464	2780
1464	2863
1465	2824
1466	1698
1466	2212
1467	1867
1467	1980
1467	2750
1467	2813
1468	2576
1468	2840
1469	1931
1469	2706
1469	2810
1470	1546
1470	1900
1470	1971
1470	2103
1471	1517
1472	1873
1472	2891
1473	1683
1473	1825
1473	1888
1473	2593
1474	1617
1474	1621
1474	1968
1475	1506
1475	1834
1478	1750
1478	1798
1478	2660
1479	2127
1480	2676
1481	1516
1481	1851
1483	2240
1484	2298
1485	2902
1486	2427
1486	2618
1487	2586
1488	2491
1488	2979
1489	2831
1490	1614
1490	1767
1490	1822
1490	1945
1490	1979
1490	2572
1491	1519
1491	2797
1492	2263
1493	2842
1493	2869
1494	1533
1494	1750
1494	1920
1495	1735
1495	1799
1496	1995
1496	2859
1497	1913
1497	2165
1498	1607
1499	1511
1499	2284
1500	1782
1500	2013
1500	2271
1500	2352
1501	1540
1501	1816
1501	2399
1501	2563
1501	2682
1501	2984
1502	1640
1502	1850
1502	1941
1503	1545
1504	2446
1504	2719
1505	1896
1505	2350
1506	1726
1506	2222
1506	2392
1508	1937
1508	2729
1509	1953
1510	1591
1510	2386
1511	1892
1513	2142
1513	2343
1514	2504
1514	2684
1515	1684
1515	1816
1516	1891
1516	2450
1516	2541
1517	1570
1517	2875
1518	2756
1519	1533
1519	2043
1519	2809
1520	1601
1520	2903
1521	1642
1521	1790
1521	1894
1522	2132
1523	1815
1523	1835
1523	2018
1523	2291
1524	1849
1524	1907
1526	2614
1527	1552
1527	2007
1527	2185
1527	2317
1527	2799
1528	1572
1528	1618
1528	1679
1528	1726
1528	2150
1529	2363
1529	2418
1529	2475
1531	1923
1531	1991
1531	2089
1531	2239
1532	2236
1534	2482
1535	1961
1535	2166
1535	2593
1536	1632
1536	1674
1536	2515
1537	1858
1537	2611
1537	2722
1537	2758
1538	1690
1538	2081
1539	1645
1539	1667
1539	1969
1539	2624
1539	2751
1541	1643
1541	2420
1541	2851
1542	1832
1542	2075
1542	2629
1543	1585
1544	1595
1544	1920
1544	2369
1544	2929
1544	3000
1545	1718
1545	1911
1546	1553
1546	1846
1547	1617
1547	1797
1548	1938
1549	1568
1551	2131
1552	1605
1552	1977
1552	2910
1553	2004
1553	2389
1554	1619
1554	1768
1554	2681
1554	2726
1555	2196
1555	2709
1556	1686
1556	2436
1557	2845
1558	1620
1558	2217
1558	2913
1559	1593
1559	1827
1559	2483
1560	2317
1560	2734
1561	1580
1561	1932
1562	1581
1562	1967
1562	2785
1562	2870
1563	1619
1563	1831
1563	2503
1563	2818
1564	2671
1565	2141
1566	2677
1567	2079
1567	2323
1567	2734
1567	2757
1568	1618
1568	2194
1570	2477
1571	1785
1571	2831
1572	2762
1572	2913
1573	2540
1574	2158
1575	2693
1576	1609
1576	2144
1576	2304
1576	2342
1576	2837
1577	2626
1578	2252
1579	1651
1579	2696
1580	1816
1580	1976
1580	2104
1580	2527
1581	2344
1581	2827
1582	2370
1584	2016
1584	2448
1584	2491
1584	2787
1585	2549
1585	2613
1586	2026
1587	1762
1587	2003
1587	2474
1587	2861
1588	2637
1588	2876
1589	2234
1590	2606
1591	2068
1592	1893
1593	2510
1593	2928
1594	1836
1594	1964
1595	1659
1595	2331
1596	2130
1596	2330
1597	1625
1597	2277
1598	2107
1600	2850
1602	1849
1602	2203
1604	1781
1605	2410
1606	2951
1607	1670
1608	1673
1608	1938
1608	2521
1609	2024
1610	1685
1610	1954
1611	2001
1611	2428
1611	2515
1611	2608
1611	2852
1612	2055
1613	2263
1614	1828
1614	1935
1614	2138
1615	1674
1615	1981
1615	2145
1616	1668
1616	2422
1617	2032
1617	2867
1618	1688
1618	2535
1619	2008
1619	2599
1619	2921
1621	2029
1621	2184
1621	2572
1622	1721
1622	2305
1623	1902
1623	2194
1623	2278
1624	2053
1624	2064
1624	2093
1624	2815
1625	1695
1625	2084
1625	2182
1626	1754
1626	2206
1627	2943
1628	2377
1629	1723
1629	1757
1629	1798
1629	2368
1629	2644
1630	1979
1630	2789
1631	1839
1631	1989
1632	2005
1633	1696
1633	2883
1635	2914
1636	2032
1637	2077
1637	2177
1638	1683
1638	1735
1638	2140
1640	1730
1640	2250
1640	2785
1641	2275
1641	2939
1642	1841
1642	2969
1643	1689
1644	1786
1644	2230
1644	2297
1644	2348
1644	2414
1646	2491
1647	2094
1647	2347
1649	1680
1650	2414
1650	2830
1650	2998
1652	2167
1652	2537
1654	2101
1654	2166
1654	2397
1655	2110
1657	2797
1658	2170
1659	1698
1659	1796
1659	2641
1659	2968
1660	1876
1661	2066
1663	2072
1663	2731
1664	2033
1664	2461
1665	2702
1666	2613
1666	2848
1667	2322
1667	2562
1668	2134
1668	2376
1668	2431
1669	2439
1669	2807
1669	2879
1670	2015
1670	2511
1670	2930
1671	2399
1671	2794
1672	1700
1672	1707
1672	1914
1673	1893
1673	1924
1673	2250
1673	2720
1674	2654
1676	1956
1676	2602
1677	2274
1677	2844
1678	2023
1678	2731
1679	1902
1679	2188
1679	2394
1680	1839
1681	2761
1682	2610
1683	1745
1685	2052
1686	2136
1686	2180
1687	1786
1687	2002
1687	2929
1688	1942
1688	2123
1689	2548
1691	1729
1692	2172
1692	2615
1692	2773
1693	1807
1694	2566
1695	2065
1695	2097
1696	2238
1696	2763
1697	2341
1698	2068
1698	2355
1698	2690
1699	1771
1699	2488
1700	1870
1700	2210
1700	2525
1701	2157
1701	2726
1702	1754
1702	1787
1702	2046
1702	2255
1702	2278
1702	2321
1702	2334
1703	1713
1706	2018
1706	2027
1707	1939
1707	2129
1708	2174
1709	1826
1710	1714
1710	2247
1711	1899
1711	1909
1711	2697
1714	1832
1714	2712
1715	1738
1715	2030
1717	1868
1717	1919
1717	2997
1719	2150
1720	1880
1720	1883
1720	2264
1720	2603
1720	2650
1721	2009
1721	2124
1722	1780
1722	2454
1723	2147
1723	2342
1723	2781
1724	2973
1725	1873
1725	2078
1726	1733
1726	1837
1727	1824
1727	1969
1728	2375
1728	2569
1729	2212
1730	1885
1731	2286
1732	2489
1733	2058
1733	2135
1734	2246
1735	1912
1735	1970
1735	2893
1736	1934
1736	1980
1736	2429
1736	2924
1737	2773
1738	2904
1739	2463
1740	2114
1742	1873
1742	1980
1742	2793
1744	2307
1745	2678
1745	2965
1746	2010
1746	2841
1747	2222
1747	2237
1748	1814
1751	1884
1752	1928
1752	2269
1752	2446
1752	2587
1752	2839
1753	2011
1753	2412
1753	2862
1753	2863
1753	2879
1754	2724
1755	2130
1755	2483
1755	2542
1757	2080
1758	2042
1759	1791
1759	2429
1759	2784
1760	1872
1760	2601
1760	2663
1760	2776
1762	1992
1762	2108
1762	2663
1762	2781
1763	2177
1763	2990
1764	1966
1765	1779
1765	1903
1765	2128
1765	2635
1765	2835
1766	1840
1766	2434
1766	2629
1767	1907
1768	1784
1769	2876
1770	2573
1771	1925
1771	2555
1772	1865
1772	2229
1773	1869
1773	1895
1773	1956
1774	2438
1774	2613
1775	2247
1775	2340
1777	2139
1777	2144
1777	2212
1777	2718
1778	1836
1778	2192
1779	1986
1779	2547
1779	2952
1780	1781
1780	2243
1780	2443
1780	2663
1780	2707
1781	2109
1781	2479
1782	1971
1782	2406
1782	2664
1782	2698
1783	2611
1785	2681
1788	2099
1788	2433
1790	1838
1790	1891
1790	2176
1790	2688
1790	2755
1792	1966
1792	2168
1792	2193
1793	1806
1793	2078
1793	2116
1793	2195
1793	2234
1793	2875
1794	1882
1794	1901
1794	2946
1795	2267
1796	2437
1797	2380
1797	2662
1800	2058
1801	2198
1801	2728
1802	1944
1802	2328
1803	1860
1804	2896
1805	2120
1805	2262
1806	1877
1806	2970
1807	1817
1807	1960
1808	1820
1809	2466
1809	2673
1811	1854
1812	2451
1812	2645
1813	1851
1813	1932
1815	2548
1815	2747
1816	1906
1816	2166
1817	2178
1818	2209
1818	2400
1819	2752
1822	2310
1823	2084
1823	2900
1824	2722
1825	1921
1825	2207
1825	2777
1826	2044
1826	2066
1826	2775
1827	2458
1827	2632
1827	2696
1828	1875
1828	2274
1829	1986
1829	2917
1830	2345
1830	2793
1832	1857
1832	2936
1833	2339
1833	2450
1836	2033
1836	2906
1836	2978
1837	1947
1837	2038
1837	2279
1837	2423
1837	2553
1837	2808
1839	1955
1839	1957
1839	2920
1839	2929
1841	2606
1842	2005
1842	2989
1844	1957
1845	1853
1845	2828
1846	2556
1846	2670
1852	2341
1853	2305
1853	2416
1853	2585
1855	2853
1857	1975
1857	2135
1857	2203
1858	2575
1858	2680
1859	2570
1859	2952
1861	2550
1862	2243
1864	1951
1866	1867
1866	2907
1867	2698
1868	2078
1868	2469
1870	2244
1871	2102
1874	2283
1876	1976
1876	2553
1876	2660
1878	1904
1878	2067
1878	2448
1880	2287
1880	2421
1880	2461
1882	2261
1883	2889
1884	1937
1884	1985
1884	2000
1884	2270
1884	2411
1884	2626
1884	2714
1885	1988
1886	2280
1886	2504
1886	2595
1888	2159
1888	2657
1890	2372
1890	2375
1891	2575
1891	3000
1893	2421
1893	2754
1895	2611
1895	2987
1896	1940
1896	2495
1897	2452
1899	2114
1899	2239
1900	2095
1903	2332
1904	2134
1904	2488
1905	2029
1905	2502
1906	1964
1906	2031
1908	2225
1908	2326
1910	2204
1910	2946
1911	2377
1912	2910
1913	2318
1915	1972
1915	2106
1915	2359
1916	2578
1919	2051
1919	2296
1919	2756
1920	2071
1920	2133
1921	2348
1922	2993
1923	2025
1924	2401
1924	2594
1925	2743
1926	2982
1927	2425
1928	2478
1929	2010
1929	2204
1929	2931
1930	2211
1930	2272
1930	2520
1930	2652
1930	2679
1933	2028
1933	2121
1933	2778
1934	2293
1936	2123
1936	2326
1936	2354
1937	2680
1938	2046
1938	2171
1938	2631
1938	2716
1938	2817
1939	2775
1940	2269
1940	2833
1941	2022
1941	2083
1942	2200
1942	2733
1942	2886
1944	2310
1944	2394
1945	2955
1946	2090
1948	2985
1949	2266
1949	2877
1950	1990
1951	2286
1952	2339
1954	2164
1955	2905
1957	2565
1958	2959
1960	1987
1961	2099
1962	2976
1963	2546
1965	2151
1965	2427
1965	2543
1967	2195
1967	2358
1969	2832
1971	2617
1971	2800
1972	2850
1973	2804
1976	2211
1976	2251
1979	1993
1979	2308
1979	2654
1981	2703
1982	2905
1982	2995
1983	2543
1983	2756
1985	2180
1985	2581
1985	2683
1985	2865
1987	2245
1987	2794
1988	2241
1991	2519
1991	2712
1991	2825
1992	2457
1992	2621
1993	2843
1995	2100
1996	2833
1998	2227
1998	2270
1998	2934
1999	2708
2001	2328
2001	2699
2001	2895
2002	2717
2003	2039
2003	2362
2003	2497
2004	2199
2005	2325
2005	2500
2006	2192
2006	2352
2006	2610
2007	2418
2007	2616
2008	2252
2008	2284
2009	2316
2009	2615
2011	2664
2011	2943
2012	2482
2013	2748
2014	2396
2014	2962
2015	2635
2015	2639
2016	2398
2016	2457
2017	2972
2018	2221
2018	2336
2019	2074
2019	2460
2022	2167
2023	2550
2023	2999
2024	2208
2025	2308
2027	2329
2028	2526
2030	2392
2030	2405
2030	2954
2031	2343
2031	2442
2032	2330
2033	2589
2034	2096
2034	2215
2034	2488
2034	2745
2037	2320
2037	2809
2038	2447
2039	2826
2040	2054
2042	2169
2042	2633
2043	2353
2044	2459
2044	2938
2045	2444
2045	2619
2046	2584
2048	2131
2049	2416
2049	2460
2050	2432
2050	2887
2050	2905
2054	2151
2054	2225
2054	2313
2054	2387
2056	2741
2056	2865
2057	2289
2057	2419
2057	2849
2062	2529
2062	2854
2064	2324
2064	2806
2065	2403
2065	2533
2065	2686
2066	2597
2067	2390
2067	2742
2068	2404
2068	2501
2071	2276
2071	2832
2072	2508
2072	2589
2072	2772
2073	2934
2075	2456
2075	2493
2079	2691
2080	2757
2080	2872
2085	2269
2085	2362
2086	2518
2086	2598
2089	2484
2090	2290
2090	2767
2091	2235
2091	2893
2092	2917
2093	2164
2093	2411
2097	2216
2097	2231
2098	2190
2098	2271
2098	2985
2099	2119
2099	2618
2100	2287
2100	2466
2101	2824
2102	2300
2103	2141
2103	2199
2104	2860
2105	2483
2105	2813
2106	2470
2107	2519
2107	2846
2109	2395
2109	2827
2110	2961
2111	2872
2112	2540
2113	2273
2113	2946
2114	2662
2114	2771
2115	2142
2115	2338
2117	2202
2117	2344
2118	2584
2120	2365
2120	2568
2122	2605
2123	2802
2124	2467
2124	2770
2125	2700
2126	2218
2126	2937
2127	2238
2127	2463
2128	2511
2131	2167
2132	2522
2133	2579
2133	2847
2134	2284
2136	2407
2138	2395
2139	2615
2140	2435
2142	2174
2142	2853
2142	2906
2144	2638
2144	2899
2145	2753
2146	2379
2147	2760
2149	2364
2149	2588
2150	2465
2151	2563
2151	2840
2151	2941
2152	2232
2152	2460
2152	2660
2153	2612
2153	2661
2155	2363
2156	2337
2161	2323
2161	2737
2162	2709
2162	2721
2163	2631
2164	2635
2165	2758
2165	2809
2166	2291
2169	2406
2169	2700
2170	2706
2170	2816
2171	2308
2171	2464
2171	2531
2171	2570
2171	2701
2172	2984
2177	2947
2178	2419
2178	2567
2180	2650
2182	2748
2190	2634
2192	2306
2192	2888
2193	2625
2194	2628
2195	2346
2196	2514
2197	2331
2198	2223
2198	2265
2198	2674
2200	2592
2201	2871
2202	2214
2203	2413
2203	2563
2203	2878
2207	2527
2207	2642
2208	2252
2211	2223
2211	2350
2212	2320
2215	2918
2220	2345
2220	2458
2221	2594
2223	2473
2223	2581
2225	2371
2226	2235
2227	2779
2227	2835
2228	2404
2230	2803
2232	2487
2233	2522
2234	2352
2234	2742
2235	2259
2235	2871
2236	2357
2237	2539
2239	2709
2243	2602
2243	2886
2244	2973
2245	2359
2245	2800
2246	2821
2247	2376
2247	2936
2248	2439
2251	2312
2251	2716
2253	2369
2253	2718
2254	2883
2255	2652
2256	2949
2257	2295
2257	2435
2260	2747
2260	2882
2262	2512
2263	2868
2265	2393
2265	2990
2269	2690
2271	2424
2272	2973
2273	2280
2273	2637
2274	2784
2276	2799
2278	2919
2279	2691
2279	2988
2280	2457
2281	2314
2282	2971
2283	2932
2284	2828
2285	2495
2285	2773
2286	2470
2286	2531
2288	2405
2289	2643
2290	2337
2294	2430
2294	2729
2294	2816
2295	2493
2295	2883
2296	2766
2300	2970
2301	2688
2302	2416
2303	2384
2304	2776
2305	2378
2306	2795
2307	2551
2308	2638
2309	2494
2309	2525
2311	2865
2313	2935
2315	2477
2316	2715
2316	2805
2319	2892
2323	2936
2324	2373
2327	2990
2328	2476
2328	2559
2328	2737
2332	2517
2333	2571
2335	2566
2342	2544
2343	2691
2346	2782
2348	2767
2354	2357
2355	2462
2355	2777
2356	2790
2357	2620
2357	2864
2358	2714
2359	2557
2361	2598
2363	2530
2363	2735
2364	2456
2365	2541
2365	2632
2366	2885
2368	2581
2368	2741
2368	2959
2369	2789
2372	2765
2375	2983
2376	2919
2378	2949
2378	2976
2380	2549
2380	2560
2383	2561
2384	2513
2391	2516
2391	2538
2391	2677
2393	2532
2394	2528
2394	2574
2395	2735
2397	2639
2397	2894
2399	2787
2401	2689
2402	2536
2402	2708
2402	2714
2404	2878
2404	2904
2406	2830
2409	2784
2410	2908
2411	2642
2413	2619
2415	2736
2415	2848
2416	2546
2421	2721
2422	2693
2422	2708
2422	2746
2423	2792
2424	2604
2425	2933
2426	2519
2428	2998
2433	2871
2434	2924
2437	2500
2438	2462
2441	2633
2444	2829
2445	2517
2445	2580
2446	2512
2447	2836
2447	2899
2448	2888
2450	2596
2453	2948
2455	2573
2457	2516
2461	2630
2462	2667
2464	2552
2468	2508
2468	2956
2469	2779
2469	2976
2472	2927
2477	2880
2479	2498
2480	2687
2482	2623
2483	2566
2484	2822
2486	2668
2489	2610
2489	2770
2491	2890
2495	2928
2495	2963
2496	2567
2497	2599
2500	2810
2502	2873
2510	2532
2510	2916
2513	2829
2516	2726
2517	2873
2518	2669
2521	2590
2524	2778
2525	2642
2525	2963
2526	2619
2526	2804
2527	2655
2527	2780
2531	2720
2533	2583
2536	2763
2538	2675
2540	2872
2540	2974
2543	2844
2544	2590
2547	2552
2548	2604
2548	2954
2552	2890
2555	2795
2556	2837
2558	2818
2564	2569
2566	2782
2575	2588
2576	2782
2581	2798
2583	2772
2593	2630
2593	2878
2594	2942
2596	2605
2601	2965
2604	2848
2609	2770
2612	2846
2612	2896
2615	2658
2618	2638
2618	2695
2624	2791
2634	2681
2640	2975
2642	2647
2642	2734
2644	2975
2646	2891
2647	2907
2647	2955
2651	2774
2653	2676
2663	2764
2665	2890
2669	2964
2674	2747
2677	2696
2677	2765
2677	2797
2678	2819
2678	2881
2679	2811
2684	2906
2685	2764
2689	2992
2690	2781
2690	2957
2692	2901
2692	2938
2698	2732
2700	2971
2701	2713
2701	2994
2703	2993
2704	2958
2716	2746
2718	2725
2719	2957
2723	2768
2731	2769
2736	2925
2738	2916
2742	2986
2743	2988
2749	2826
2750	2774
2751	2762
2755	2997
2759	2860
2768	2991
2775	2852
2779	2900
2786	2979
2787	2958
2791	2796
2801	2923
2802	2886
2807	2966
2810	2811
2812	2945
2818	2923
2819	2941
2829	2884
2831	2847
2834	2981
2838	2926
2839	2958
2847	2919
2854	2918
2862	2967
2866	2983
2873	2874
2887	2999
2903	2961
2908	2969
2912	2987
2991	2993
