1	2
1	4
1	16
1	19
1	20
1	23
1	26
1	31
1	43
1	93
1	807
1	2888
1	3169
2	3
2	23
2	65
2	172
2	190
2	340
2	479
2	484
3	5
3	63
3	66
3	90
3	97
3	191
3	464
3	531
3	935
3	987
3	1130
3	1417
3	2939
3	3229
3	3401
4	6
4	9
4	10
4	27
4	35
4	46
4	50
4	71
4	132
4	141
4	352
4	494
4	941
4	1182
4	2156
5	12
5	59
5	510
5	701
5	2634
5	3406
6	7
6	9
6	633
6	800
7	8
7	12
7	17
7	70
7	84
7	201
7	2138
8	11
8	13
8	14
8	39
8	53
8	80
8	101
8	135
8	249
9	20
9	23
9	27
9	29
9	41
9	42
9	64
9	65
9	243
9	257
9	548
10	15
10	17
10	90
10	276
10	567
10	1731
11	18
11	61
11	75
11	153
11	290
11	636
11	686
11	1091
11	2739
11	2908
12	21
12	28
12	79
12	278
12	657
12	2303
12	2962
12	3054
13	22
13	95
13	1497
14	36
14	274
14	833
14	1277
14	1766
15	30
15	186
15	821
15	1242
15	2274
15	2337
16	227
16	549
17	25
17	33
17	36
17	82
17	211
17	310
17	578
17	627
17	772
17	790
17	3271
18	81
18	98
18	210
18	304
18	957
19	34
19	100
19	425
19	750
19	824
19	1060
19	2111
20	52
20	339
20	401
20	620
20	1066
20	1107
20	1479
20	2035
20	2185
21	23
21	24
21	45
21	47
21	62
21	70
21	218
21	1947
22	37
22	44
22	55
22	124
22	189
22	232
22	385
22	697
22	1118
23	27
23	29
23	106
23	143
23	164
23	182
23	195
23	306
23	455
23	465
23	496
23	857
23	1406
23	2258
24	150
25	126
25	1229
25	1244
26	77
26	469
26	1153
27	32
27	38
27	49
27	121
27	555
27	661
27	829
27	1857
28	1110
29	54
29	99
29	107
29	164
29	169
29	365
29	481
29	792
29	1939
29	2291
29	2993
30	40
30	140
30	390
30	662
30	962
30	1366
30	2226
30	2720
30	2850
31	149
31	486
32	331
32	637
32	1057
32	1425
32	1464
33	145
33	229
33	532
33	760
33	1974
34	51
34	134
34	136
34	226
34	650
34	1268
34	1928
35	100
35	291
35	340
35	602
35	1033
35	2832
36	85
36	89
36	114
36	154
36	271
36	285
36	299
36	511
36	1086
36	1680
36	2250
37	55
37	316
37	438
37	447
37	580
38	58
38	87
38	172
38	237
38	245
38	3147
39	155
39	860
39	2475
39	3456
40	714
40	1872
41	48
41	86
41	344
41	812
41	916
42	227
43	79
43	772
44	440
44	2044
44	2045
45	983
45	2426
46	76
46	78
46	160
46	375
46	2684
47	57
47	147
47	253
47	636
48	287
48	2120
48	3280
49	106
49	501
49	2085
50	60
50	89
50	128
50	137
50	491
50	2269
50	2351
51	73
51	105
51	119
51	125
51	133
51	1224
52	142
52	244
52	1213
52	1719
52	1828
53	67
53	83
53	141
53	261
53	263
53	738
54	56
54	238
54	262
54	1005
54	1635
55	68
55	146
55	363
55	1193
55	1326
56	194
56	217
56	313
56	1406
56	1622
56	3408
57	74
57	277
57	1144
57	1161
57	1678
57	2049
57	2132
58	492
59	102
59	148
60	108
60	110
60	149
61	76
61	234
61	294
61	323
61	332
61	1125
62	152
62	911
63	174
63	235
63	370
63	1584
63	1646
64	69
64	88
64	316
64	2674
65	71
65	177
65	243
65	343
65	392
65	424
65	462
65	521
65	779
65	1013
65	1157
65	1903
65	2064
66	1032
66	1259
66	3129
67	414
67	475
68	111
68	161
68	179
68	1363
68	1995
68	2430
68	3112
69	368
69	554
69	607
69	796
69	824
69	3090
70	72
70	74
70	93
70	128
70	210
70	340
70	345
70	631
71	91
71	122
71	360
71	406
71	424
71	1609
71	2163
71	2947
72	150
72	185
72	284
72	297
72	1233
72	2127
73	1694
73	2332
74	93
74	110
74	114
74	127
74	291
74	366
74	515
74	2529
75	175
75	214
75	271
75	1704
76	128
76	139
76	165
76	174
76	455
76	1220
76	1280
76	1405
77	784
77	2395
77	2633
78	459
78	816
78	3147
79	134
79	256
79	437
79	1089
79	2292
79	2571
79	3100
80	326
81	92
81	94
81	116
81	153
81	207
81	336
81	603
82	103
83	243
83	951
83	1149
84	118
84	131
84	187
84	2297
85	109
85	150
85	168
85	283
86	96
86	332
86	1367
86	1889
86	3087
87	104
87	111
87	241
88	115
88	181
88	527
88	1293
88	2297
88	2717
89	157
89	226
89	354
89	464
89	691
89	1497
90	437
91	108
91	112
91	123
91	144
91	159
91	222
91	251
91	273
91	937
91	1933
91	3237
92	172
92	351
92	509
92	3026
93	120
93	206
93	406
93	429
93	439
93	634
93	837
93	1713
94	200
94	230
94	544
94	596
94	1728
95	199
95	488
95	802
95	1089
95	2300
96	1441
96	1712
96	2535
97	163
97	614
97	677
97	724
97	725
97	1202
98	869
98	1214
99	457
99	1078
99	1586
99	2123
99	2235
100	120
100	158
100	852
100	976
100	2085
101	238
101	293
101	367
101	1628
102	122
102	225
102	654
102	1222
103	113
103	197
103	252
103	446
104	175
104	445
104	693
105	130
105	3163
106	166
106	202
106	264
106	267
106	268
106	297
106	1154
106	2628
107	242
107	259
107	389
108	117
108	343
108	1895
108	2490
109	158
109	610
109	1330
109	1735
109	1988
109	2579
110	121
110	145
110	198
110	246
110	302
110	312
110	379
110	454
110	553
110	1003
110	1624
110	2145
110	2924
111	129
111	350
111	358
111	376
111	1745
111	2516
112	1994
113	570
113	2698
113	3150
114	248
114	916
114	1331
114	1664
114	1910
115	162
115	621
115	626
115	785
115	1975
115	3259
116	320
116	1215
116	2148
117	880
117	1107
118	269
118	377
118	1160
118	1389
118	1433
118	2467
119	152
119	356
119	514
119	777
119	875
119	3444
120	143
120	801
120	1432
121	167
121	213
121	252
121	319
121	342
121	352
121	499
121	508
121	2152
121	2276
122	541
122	787
122	851
123	192
123	586
123	721
123	1528
124	301
124	2906
125	171
125	240
125	256
126	879
126	1011
126	1545
126	2260
127	138
127	670
127	1201
127	2014
127	2609
128	404
128	519
128	706
128	1055
129	156
129	272
129	318
129	358
129	1810
130	278
130	948
131	180
131	397
131	420
131	1814
132	213
132	380
132	441
132	484
132	2771
133	151
133	359
133	708
133	1234
134	1094
134	1378
134	1921
135	208
135	243
135	1307
135	3242
136	202
136	247
136	1214
136	1467
136	2093
136	2466
137	173
137	176
137	635
137	1061
138	1627
139	170
139	198
139	280
139	354
140	188
140	201
140	239
140	1748
141	212
141	303
141	420
141	422
141	629
142	382
142	408
142	525
142	609
143	181
143	209
143	215
143	449
143	470
143	1639
144	341
144	420
144	588
145	178
145	203
145	243
145	284
145	333
145	540
145	1882
145	3175
146	465
147	156
147	231
147	255
147	270
147	563
147	1807
147	2377
147	2804
147	3040
148	473
149	208
149	1219
149	1567
149	3242
150	202
150	362
150	727
150	901
150	1163
150	1482
150	2632
151	1385
151	2800
152	542
152	1250
152	2807
153	471
153	629
153	657
153	1771
154	196
154	349
154	518
154	662
154	1281
155	1479
156	228
156	292
156	590
156	629
156	774
156	978
156	1515
157	185
157	348
157	2302
158	204
158	324
158	346
158	472
158	618
158	1097
158	1463
158	1557
158	1869
158	2774
159	1567
159	2319
160	558
160	622
160	2676
161	497
161	895
162	356
162	426
162	830
162	1110
162	1192
163	613
163	1238
163	1296
164	175
164	413
164	931
164	1186
164	1889
164	2076
164	2727
164	3128
165	183
165	1039
165	2603
166	391
166	2541
167	278
167	360
167	382
167	493
167	1333
167	1966
167	2224
168	273
168	1225
168	1460
168	3205
169	515
169	1080
169	2352
170	1100
171	808
172	275
172	973
172	1181
172	1764
173	335
173	598
173	641
173	665
173	1256
174	411
174	715
174	1089
174	1439
175	267
175	279
175	281
175	282
175	407
175	492
175	625
175	834
175	1058
175	1204
175	1572
175	2381
176	432
176	2655
177	205
177	221
177	355
177	435
177	531
177	591
177	1028
177	1606
177	2619
177	2803
178	184
178	451
178	474
178	574
178	1116
178	1228
179	333
179	552
179	618
179	1053
179	1264
179	1275
180	236
180	2558
180	2690
181	220
181	228
181	233
181	246
181	398
181	418
181	779
181	2114
181	2780
182	1656
182	2230
182	3319
183	2560
184	330
184	487
184	795
185	391
185	502
186	611
186	858
186	944
186	1273
187	400
187	498
187	1575
187	2004
187	3123
188	3110
188	3124
189	366
189	1968
189	2286
190	193
190	362
190	444
190	676
190	1010
190	1059
190	1832
190	2598
191	389
191	967
191	1954
191	2291
192	1016
192	1399
193	216
193	497
193	975
194	286
194	1049
194	2871
195	399
195	420
195	1436
195	1459
195	3213
196	224
196	567
196	1353
196	2520
197	208
197	469
197	836
198	206
198	781
198	1197
198	1509
198	2441
198	2500
198	2673
199	252
199	372
199	450
199	631
199	1168
199	1717
199	1737
200	1226
200	1549
201	236
201	258
201	300
201	309
201	315
201	326
201	548
201	666
201	731
201	762
201	1121
201	1428
201	1974
201	3446
202	250
202	479
202	517
202	663
202	705
202	1051
202	1110
202	1916
202	2237
202	2261
202	2558
202	2929
203	308
203	321
203	378
204	265
204	288
204	1142
205	2240
205	2803
205	2999
206	580
206	719
206	1009
207	710
207	969
207	972
207	1893
207	2007
207	2739
208	1357
209	512
209	675
209	1394
210	219
210	2163
211	231
211	325
211	549
211	574
211	660
211	2218
211	2748
212	745
212	2677
213	223
213	816
213	1109
213	1866
213	2301
213	2463
214	839
215	327
215	631
215	903
215	1056
216	266
216	408
216	559
216	1952
216	2776
216	2814
216	3173
217	482
217	2516
218	921
218	1398
218	1710
218	3084
219	597
219	1019
219	1032
220	1231
220	1808
221	960
221	1189
221	2685
222	900
222	1326
222	2386
223	1218
224	556
224	1556
225	322
225	483
225	690
225	1906
226	369
226	384
226	568
227	2027
227	2481
229	3366
230	599
231	338
231	479
231	616
231	2527
233	409
233	1065
233	1842
235	454
235	575
235	823
235	1956
235	2921
236	2273
236	2877
236	3268
236	3353
237	388
237	576
237	683
237	1012
237	1165
237	2532
238	245
238	2534
239	1595
240	1367
240	1718
240	1824
240	3111
241	336
241	600
241	811
241	2392
241	2907
241	3180
242	377
242	415
242	1276
242	1373
242	1899
242	2639
242	2848
243	329
243	440
243	503
243	661
243	1512
243	1615
243	1624
243	1761
243	1762
243	2864
244	667
244	673
245	254
245	703
245	1246
246	1770
246	1858
246	2711
247	394
247	702
247	788
247	864
247	2239
248	423
248	623
248	723
248	1788
248	2511
248	2900
249	1348
249	2621
249	2630
249	3315
250	257
250	260
250	495
250	550
250	751
250	2227
251	400
251	2667
252	448
252	2352
252	2451
253	326
253	2858
254	1336
255	357
255	877
255	1986
256	312
256	314
257	307
257	328
257	778
257	822
257	1456
257	2217
257	3330
258	399
260	425
260	593
260	909
260	1765
261	641
261	743
262	295
263	279
263	317
263	373
264	732
265	419
265	579
265	844
265	913
266	2042
267	377
267	612
267	1127
267	1672
267	1732
268	782
268	1159
268	1826
269	1285
270	873
270	1051
270	1164
270	2213
270	3407
271	296
271	711
271	1700
272	2003
272	2966
272	3132
273	1024
273	1281
273	2313
273	2835
274	469
274	577
274	626
274	627
274	932
274	3024
275	347
275	676
275	1239
275	1387
276	436
276	2806
277	533
277	934
277	1093
277	1981
278	298
278	640
278	1064
278	2746
278	2995
279	354
279	449
279	859
279	1520
279	2650
279	3168
279	3170
281	477
281	739
281	841
281	1313
281	1508
281	2597
282	649
282	1157
283	1794
284	305
284	489
284	1950
284	2314
284	2400
284	2408
286	337
286	356
286	3356
287	289
287	407
287	3084
287	3092
288	562
288	1099
289	341
289	659
289	701
289	1187
289	2833
289	3385
290	311
290	353
290	1184
290	3049
291	360
291	395
291	1099
292	442
292	469
292	1008
292	1964
293	381
293	469
293	865
293	1187
293	1578
293	1752
294	2447
295	517
295	2086
296	499
296	856
296	1143
296	1469
296	1802
296	2377
297	471
297	587
297	741
297	2671
298	371
298	1381
298	1440
299	1062
299	1162
300	820
300	2561
301	421
301	699
301	775
301	1407
302	3266
303	315
303	706
303	1261
303	2196
303	3380
304	1018
304	2431
304	2996
304	3341
305	334
305	707
305	1437
306	1099
307	2662
307	3134
308	1779
308	2650
309	427
309	522
310	2029
310	2559
310	2778
311	450
311	1611
312	580
312	810
312	1187
313	924
313	978
313	1287
314	595
314	696
314	1465
314	3423
315	362
315	374
315	449
316	428
316	1327
317	543
317	974
317	996
317	1183
317	2141
318	758
318	1782
319	2461
320	927
320	1249
320	1413
320	2109
321	481
321	669
321	2306
321	3410
322	361
322	452
322	3063
323	711
323	890
323	1350
323	2080
324	354
324	1419
324	1926
324	2228
324	3118
325	402
325	847
325	933
325	1075
326	340
326	427
326	1076
326	1392
326	1486
326	1754
327	364
327	460
327	581
327	711
327	748
327	805
327	813
328	509
328	768
328	789
328	1185
329	467
329	592
329	2110
329	2370
330	542
330	1325
330	1634
331	786
331	1380
331	1601
331	1785
331	2652
332	669
332	2115
333	698
333	1932
333	3209
334	720
334	1265
334	1303
335	372
335	2181
335	2372
336	866
336	1211
338	718
338	994
339	812
339	1352
339	2819
340	424
340	463
340	507
340	662
340	953
340	1565
340	1864
340	1964
340	2070
341	384
342	874
342	1075
343	521
343	791
344	352
344	412
344	484
344	513
344	2904
345	386
345	701
345	952
346	416
347	374
347	462
347	516
348	463
348	1119
348	2635
349	1637
349	3282
350	407
351	955
352	404
352	478
352	638
352	1152
352	1203
352	1755
352	1920
352	2359
353	387
353	547
354	395
354	530
354	1789
354	2011
355	560
355	1209
355	1892
356	410
356	639
357	375
357	728
357	908
357	1682
357	1910
358	783
358	891
358	985
358	3004
359	417
359	742
359	925
359	1693
359	1873
359	2307
360	458
360	504
360	556
360	654
360	850
361	1186
362	536
362	1368
362	1926
362	2221
363	535
363	1255
364	396
364	1472
364	1690
365	566
366	383
366	755
366	780
366	2619
366	3217
366	3413
367	431
367	959
367	2002
368	963
369	584
369	1312
370	601
370	685
370	1251
370	1971
371	572
371	1480
371	1958
372	443
372	1368
373	583
373	773
373	1671
374	496
374	562
374	1337
374	2585
374	3062
375	641
375	688
375	1604
375	3459
376	757
376	1853
376	2375
377	520
377	580
377	840
377	1242
377	1407
377	1706
377	2439
379	405
379	499
379	567
380	1133
380	1816
381	735
381	1302
381	1421
382	393
382	506
382	837
382	903
383	548
383	803
383	1808
383	3308
384	736
384	1107
384	2365
385	468
385	619
385	687
385	981
385	1658
385	2661
386	770
386	1992
386	3151
387	456
388	706
388	799
388	849
388	2955
389	434
389	1238
389	1427
390	868
390	3149
391	564
391	1836
392	1497
393	1580
393	1757
394	430
394	682
394	1106
395	403
395	1746
396	1154
396	1224
396	2613
397	561
397	1212
397	1263
397	3024
398	1042
399	422
399	512
399	1048
399	1202
399	2410
399	2564
399	3009
399	3463
400	1204
400	2172
401	445
401	461
401	679
401	806
401	1353
401	1562
401	1708
402	470
402	684
402	1102
405	3436
406	1471
406	1516
406	2508
406	2531
406	2615
406	2694
407	408
407	516
407	523
407	1849
407	2842
407	3171
407	3386
408	443
408	473
408	565
408	1513
409	1036
410	3195
411	1088
411	1207
411	2565
411	3388
412	1087
413	594
413	1558
414	1017
415	896
415	1258
415	1299
415	2870
416	453
416	2386
418	1284
418	1633
419	735
419	1015
419	2628
420	2748
420	3279
421	826
421	986
421	2004
422	433
422	592
422	1002
422	1444
422	1448
422	3395
423	467
423	646
423	827
423	1370
424	551
424	631
424	1262
424	3252
425	485
425	1325
425	1511
425	3307
426	729
426	1216
426	2791
426	2891
427	638
427	1613
427	1713
427	3312
428	642
428	765
428	1418
428	2548
429	1730
429	2305
429	2631
429	2928
430	1054
430	2697
431	534
432	589
432	990
432	2334
432	2354
433	1647
433	2178
434	1701
434	3293
435	2736
436	557
436	585
436	811
436	2225
437	938
437	1322
438	466
438	664
438	964
438	1410
438	3121
439	2649
439	3104
440	943
440	2581
441	505
442	2041
443	859
443	2498
444	780
444	1022
444	1446
444	2290
445	529
445	1069
445	1532
446	551
446	1323
446	3079
447	606
448	480
448	1569
448	2176
448	2342
449	692
449	812
449	818
449	979
449	989
449	1196
449	1331
450	497
450	571
450	615
450	1519
450	2350
451	984
451	1025
452	740
452	1487
452	2250
452	2371
453	842
453	1493
453	2777
453	3467
454	507
454	901
454	2624
455	588
455	737
455	1361
455	2490
456	500
456	624
456	1528
456	2606
457	601
457	1281
457	1460
457	2489
458	1799
458	2046
459	997
459	3055
460	861
460	2168
460	2582
461	546
461	1072
462	605
462	723
462	1490
462	1725
462	1979
462	2543
462	2645
463	537
463	767
463	791
464	476
464	607
464	643
464	993
464	1654
464	2026
465	1679
465	2249
466	956
466	1027
466	1205
466	1384
466	2346
467	1919
468	1052
468	2657
469	509
469	674
469	1070
469	1874
470	565
470	2976
471	528
471	668
471	1314
471	2287
471	2930
472	3057
473	1227
474	605
474	626
474	771
474	1502
475	740
476	726
476	2267
477	548
477	663
477	753
477	1559
478	1167
479	582
479	1628
479	2108
479	2163
480	1340
480	2136
480	2306
481	2295
481	2996
482	1162
482	1257
483	490
483	756
483	886
484	709
484	1894
484	2394
484	3414
485	712
485	1372
485	1837
486	1310
487	1888
488	761
488	988
488	1922
488	2139
489	766
489	1740
489	2405
490	1461
490	3279
491	524
491	650
491	1145
491	1414
492	2823
492	3289
492	3320
493	2911
494	1598
494	1918
494	2691
495	569
495	763
495	1733
496	706
496	822
496	930
496	1107
497	942
497	1294
497	1359
497	1978
497	2373
497	2664
498	538
498	694
498	3181
499	858
499	1311
499	1364
499	1450
499	1856
500	853
501	971
501	1320
503	526
503	764
503	3362
505	656
505	1082
506	647
506	717
506	3493
507	664
507	939
507	1570
507	1738
507	2397
507	2556
507	2979
507	3048
508	1383
508	2935
509	528
509	604
509	638
509	1035
509	1528
509	2216
509	2336
509	3044
510	630
510	1098
510	1465
511	545
511	787
512	1155
512	1524
513	1669
513	1774
514	578
514	940
514	1141
515	1715
515	1822
516	539
516	845
516	870
516	925
516	1344
517	878
517	1169
517	1547
517	3140
517	3374
518	555
518	672
518	759
518	978
518	1061
518	3201
519	1306
520	882
520	945
520	1092
520	1517
521	843
521	1184
521	1452
521	1472
521	2896
522	1411
524	618
524	3085
525	706
525	2583
526	2712
527	2347
527	3465
528	565
528	573
528	857
528	1187
528	1876
528	3140
529	979
530	848
530	1101
530	1136
530	1221
530	3073
531	794
531	2236
531	2991
532	617
532	658
533	628
533	2210
534	3266
536	1426
537	626
537	1814
537	2326
538	968
538	1034
538	3320
538	3344
539	795
539	948
540	1063
541	825
542	723
542	892
542	1043
542	1333
542	1498
542	2339
545	2326
546	835
546	1365
548	981
548	1761
548	2459
548	2726
549	1392
550	1535
550	2360
551	725
551	1388
551	2406
552	3218
553	1529
553	1590
554	2121
555	681
555	920
555	1140
555	1512
555	1857
556	883
556	950
556	3213
557	671
557	2264
558	697
558	1476
558	1592
558	1774
558	1797
558	1843
559	655
559	897
559	1377
559	3387
560	2473
561	733
561	1271
561	2476
562	632
562	1129
562	1315
562	1606
563	1175
564	1088
564	2627
565	642
565	678
565	1577
565	2172
565	2970
567	631
567	744
567	1428
567	2013
567	3039
568	752
568	1101
568	3399
569	1139
569	1394
569	2403
570	715
570	1079
572	1723
572	2562
573	617
573	1543
573	2708
574	1249
574	1331
574	1355
574	1404
574	1558
574	2105
574	2441
574	3445
575	932
575	1083
575	1297
576	1341
577	2306
578	989
578	1365
578	2872
579	1662
579	2966
580	608
580	644
580	649
580	651
580	783
580	784
580	898
580	1978
580	2033
580	2042
580	2974
581	1357
581	1804
582	700
582	1113
583	1014
584	636
584	645
584	747
585	2072
586	2852
586	2893
588	855
588	1648
589	817
589	1132
589	1359
589	1917
589	3401
589	3429
590	1310
590	1884
590	1938
590	2061
591	887
592	798
593	2012
593	3383
594	1636
594	2192
595	1247
595	1282
596	1117
598	1040
598	1134
598	1641
598	2730
599	1147
599	2377
601	1111
601	1394
601	1546
602	867
602	2031
603	680
603	1699
604	2511
604	3115
605	1880
606	992
606	1395
607	629
607	769
607	2394
608	1269
608	2656
608	3467
610	1301
610	1347
610	1709
610	2071
612	1481
613	652
613	695
613	1259
613	1499
614	669
614	1686
614	1759
614	2201
614	2321
615	1339
615	1972
616	648
616	1205
617	797
617	1126
617	1312
617	1736
618	907
618	1288
618	2208
619	722
619	984
619	1313
619	1689
619	2440
619	3047
620	905
621	1081
622	863
624	634
624	1073
624	1195
625	2207
625	3409
626	631
626	816
626	889
626	1074
626	1084
626	1110
626	1114
626	1382
626	1997
626	2231
626	2881
626	3036
626	3228
626	3412
629	720
629	894
629	944
629	1158
629	1409
629	1422
629	2965
630	776
630	1020
630	1272
630	2053
631	781
631	868
631	907
631	914
631	920
631	1005
631	1124
631	1310
631	1841
631	2170
631	2941
632	649
633	1753
633	1760
633	1817
634	772
634	936
634	1120
634	1283
634	1366
634	1667
634	2120
636	970
636	1007
636	1581
636	2669
636	2931
637	1773
637	2100
637	2381
638	652
638	722
638	1491
638	1810
638	2096
638	3403
639	753
640	931
640	1506
640	1620
640	1886
640	1981
641	979
641	1021
641	1603
641	2643
642	2575
642	2880
643	893
643	1234
644	819
644	901
644	1820
645	653
645	1475
645	1908
645	2994
646	1692
646	1926
647	1515
647	1825
647	2766
647	3227
648	2130
648	2761
649	1584
649	2037
649	2675
649	3043
649	3482
650	1311
650	1889
650	2467
650	2706
650	2982
652	1014
652	1049
652	2482
652	2682
652	2716
653	930
653	1417
653	3142
654	2115
654	2718
655	1552
656	713
656	740
656	2185
657	1332
657	1573
657	2057
658	966
658	1623
659	2623
660	676
660	704
660	1305
660	2150
661	751
662	689
662	918
662	1295
662	1570
662	2428
662	2727
663	3234
664	1313
665	1345
666	850
666	3152
667	1306
669	1509
669	1626
669	1828
670	3373
671	1912
672	922
672	958
674	828
674	1621
674	2204
675	1061
675	1644
675	1721
676	716
676	1184
676	1844
676	2282
677	1098
677	1176
677	2094
678	1505
678	1882
678	1983
678	2245
679	1260
679	2722
680	754
680	912
680	3333
681	734
681	3258
682	862
683	1103
683	1675
683	2155
683	3064
684	793
685	1470
687	1775
687	2028
688	748
688	944
688	1212
689	965
689	2692
690	730
690	832
690	2075
690	3016
691	1245
693	1190
693	1254
693	1498
693	2001
693	2062
694	1104
696	749
696	1071
697	804
697	1108
697	1369
697	1491
698	1156
698	1286
698	1442
698	2637
698	3345
699	746
699	2036
700	1172
701	831
701	1068
701	2855
703	829
704	3290
705	1438
705	2019
705	3351
706	876
706	946
706	1031
706	1435
706	1523
706	1994
706	2948
708	1096
708	1166
708	1400
708	1732
708	2592
709	1098
709	1564
709	1573
710	1085
710	2505
711	1152
711	1281
711	1645
712	1680
712	2437
713	949
713	1584
713	2530
715	815
715	982
715	1206
715	1310
715	2617
715	3307
716	829
716	1907
717	874
718	796
718	2044
719	2818
720	1188
720	1855
720	2107
720	2849
722	1235
723	814
723	2065
723	2620
725	1093
725	1953
725	2090
725	2941
726	1057
726	2081
727	1990
727	2626
728	915
728	1524
728	2160
728	2826
729	818
729	838
729	1098
729	2130
730	1115
732	2828
733	937
733	1023
733	1186
733	2699
734	872
735	954
735	1125
736	1045
738	816
738	1354
738	1976
739	999
739	1004
739	2625
740	1592
740	1636
741	884
741	3250
742	799
742	1270
744	2614
744	2789
745	2307
749	1519
750	1449
750	2771
751	902
751	1498
751	2037
752	1544
752	1819
752	2344
753	1524
753	2020
753	2204
754	2384
755	881
755	1105
755	2747
757	2229
758	1270
758	1550
758	3263
759	1191
760	1533
761	2513
762	1906
763	1607
763	3354
764	1289
765	2422
765	2505
766	992
766	2211
767	824
767	2490
767	2883
768	1171
769	928
769	1109
770	2288
772	848
772	1707
772	2557
773	1352
775	1066
775	1159
775	2901
776	2792
777	1220
777	2757
779	948
779	1564
779	2561
780	2504
781	980
781	1201
782	1942
783	846
783	1074
783	2616
783	2913
784	824
784	1360
784	1951
784	2636
785	888
785	985
785	1300
788	1860
789	1446
789	2450
789	3204
790	906
790	1047
790	2208
791	1180
791	2993
792	923
792	1402
792	1684
793	910
793	992
793	2188
794	1525
794	1931
795	940
795	1937
795	2571
795	3321
796	850
796	1569
796	2056
797	899
797	1982
797	2154
797	2574
797	2863
797	3045
798	3108
799	809
799	904
799	1046
799	1618
800	1554
801	878
801	1349
803	1584
803	2773
803	3071
804	1924
806	1200
807	878
807	1477
808	2125
808	2683
809	851
809	1592
809	2660
810	2262
810	3059
811	2512
812	1157
812	1800
812	3345
813	2199
814	1092
814	1241
814	1688
815	2825
815	2849
816	1001
816	1291
816	1900
816	2482
816	3102
817	1278
817	2187
817	2646
818	1373
818	3355
819	1246
819	2311
819	2857
820	1329
822	1803
822	2171
823	1018
823	3008
824	1357
824	1478
824	1915
824	2142
824	2758
824	2835
824	3215
825	1969
825	2032
826	919
829	1252
829	1396
829	1663
829	1749
829	2503
830	2146
830	2355
831	998
831	2729
832	1026
832	2486
833	2997
834	906
834	985
834	1172
836	3071
836	3099
837	1021
837	1237
837	1655
838	2165
839	2122
840	885
840	1575
840	3495
841	1009
841	2417
841	2944
842	1548
842	1791
843	1131
843	1150
843	1442
843	1909
845	1043
845	1171
846	1159
846	2953
847	1902
847	2785
848	855
848	1970
849	1006
849	1619
849	1687
849	3297
850	929
850	1006
850	2576
851	1795
852	1029
852	3454
853	854
854	871
854	1146
854	1232
854	2555
855	2402
855	2529
855	2566
856	2601
856	2942
856	3455
857	1186
857	1587
858	1418
858	1483
858	3309
859	2310
860	1798
860	2209
861	1183
861	2316
862	1362
862	3307
863	1776
863	2759
863	2988
864	2452
865	1705
866	1616
866	2920
867	2538
868	900
868	1409
868	1518
868	1951
868	2889
869	1260
869	1366
869	3033
870	1171
870	2444
871	1720
871	1949
872	2923
873	2006
873	2480
873	2563
874	946
874	1044
874	1392
875	1320
875	1351
875	2330
875	2695
876	1401
876	1431
876	1722
876	2657
877	1170
877	2366
878	2110
878	2208
878	2328
878	2381
878	3302
879	1287
880	2232
881	1240
883	1126
883	1666
883	3316
884	2816
885	1858
886	1094
886	2514
886	2781
886	2981
887	1292
887	1462
888	2472
888	3360
889	2108
890	2897
890	3365
891	970
891	1090
891	2606
892	1489
892	2293
893	915
893	2606
894	1383
894	2665
895	3025
896	947
896	1210
896	1629
896	2835
897	1451
898	1521
898	3424
900	1693
900	2663
901	1020
901	1492
901	2212
901	2719
902	995
902	1123
902	1179
902	1833
903	1577
903	1792
904	1453
904	3149
905	917
905	1152
905	1683
906	1257
906	2595
907	1067
907	1179
907	1272
907	1335
908	991
908	1494
908	2112
908	2186
909	1742
909	2128
911	2287
911	2892
912	1900
913	1981
914	1751
914	2015
915	1099
916	3214
917	1083
917	2023
918	926
919	2129
919	2545
919	3417
920	1523
920	2022
920	2285
920	2441
921	1445
922	961
924	1674
925	1465
925	2912
926	1571
926	1795
926	1845
927	1274
927	1659
928	1727
928	2866
929	1227
929	2864
931	1092
931	1365
931	1412
931	2579
932	1077
932	1487
932	2272
933	2831
933	3018
934	3074
935	1198
935	2584
936	1434
937	1375
937	2359
938	3254
939	1448
939	1944
940	1137
941	1177
941	1338
941	1473
942	1984
943	1957
943	2707
943	3413
944	1193
944	1609
944	1613
945	1135
946	1037
946	1585
946	2166
947	1380
948	1445
948	1890
948	2322
948	2494
949	3010
951	1513
951	1547
952	1030
952	1640
953	1779
953	2599
954	1591
954	3349
955	1000
955	1038
955	2014
955	2989
956	1550
956	1615
957	2289
959	2144
960	1248
961	1492
962	1194
963	1998
963	3095
964	1242
964	1416
967	977
967	2218
968	1266
968	1879
968	2470
968	2666
969	2643
970	1967
970	3286
971	1068
971	1851
971	2838
972	1675
972	2223
972	2729
975	2612
975	3489
976	1646
976	2674
976	2798
978	1353
978	2096
978	2644
978	3085
979	2713
979	2820
980	1041
980	2222
981	1496
981	2589
981	2644
982	1112
982	1152
982	1283
982	3463
983	2255
983	3167
985	1589
985	1600
985	2098
985	2443
986	1531
986	1695
986	1812
987	1485
988	1138
988	2280
989	1570
989	2020
989	2517
989	3390
990	1122
992	3102
993	2233
995	1787
996	2106
997	1103
997	2393
997	2411
997	3046
998	1217
999	2563
1000	1230
1000	1468
1000	1514
1000	1588
1002	1242
1002	1600
1004	1184
1004	3402
1005	1318
1006	1846
1007	1010
1007	2701
1007	2814
1008	1123
1008	1309
1008	2547
1009	1187
1009	1269
1009	1465
1009	2763
1009	2867
1010	1358
1011	2969
1012	1872
1012	1927
1012	2670
1012	3278
1013	1208
1014	1891
1015	1376
1016	1522
1016	1685
1017	1535
1018	1460
1019	1095
1019	1741
1019	1854
1022	1058
1022	1510
1022	1617
1022	2151
1022	2579
1022	3164
1023	1050
1023	2348
1024	2126
1025	2350
1026	2188
1026	2533
1026	2916
1029	2568
1030	1296
1030	2242
1031	1081
1031	2537
1031	2551
1032	2919
1032	3327
1033	1501
1033	2215
1034	1335
1034	2338
1034	3191
1035	1097
1035	2352
1036	1941
1037	2151
1038	1374
1038	3232
1039	1082
1039	1386
1040	1217
1040	1415
1042	1379
1043	1294
1043	2396
1044	1148
1046	1561
1046	1691
1047	2978
1047	3043
1048	1617
1048	2179
1049	1810
1049	3076
1049	3324
1050	2561
1051	1551
1052	1500
1053	1756
1056	3246
1057	1129
1058	1393
1058	1443
1059	2728
1060	1560
1060	1930
1061	1317
1061	1457
1062	2472
1063	1784
1064	2172
1064	3206
1065	1128
1065	1290
1065	3414
1066	1747
1067	1157
1067	1934
1067	2576
1068	1371
1068	1961
1068	2319
1068	2361
1069	1722
1069	1905
1069	2089
1070	1342
1071	1639
1074	1243
1074	1636
1075	1473
1075	2133
1077	1779
1079	1424
1079	2091
1080	2190
1081	2368
1081	2591
1082	3256
1082	3285
1083	1563
1083	1786
1083	1813
1083	3098
1084	2275
1084	3310
1085	1127
1085	1754
1085	2465
1086	1534
1086	2195
1086	2278
1086	2619
1087	1870
1089	1304
1089	2756
1091	1203
1091	1328
1091	3488
1092	1594
1093	1267
1093	1630
1093	1878
1094	2426
1094	3109
1094	3186
1095	1451
1095	1697
1096	2943
1096	2985
1096	3434
1097	2272
1098	1321
1098	2258
1098	2412
1098	3377
1098	3433
1098	3457
1099	1178
1099	1319
1099	1859
1099	1932
1099	2034
1099	2264
1099	2715
1099	3435
1100	1487
1100	2843
1101	3235
1102	1429
1104	1605
1105	1173
1105	2392
1105	2501
1107	1172
1107	1667
1107	1695
1107	1846
1107	2640
1107	3259
1109	1234
1109	2249
1110	1361
1110	1701
1110	1797
1110	2708
1110	2811
1110	3367
1110	3436
1112	1151
1112	2323
1112	2382
1113	1253
1113	2470
1114	2460
1115	1649
1115	1726
1115	3117
1117	1127
1117	1665
1118	3335
1119	3003
1120	3106
1121	2304
1122	2971
1123	1488
1123	2809
1123	2884
1123	2974
1124	1428
1124	1913
1124	2419
1126	2799
1126	3419
1127	1223
1127	1353
1127	1596
1127	2733
1128	1250
1128	2972
1129	2431
1129	3259
1130	2631
1131	1390
1132	2389
1132	3275
1134	2427
1134	2600
1135	1214
1135	3208
1136	2142
1137	2998
1137	3088
1139	1625
1139	2474
1139	2953
1140	1668
1141	2055
1142	1496
1142	1848
1144	1574
1144	1724
1144	3462
1149	1202
1150	1439
1150	1816
1152	2610
1153	1657
1154	2022
1154	2614
1157	1199
1157	1865
1160	1174
1162	1203
1162	1502
1162	2161
1162	3045
1163	1755
1164	3006
1166	1539
1171	1536
1171	2618
1171	2841
1172	1175
1172	1690
1172	3160
1174	1838
1175	1216
1175	1830
1175	2909
1175	2914
1176	1908
1176	2546
1177	2325
1177	2933
1179	1391
1179	1463
1179	3426
1180	1909
1180	2143
1181	2147
1181	2325
1181	2757
1182	3220
1183	2958
1184	3048
1185	1420
1187	1212
1187	1267
1187	2319
1190	2425
1190	2734
1191	2560
1191	3427
1193	1526
1193	1576
1194	2115
1197	1236
1197	1925
1199	1642
1199	1739
1199	1911
1200	1780
1200	2077
1200	2078
1200	2101
1200	2508
1201	1714
1202	2059
1203	1243
1203	1450
1203	1639
1203	2329
1204	1454
1204	1635
1204	2314
1205	1610
1206	1455
1207	1301
1207	1863
1209	1340
1211	2477
1212	1599
1213	3028
1214	2383
1214	3087
1214	3458
1215	3062
1216	1829
1216	2140
1216	2295
1217	1884
1218	2263
1220	2567
1221	1274
1221	2009
1222	1597
1222	1815
1222	2212
1222	2682
1223	3275
1224	2268
1224	2846
1224	3178
1225	1346
1226	1541
1226	3296
1227	1725
1227	2590
1228	1308
1229	1423
1229	1553
1229	2404
1230	1681
1230	2987
1231	1279
1231	1403
1231	2059
1231	2479
1232	2167
1233	2184
1234	1343
1235	1924
1237	1298
1237	2659
1238	1425
1238	2318
1238	3128
1238	3418
1239	2574
1242	1587
1243	2499
1246	2693
1246	2779
1247	2068
1248	2311
1249	2203
1250	1262
1250	1324
1250	2356
1250	2457
1251	1770
1252	1608
1252	3420
1253	1613
1253	2965
1254	2905
1257	1306
1257	1865
1258	1841
1259	1402
1260	1311
1260	2477
1261	2299
1262	1316
1262	2060
1263	1729
1263	3224
1266	2482
1267	2485
1269	2008
1269	2639
1269	3021
1271	1474
1271	1683
1271	1935
1271	2880
1272	1551
1273	1659
1274	1517
1274	1566
1274	1634
1274	2850
1275	3227
1278	2111
1278	2413
1279	1462
1279	1790
1279	2853
1281	1289
1281	1996
1282	2399
1282	3260
1282	3470
1283	2429
1283	2622
1286	1334
1286	1574
1286	3314
1289	2816
1290	1771
1290	1793
1291	1447
1293	1583
1293	1867
1293	1948
1294	1334
1295	2333
1295	2357
1295	3292
1298	1652
1298	2087
1300	1413
1300	2483
1300	3437
1301	1923
1302	1473
1304	1631
1304	2963
1307	3051
1308	1394
1308	1744
1308	2000
1311	1952
1311	2120
1311	2380
1312	2252
1313	1495
1313	1542
1313	3103
1313	3219
1314	2005
1314	2351
1315	2052
1316	2021
1316	2592
1317	1643
1317	2741
1317	3261
1318	3159
1319	2315
1319	3015
1319	3050
1320	1480
1320	1987
1320	3013
1320	3070
1321	1750
1321	1774
1322	1470
1322	2535
1323	1356
1323	1503
1324	1493
1324	3135
1325	1397
1325	1663
1326	1776
1327	1991
1327	3017
1328	2438
1329	3357
1330	3011
1331	1706
1331	1888
1331	2610
1334	1896
1334	2172
1335	2249
1335	2382
1336	3500
1337	1676
1338	3154
1340	1795
1340	3438
1341	2074
1341	2309
1344	3174
1345	1347
1345	1834
1346	1632
1346	1914
1347	3422
1348	1478
1348	2145
1349	1973
1349	2750
1350	2202
1351	1478
1351	1555
1351	3363
1353	1445
1353	1811
1353	2349
1355	2324
1357	1484
1359	2169
1360	1408
1360	2432
1360	3450
1361	3359
1362	1734
1362	1868
1364	1906
1365	1667
1365	2117
1366	1538
1366	3280
1368	2536
1368	3161
1369	1871
1371	1579
1371	1637
1371	1835
1372	2605
1373	1667
1373	2932
1375	2159
1376	2954
1377	1496
1380	1922
1380	2744
1381	2437
1383	3347
1384	2189
1385	1738
1385	2491
1386	2024
1389	1458
1390	2753
1390	3066
1392	1504
1392	1576
1392	1738
1394	1507
1394	2234
1395	1960
1398	2829
1401	1553
1402	2818
1402	3097
1403	2513
1403	2704
1404	2279
1405	1466
1406	1830
1406	2266
1407	1612
1407	2525
1409	1583
1410	2157
1410	2168
1411	1844
1412	3294
1414	2103
1418	2166
1419	1680
1419	2017
1419	3210
1422	1430
1422	1593
1424	1472
1424	2263
1424	2544
1425	1509
1425	2909
1426	3207
1427	2755
1427	3425
1428	1778
1428	2079
1428	2883
1429	2317
1430	2066
1431	2579
1432	2648
1433	2954
1434	1778
1434	1813
1435	1437
1436	2037
1437	1582
1437	2448
1438	2131
1440	1768
1441	2582
1442	2961
1444	2937
1445	1527
1445	1743
1445	1747
1446	1887
1446	2268
1446	2971
1447	1615
1447	3172
1448	1661
1448	2090
1448	3124
1449	1840
1449	1936
1449	2416
1452	1890
1453	2244
1453	2611
1455	1608
1456	2571
1458	2493
1461	2569
1462	1893
1462	2270
1463	2400
1464	2104
1465	1678
1466	2132
1467	2934
1468	1703
1468	2556
1468	3389
1470	1653
1470	2111
1471	3479
1473	1530
1474	2959
1475	1638
1475	2025
1475	2679
1476	1794
1477	2662
1477	2668
1478	1840
1478	2237
1478	2283
1479	3225
1480	2321
1481	1617
1481	3223
1483	2297
1483	2367
1486	3420
1487	2521
1488	1953
1488	2885
1489	1540
1489	1806
1490	2069
1490	2229
1491	2022
1491	2549
1492	3491
1496	1538
1496	2378
1496	2460
1497	1769
1497	1796
1497	2149
1499	1875
1500	2180
1502	2370
1503	2547
1503	3068
1503	3384
1507	1713
1507	2797
1509	2200
1510	2927
1512	1565
1513	2601
1513	3082
1514	1850
1514	3484
1516	1660
1520	2387
1521	1602
1521	3477
1522	1581
1522	3034
1524	1962
1524	2352
1524	2557
1524	2602
1525	2925
1526	1943
1526	2343
1527	2278
1530	1537
1530	1818
1532	3144
1532	3236
1534	1650
1535	1575
1537	3248
1539	1840
1539	1945
1540	1568
1540	2298
1540	2313
1540	3193
1540	3267
1541	1756
1541	2966
1542	3303
1543	2398
1544	2153
1544	2407
1545	2767
1546	1934
1546	2808
1547	1993
1547	3408
1549	2099
1550	1673
1550	1763
1550	2030
1550	2488
1550	2784
1550	2970
1552	2149
1555	2198
1556	2205
1557	1745
1557	1898
1559	1781
1560	3499
1562	1702
1563	3064
1564	2216
1565	2163
1566	2092
1567	1683
1568	1716
1569	2737
1570	2024
1570	2407
1571	3097
1572	1929
1572	2448
1574	1991
1575	2054
1575	2269
1575	2602
1576	2364
1577	1761
1578	2085
1579	2522
1579	3116
1579	3239
1580	2083
1581	2696
1581	2812
1582	2593
1582	3089
1582	3127
1583	2759
1584	1653
1585	1677
1585	2257
1586	3238
1587	2756
1588	2097
1588	2682
1589	2204
1589	2899
1590	2601
1592	2751
1592	3120
1593	1614
1596	2700
1597	1754
1602	1679
1602	3336
1604	1698
1605	3109
1609	2725
1609	3413
1610	2894
1610	3349
1611	2102
1611	2970
1612	2840
1613	1667
1613	1767
1613	2145
1614	1670
1614	2970
1614	3031
1615	1860
1616	2204
1618	2794
1619	1772
1619	1861
1620	2882
1622	2483
1625	2709
1626	2043
1628	1760
1628	1952
1628	2312
1628	3222
1630	2475
1631	1885
1632	2050
1632	3379
1633	1751
1634	1646
1634	2277
1634	3157
1635	2247
1635	2731
1636	2290
1637	1725
1638	1821
1638	2507
1639	1651
1640	1862
1640	1904
1641	2194
1642	3259
1643	2063
1645	2435
1647	1774
1647	3212
1647	3411
1649	2845
1650	2058
1652	3274
1653	1663
1653	1980
1654	2787
1659	2984
1660	2341
1661	3105
1661	3186
1663	3496
1665	2420
1667	2251
1667	2445
1667	3107
1667	3247
1667	3463
1668	1886
1672	1746
1675	1711
1675	1839
1678	2433
1678	3226
1680	1771
1682	2456
1683	3058
1685	1696
1685	1828
1685	2993
1687	1783
1687	2037
1693	1801
1693	3415
1695	1826
1695	2478
1696	2681
1697	2296
1697	3097
1698	2051
1699	1731
1700	2135
1700	2253
1700	2965
1701	2088
1702	2659
1702	2807
1705	1777
1705	3032
1706	1738
1710	3190
1712	1758
1712	1901
1712	2358
1712	2938
1713	3339
1719	2926
1721	2771
1722	2862
1722	3376
1723	2073
1724	2274
1725	2996
1726	1794
1729	1855
1729	2510
1730	1881
1730	2865
1732	1922
1732	3041
1732	3050
1733	2715
1735	2061
1737	3472
1738	2565
1738	2945
1740	1847
1740	2265
1740	3202
1744	3102
1746	2892
1747	2714
1750	1831
1750	2204
1751	2483
1752	1923
1754	1805
1754	2654
1754	2688
1755	3245
1756	1913
1756	2527
1758	2010
1759	2423
1760	3443
1761	2614
1762	3210
1763	2844
1764	2379
1768	2040
1768	3395
1769	2752
1770	2779
1772	2193
1774	2137
1774	2702
1774	3009
1774	3052
1775	1955
1778	2152
1778	3429
1779	2813
1779	3061
1779	3111
1781	1823
1781	2903
1782	2124
1783	2095
1783	2158
1783	2836
1783	3378
1784	2181
1784	2335
1785	2629
1787	1788
1787	2558
1787	2975
1789	1977
1789	2747
1789	2990
1790	2191
1793	1809
1795	1877
1795	2149
1795	3109
1796	3439
1797	1813
1798	2162
1801	2911
1803	2409
1804	1896
1806	1830
1806	2721
1806	3027
1806	3352
1808	1979
1810	2856
1811	2826
1813	2515
1814	1827
1815	1989
1817	1959
1819	1852
1819	3119
1820	1965
1823	2173
1824	3166
1824	3244
1824	3324
1826	2631
1826	2689
1826	3221
1830	2191
1832	2552
1833	2039
1833	2742
1835	2374
1837	2320
1837	2913
1840	1897
1840	2206
1840	2555
1840	2974
1841	1999
1842	2798
1843	2018
1846	1961
1847	2391
1847	3280
1848	3182
1850	2810
1851	2340
1852	2294
1852	2458
1852	2460
1853	2449
1853	2801
1855	2902
1858	2769
1859	1940
1859	2619
1860	2434
1861	2986
1863	2446
1863	3051
1865	3067
1866	1883
1867	3000
1869	2588
1869	3316
1871	2758
1872	3130
1874	3139
1878	2353
1878	2478
1878	3192
1881	3126
1883	2182
1887	2401
1888	3249
1889	2884
1889	3483
1890	1955
1891	2113
1891	3143
1892	2780
1893	2243
1893	2278
1893	2571
1893	3264
1894	2390
1894	2498
1898	2028
1899	3145
1900	2283
1902	2047
1903	3038
1906	2017
1906	2345
1908	3027
1910	2748
1911	2084
1911	2464
1913	1985
1914	2578
1917	2560
1918	2874
1920	2453
1920	3120
1921	3120
1922	1946
1923	2584
1926	2347
1926	3039
1927	2519
1928	2580
1930	2038
1930	2726
1930	3037
1930	3232
1931	3114
1932	2557
1932	3044
1933	2594
1934	3468
1935	2221
1935	2369
1935	2775
1935	2956
1936	2573
1939	3338
1941	2368
1942	2130
1944	2011
1944	2210
1945	2557
1946	3067
1946	3373
1947	2284
1950	3428
1953	3127
1954	2658
1955	2469
1955	2642
1957	1963
1958	2264
1958	2965
1958	3253
1959	2263
1962	3487
1963	3445
1965	2116
1967	3456
1968	2238
1972	3012
1975	2790
1978	2059
1978	2169
1979	2586
1979	3323
1980	2248
1981	2177
1982	2254
1983	2278
1983	2283
1985	3469
1987	2016
1991	3215
1994	2152
1994	2370
1998	2254
2002	2128
2003	3370
2004	2118
2005	2067
2006	3026
2011	2164
2012	2048
2013	2426
2014	2081
2014	2686
2014	2830
2014	3277
2018	2027
2018	2327
2021	2082
2021	2777
2022	2246
2024	2214
2024	2526
2025	2362
2025	2658
2026	2331
2026	2894
2027	2254
2027	3042
2028	3065
2029	2576
2030	2460
2033	2627
2034	2256
2034	3375
2035	3276
2036	2992
2040	3309
2041	2678
2043	2462
2043	3137
2044	2414
2047	2308
2050	2183
2051	2437
2053	3243
2054	3322
2055	2481
2057	2492
2057	2509
2059	2839
2059	3396
2063	2263
2064	2087
2064	2534
2064	2614
2070	2418
2071	2793
2073	3086
2074	2425
2076	2606
2077	2345
2077	2879
2081	2828
2083	2365
2085	3261
2085	3319
2087	3430
2088	2681
2089	2197
2092	2174
2092	2647
2094	2412
2094	2484
2094	2713
2094	3122
2095	2119
2100	2795
2106	2415
2110	2134
2112	3369
2114	2175
2115	2739
2115	2818
2118	2528
2119	2241
2120	2145
2120	2243
2123	2363
2124	2745
2124	2922
2130	3358
2130	3436
2131	2542
2131	2982
2132	2529
2132	2604
2133	3012
2134	2556
2134	3405
2137	2220
2139	2703
2139	3077
2140	2796
2140	3133
2141	2672
2142	2815
2142	3421
2147	2470
2149	3338
2151	2619
2153	2918
2154	2895
2159	2233
2159	2878
2159	3281
2160	2696
2161	2518
2163	2873
2163	3491
2164	2550
2166	2602
2167	3426
2168	2219
2168	2534
2170	3481
2172	2497
2174	2720
2174	2783
2174	3361
2176	2768
2179	3491
2181	2269
2181	2928
2183	2204
2186	2841
2186	3179
2197	3391
2199	3196
2201	2496
2202	2653
2202	2754
2204	2286
2204	3295
2207	2281
2207	2554
2208	2504
2208	2674
2208	3128
2208	3312
2210	2724
2211	2743
2211	2816
2214	2576
2214	3053
2216	2482
2216	2766
2218	2627
2218	3473
2219	3096
2223	2760
2223	2802
2223	2887
2226	2623
2226	2724
2231	2931
2231	3065
2234	2421
2234	2817
2234	3386
2238	2886
2242	2271
2242	2526
2244	2319
2245	2468
2249	3040
2250	2259
2250	3078
2251	2849
2254	2260
2254	2269
2254	2380
2254	2790
2254	3240
2254	3393
2256	2738
2257	3141
2262	2394
2262	2454
2263	3284
2263	3303
2266	2471
2268	3283
2269	2502
2270	3188
2272	2747
2275	2376
2275	2715
2275	2845
2275	3076
2277	2424
2282	2960
2283	2455
2285	2335
2285	3251
2289	2805
2290	2638
2294	2587
2296	2491
2301	2827
2303	2822
2305	2602
2306	2419
2306	3184
2307	3463
2309	2706
2309	2966
2312	2772
2312	3382
2313	2437
2315	2690
2316	3494
2317	2328
2321	2501
2321	2950
2322	2936
2322	3020
2323	2572
2323	2664
2323	3331
2324	2769
2325	3091
2326	2787
2328	2869
2329	2871
2333	2523
2338	2735
2339	3165
2342	2388
2344	2387
2347	3056
2350	2409
2351	2436
2351	2779
2352	2397
2352	3444
2354	2557
2359	2680
2359	3005
2359	3171
2360	2607
2361	2442
2366	3476
2367	2385
2368	3471
2370	2691
2371	2541
2371	3272
2372	3425
2374	2871
2374	3151
2377	2946
2377	3442
2378	2651
2381	2553
2381	3138
2381	3252
2384	2861
2387	3311
2387	3416
2388	2837
2389	2786
2389	2951
2392	2499
2392	2749
2394	2910
2394	2915
2394	3381
2395	2540
2396	3323
2397	3048
2399	2506
2400	2641
2400	3385
2406	3493
2407	2524
2407	2716
2408	2495
2412	2549
2413	2539
2416	2980
2421	2570
2429	2898
2439	3257
2440	2629
2441	2448
2441	2606
2444	2824
2446	2732
2446	3300
2449	2679
2449	2731
2452	3200
2456	3318
2457	2487
2458	3273
2460	2705
2460	3230
2467	3170
2468	3138
2469	3189
2470	2809
2470	3083
2472	2525
2472	2964
2473	2860
2475	3309
2477	2599
2478	2968
2480	2657
2481	3125
2481	3177
2481	3383
2482	3340
2483	3101
2484	3019
2485	3023
2488	2868
2492	3287
2496	3216
2497	3001
2498	2724
2498	3376
2499	2609
2505	3346
2511	2687
2512	2821
2515	3478
2516	3258
2529	3385
2530	3069
2530	3298
2530	3474
2546	2977
2548	2908
2549	3012
2553	2815
2556	2680
2556	3004
2558	2823
2558	3203
2561	3247
2562	2764
2564	3404
2566	3211
2567	2770
2567	2875
2573	2577
2575	2597
2575	2608
2576	2720
2576	3081
2579	2788
2581	2763
2582	2921
2583	2847
2583	3386
2591	2596
2592	3187
2593	2766
2593	3325
2594	2853
2596	2859
2601	2834
2601	3040
2608	2922
2608	2952
2608	3131
2613	3060
2614	3497
2619	2842
2622	3432
2624	2911
2626	3444
2629	3408
2631	2782
2631	3200
2632	2710
2650	3372
2651	2957
2652	3266
2658	3392
2674	2949
2674	3231
2675	3408
2678	2740
2679	3219
2679	3262
2682	2789
2682	2854
2682	2956
2684	2762
2685	3448
2688	2890
2691	2940
2691	2950
2694	3301
2709	3194
2710	3088
2710	3287
2712	2765
2714	2995
2715	2876
2719	2983
2720	2723
2732	3265
2735	2911
2741	3173
2743	3303
2745	3468
2745	3475
2748	3180
2749	3185
2754	3397
2756	3087
2757	3007
2758	3299
2771	3305
2778	2917
2783	2973
2792	3326
2793	2851
2793	3400
2797	3270
2798	3061
2798	3241
2801	3097
2809	3155
2815	3024
2817	3035
2828	3176
2828	3229
2845	2967
2851	3162
2853	3225
2867	3387
2868	2993
2874	3376
2877	2993
2884	3164
2885	3376
2897	3027
2901	3055
2903	3248
2903	3332
2903	3485
2909	3406
2922	3329
2924	3269
2925	3183
2926	3198
2931	3288
2941	3014
2942	3156
2945	3350
2945	3414
2946	3072
2950	3002
2953	3228
2956	3024
2959	3030
2964	3427
2965	3080
2965	3146
2965	3197
2970	3172
2985	3029
2987	3022
2987	3441
2993	3449
2995	3460
3004	3287
3006	3295
3009	3480
3012	3453
3013	3234
3026	3233
3027	3103
3032	3094
3033	3440
3034	3075
3044	3307
3054	3306
3064	3247
3067	3113
3074	3093
3080	3136
3087	3148
3088	3408
3092	3337
3102	3348
3111	3287
3113	3398
3115	3464
3119	3258
3120	3153
3126	3386
3128	3346
3128	3394
3131	3143
3135	3490
3137	3266
3141	3158
3144	3342
3144	3431
3145	3199
3148	3279
3148	3432
3149	3345
3150	3304
3152	3402
3157	3203
3166	3492
3173	3255
3188	3291
3188	3349
3190	3226
3192	3307
3196	3288
3207	3443
3210	3452
3230	3317
3232	3371
3253	3461
3256	3313
3261	3426
3264	3334
3270	3364
3283	3466
3290	3498
3296	3328
3302	3451
3321	3403
3325	3346
3338	3343
3357	3368
3379	3393
3408	3447
3443	3486
