1	2
1	3
1	4
1	5
1	6
1	7
1	13
1	24
1	32
1	33
1	36
1	50
1	67
1	82
1	137
1	224
1	377
1	897
1	1502
1	1555
1	1601
1	2576
2	3
2	4
2	5
2	6
2	7
2	10
2	19
2	20
2	22
2	45
2	51
2	52
2	54
2	56
2	59
2	175
2	289
2	318
2	359
2	403
2	477
2	729
2	1646
2	1845
2	1891
2	2368
2	2670
3	4
3	5
3	6
3	7
3	8
3	9
3	10
3	14
3	17
3	18
3	20
3	31
3	36
3	37
3	98
3	105
3	113
3	163
3	311
3	312
3	326
3	331
3	415
3	571
3	2338
3	2676
4	5
4	6
4	7
4	8
4	13
4	16
4	28
4	30
4	40
4	49
4	319
4	454
4	487
4	997
4	1184
4	1328
4	1358
4	1630
4	1838
5	6
5	7
5	9
5	12
5	21
5	28
5	29
5	31
5	38
5	48
5	62
5	88
5	113
5	178
5	376
5	395
5	740
5	1054
5	1302
5	2278
5	2341
6	7
6	8
6	11
6	14
6	15
6	16
6	27
6	39
6	66
6	110
6	144
6	254
6	467
6	554
6	1063
6	1386
6	1668
6	2073
7	9
7	11
7	13
7	16
7	30
7	32
7	42
7	47
7	73
7	92
7	93
7	115
7	120
7	156
7	188
7	328
7	485
7	504
7	578
7	599
7	806
7	916
7	1230
7	1233
7	1594
7	2196
8	10
8	15
8	35
8	75
8	77
8	128
8	174
8	218
8	245
8	268
8	295
8	543
8	573
8	672
8	1015
8	1697
8	2195
8	2602
9	11
9	12
9	18
9	43
9	96
9	109
9	161
9	194
9	243
9	247
9	381
9	574
9	940
9	988
9	1470
9	1516
9	2639
10	14
10	18
10	29
10	45
10	93
10	160
10	327
10	525
10	720
10	963
10	1173
10	1370
10	1589
11	12
11	23
11	76
11	179
11	258
11	450
11	480
11	552
11	620
11	638
11	680
11	685
11	898
11	1401
11	1939
11	2037
11	2374
12	15
12	19
12	24
12	26
12	38
12	39
12	46
12	63
12	75
12	114
12	148
12	153
12	298
12	374
12	445
12	618
12	671
12	861
12	1472
12	1498
12	1627
12	1634
12	1849
12	2154
12	2246
13	20
13	21
13	23
13	49
13	90
13	94
13	95
13	141
13	982
13	1167
13	1420
13	1692
13	2388
13	2661
14	17
14	19
14	23
14	44
14	63
14	86
14	188
14	208
14	227
14	611
14	701
14	824
14	1151
14	1153
14	1178
14	1335
14	1787
14	1988
14	2034
14	2191
15	17
15	22
15	40
15	44
15	70
15	89
15	92
15	117
15	140
15	144
15	148
15	172
15	195
15	282
15	547
15	604
15	2357
15	2563
15	2615
15	2968
16	21
16	22
16	34
16	41
16	58
16	64
16	66
16	149
16	159
16	244
16	2219
17	24
17	28
17	108
17	150
17	365
17	637
17	1127
17	1210
17	1456
17	1594
17	1776
18	25
18	26
18	34
18	58
18	213
18	402
18	421
18	1250
18	1255
18	1798
18	2358
18	2746
18	2771
19	29
19	30
19	33
19	36
19	41
19	63
19	70
19	81
19	86
19	100
19	114
19	139
19	466
19	590
19	1240
19	1685
19	1725
19	2024
20	21
20	26
20	43
20	46
20	51
20	107
20	147
20	182
20	238
20	583
20	774
20	942
20	978
20	1883
20	2085
20	2386
21	27
21	34
21	52
21	54
21	68
21	106
21	391
21	584
21	778
21	2634
22	25
22	31
22	35
22	37
22	60
22	102
22	118
22	138
22	152
22	208
22	542
22	603
22	667
22	890
22	911
22	2071
22	2919
23	32
23	40
23	44
23	49
23	67
23	117
23	121
23	230
23	236
23	469
23	503
23	852
23	1458
23	1652
23	1746
23	2983
24	25
24	27
24	45
24	72
24	85
24	86
24	117
24	180
24	190
24	250
24	369
24	651
24	849
24	1510
25	37
25	50
25	51
25	66
25	69
25	348
25	417
25	616
25	690
25	795
25	851
25	1424
26	35
26	80
26	99
26	112
26	113
26	119
26	132
26	241
26	384
26	444
26	734
26	994
26	1223
26	1344
26	2522
27	52
27	54
27	59
27	79
27	179
27	199
27	355
27	1205
27	1221
27	1480
27	2170
27	2849
28	42
28	53
28	55
28	76
28	79
28	358
28	521
28	537
28	1077
28	1481
28	2120
29	33
29	43
29	65
29	71
29	88
29	132
29	224
29	271
29	272
29	296
29	616
29	816
29	888
29	1042
29	1862
29	2255
30	58
30	60
30	62
30	67
30	77
30	85
30	158
30	165
30	186
30	343
30	527
30	753
30	1481
30	1689
30	2234
31	38
31	48
31	97
31	119
31	211
31	302
31	434
31	485
31	817
31	1345
31	1582
31	2402
32	52
32	56
32	71
32	130
32	177
32	284
32	288
32	424
32	655
33	42
33	47
33	48
33	50
33	87
33	126
33	145
33	150
33	162
33	167
33	205
33	233
33	368
33	411
33	489
33	513
33	518
33	545
33	800
33	960
33	2021
33	2165
33	2366
34	53
34	157
34	162
34	189
34	301
34	425
34	1074
34	1662
34	1850
34	2567
34	2617
35	53
35	308
35	333
35	362
35	578
35	637
35	686
35	821
35	1084
35	1765
35	2489
35	2836
36	41
36	55
36	57
36	144
36	163
36	182
36	204
36	296
36	322
36	421
36	435
36	749
36	838
36	1696
36	1907
36	1970
36	2423
36	2604
37	39
37	62
37	74
37	82
37	90
37	91
37	225
37	228
37	267
37	396
37	765
37	808
37	1092
37	1262
37	1456
37	1560
37	2112
37	2120
37	2749
37	2913
38	58
38	69
38	78
38	90
38	104
38	116
38	134
38	324
38	419
38	443
38	618
38	679
38	855
38	1038
38	1045
38	1117
38	1290
38	2158
39	75
39	237
39	407
39	445
39	727
39	743
39	1129
39	1675
39	2010
39	2055
39	2243
39	2861
40	76
40	88
40	97
40	127
40	131
40	146
40	165
40	202
40	268
40	373
40	629
40	648
40	905
40	968
40	1095
40	1150
40	1236
40	1938
40	2296
40	2554
41	60
41	68
41	101
41	107
41	114
41	259
41	275
41	1168
41	1483
41	2108
41	2878
42	47
42	56
42	94
42	122
42	221
42	238
42	462
42	582
42	592
42	754
42	877
42	1337
42	1362
42	1489
42	2375
43	46
43	66
43	105
43	151
43	327
43	427
43	569
43	1789
43	1952
43	2896
44	74
44	176
44	279
44	393
44	528
44	591
44	1407
44	1497
44	2069
44	2141
45	61
45	84
45	217
45	249
45	646
45	1032
45	1235
45	2147
46	77
46	120
46	127
46	139
46	143
46	202
46	226
46	255
46	257
46	297
46	520
46	549
46	558
46	675
46	683
46	782
46	791
46	968
46	1203
46	1487
46	1657
46	1886
46	1994
47	57
47	68
47	70
47	87
47	91
47	94
47	105
47	130
47	147
47	289
47	364
47	578
47	999
47	1117
47	2122
48	95
48	170
48	198
48	232
48	272
48	475
48	544
48	962
48	992
48	1037
48	1181
48	1355
48	1941
48	2301
48	2546
48	2839
49	61
49	72
49	101
49	106
49	125
49	133
49	178
49	296
49	310
49	317
49	388
49	393
49	443
49	752
49	783
49	1328
50	214
50	899
50	1534
50	1882
51	55
51	57
51	72
51	73
51	118
51	127
51	270
51	335
51	370
51	439
51	721
51	1347
51	1562
51	1677
52	103
52	180
52	336
52	403
52	448
52	611
52	690
52	766
52	901
52	1005
52	1881
53	65
53	66
53	106
53	131
53	228
53	247
53	286
53	381
53	410
53	505
53	1172
53	1277
53	1327
53	1741
53	1851
53	2277
54	64
54	71
54	80
54	119
54	131
54	168
54	182
54	386
54	406
54	1110
54	1493
54	2643
55	58
55	59
55	111
55	267
55	439
55	447
55	1647
55	1924
55	2396
56	74
56	81
56	89
56	93
56	95
56	121
56	172
56	187
56	223
56	319
56	323
56	517
56	1024
56	1803
56	2434
57	80
57	83
57	122
57	133
57	587
57	1267
57	1743
57	1924
57	2441
57	2883
57	2988
58	64
58	104
58	116
58	120
58	235
58	273
58	321
58	337
58	598
58	753
58	1203
59	61
59	84
59	98
59	112
59	176
59	178
59	180
59	241
59	337
59	469
59	511
59	652
59	869
59	1152
59	1528
59	1754
59	2053
60	82
60	152
60	157
60	169
60	277
60	319
60	428
60	765
60	815
60	862
60	1212
60	1254
60	1290
60	2716
61	85
61	157
61	177
61	197
61	219
61	248
61	287
61	402
61	757
61	810
61	956
61	998
61	1797
61	1934
61	2895
62	65
62	72
62	83
62	143
62	146
62	158
62	204
62	224
62	243
62	263
62	307
62	347
62	391
62	432
62	577
62	626
62	1482
62	1900
62	2260
63	96
63	99
63	137
63	227
63	235
63	385
63	539
63	658
63	716
63	1145
63	1274
63	1504
63	2118
63	2379
63	2387
63	2442
64	81
64	111
64	123
64	151
64	212
64	350
64	377
64	447
64	678
64	710
64	996
64	1015
64	1425
64	1533
64	1556
64	1722
64	2113
64	2157
64	2346
64	2936
65	69
65	89
65	97
65	124
65	161
65	196
65	221
65	346
65	502
65	636
65	659
65	909
65	1253
65	2497
66	73
66	94
66	111
66	115
66	185
66	237
66	242
66	433
66	670
66	983
66	1277
66	1538
66	1793
66	2063
66	2498
67	173
67	196
67	201
67	223
67	437
67	571
67	1318
68	83
68	100
68	129
68	138
68	160
68	181
68	211
68	297
68	336
68	533
68	575
68	692
68	1438
68	1962
68	2055
68	2513
69	79
69	92
69	132
69	512
69	594
69	1120
69	1688
70	115
70	170
70	259
70	331
70	969
70	1060
70	1536
70	1555
70	2675
71	137
71	172
71	176
71	191
71	212
71	231
71	300
71	738
71	1743
71	2068
72	110
72	134
72	135
72	184
72	257
72	281
72	351
72	532
72	646
72	733
72	903
72	1371
72	1464
72	2699
73	91
73	102
73	217
73	254
73	302
73	640
73	938
73	1820
74	84
74	248
74	725
74	853
75	78
75	139
75	141
75	299
75	454
75	644
75	1216
75	1218
75	1408
75	1468
75	1715
75	2147
76	108
76	269
76	325
76	351
76	908
77	78
77	130
77	142
77	376
77	378
77	909
77	1479
77	2492
77	2866
78	238
78	311
78	452
78	787
78	1161
79	123
79	417
79	470
79	535
79	1712
79	2032
79	2174
80	96
80	121
80	271
80	283
80	312
80	377
80	404
80	405
80	420
80	480
80	627
80	1104
80	1415
80	1720
80	1742
80	1807
80	2099
80	2159
80	2344
81	87
81	99
81	112
81	135
81	215
81	1017
82	103
82	107
82	128
82	145
82	148
82	153
82	290
82	294
82	355
82	397
82	448
82	574
82	2706
83	109
83	152
83	164
83	171
83	183
83	201
83	290
83	305
83	464
83	529
83	806
83	1045
83	1640
83	1673
83	2307
83	2579
83	2649
84	164
84	219
84	285
84	446
84	499
84	639
84	845
84	966
84	2195
85	136
85	174
85	292
85	413
85	431
85	683
85	835
85	963
85	2340
85	2688
86	239
86	402
86	453
86	748
86	1118
86	1211
86	2487
86	2842
87	100
87	101
87	110
87	125
87	194
87	206
87	213
87	324
87	842
87	949
87	1477
87	1562
87	1875
87	1985
87	2263
88	252
88	279
88	527
88	664
88	691
88	722
88	789
88	816
88	976
88	2770
89	104
89	142
89	312
89	840
89	2234
89	2334
90	124
90	143
90	146
90	1135
90	1716
91	177
91	352
91	461
91	494
91	510
91	883
91	953
91	1192
91	2623
92	194
92	198
92	210
92	272
92	772
92	1556
92	2006
92	2400
93	103
93	128
93	309
93	568
93	729
93	783
93	853
93	1076
93	2352
93	2633
94	129
94	151
94	399
94	461
94	486
94	513
94	1864
94	2239
95	98
95	116
95	192
95	226
95	326
95	424
95	463
95	702
95	1083
95	1192
95	1535
96	108
96	124
96	188
96	254
96	487
96	636
96	919
96	950
96	1330
96	1620
96	1689
96	2125
97	168
97	289
97	345
97	410
97	676
97	1114
98	122
98	175
98	199
98	234
98	1392
98	1578
98	2182
98	2439
99	125
99	129
99	516
99	554
99	1009
99	1417
99	1539
99	1615
99	2457
99	2850
100	102
100	109
100	149
100	165
100	213
100	318
100	414
100	655
100	989
100	1663
100	1953
101	156
101	184
101	185
101	203
101	218
101	220
101	279
101	381
101	497
101	566
101	712
101	971
101	1102
101	1447
101	2054
101	2378
101	2591
102	123
102	147
102	301
102	375
102	496
102	634
102	763
102	824
102	839
102	1128
102	1427
103	203
103	225
103	304
103	369
103	457
103	639
103	1014
103	1122
103	1141
103	2207
104	126
104	167
104	193
104	282
104	339
104	518
104	579
104	991
104	1545
104	1887
104	1969
105	181
105	249
105	286
105	403
105	1127
105	1360
106	173
106	175
106	191
106	284
106	820
106	1491
106	1504
106	1912
107	266
107	487
107	657
107	1185
107	1371
107	2133
107	2413
108	245
108	392
108	479
108	523
108	528
108	549
108	916
108	958
108	1733
108	1814
108	2049
108	2807
109	222
109	302
109	441
109	710
109	1161
109	1180
109	2906
110	154
110	212
110	276
110	304
110	562
110	750
110	895
110	1102
110	2977
111	135
111	173
111	189
111	811
111	1271
111	1848
111	1949
111	2261
111	2586
112	334
112	366
112	455
112	660
112	669
112	672
112	677
112	1230
113	150
113	156
113	192
113	237
113	285
113	557
113	877
113	1905
113	2126
114	118
114	203
114	220
114	242
114	249
114	412
114	589
114	605
114	784
114	1546
114	2278
115	159
115	331
115	383
115	390
115	425
115	489
115	522
115	730
115	1043
115	1177
115	1549
116	167
116	330
116	430
116	1198
116	1638
116	2959
117	316
117	344
117	587
117	845
117	935
117	1353
117	2236
117	2424
117	2861
118	133
118	236
118	244
118	260
118	316
118	412
118	475
118	563
118	612
118	804
118	944
118	1668
118	1803
119	295
119	388
119	558
119	904
119	2642
119	2870
120	187
120	211
120	231
120	285
120	465
120	674
120	994
120	2961
121	155
121	161
121	205
121	244
121	291
121	358
121	640
121	728
121	926
121	939
121	1174
121	1225
121	2139
121	2270
121	2985
122	128
122	136
122	153
122	251
122	265
122	501
122	947
122	1110
122	1331
123	126
123	154
123	166
123	193
123	218
123	256
123	343
123	413
123	433
123	648
123	678
123	818
123	945
123	954
123	1147
123	1228
123	1735
123	2493
124	133
124	149
124	160
124	295
124	772
124	814
124	993
124	1113
124	1220
124	2169
124	2508
125	407
125	662
125	837
125	1003
125	1506
125	1630
125	1899
125	2125
125	2221
125	2569
125	2875
126	140
126	441
126	476
126	490
126	647
126	1930
127	134
127	155
127	179
127	230
127	356
127	492
127	650
127	1309
127	2102
128	168
128	359
128	416
128	488
128	572
128	1089
128	1645
128	1729
128	2723
128	2888
128	2909
129	220
129	317
129	323
129	380
129	711
129	787
129	1092
129	1724
129	2841
130	136
130	274
130	347
130	444
130	592
130	605
130	650
130	1385
131	141
131	154
131	333
131	659
131	669
131	738
131	848
131	860
131	995
131	1268
131	1313
131	1678
131	1679
131	2493
131	2579
131	2795
132	145
132	171
132	778
132	2175
132	2358
133	142
133	291
133	307
133	580
133	774
133	1091
133	1446
133	1490
133	1583
133	1724
133	1807
134	140
134	191
134	202
134	233
134	315
134	349
134	546
134	668
134	705
134	923
134	1091
134	1453
134	1856
134	1997
134	2023
135	265
135	294
135	474
135	539
135	564
135	645
135	1107
135	1556
135	1751
136	207
136	253
136	686
136	697
136	748
136	1044
136	1137
136	1489
136	1585
136	1772
137	138
137	226
137	340
137	418
137	564
137	771
137	1280
137	1318
137	1640
137	1947
138	187
138	190
138	316
138	596
138	655
138	1541
138	1551
138	1927
138	1999
138	2082
138	2105
138	2726
139	201
139	367
139	389
139	410
139	472
139	541
139	1041
140	158
140	231
140	307
140	644
140	761
140	1035
140	1092
140	2053
141	166
141	207
141	349
141	382
141	415
141	604
141	657
141	1368
141	1688
141	1817
141	1896
141	2847
142	162
142	185
142	449
142	482
142	873
142	885
142	1995
142	2262
142	2511
143	163
143	183
143	229
143	253
143	306
143	330
143	449
143	576
143	726
143	1558
143	2631
144	159
144	171
144	225
144	246
144	540
144	548
144	685
144	691
144	717
144	936
144	1059
144	1257
144	1933
144	2483
145	169
145	196
145	205
145	538
145	777
145	837
145	937
145	940
145	954
145	1269
145	1796
145	2648
146	166
146	321
146	458
146	536
146	1034
146	1194
146	2137
147	198
147	229
147	253
147	274
147	315
147	394
147	507
147	576
147	664
147	891
147	1191
147	1941
147	2654
147	2823
148	169
148	190
148	208
148	222
148	522
148	813
148	875
148	981
148	1343
148	2373
149	232
149	404
149	456
149	467
149	535
149	659
149	696
149	861
149	1321
149	1928
149	1984
150	155
150	269
150	360
150	365
150	427
150	552
150	987
150	2012
150	2154
151	164
151	170
151	480
151	608
151	654
151	1030
151	1112
151	2180
152	483
152	597
152	854
152	873
152	1444
153	293
153	625
153	704
153	906
153	1053
153	2115
153	2319
153	2677
153	2902
154	460
154	846
154	2292
154	2860
155	357
155	379
155	468
155	644
155	653
155	896
155	1229
155	1351
156	639
156	835
156	1358
156	1400
156	1956
157	200
157	207
157	245
157	292
157	378
157	481
157	657
157	928
157	1374
157	1650
157	1667
157	2308
158	184
158	199
158	476
158	855
158	1417
158	1710
158	2363
158	2773
159	270
159	308
159	310
159	457
159	681
159	709
159	1302
159	2027
159	2525
160	227
160	342
160	348
160	448
160	485
160	681
160	1020
160	1094
160	1274
160	1780
160	2206
160	2580
161	183
161	209
161	281
161	550
161	677
161	1219
161	1918
162	460
162	463
162	508
162	930
162	1018
162	1264
162	1600
162	2112
163	206
163	384
163	441
163	519
163	957
163	1588
164	216
164	1056
164	1378
164	1905
164	2200
164	2285
164	2607
164	2608
164	2772
165	435
165	443
165	1945
165	2415
165	2545
165	2638
166	232
166	273
166	346
166	426
166	476
166	641
166	770
166	1018
166	1112
166	1845
166	2258
166	2695
167	214
167	354
167	459
167	525
167	1454
167	2995
168	264
168	356
168	438
168	977
168	1096
169	193
169	197
169	210
169	268
169	470
169	764
169	1555
169	1966
169	2683
170	174
170	200
170	209
170	287
170	294
170	574
170	1025
170	1224
171	234
171	259
171	419
171	430
171	626
171	1208
171	2305
172	246
172	363
172	2166
173	181
173	186
173	430
173	442
173	515
173	740
173	1040
173	1292
173	1443
173	2587
173	2768
173	2998
174	273
174	282
174	299
174	383
174	987
174	1210
174	1459
174	1814
174	2931
175	189
175	197
175	206
175	214
175	261
175	374
175	420
175	896
175	972
175	1155
175	1275
175	1423
175	1455
176	195
176	240
176	617
176	942
176	1713
176	1729
176	1759
177	240
177	300
177	332
177	395
177	542
177	786
177	818
177	897
178	200
178	230
178	263
178	376
178	493
178	533
178	600
178	1097
178	1325
179	275
179	278
179	280
179	628
179	872
179	2411
179	2678
180	186
180	217
180	313
180	407
180	755
180	873
180	1841
180	2330
181	229
181	322
181	491
181	600
181	894
181	1156
181	1526
181	1728
182	345
182	559
182	567
182	1050
182	1162
182	1473
182	2217
182	2900
183	323
183	347
183	387
183	1273
183	1563
184	493
184	559
184	725
184	2302
184	2481
184	2547
185	269
185	352
185	581
185	603
186	255
186	264
186	1069
186	1402
186	1595
186	2788
187	239
187	270
187	450
187	509
187	696
187	1390
187	1610
187	1699
187	2399
187	2499
187	2925
188	195
188	219
188	248
188	367
188	793
188	2572
189	192
189	411
189	532
189	691
189	710
189	1938
189	2590
190	216
190	303
190	452
190	1698
191	204
191	303
191	467
191	1099
191	1265
191	1917
191	2108
192	362
192	427
192	600
192	1048
192	1627
192	1849
192	2137
193	1395
193	1919
193	2055
193	2907
194	293
194	491
194	731
194	1037
194	1324
194	2084
194	2378
195	218
195	278
195	311
195	506
195	1059
195	1451
196	251
196	261
196	338
196	405
196	422
196	714
196	1171
196	1342
196	1558
196	1877
197	209
197	395
197	396
197	434
197	499
197	671
197	780
197	841
197	1528
197	1905
197	2882
198	301
198	437
198	638
198	642
198	734
198	1532
198	1536
198	2016
198	2119
198	2612
199	223
199	260
199	263
199	437
199	454
199	1039
199	1070
199	1457
199	2602
200	210
200	464
200	466
200	499
200	705
200	900
200	1505
200	1744
201	222
201	271
201	353
201	528
201	699
201	700
201	762
201	882
201	893
201	1198
201	1493
202	258
202	261
202	283
202	867
202	1052
202	1063
202	2289
202	2533
203	233
203	356
203	490
203	531
203	726
203	756
203	2490
203	2910
204	400
204	540
204	1058
204	1757
204	2286
205	252
205	255
205	353
205	428
205	569
205	585
205	721
205	961
205	1133
205	1272
206	221
206	278
206	340
206	408
206	612
206	1080
206	1777
206	1814
206	2971
207	280
207	315
207	354
207	400
207	788
207	797
207	1542
207	2625
207	2758
208	330
208	366
208	438
208	1187
209	243
209	276
209	314
209	481
209	553
209	823
209	1018
209	1081
209	1713
209	2231
209	2633
210	216
210	251
210	264
210	290
210	320
210	802
210	832
210	918
210	1108
210	1370
210	1716
210	1726
211	459
211	512
211	551
211	575
211	1086
211	1311
211	1323
212	215
212	350
212	360
212	363
212	408
212	416
212	623
212	651
212	1825
212	2718
212	2945
213	236
213	529
213	1458
213	1860
213	2038
213	2301
213	2588
214	215
214	234
214	298
214	309
214	354
214	405
214	418
214	521
214	766
214	849
214	859
214	1034
214	1066
214	1080
214	1795
214	2279
215	220
215	239
215	364
215	417
215	451
215	776
215	1687
215	2619
216	267
216	272
216	291
216	341
216	758
216	1420
216	2064
216	2186
217	328
217	361
217	609
217	970
217	1057
217	1074
217	1330
217	2421
217	2771
218	303
218	500
218	565
218	572
218	735
218	783
218	846
218	859
218	1432
219	310
219	314
219	389
219	926
219	1184
219	1764
219	2040
219	2677
220	322
220	328
220	525
220	693
220	780
220	804
220	1118
220	1877
221	235
221	247
221	782
221	1119
221	2157
221	2522
222	332
222	361
222	496
222	554
222	723
222	856
222	2618
222	2636
223	257
223	1837
223	2533
224	460
224	515
224	687
224	1534
224	1585
224	1619
224	2754
224	2928
225	228
225	340
225	385
225	422
225	594
225	898
225	1011
225	1499
225	2127
225	2641
225	2875
226	420
226	519
226	531
226	580
226	771
226	1141
226	1301
226	1660
226	2222
226	2859
227	355
227	386
227	394
227	606
227	731
227	1069
227	2981
228	276
228	327
228	366
228	455
228	741
228	1099
228	1275
228	1406
228	1913
229	266
229	274
229	335
229	352
229	429
229	433
229	473
229	498
229	567
229	865
229	2407
230	241
230	242
230	262
230	309
230	508
230	557
230	826
230	1513
230	1623
230	1704
230	2675
230	2831
231	256
231	305
231	624
231	1248
231	2113
231	2874
232	240
232	341
232	382
232	468
232	477
232	495
232	795
232	840
232	2535
232	2625
233	426
233	625
233	763
233	1398
233	1419
233	2062
233	2826
234	325
234	948
234	1051
234	1225
234	1983
234	2471
234	2650
235	491
235	779
235	792
235	864
235	884
235	1304
235	1322
235	1468
235	1824
235	2113
235	2138
235	2479
236	258
236	283
236	399
236	684
236	1135
236	1214
236	1747
236	2122
236	2248
236	2257
237	260
237	2266
238	250
238	265
238	277
238	348
238	459
238	510
238	829
238	922
238	1087
238	1140
238	1155
238	1581
238	2336
238	2453
238	2635
238	2855
239	497
239	726
239	933
239	1404
239	1459
239	2097
239	2235
239	2249
240	326
240	392
240	506
241	252
241	277
241	1040
241	1058
241	2757
242	246
242	262
242	284
242	365
242	411
242	462
242	712
242	787
243	293
243	329
243	1003
243	1495
243	2307
243	2748
243	2947
244	250
244	479
244	860
244	1644
244	1863
244	1864
244	2262
245	306
245	397
245	556
245	1000
245	2188
246	674
246	836
246	943
246	1495
246	1799
246	1990
246	2569
247	333
247	1022
247	1229
247	1994
247	2199
248	506
248	646
248	1150
248	1642
248	1997
248	2806
248	2838
249	540
249	670
249	737
249	1193
249	1195
249	1238
249	1723
249	2168
249	2525
250	432
250	708
250	1103
250	1142
250	1183
250	1219
250	1341
250	1390
250	1534
250	1546
250	1637
250	2141
251	404
251	688
251	1078
251	1190
251	1202
251	1369
252	256
252	419
252	567
252	713
252	819
252	2106
252	2221
253	371
253	438
253	640
253	1125
253	2531
254	549
254	752
254	1126
254	1154
254	1332
254	1662
255	266
255	287
255	292
255	306
255	336
255	524
255	588
255	909
255	1023
255	1269
255	1758
256	370
256	617
256	630
256	681
256	1196
256	1377
256	2474
256	2625
256	2672
257	329
257	360
257	736
257	1372
257	1734
257	2471
258	339
258	362
258	371
258	425
258	442
258	769
259	409
259	694
259	1582
260	262
260	338
260	379
260	627
260	751
260	1069
260	1344
260	2581
260	2898
261	371
261	745
261	753
262	329
262	357
262	582
262	927
262	1774
262	2136
262	2489
262	2906
263	280
263	704
263	959
263	1661
263	1663
263	1678
263	2607
264	342
264	423
264	464
264	660
264	930
264	1152
264	1639
265	337
266	831
266	874
266	2148
266	2814
267	286
267	386
267	867
267	1373
268	304
268	495
268	595
268	936
268	1046
268	2468
268	2935
269	320
269	349
269	373
269	393
269	552
269	1058
269	1773
270	281
270	288
270	299
270	553
270	801
270	987
270	1151
270	1179
270	1254
270	1321
270	2648
271	318
271	346
271	368
271	401
271	547
271	769
271	1430
271	1569
271	1739
271	1792
272	275
272	556
272	1116
272	2111
272	2370
273	1354
273	1725
273	2038
274	409
274	416
274	436
274	579
274	1201
274	1448
275	392
275	394
275	1201
275	1227
275	1362
276	368
276	384
276	387
276	431
276	520
276	623
276	642
276	2537
277	339
277	363
277	537
277	1329
277	1422
277	1459
277	1467
277	2023
277	2025
278	288
278	341
278	370
278	400
278	401
278	503
278	678
278	935
278	2121
278	2556
279	389
279	492
279	913
279	1124
279	2098
279	2352
279	2726
280	300
280	695
280	943
280	1126
280	1202
280	1234
280	2678
280	2706
281	353
281	391
281	978
281	1145
281	1765
282	498
282	888
282	952
282	2818
283	399
283	711
283	923
283	957
283	1144
283	1514
283	1519
283	1533
283	1992
283	2048
283	2671
283	2785
283	2911
283	2971
284	1053
284	1647
284	1802
284	2607
284	2615
285	297
285	514
285	1109
285	1321
285	1454
285	1819
285	1914
285	1920
285	1957
286	555
286	1070
286	1762
286	2009
286	2371
286	2958
287	597
287	670
287	1129
287	1291
287	2392
287	2993
288	374
288	539
288	548
288	588
288	747
288	1013
288	1066
288	1340
288	1392
288	1949
289	609
289	892
289	1475
289	2066
289	2518
290	308
290	542
290	543
290	643
290	968
290	1075
290	2264
290	2583
291	645
291	833
291	871
291	1598
291	2092
291	2219
292	452
292	839
292	2215
292	2680
292	2707
292	2963
293	462
293	1188
293	2756
294	298
294	320
294	359
294	595
294	717
294	1134
294	1208
295	501
295	632
295	1393
295	1636
295	1654
295	1813
296	305
296	313
296	344
296	510
296	516
296	563
296	719
296	794
296	866
296	1350
296	1896
296	2511
297	313
297	325
297	361
297	364
297	385
297	833
297	1012
297	1224
297	1407
297	2987
298	343
298	397
298	768
298	1181
298	1261
298	1501
298	1676
299	586
299	591
299	924
299	1801
299	2497
299	2754
300	375
300	428
300	1316
300	1646
300	2436
300	2589
301	1010
301	1334
301	1620
301	1757
301	1788
301	2305
302	317
302	398
302	541
302	852
302	875
302	1200
302	1751
302	2868
302	2942
303	314
303	375
303	426
303	453
303	504
303	636
303	942
303	1288
303	2208
303	2652
304	647
304	839
304	922
305	321
305	442
305	706
305	771
305	2090
305	2442
306	458
306	682
306	1526
306	1572
306	1822
306	2333
306	2544
307	335
307	641
307	920
307	1023
307	1218
307	1778
307	1943
307	2739
308	342
308	465
308	946
308	1109
308	1139
308	1141
308	1687
309	334
309	716
309	770
309	1186
309	1566
309	2454
309	2860
310	324
310	868
310	955
310	1087
310	1837
310	2279
310	2739
311	854
311	1247
312	332
312	338
312	372
312	881
312	1062
312	2230
313	334
313	414
313	472
313	524
313	546
313	654
313	1043
313	1111
313	1197
313	1221
313	2585
314	367
314	482
314	727
314	1338
314	1487
314	1680
314	1855
315	735
315	750
315	1784
315	2185
316	447
316	818
316	1284
316	1572
316	1907
317	517
317	674
317	680
318	568
318	615
318	692
318	911
318	1044
318	1426
318	1622
318	2403
319	415
319	561
319	585
319	593
319	668
319	939
319	1679
320	1266
320	1540
321	345
321	383
321	497
321	673
321	914
321	1001
321	1088
321	1466
321	1523
321	1714
321	1782
321	1887
322	466
322	586
322	676
322	682
322	995
322	1196
322	1573
322	1576
322	1680
322	1767
322	2016
322	2243
323	372
323	436
323	455
323	699
323	795
323	1004
323	1079
323	1486
324	493
324	597
324	811
324	917
324	963
324	1009
324	1243
324	1658
325	401
325	475
325	490
325	666
325	745
325	948
325	1000
325	1998
325	2093
326	505
326	1166
326	1438
326	2430
327	502
327	513
327	1064
327	1100
327	1159
327	1382
327	2765
328	351
328	934
328	1013
328	1314
328	2543
328	2617
328	2821
329	344
329	484
329	666
329	1626
329	2080
329	2201
329	2417
329	2492
330	892
330	1753
330	2618
331	789
331	1089
331	1831
331	1908
331	2242
331	2270
331	2784
332	1067
332	1548
332	2047
332	2595
333	350
334	358
334	812
334	1338
335	378
335	388
335	577
335	914
335	1151
335	2389
336	733
336	1530
336	1882
336	2265
337	723
337	1276
337	1314
337	2211
337	2437
338	534
338	619
338	1005
338	1231
338	1394
338	1410
338	2057
339	478
339	742
339	1234
339	1485
339	1752
339	1855
340	563
340	1061
340	1079
340	1203
340	1284
340	1413
340	2206
340	2359
340	2360
341	369
341	435
341	526
341	663
341	1449
341	1835
341	2405
341	2576
341	2823
342	423
342	439
342	473
342	750
342	801
342	812
342	869
342	1241
342	1440
342	2184
343	380
343	521
343	2457
343	2545
344	946
344	1028
345	357
345	555
345	722
345	1347
345	2304
345	2962
346	504
346	950
346	958
346	1014
346	1068
347	512
347	617
347	774
347	967
347	1313
347	1374
348	377
348	538
348	1021
348	1702
348	2776
349	694
349	719
349	798
349	879
349	1731
349	2045
349	2232
349	2355
350	434
350	827
350	1019
350	1367
350	1418
350	2311
350	2867
351	1154
351	1200
352	373
352	511
352	966
352	1125
353	421
353	628
353	666
353	972
353	1281
353	2085
353	2309
353	2608
353	2984
354	372
354	494
354	652
354	850
354	992
354	1399
354	1609
354	1932
354	1979
354	2283
355	749
355	788
355	796
355	1122
355	1168
355	1495
355	2177
355	2835
356	471
356	479
356	790
356	932
356	1008
356	1253
356	1868
356	2296
357	643
357	717
357	885
357	906
357	1152
357	1299
357	1326
357	1980
357	2624
357	2627
358	1221
358	1520
358	1912
358	2202
358	2888
359	380
359	801
359	843
359	1007
359	1932
360	398
360	802
360	1187
360	1364
360	1640
360	1732
360	2212
360	2275
361	379
361	1006
361	1237
362	610
362	791
362	858
362	1120
362	1142
362	1255
362	1501
362	2370
363	398
363	422
363	815
363	966
363	1494
363	1835
363	1956
364	618
364	709
364	821
364	1240
364	2214
364	2834
365	382
365	414
365	538
365	705
365	1577
366	607
366	786
366	1146
366	1165
366	1650
366	2251
366	2324
366	2957
367	408
367	473
367	1883
368	412
368	423
368	436
368	721
368	953
368	1164
368	1684
368	1869
368	1897
369	390
369	472
369	532
369	689
369	744
369	974
370	474
370	483
370	820
370	831
370	899
370	1525
370	1635
371	615
371	785
371	794
371	842
371	1414
371	1475
371	1586
371	1762
371	2650
372	390
372	446
372	616
372	633
372	2079
372	2425
372	2537
373	387
373	570
373	653
373	1124
373	1482
374	560
374	607
374	1977
374	2083
375	544
375	781
375	1114
375	1222
375	1695
375	2272
376	450
376	995
376	1128
376	1545
376	1842
376	2161
376	2700
377	451
377	456
377	535
377	740
377	886
377	1056
377	1100
377	1262
377	1309
377	1343
378	451
378	593
378	709
378	791
378	825
378	1047
378	1319
379	445
379	606
379	690
379	830
379	1622
379	2427
380	751
380	874
380	1016
380	1957
381	470
381	486
381	824
381	881
381	893
381	2837
381	2887
382	440
382	495
382	1011
382	1050
382	1619
382	1825
382	2246
382	2501
382	2570
382	2589
382	2840
383	429
383	507
383	652
383	1649
383	2037
383	2165
383	2894
384	458
384	522
384	706
384	1397
384	2180
385	471
385	1070
386	418
386	484
386	548
386	945
386	1126
386	1674
386	1841
387	409
387	537
387	698
387	744
387	1124
387	1335
387	2458
388	550
388	1072
388	2118
389	396
389	1131
389	1406
389	1764
390	477
390	715
390	1131
390	1148
390	1226
390	1967
390	2250
391	406
391	474
391	511
391	553
391	570
391	761
391	1638
392	589
392	704
392	777
392	1376
392	1590
392	1688
392	2366
392	2786
393	678
393	702
393	708
393	732
393	1017
393	2502
393	2646
394	446
394	471
394	573
394	770
394	926
394	1170
394	1199
394	1260
395	413
395	456
395	592
395	611
395	1123
395	1312
395	1566
395	1868
395	2256
396	500
396	924
396	998
396	2757
397	478
397	550
397	622
397	1112
397	2676
398	406
398	449
398	576
398	589
398	868
398	977
398	1072
399	461
399	483
399	508
399	635
399	650
399	761
399	1082
400	530
400	660
400	890
400	981
400	1101
400	2727
401	786
401	901
401	1006
401	1130
401	1302
401	1400
401	1831
402	440
402	734
402	1693
403	432
403	498
403	570
403	797
403	812
403	874
403	1067
403	1232
403	1478
403	1586
403	2577
404	697
404	1021
404	1098
404	1357
404	1364
404	1590
404	2102
405	519
405	526
405	541
405	725
405	1138
406	605
406	712
406	1499
406	1570
406	1955
407	736
407	840
407	1907
407	1977
407	2164
407	2391
407	2885
407	2918
408	620
408	627
408	1052
408	1340
408	1352
409	495
409	2009
409	2328
410	649
410	817
410	1036
410	1086
410	1140
410	1454
410	1821
410	2362
411	488
411	489
411	602
411	658
411	1108
412	962
412	1025
412	1507
412	1548
412	1599
413	431
413	747
413	807
413	965
413	1869
413	2394
413	2992
414	536
414	861
414	1135
414	1169
414	1180
414	1201
415	686
415	814
415	886
415	922
415	1480
415	1873
415	1935
416	755
416	908
416	1182
416	2526
417	610
417	715
417	907
417	1132
417	1218
417	1884
417	2385
418	457
418	1189
418	2031
418	2538
419	531
419	561
419	626
419	629
419	777
419	860
419	960
419	1083
419	1923
419	2109
420	1085
420	1163
420	1264
420	1410
420	1437
420	1746
421	424
421	440
421	444
421	951
422	488
422	698
422	1160
422	1731
422	1766
422	2170
423	505
423	610
423	754
423	894
423	1258
423	1427
424	429
424	488
424	643
424	661
424	720
424	854
424	1646
425	656
425	724
425	863
425	1244
425	1517
425	2100
425	2284
425	2690
426	453
426	621
426	819
426	1085
426	1629
426	1819
426	2527
427	635
427	784
427	924
427	1531
427	1985
427	2391
427	2686
427	2964
428	568
428	613
428	641
428	1520
428	1770
428	2114
428	2225
429	1474
429	1977
430	558
430	569
430	604
430	1341
430	2001
430	2271
430	2727
430	2861
431	482
431	1029
431	1115
431	1335
431	2443
432	603
432	631
432	730
432	741
432	2159
432	2187
432	2774
432	2999
433	478
433	520
433	546
433	598
433	623
433	654
433	739
433	895
433	1361
433	1685
433	2077
433	2168
433	2234
434	533
434	536
434	1072
434	1576
434	2679
435	503
435	852
435	1387
435	1999
435	2757
436	1111
436	1919
436	2007
436	2014
436	2142
436	2318
437	609
437	1002
437	2283
437	2825
438	514
438	1089
438	1251
438	1272
438	1667
438	1808
438	2293
438	2664
439	562
439	1857
439	1888
439	2090
439	2118
439	2822
440	492
440	621
440	642
440	680
440	758
440	2316
441	543
441	658
441	1476
441	2593
442	2330
443	501
443	595
443	599
443	825
443	2687
443	2903
444	463
444	606
444	836
444	1185
444	1383
444	1468
444	2833
445	560
445	1030
445	1238
445	2397
445	2755
446	481
446	551
446	561
446	1360
446	1862
446	2770
447	484
447	564
447	648
447	751
447	933
447	957
447	1292
447	1694
447	2119
447	2518
448	687
448	767
448	949
448	1600
449	584
449	614
449	756
449	767
449	803
449	808
449	1002
449	1307
449	1320
449	1434
449	1983
449	2479
449	2723
449	2793
450	514
450	518
450	601
450	692
450	959
450	1350
450	2384
450	2960
451	682
451	703
451	776
451	943
451	981
451	1441
451	1557
451	2245
452	580
452	921
452	1163
452	1697
452	1975
453	545
453	555
453	665
453	881
453	1038
453	1225
453	1342
453	1538
454	673
454	959
454	1545
454	2813
455	955
455	1295
455	1846
455	2188
456	624
456	829
456	937
456	1570
456	2828
457	500
457	615
457	724
457	782
457	1425
457	1575
457	1687
458	559
458	583
458	608
458	775
458	935
458	1158
459	469
459	486
459	1067
459	1356
459	2348
460	494
460	585
460	649
460	759
460	1756
460	1802
460	1805
460	2696
460	2880
461	468
461	844
461	1019
461	1429
461	1655
461	2484
461	2538
462	587
462	677
462	814
462	1935
462	2222
463	496
463	784
463	1377
463	1786
463	2018
463	2458
464	465
464	622
464	702
464	944
464	1077
464	1344
464	2814
465	1020
465	1045
465	2026
465	2335
465	2445
466	509
466	527
466	1515
466	2074
466	2844
467	607
467	1430
467	1854
468	778
468	910
468	1205
468	1464
468	2350
468	2533
469	566
469	1217
469	1296
469	1327
469	1384
469	1736
469	2002
470	584
470	703
470	970
470	1054
470	1593
470	1618
470	1852
470	2877
470	2991
471	515
471	1078
471	1219
471	1263
471	1463
471	2103
471	2970
472	529
472	737
472	739
472	1416
472	1485
472	1550
472	1746
472	1829
472	1995
472	2097
473	534
473	622
473	1716
473	2701
474	645
474	746
474	798
474	799
474	1215
475	560
475	1143
475	2296
475	2886
476	579
476	593
476	599
476	634
476	693
476	1088
476	2363
477	737
477	1300
478	502
478	1281
479	562
479	767
479	1048
479	1237
479	1373
480	566
480	714
480	768
480	792
480	827
480	887
480	1224
480	2777
481	661
481	800
481	857
481	985
481	2483
482	629
482	635
482	764
482	1005
482	1544
483	516
483	1062
483	1235
483	2354
484	619
484	1289
484	1424
484	1565
484	1990
484	2606
485	507
485	912
485	1265
485	2882
486	509
486	863
486	946
486	1106
486	1248
486	1258
486	1366
487	517
487	601
487	664
487	1370
487	2021
488	527
488	530
488	662
488	696
488	928
488	1060
488	1473
488	2650
488	2769
489	882
489	977
489	1068
490	687
490	1095
490	1351
490	1467
490	1496
490	1516
490	2213
491	796
491	1333
491	1412
491	1428
491	1559
491	1848
491	2539
492	523
492	910
492	1785
492	2536
493	744
493	1443
494	887
494	931
494	1031
494	1608
494	1904
494	2915
495	582
495	790
495	861
495	1029
495	1733
495	1856
495	2487
496	938
496	1570
496	2691
497	694
497	932
497	1015
497	1148
497	2248
497	2282
497	2565
498	608
498	653
498	815
498	1068
498	1150
498	1657
498	2417
499	779
499	865
499	1105
499	1384
499	1621
500	713
500	829
501	526
501	714
501	779
501	2059
501	2937
502	688
502	722
502	946
502	1025
503	749
503	1271
503	1649
503	1944
503	1952
504	547
504	1107
504	1295
504	1643
504	1739
504	1922
505	665
505	876
505	879
505	1162
505	1944
505	2717
506	613
506	625
506	880
506	1311
506	1399
506	1947
506	2067
506	2520
507	1166
507	1400
507	1437
507	1560
507	2069
508	557
508	834
508	914
508	918
508	1532
508	1906
508	2252
509	583
509	1355
509	1394
510	524
510	565
510	683
510	1367
510	1719
510	1732
510	2280
510	2868
511	534
511	706
511	930
511	1511
512	530
512	826
512	1075
512	1243
512	1412
512	1537
512	1772
512	2890
513	588
513	927
513	985
513	1082
513	1357
513	2078
513	2309
513	2426
514	1136
514	1306
514	1349
514	1519
514	2324
514	2340
515	850
515	1589
515	2566
515	2738
516	799
516	939
516	2210
516	2866
517	1082
517	1485
517	1561
517	1580
517	2504
518	602
518	667
518	949
518	985
518	989
518	1088
518	1410
518	1614
518	2229
518	2596
519	2130
520	656
520	743
520	996
520	1194
521	523
521	857
521	950
521	1178
521	1251
521	1631
521	1937
522	718
522	806
522	1220
522	1268
522	1518
522	1920
522	1973
522	2838
523	1057
523	1194
523	1576
523	1815
523	2071
524	719
524	772
524	975
524	2456
524	2704
525	624
525	808
525	1076
525	2574
526	545
526	590
526	663
526	1043
526	2185
527	565
527	581
527	953
527	1387
527	1707
527	2599
528	759
528	2390
528	2435
529	675
529	1395
529	2165
529	2285
529	2726
530	572
530	647
530	669
530	765
530	1271
530	1362
530	2271
531	991
531	1418
531	2697
532	556
532	598
532	1116
532	2332
532	2436
532	2485
532	2780
533	2393
533	2655
534	684
534	823
534	1164
534	1586
534	2040
534	2082
535	612
535	632
535	745
535	1361
535	2157
536	785
536	802
536	945
536	1887
536	2502
536	2858
536	2965
537	785
537	803
537	1305
537	1437
537	1531
537	2412
538	544
538	590
538	889
538	932
538	1093
538	1319
539	651
539	916
539	1286
539	2017
540	630
540	736
540	944
540	1664
541	724
541	880
541	889
541	1611
541	2500
542	613
542	994
542	1133
542	1382
542	2287
542	2731
542	2941
543	1044
543	1317
543	1323
543	2406
543	2732
544	632
544	999
544	1087
544	2612
544	2867
545	693
545	733
545	762
545	763
545	1183
545	1294
545	1380
545	2027
546	1959
546	2298
547	581
547	1578
547	2042
548	649
548	775
548	848
548	1257
548	1278
548	1292
548	2320
549	551
549	895
549	1174
549	1245
550	700
550	707
550	1711
550	2783
551	573
551	674
551	964
551	1108
551	1115
551	1557
551	1665
551	1750
551	2535
551	2902
551	2994
552	577
552	1081
552	1893
553	805
553	826
553	858
553	1524
554	586
554	591
554	631
554	809
554	1022
554	1349
554	1597
555	571
555	594
555	793
555	1164
555	2195
556	602
556	695
556	1309
556	1607
557	851
557	1847
558	633
558	1047
558	1487
558	1547
558	1627
558	2244
558	2636
558	2665
558	2715
559	991
559	1138
560	620
560	768
561	1266
561	1283
561	1337
561	1742
561	2203
562	668
562	1579
563	575
563	1085
564	596
564	929
564	1182
564	1184
564	1423
564	2070
565	847
565	1129
565	1451
565	1565
566	929
566	947
566	1433
566	1505
566	1653
566	2529
567	809
567	866
567	872
567	1382
568	868
568	983
568	1479
568	1515
568	1518
569	656
569	807
569	1063
569	1267
569	2367
569	2709
570	614
570	1303
570	1421
572	614
572	773
572	1076
572	1171
572	1444
572	1808
572	1898
572	2000
573	2410
574	743
574	913
575	883
575	1213
575	1316
575	1847
575	1852
575	2364
575	2593
575	2924
576	634
576	1028
576	1616
576	2189
577	684
577	1155
577	1282
577	1990
577	2829
578	819
578	823
578	1832
578	2039
578	2649
579	1269
579	1474
579	2311
579	2974
580	911
580	1293
580	1773
580	2452
580	2517
581	859
581	969
581	1139
581	1409
581	1711
581	1821
581	1840
581	2110
581	2942
582	601
582	679
582	1268
582	1297
582	2029
583	1266
583	1405
583	2432
583	2679
584	961
584	1306
584	2299
585	871
585	890
586	707
586	1010
586	1032
586	1167
586	1181
587	630
587	936
587	1003
587	1134
587	1445
587	1520
587	2281
587	2864
588	773
588	1652
589	663
589	673
589	877
589	1113
589	1336
589	1442
589	1777
589	2122
589	2541
589	2801
590	792
590	835
590	1113
590	1161
590	2705
591	830
591	887
591	1153
591	2217
592	596
592	757
592	1308
593	862
593	1604
593	1734
593	1770
593	2472
594	828
594	1656
594	1779
594	1945
595	628
595	2280
596	1220
596	1324
596	1554
596	1929
596	1998
597	825
597	1278
597	1387
597	1608
597	1706
597	1739
597	1987
597	2578
598	878
598	915
598	1574
598	1879
598	2276
599	1038
599	1047
599	1286
599	2219
600	661
600	900
600	925
600	947
600	1326
600	1460
600	1940
600	2026
601	1327
601	1348
601	1953
601	2247
602	633
602	803
602	851
602	1000
602	1012
602	1191
602	1406
602	1908
603	1216
603	1277
603	1550
603	2713
604	695
604	813
604	1509
604	1582
605	906
605	999
605	1788
605	1968
605	2036
605	2949
606	619
606	672
606	760
606	1240
606	1744
606	2304
607	667
607	764
607	810
607	863
608	671
608	865
608	1909
608	2317
609	621
609	637
609	689
609	1491
609	1633
609	1774
609	1804
609	1976
610	1254
611	631
611	1109
611	1202
611	1396
611	1750
611	2431
611	2848
612	718
612	847
612	982
612	986
612	1095
612	1629
612	1727
612	2724
613	748
613	886
613	1101
613	1131
613	1284
613	1417
614	700
614	870
614	1033
614	1057
614	1568
614	1691
614	1958
615	703
615	920
615	1094
616	834
616	876
616	1087
616	1147
617	1522
617	1799
617	2451
617	2523
618	1670
618	2450
618	2466
619	762
619	2124
619	2958
620	698
620	759
620	781
620	941
620	1149
620	1177
620	1474
620	1735
620	1784
621	708
621	832
621	976
621	1408
621	2247
621	2337
622	781
622	934
622	951
622	1621
622	1840
622	2056
622	2400
623	1475
623	2146
623	2669
624	864
624	870
624	1074
624	1920
625	772
625	2915
626	841
626	1690
626	1975
627	723
627	797
627	1767
627	1845
627	2060
628	1156
628	2439
629	904
629	1176
629	1516
629	1839
629	2551
630	973
630	1467
630	1686
630	1708
630	1833
630	2029
630	2631
631	718
631	776
631	847
631	902
631	1658
631	2257
631	2897
632	685
632	1046
632	1146
632	1836
632	2394
633	675
633	735
633	902
633	1065
633	1303
633	2352
633	2522
634	2812
635	917
635	1263
635	2001
636	1022
636	1647
637	638
637	701
637	1053
637	2160
637	2948
638	679
638	989
638	1617
638	2373
638	2967
639	897
639	1795
639	1925
639	2042
639	2661
640	1006
640	1412
640	1567
640	2434
641	1016
641	1476
641	1776
642	715
642	842
642	1628
642	1915
643	878
643	905
643	1252
643	1302
643	2206
643	2306
643	2924
644	688
644	757
644	837
644	856
644	1027
644	1172
644	1324
644	1574
644	2329
645	898
645	912
645	1130
645	1237
645	1956
645	2184
645	2846
646	962
646	1652
646	1816
646	2141
646	2169
646	2755
647	1356
647	2473
647	2758
648	1356
648	1701
648	2998
649	938
649	1200
649	2708
650	707
650	2248
651	665
651	858
651	910
651	1380
651	1573
651	1948
651	2762
652	730
652	941
652	1876
653	951
653	997
653	1023
653	1434
653	2427
653	2842
654	976
654	1591
654	1982
654	2075
654	2828
655	716
655	821
655	1625
655	1964
655	2209
656	662
656	1260
656	1756
656	2151
656	2350
656	2863
656	2934
657	780
657	796
657	1762
658	720
658	844
658	1953
658	2013
658	2350
658	2440
658	2635
659	758
659	1165
659	1439
659	1710
659	2940
660	728
660	907
661	2995
662	828
662	1031
662	1055
662	2022
662	2809
662	2944
662	2983
663	984
663	1204
663	2073
663	2101
664	699
664	731
664	867
664	1186
664	1686
664	2187
664	2724
664	2944
665	1462
665	1702
665	1836
666	732
666	2805
667	711
667	741
667	1315
667	1598
667	1617
667	1902
667	2635
667	2957
668	746
668	1198
669	1160
669	1187
669	1275
669	1409
669	1463
669	2455
670	810
670	1075
670	1328
670	1509
671	676
671	701
671	746
671	1566
671	1919
672	843
672	964
672	1071
672	1276
672	1537
672	1636
672	1733
673	1441
673	2207
673	2759
674	747
674	836
674	1403
674	2766
674	2947
675	752
675	986
675	1411
675	1892
676	805
676	1246
676	1514
676	1666
676	1788
676	2411
676	2611
676	2895
677	923
677	1049
677	1296
677	2087
677	2698
678	732
678	1035
678	1389
678	1786
678	2004
679	848
679	1316
679	1709
679	1858
679	2174
680	2149
680	2161
680	2564
681	884
681	1498
681	2131
682	1042
682	1642
683	1016
683	1315
683	1626
683	2989
684	697
684	1064
684	1182
684	1914
684	2132
684	2408
684	2901
685	689
685	742
685	1104
685	1196
685	1865
686	2396
687	755
687	1173
687	1581
687	1671
687	2698
688	760
688	1381
688	1787
688	1818
688	1959
688	2753
688	2956
689	1031
689	1239
690	1166
690	1174
690	1375
690	2020
690	2162
691	1145
691	1843
691	2853
692	980
692	1222
692	1235
692	1567
692	1714
692	1815
692	2051
692	2218
692	2504
692	2686
693	2156
694	817
694	1002
694	1453
694	1494
694	1700
695	828
695	883
695	934
695	1386
695	1496
695	1573
695	1845
696	813
697	974
697	1061
697	1180
697	1305
697	2747
698	891
698	901
698	929
698	990
698	1041
698	1735
698	1946
698	2477
699	713
699	2173
700	728
700	766
700	948
700	961
700	1217
700	1818
700	2386
700	2956
701	857
701	1694
702	1008
702	1132
702	1274
702	1334
702	1783
702	2267
703	742
703	993
703	2012
703	2039
704	727
704	891
704	1331
704	1442
705	870
705	1660
705	2006
705	2549
705	2585
706	773
706	893
706	1245
707	912
707	1690
707	1897
707	2086
707	2098
707	2605
708	2588
708	2676
708	2685
709	738
709	919
709	1001
709	1190
709	1471
709	1673
709	1830
709	2460
710	1096
710	1228
710	1398
710	1449
710	1481
710	2719
711	849
711	904
711	1091
711	2272
711	2769
712	979
712	1177
712	1708
712	1895
712	2237
712	2685
713	811
713	2016
713	2891
713	2976
714	1017
714	1353
714	1759
714	1843
714	2594
715	884
715	998
715	1968
715	2319
715	2365
715	2796
716	789
716	1050
716	1247
716	2382
717	772
717	1106
717	1796
717	2003
718	729
718	1522
718	1697
719	1297
719	1983
720	1119
720	1397
720	1499
720	1807
720	2560
721	1114
721	1607
721	2121
721	2526
722	896
722	1302
723	864
723	1105
723	2059
724	908
724	920
724	2156
724	2290
725	988
726	790
726	975
726	1675
726	2549
727	760
727	816
727	1300
727	1722
727	1950
727	2827
728	927
728	1090
728	1207
728	1217
728	1332
728	1527
728	1871
728	2461
728	2492
729	917
729	1477
729	1877
729	2148
729	2160
729	2845
730	833
731	1346
731	1348
731	1513
731	2962
732	792
732	1084
732	1352
732	2034
732	2663
733	1216
733	1320
733	1505
733	2291
734	965
734	1679
735	1432
735	1989
735	2140
735	2368
735	2891
736	739
736	756
736	918
736	1110
736	1144
736	1706
737	878
737	988
737	1209
737	1223
737	1529
737	1928
737	2084
737	2494
738	1552
738	1669
738	1976
738	2024
738	2893
739	903
739	1048
739	1086
739	1256
739	1633
739	1654
740	830
740	1469
740	1973
741	832
741	1507
741	2766
741	2993
742	892
742	1149
742	1291
742	1431
742	1738
743	1249
743	1314
744	805
744	982
744	1401
744	2948
745	1768
746	804
746	937
746	952
746	1122
746	1967
746	2127
746	2388
747	754
747	838
747	1279
747	1500
747	1738
747	1815
747	1881
747	2447
748	1298
748	2181
748	2324
748	2656
749	807
749	2613
749	2954
750	775
750	844
750	1759
751	769
751	1103
751	1156
751	1215
752	882
752	1826
752	1960
752	2554
752	2608
753	1098
753	2532
754	1033
754	1192
754	2323
754	2640
755	1457
755	2208
756	1623
756	1653
756	2429
756	2921
757	1157
757	1264
757	1782
757	1954
758	1722
758	2921
759	793
759	1857
759	1894
760	809
760	997
760	1312
760	1644
760	2217
760	2877
760	2914
761	800
761	902
762	1158
762	1506
762	2421
763	855
763	1345
763	1492
763	1512
763	1876
763	2652
764	1824
764	1932
764	2292
764	2293
765	841
765	992
765	1678
765	1768
765	2453
766	831
766	915
766	931
766	1513
766	1542
766	1633
766	2540
767	845
767	921
767	1143
767	1723
767	2053
767	2180
767	2990
768	1012
768	1388
768	1617
768	1846
768	2361
769	1093
769	1332
769	1915
770	1769
770	1823
771	826
771	2072
772	879
772	1062
772	1438
772	1448
772	1498
772	1923
773	1073
774	900
774	941
774	1209
774	1429
774	1773
775	978
775	2261
775	2448
776	1024
776	1206
776	1339
776	1369
776	1766
777	794
777	1175
777	1854
777	2730
778	1030
778	1593
779	1073
779	1651
780	798
780	2964
781	1442
781	1661
781	1774
781	1809
781	2829
782	788
782	2224
782	2351
782	2548
782	2952
783	1065
783	1307
783	1341
783	1596
783	1703
783	1994
784	1230
784	1287
784	1444
784	1601
784	2435
784	2968
785	827
785	1101
785	1605
786	1051
786	1104
787	820
787	1436
788	846
788	1042
788	1411
788	1846
788	2302
789	834
789	1687
790	850
790	856
790	1021
790	1435
790	1820
790	1825
790	1889
790	2145
791	880
791	1843
791	2080
792	1172
792	1434
792	2394
793	1280
793	1916
793	2598
793	2955
794	1027
794	1399
794	1447
794	1503
794	1867
795	799
795	996
795	1041
795	1175
795	1461
795	1483
795	1518
795	1707
795	2067
796	979
796	1826
797	1325
797	1365
797	2018
797	2228
797	2512
798	905
798	956
798	1543
798	2564
799	1039
799	1096
799	1099
799	1715
799	2025
799	2144
799	2481
799	2850
800	838
800	876
800	1049
800	1179
800	1537
800	2372
801	822
801	964
801	1127
801	1384
801	1463
801	1543
801	2028
802	1147
802	2116
802	2298
802	2939
803	1721
803	2091
803	2953
804	871
804	1648
804	1893
804	2198
804	2385
805	969
805	1010
805	1239
805	1255
805	2245
805	2349
806	1252
806	1851
806	2101
806	2784
807	1283
807	2138
807	2331
807	2369
808	1258
808	1622
808	2143
809	822
809	1169
809	1287
809	2213
810	872
810	1197
810	1377
810	2135
810	2506
811	955
811	1106
811	1363
811	2041
812	983
812	1132
812	1720
812	2110
812	2347
812	2412
812	2582
813	1315
813	2072
814	965
814	1157
814	1291
814	1386
814	2274
815	1231
815	1426
815	1448
815	1540
815	2257
815	2734
815	2929
816	1100
816	1140
816	2406
816	2555
817	974
817	1027
817	1137
817	1510
817	1639
817	1705
817	2403
817	2775
818	822
818	1242
818	1946
818	2305
819	915
819	1915
820	866
820	1061
820	2570
821	1413
821	1619
821	2036
823	971
823	986
823	1310
823	1466
823	1880
823	1899
823	2241
823	2950
824	907
824	1024
824	1115
824	1512
824	1638
825	1083
825	1170
825	1587
826	1073
826	1199
826	1379
826	2171
826	2467
826	2800
827	1295
827	2028
827	2929
828	1608
828	2682
829	1146
829	2026
830	1171
830	1226
830	1249
830	1885
830	2457
830	2560
830	2677
831	1365
831	1381
832	925
832	1199
832	1206
832	2544
833	2037
833	2308
833	2599
834	1507
834	2267
834	2966
835	853
835	1809
835	1885
836	1093
836	1519
836	2072
836	2440
836	2543
836	2814
837	843
837	933
837	1121
837	1179
837	1692
838	1301
838	1395
838	2237
838	2375
839	971
839	1701
839	2310
840	1800
840	2778
840	2824
841	875
841	1204
841	1900
841	2778
842	862
842	1304
842	1496
842	1737
842	1895
842	2651
843	967
843	2079
843	2709
844	2173
844	2701
845	1046
845	1504
845	2528
846	1380
846	1497
846	1592
846	1791
848	1111
848	1121
848	1691
849	899
849	903
849	2941
850	980
850	1004
850	1011
850	1793
851	1189
851	1446
851	1996
851	2172
851	2425
852	1398
852	1615
852	2073
852	2438
853	869
853	888
853	1160
854	928
854	2158
855	1107
855	1683
856	975
856	2300
856	2851
857	980
857	2326
857	2343
858	1212
858	1333
858	1363
858	1393
858	1844
860	984
860	1571
860	1682
860	2106
861	1376
861	1515
861	2017
862	1996
862	2093
862	2475
862	2567
863	1029
863	1285
863	1781
864	894
864	1121
864	2107
864	2670
865	889
865	1028
865	1071
865	1508
865	1890
865	1926
866	1553
866	2443
867	1288
867	2263
867	2477
868	885
868	1209
868	1360
868	1541
868	1723
868	2927
869	1618
869	1808
869	2559
870	1125
870	1461
870	1902
870	2524
871	1529
871	1602
871	1675
871	1683
871	1719
871	1927
872	1270
872	1760
872	2335
873	960
873	1348
874	972
874	1372
874	1754
874	2603
875	1197
875	1422
875	1524
875	1606
875	1632
875	1674
876	1741
876	1748
876	2609
876	2678
876	2832
877	1123
877	1351
878	1968
878	2178
878	2396
879	1730
879	1793
879	2344
879	2496
879	2644
880	1013
880	1165
880	1317
880	1778
880	2987
881	1004
881	1159
881	1559
881	1667
881	1677
881	1838
882	1081
882	2398
882	2671
883	1064
883	1371
883	2446
883	2634
884	1032
884	1286
884	1884
884	2874
884	2915
886	1281
886	1523
886	1758
887	919
887	925
887	1026
887	1189
887	1376
888	973
888	1936
888	2387
888	2741
889	1346
889	1730
889	2357
889	2885
890	913
890	1008
890	1170
890	2290
890	2806
891	1142
891	1173
891	1939
891	2112
891	2419
891	2801
892	993
892	1550
893	1682
894	1703
894	1740
894	1794
894	1981
894	2725
895	940
895	979
895	1452
895	1569
895	1575
895	1602
895	1853
895	2150
895	2252
896	1020
896	1754
896	2468
897	1079
897	1812
897	1835
898	1033
898	1256
898	1279
898	1781
898	2354
898	2555
898	2805
899	2079
900	2496
900	2549
901	2551
901	2813
902	1390
902	1730
902	1734
902	1844
902	2313
903	990
903	1492
903	1963
903	2397
904	1432
904	1775
904	2192
904	2288
904	2862
905	1001
905	1415
905	1527
905	1755
905	1763
905	1866
905	2444
906	1540
906	2168
907	1026
907	1609
907	2028
908	1435
909	1531
909	1974
909	2121
909	2577
910	956
910	967
911	984
911	1090
911	1167
911	1336
911	1874
912	1026
912	1303
912	1681
912	1886
912	1991
912	2022
913	1425
913	1530
913	2665
913	2811
914	1214
914	1452
914	1761
914	2326
914	2506
915	1105
915	1494
916	931
916	1614
916	2030
916	2315
916	2644
916	2952
917	1034
917	2502
918	973
918	1037
918	2418
918	2574
919	1490
919	1753
919	2152
920	921
920	1051
920	1066
920	1641
921	1411
921	1541
921	1707
921	2398
921	2463
921	2521
922	2139
922	2341
923	1168
923	1175
923	1273
923	1553
923	2254
923	2480
925	1188
925	1503
925	1961
926	2856
927	1293
927	1385
927	1796
927	2797
928	952
928	1250
928	2862
929	954
929	1040
929	1136
929	2056
929	2145
929	2346
929	2553
930	1579
930	1752
930	2058
931	1547
931	1888
931	2252
931	2443
932	2376
932	2721
932	2801
933	1195
933	1584
933	1943
933	2013
934	1031
934	1445
935	958
935	1176
935	1364
935	1816
935	2051
935	2469
936	1128
936	1480
936	1811
936	1895
937	990
937	1049
937	1241
937	1917
937	2134
937	2142
938	1558
938	1687
938	1720
939	1130
939	1191
939	1337
939	1355
939	1692
939	1942
939	2943
940	1290
941	1158
941	2820
941	2894
942	970
942	1008
942	1019
942	1119
942	1650
942	1695
942	1781
942	1790
943	1599
943	1600
943	2315
944	1568
945	1052
945	1396
945	2355
945	2787
947	1323
947	1346
947	1748
947	2290
947	2412
948	1014
948	1036
948	1059
948	1738
948	2140
949	1530
949	2320
949	2746
950	1036
950	1906
950	2201
950	2466
951	1236
951	1700
952	1207
952	1806
952	1857
952	2991
953	1436
953	2728
954	1009
954	1853
954	2731
955	2003
955	2155
955	2424
955	2456
955	2781
955	2790
956	1445
956	1947
956	2506
956	2568
957	1407
957	1813
958	2351
958	2423
959	1060
959	1329
960	1148
960	1298
960	2149
961	1595
961	1752
961	1801
961	2616
961	2651
962	1286
963	1055
963	1207
963	2798
964	1210
964	1241
964	1489
964	1583
964	1860
964	1878
964	1949
964	2052
964	2083
964	2210
964	2338
964	2407
964	2633
965	1872
966	2292
967	1991
967	2031
967	2264
967	2825
968	1306
968	1838
968	2144
969	1606
969	2183
970	1596
970	2450
971	1301
971	1745
972	1368
972	1659
972	2933
973	1169
973	1322
973	1359
973	1431
973	1565
973	2030
973	2938
974	1097
974	1280
974	2089
974	2448
974	2628
975	1470
976	1361
976	1472
976	1525
976	1631
976	2023
976	2976
977	1289
977	1700
977	1751
978	1259
978	1433
978	1984
979	1071
979	1134
979	1162
979	1163
980	2690
981	1354
981	2432
982	1263
982	1510
982	1659
982	2486
983	2075
985	1326
985	1634
985	1889
985	2404
985	2459
986	1236
986	1980
986	2132
986	2254
986	2332
986	2761
987	1094
987	1098
987	1708
987	2186
987	2721
988	2128
988	2594
988	2841
989	1054
989	1213
989	1232
989	1421
989	2303
989	2380
989	2503
990	1007
990	2756
991	1118
991	1594
991	1724
991	2227
992	1343
993	1299
993	2299
994	1282
994	1450
994	1748
994	1901
995	1178
995	1320
995	1616
995	2611
996	1232
996	1391
996	1456
996	1511
996	2401
997	1007
997	1372
997	2171
997	2490
999	1433
999	1672
999	1683
999	2233
1000	2201
1000	2765
1001	1567
1001	1969
1001	2001
1001	2623
1002	1508
1002	1563
1002	1850
1003	1451
1004	1544
1004	1749
1004	2000
1004	2317
1005	1154
1005	1958
1006	1103
1006	1329
1006	1358
1006	1635
1006	2050
1006	2548
1006	2960
1007	1035
1007	1539
1007	1766
1007	2312
1008	1428
1008	1547
1008	1677
1008	2115
1009	1204
1009	1616
1009	1989
1010	1860
1010	2621
1010	2795
1011	1311
1011	2065
1013	1149
1013	1388
1013	2265
1014	1193
1014	2760
1014	2862
1015	1078
1015	2733
1016	1297
1016	1397
1016	1962
1016	2226
1016	2572
1017	1409
1018	2945
1019	1959
1019	2629
1020	1426
1020	2392
1021	2772
1021	2810
1022	1133
1022	1462
1022	1676
1022	1768
1022	1834
1022	1985
1022	2277
1022	2700
1023	1065
1023	1794
1023	2621
1024	2405
1024	2455
1025	1317
1025	1728
1025	1879
1025	2641
1026	1740
1026	1792
1026	1828
1026	2386
1027	1490
1027	2531
1028	2052
1028	2341
1028	2885
1029	1056
1029	1528
1029	2164
1029	2288
1029	2377
1030	1055
1030	1185
1030	1231
1030	1548
1030	1605
1030	1903
1030	2159
1031	1117
1031	1195
1031	1242
1031	2262
1032	1500
1032	2444
1033	1077
1033	2054
1033	2220
1033	2284
1034	1308
1034	1624
1034	2495
1034	2969
1035	1039
1035	1245
1035	2033
1035	2282
1035	2660
1036	1875
1036	1998
1036	2058
1037	2961
1038	1222
1038	1681
1038	1682
1038	2519
1038	2911
1039	1084
1039	1259
1039	2058
1039	2392
1040	1668
1040	1803
1040	2342
1041	1249
1041	1883
1041	2117
1042	2460
1043	1298
1043	1663
1043	1827
1043	2032
1043	2325
1043	2362
1043	2740
1044	1136
1044	1246
1044	1580
1044	1879
1044	2336
1044	2969
1045	2321
1046	1383
1046	1424
1046	1466
1046	2088
1046	2422
1046	2735
1047	1251
1047	2504
1048	1391
1048	1581
1048	2131
1048	2364
1049	1304
1049	2011
1049	2696
1050	1979
1050	2844
1051	1289
1051	2977
1052	1157
1052	1247
1052	1279
1052	2857
1053	2153
1053	2743
1054	1261
1054	2095
1054	2543
1055	1421
1055	1585
1055	2498
1056	1886
1057	1211
1057	1593
1058	1262
1058	1625
1059	1841
1059	2043
1060	1564
1060	1929
1060	2095
1061	2114
1061	2140
1061	2301
1062	1322
1062	2466
1062	2683
1063	1153
1063	1473
1063	2311
1063	2736
1064	1097
1064	2524
1065	1497
1065	1552
1066	1719
1066	1847
1066	2411
1067	1120
1067	1549
1068	1366
1068	2429
1069	1455
1069	2164
1069	2529
1069	2609
1069	2657
1070	1414
1070	1867
1070	1913
1071	1379
1071	1592
1071	1936
1071	2276
1072	1368
1072	1644
1072	2235
1073	1813
1073	2006
1074	1352
1074	1645
1074	2603
1075	1253
1075	1288
1075	1303
1075	1927
1075	2190
1075	2271
1075	2367
1075	2397
1075	2878
1075	2950
1076	2585
1077	1080
1078	1684
1078	2496
1079	1842
1079	2448
1079	2577
1079	2762
1080	1215
1081	2932
1082	1672
1082	1760
1082	1829
1082	1869
1083	2672
1084	1252
1084	2785
1086	1090
1086	1233
1086	2193
1086	2356
1086	2673
1087	1229
1087	1615
1088	1139
1088	1307
1088	1486
1088	1643
1088	1779
1088	2798
1089	1931
1089	1964
1090	1190
1090	1422
1090	1726
1091	1554
1091	1584
1091	1655
1091	2254
1092	1338
1092	1972
1093	1193
1093	1211
1093	2517
1093	2852
1093	2931
1094	1206
1094	1319
1094	1333
1094	1597
1094	2657
1094	2907
1095	1102
1095	1123
1095	1538
1095	2176
1095	2541
1096	1476
1096	1696
1097	1246
1097	2857
1098	1234
1098	1267
1098	2142
1099	1256
1099	1294
1099	1898
1099	2096
1099	2382
1099	2399
1099	2581
1100	1669
1100	2735
1101	1116
1101	2353
1101	2791
1102	1250
1102	1310
1102	1618
1102	2010
1102	2837
1103	1242
1103	1314
1103	1457
1103	1965
1103	2225
1104	1910
1105	1226
1105	1259
1105	1512
1105	1786
1105	2328
1105	2929
1105	2954
1106	1233
1106	1785
1106	2564
1106	2662
1107	1500
1107	1874
1107	2061
1107	2372
1107	2413
1108	1208
1109	1431
1109	2959
1110	2503
1110	2815
1111	1488
1111	1691
1111	1909
1111	2582
1111	2912
1112	1924
1112	2447
1113	1812
1113	1830
1114	1375
1114	2629
1115	1144
1115	1213
1116	1465
1117	1186
1117	1795
1117	1856
1118	1452
1118	1465
1118	2088
1118	2166
1119	1138
1119	1396
1120	1378
1120	1712
1120	1731
1120	2786
1121	1183
1121	1642
1121	1872
1121	2004
1121	2811
1122	1536
1122	1974
1123	1176
1123	2277
1124	2005
1125	1564
1126	1508
1127	1904
1128	1238
1128	1517
1128	1568
1128	2177
1128	2490
1128	2663
1129	1488
1129	2019
1129	2865
1130	1143
1130	1611
1130	1775
1131	2674
1132	1458
1132	1819
1132	1896
1132	1960
1132	2019
1133	1212
1133	2230
1133	2798
1134	1471
1134	1640
1135	1137
1135	1239
1135	2268
1136	1460
1136	1669
1137	1514
1137	2380
1138	2459
1139	1787
1139	2550
1140	2116
1141	2189
1141	2266
1141	2682
1141	2980
1142	1965
1142	2076
1143	1963
1143	2327
1143	2802
1144	1159
1144	1391
1144	1392
1144	1561
1144	2360
1144	2489
1145	1248
1145	1446
1145	1749
1146	1963
1146	2742
1147	1188
1147	1776
1148	1851
1148	2329
1149	1285
1149	1341
1149	1870
1149	2449
1149	2766
1150	2359
1150	2698
1151	1282
1151	1628
1152	1388
1152	1809
1152	2965
1153	1226
1153	1257
1153	1293
1153	1552
1153	1557
1154	1340
1154	1503
1155	1205
1155	1717
1155	2086
1155	2591
1156	1464
1156	2138
1156	2587
1156	2711
1156	2763
1156	2867
1159	1553
1159	1791
1160	1227
1160	2858
1161	1533
1161	2103
1161	2500
1161	2507
1162	2153
1163	1328
1163	1689
1163	2909
1164	2011
1164	2429
1165	1214
1165	1430
1165	1583
1165	1693
1165	2194
1165	2968
1166	1951
1166	2077
1166	2175
1166	2321
1167	1469
1167	1657
1167	2221
1167	2923
1168	2291
1168	2487
1168	2495
1169	1272
1169	1394
1169	1972
1170	2524
1171	2102
1172	1273
1172	1587
1172	1612
1172	1641
1172	1981
1172	2781
1173	1228
1173	1339
1173	2654
1174	2022
1175	1666
1175	1737
1175	1921
1176	1313
1176	1603
1176	1604
1176	2516
1176	2904
1176	2936
1177	1296
1177	1526
1177	1829
1177	2874
1178	1732
1178	2922
1179	2622
1179	2712
1180	2314
1181	1641
1182	1839
1182	2104
1183	1509
1183	1521
1183	2764
1184	1369
1184	2286
1185	1310
1185	1385
1185	1521
1185	1826
1186	1349
1186	1903
1186	1971
1188	2282
1188	2999
1190	1742
1190	1778
1190	2015
1190	2216
1190	2349
1190	2426
1190	2692
1190	2843
1191	1771
1192	1223
1192	1283
1192	1285
1192	1381
1193	2708
1194	1402
1195	1305
1195	2009
1195	2154
1195	2331
1195	2355
1195	2926
1196	1931
1196	2632
1196	2937
1198	2711
1198	2946
1199	1859
1199	1878
1199	2469
1199	2550
1199	2980
1200	2095
1201	1336
1201	2319
1203	1393
1203	1859
1203	1900
1203	2297
1203	2717
1204	1363
1204	2070
1204	2190
1204	2365
1204	2868
1205	1227
1206	1613
1206	1822
1206	2008
1207	1420
1207	1599
1208	1440
1208	1469
1208	1501
1208	1980
1208	2192
1209	1244
1209	2660
1210	1261
1210	2897
1211	1244
1211	1544
1211	1858
1212	1636
1212	1645
1212	2029
1213	1546
1213	1666
1213	1712
1213	1871
1213	2802
1214	1270
1214	2488
1215	1316
1215	2239
1216	1441
1216	1587
1216	2307
1216	2358
1216	2520
1217	2115
1217	2820
1218	2335
1219	2517
1221	1334
1221	1833
1221	2193
1222	2707
1223	2693
1223	2860
1223	2864
1224	1620
1224	1783
1224	2320
1225	2542
1226	1339
1226	1628
1226	1923
1226	2725
1227	1403
1227	2360
1228	1554
1228	1852
1228	1930
1229	1260
1229	1651
1230	2521
1232	1294
1232	1330
1232	2779
1233	1899
1233	2047
1234	2770
1235	1460
1235	1479
1235	2334
1235	2488
1236	1325
1236	1755
1236	2372
1237	1427
1237	2383
1237	2420
1237	2461
1237	2945
1238	1243
1238	1711
1238	2350
1239	1318
1239	2068
1239	2086
1239	2146
1239	2754
1241	1402
1241	1418
1241	1726
1241	2353
1242	1971
1242	2044
1242	2147
1243	1925
1243	2576
1244	1308
1245	2104
1245	2575
1245	2762
1245	2904
1246	2008
1247	1429
1247	1669
1247	2200
1248	2249
1249	1389
1249	1592
1250	2089
1250	2420
1250	2452
1250	2519
1251	1524
1251	1527
1251	2817
1251	2926
1252	1447
1252	1662
1252	2003
1252	2063
1253	2507
1253	2876
1254	1893
1254	2061
1255	1484
1255	1901
1255	2604
1256	1265
1256	1354
1256	1602
1256	2789
1257	1414
1257	2056
1257	2128
1259	1347
1259	1471
1259	2780
1260	2510
1260	2516
1261	1342
1261	1439
1261	1535
1261	2270
1262	1270
1262	1721
1262	1859
1262	2941
1263	1529
1263	1986
1263	2391
1267	2499
1267	2530
1267	2879
1268	2060
1268	2172
1269	1419
1269	1560
1270	1350
1270	2046
1271	1405
1271	2232
1271	2240
1271	2814
1272	1276
1272	1357
1272	2092
1272	2100
1273	1978
1273	2964
1274	1965
1275	2045
1276	1745
1276	2712
1277	1278
1277	1359
1277	1405
1277	1906
1277	2416
1277	2773
1278	1331
1278	1378
1278	1413
1278	1718
1278	2348
1279	1301
1279	1404
1279	1763
1279	2485
1280	1626
1280	2673
1281	2596
1281	2815
1281	2954
1281	3000
1282	1774
1282	2059
1282	2143
1283	1379
1283	2843
1284	1300
1284	1605
1284	1820
1284	1890
1285	1604
1285	2274
1285	2447
1286	1287
1287	1443
1287	1564
1287	1978
1287	2348
1289	1462
1289	2557
1289	2775
1290	1938
1291	1665
1291	1880
1291	2374
1291	2669
1293	1810
1293	1861
1293	2151
1294	1946
1294	1961
1294	2134
1294	2734
1295	1520
1296	1299
1296	1366
1296	2509
1297	2704
1297	2975
1298	1465
1298	1478
1298	1580
1298	1601
1298	2497
1298	2519
1298	2963
1299	1606
1299	1699
1299	1704
1299	2515
1300	1374
1300	1436
1300	1588
1300	1637
1300	1665
1300	2191
1301	2462
1301	2699
1302	1395
1302	1649
1302	2582
1302	2648
1303	1389
1303	1999
1303	2105
1303	2692
1305	2462
1305	2484
1305	2836
1306	1611
1306	1821
1307	1478
1307	2632
1308	1693
1308	2924
1309	1840
1309	1950
1309	2229
1310	1501
1310	1654
1310	2183
1311	1312
1311	1885
1311	2620
1312	1484
1312	1800
1312	1972
1312	2830
1313	1563
1313	1811
1313	1926
1315	1353
1316	1383
1316	2369
1316	2376
1317	1659
1318	1365
1318	1483
1318	1584
1318	2729
1318	2956
1319	1549
1319	2788
1320	2020
1320	2917
1321	1745
1321	2050
1321	2114
1321	2205
1321	2323
1322	1373
1322	2942
1323	1639
1323	1934
1323	2083
1323	2181
1324	1477
1324	1755
1324	1764
1325	2344
1325	2493
1326	1408
1326	1428
1326	1439
1326	1607
1327	1578
1327	1863
1327	2211
1327	2767
1327	2803
1327	2863
1329	1401
1329	1523
1329	1648
1329	2414
1330	1502
1330	1810
1330	2066
1331	1718
1331	2182
1331	2470
1332	1894
1332	2039
1333	2227
1333	2975
1334	1575
1334	1946
1335	1630
1335	2462
1335	2639
1336	1824
1336	2369
1337	1375
1337	1836
1337	2259
1338	1345
1338	1623
1338	1698
1338	2241
1338	2260
1338	2306
1340	2703
1340	2784
1341	1359
1342	2111
1342	2605
1343	1610
1343	2473
1344	1482
1344	1761
1344	1833
1344	2479
1345	2017
1345	2099
1345	2209
1345	2685
1346	1849
1346	2070
1346	2087
1346	2174
1347	1632
1347	1772
1347	2081
1347	2273
1348	1435
1348	1542
1348	1954
1349	1367
1350	2212
1350	2264
1350	2707
1351	1415
1351	1621
1351	1653
1351	2538
1351	2560
1352	1404
1352	1721
1352	2703
1353	2216
1354	1484
1354	1492
1355	2202
1355	2632
1356	2042
1357	2600
1358	1517
1359	2449
1360	1684
1360	1743
1360	2645
1360	2758
1361	1486
1361	1624
1361	1709
1361	2310
1361	2856
1362	2047
1362	2536
1362	2601
1362	2692
1362	2847
1363	2211
1363	2740
1364	1648
1364	1810
1365	1470
1365	1643
1365	2014
1365	2231
1365	2642
1366	1440
1366	2126
1366	2721
1367	1952
1367	2134
1369	1705
1369	2265
1370	1532
1370	1670
1370	1894
1370	2306
1370	2745
1371	1613
1371	2514
1372	2078
1372	2646
1372	2689
1373	1449
1374	1677
1374	2190
1374	2530
1375	1416
1376	2041
1377	1591
1377	1699
1377	1909
1378	1416
1378	1491
1378	2568
1379	1403
1379	2046
1380	1453
1381	1419
1381	1461
1381	1828
1382	1934
1383	1702
1383	1889
1384	1423
1384	1572
1384	1978
1385	1671
1385	2694
1385	2978
1386	1624
1386	1717
1386	1873
1386	1882
1387	1525
1387	1539
1387	2695
1387	2989
1388	1574
1389	1598
1389	1710
1390	2040
1391	2069
1392	2848
1393	2690
1393	2869
1394	1488
1394	1589
1394	2233
1396	1612
1396	2246
1396	2475
1396	2839
1397	1613
1398	1590
1398	2415
1399	1828
1399	2220
1400	1522
1400	2123
1400	2415
1401	2005
1403	2518
1404	2007
1405	2435
1406	1986
1407	2092
1409	1664
1409	1770
1409	1805
1409	2215
1409	2379
1411	2572
1411	2775
1412	1741
1413	2339
1414	2250
1414	2579
1414	2715
1414	2720
1415	1870
1415	2408
1415	2824
1415	2957
1417	1671
1417	1955
1418	2384
1419	1771
1419	2552
1419	2783
1420	1493
1420	1591
1420	1610
1420	2818
1420	2948
1421	2313
1422	2381
1422	2452
1423	1597
1425	1571
1425	1655
1425	1690
1425	2515
1426	1588
1426	1957
1426	2870
1427	1455
1428	1577
1428	2400
1428	2402
1428	2428
1429	1658
1429	2460
1431	2886
1433	2734
1434	1472
1434	2614
1435	1686
1435	2697
1436	2215
1436	2451
1437	1551
1437	1596
1438	2060
1439	1779
1439	1892
1440	1818
1441	1562
1441	1729
1441	2322
1443	1798
1443	2249
1444	2065
1444	2075
1444	2486
1445	1450
1445	2789
1446	1450
1446	1551
1446	1715
1446	2682
1446	2728
1446	2859
1447	2402
1448	2733
1449	1511
1449	1765
1449	2139
1449	2609
1450	1461
1450	1506
1450	1862
1450	2064
1450	2653
1450	2879
1452	2062
1452	2275
1452	2571
1452	2902
1453	1543
1453	1713
1453	1717
1453	1912
1453	2699
1454	2315
1455	1625
1455	2150
1458	2197
1458	2480
1461	2558
1462	2188
1463	2419
1463	2961
1464	1502
1464	1736
1465	1672
1465	2054
1465	2080
1465	2508
1465	2917
1466	1827
1466	2015
1466	2325
1466	2463
1467	2008
1467	2228
1467	2512
1468	1661
1468	2152
1468	2250
1468	2361
1468	2437
1469	1670
1469	1680
1469	1816
1469	2749
1469	2820
1469	2888
1470	1834
1470	2364
1471	1674
1471	2464
1473	1854
1473	2309
1473	2816
1475	1817
1475	2478
1476	1822
1476	1951
1476	2000
1477	1637
1477	1704
1477	2483
1478	1521
1478	2750
1479	2377
1480	1866
1481	1695
1481	2295
1481	2333
1481	2643
1483	1914
1484	1577
1484	1651
1484	1903
1485	1660
1485	1767
1485	2965
1486	1736
1486	2117
1486	2658
1487	1703
1487	2179
1487	2515
1488	1685
1488	1987
1488	2135
1489	1614
1490	1970
1491	1943
1491	2426
1492	2901
1493	2004
1493	2833
1494	1718
1494	1871
1494	2166
1495	1848
1496	1709
1496	2512
1496	2634
1497	1728
1497	2202
1497	2474
1497	2892
1498	1612
1498	1780
1498	2752
1499	2013
1499	2153
1499	2626
1500	1535
1501	2470
1501	2893
1501	2981
1502	1780
1503	1569
1503	1579
1503	1676
1503	2314
1503	2376
1504	1595
1504	2967
1504	2979
1505	1969
1506	2339
1506	2871
1508	2476
1509	2542
1510	2096
1511	1948
1511	2043
1511	2903
1512	2036
1512	2586
1512	2702
1513	1769
1513	1850
1513	2738
1514	1966
1517	2416
1518	2768
1519	1921
1519	2737
1519	2969
1520	1918
1520	2523
1520	2702
1520	2886
1521	1832
1521	2827
1522	1673
1522	1783
1522	2658
1522	2972
1523	2094
1523	2794
1525	1603
1526	2152
1527	2647
1527	2808
1528	1901
1529	1891
1529	2274
1530	1559
1530	1609
1531	2565
1531	2921
1532	2427
1534	2155
1534	2478
1535	1790
1537	1782
1537	2418
1538	1701
1538	2007
1538	2389
1539	1789
1539	2269
1539	2680
1540	1946
1541	1561
1541	2022
1541	2035
1541	2395
1541	2419
1541	2737
1543	1918
1543	2030
1543	2132
1544	2590
1545	2542
1547	2106
1548	1880
1548	2269
1548	2782
1549	1995
1549	2657
1551	1681
1551	2693
1551	2821
1552	1656
1552	2081
1553	1974
1553	2181
1553	2186
1554	2123
1555	2161
1555	2241
1555	2324
1555	2424
1555	2445
1556	1632
1556	2255
1556	2849
1557	1937
1557	1940
1557	2245
1558	1571
1558	2464
1558	2737
1560	2078
1561	1777
1561	1791
1561	2422
1561	2439
1561	2881
1564	1804
1564	2061
1564	2163
1565	1872
1565	1911
1566	1761
1566	1881
1566	1922
1566	2819
1567	2691
1568	1696
1568	1790
1568	1817
1568	2081
1568	2146
1568	2149
1569	2223
1569	2584
1570	1954
1571	2629
1571	2755
1572	1941
1572	2199
1572	2934
1573	2031
1574	2176
1574	2525
1574	2971
1575	1916
1575	2602
1575	2727
1576	1775
1576	2937
1577	2284
1577	2666
1577	2701
1577	2806
1578	2229
1578	2467
1579	1747
1579	2222
1579	2371
1580	1744
1580	2199
1580	2425
1580	2791
1581	1933
1582	1698
1583	1629
1583	1800
1583	2048
1583	2613
1584	2610
1585	2520
1585	2978
1587	1785
1587	2074
1587	2573
1588	1725
1588	1756
1588	2975
1588	2988
1589	1635
1589	1687
1589	1705
1589	2128
1589	2173
1589	2183
1589	2185
1589	2617
1590	1823
1590	2010
1590	2035
1590	2539
1590	2709
1591	1603
1591	2407
1592	1656
1592	2816
1593	1925
1593	1981
1593	2033
1595	2057
1595	2094
1595	2133
1595	2295
1595	2436
1596	2363
1597	2066
1597	2317
1598	2666
1598	2691
1600	1804
1601	2514
1601	2717
1602	2155
1602	2830
1604	1864
1604	1986
1604	2214
1605	1806
1605	2465
1608	2793
1608	2850
1611	1797
1611	2049
1611	2422
1612	2103
1612	2432
1612	2446
1612	2752
1613	1631
1613	1750
1613	1789
1613	1926
1613	2024
1614	2129
1615	1861
1615	2091
1615	2455
1616	1664
1616	1792
1616	2046
1616	2454
1617	2230
1618	2740
1618	2984
1620	1842
1620	1861
1620	1908
1620	2177
1621	1830
1621	1991
1621	2581
1622	2849
1622	2879
1623	1832
1624	1634
1624	2160
1624	2294
1625	1737
1626	1727
1626	2244
1626	2469
1628	2124
1628	2204
1629	1916
1630	2151
1630	2925
1630	2927
1631	1757
1631	2718
1632	2198
1632	2593
1632	2628
1633	2326
1633	2818
1633	2830
1636	1988
1637	1706
1637	2002
1637	2050
1637	2087
1637	2732
1637	2753
1638	2805
1638	2870
1639	1865
1639	2318
1639	2410
1640	1827
1641	2135
1641	2622
1642	1823
1642	2596
1642	2687
1643	2389
1643	2930
1644	1763
1644	2481
1645	1960
1645	2760
1646	2302
1647	2667
1647	2986
1648	2420
1649	2212
1649	2236
1650	2571
1651	1936
1651	2680
1651	2815
1652	1975
1653	1870
1654	2997
1655	2111
1655	2445
1656	2051
1656	2914
1657	1760
1659	1758
1659	2347
1659	2922
1660	2587
1661	2720
1661	2791
1662	1801
1662	2074
1663	1740
1664	2025
1665	1898
1665	2626
1665	2991
1666	1942
1666	2398
1667	2573
1667	2659
1667	2743
1667	2790
1668	2482
1669	1769
1669	1945
1669	2318
1670	2630
1671	1694
1671	2203
1671	2205
1671	2605
1672	2527
1673	1853
1673	2171
1673	2235
1673	2459
1674	1939
1676	2098
1676	2896
1678	2213
1679	2258
1679	2401
1680	1961
1680	2304
1681	2768
1682	1891
1682	2291
1682	2385
1682	2804
1683	2390
1683	2646
1684	2005
1684	2044
1685	2125
1686	1753
1687	1987
1687	2628
1688	2126
1688	2162
1688	2514
1688	2728
1689	2021
1690	1834
1690	1844
1690	1867
1690	1868
1691	1855
1691	1866
1691	1911
1691	2099
1692	1831
1692	2300
1692	2638
1693	1942
1693	1962
1693	2247
1693	2289
1694	1714
1694	1993
1694	2076
1694	2120
1694	2191
1694	2656
1695	2508
1696	2300
1697	1910
1697	2251
1697	2294
1697	2972
1698	1794
1699	1727
1699	2546
1700	1802
1701	2371
1701	2554
1701	2558
1701	2970
1702	2651
1703	1951
1703	2237
1703	2601
1704	2872
1707	1839
1707	2091
1707	2476
1708	1797
1708	2747
1708	2774
1709	2904
1710	1967
1710	2197
1710	2591
1711	1858
1711	2356
1712	2776
1713	2283
1714	1922
1714	2831
1715	1812
1715	2722
1717	1798
1717	2020
1717	2482
1718	1976
1718	2405
1719	1865
1719	2505
1719	2750
1719	2994
1720	1944
1720	2406
1720	2603
1720	2689
1720	2704
1720	2851
1722	1930
1722	1955
1722	1971
1722	2012
1723	1805
1723	2913
1724	1970
1724	1984
1724	2434
1726	2278
1726	2474
1726	2821
1727	2241
1727	2417
1727	2711
1729	1799
1729	1902
1729	2622
1730	2107
1730	2732
1731	1806
1731	2158
1732	1747
1732	1749
1732	2111
1732	2346
1733	2129
1734	2077
1736	2390
1737	1771
1737	2303
1737	2491
1737	2552
1737	2556
1737	2666
1738	2105
1739	2985
1740	1993
1740	2176
1740	2465
1740	2679
1741	2041
1741	2583
1742	2163
1742	2312
1742	2446
1743	2193
1743	2799
1746	2233
1746	2578
1749	2292
1749	2395
1750	2267
1752	2297
1753	2011
1753	2287
1753	2794
1754	1928
1754	2842
1755	2907
1756	2204
1756	2374
1756	2618
1756	2953
1758	2724
1759	1873
1759	2949
1761	2444
1762	2259
1763	2557
1763	2925
1764	2228
1764	2637
1765	1837
1765	1988
1765	2109
1766	1911
1766	2337
1766	2626
1767	2624
1768	2353
1768	2641
1769	1784
1770	1888
1771	2068
1771	2667
1771	2977
1772	2900
1773	2109
1774	2383
1774	2433
1776	2763
1777	2143
1777	2370
1777	2600
1777	2835
1777	2892
1779	2294
1781	1811
1781	1917
1781	2167
1781	2705
1782	2909
1783	2953
1784	2854
1785	2259
1785	2732
1787	1921
1787	2884
1788	2223
1788	2541
1790	2220
1790	2767
1791	2218
1791	2273
1792	1992
1792	2076
1792	2299
1796	2094
1797	1878
1799	1931
1799	2359
1800	2224
1803	1935
1804	2175
1804	2996
1805	2209
1805	2951
1806	2088
1806	2410
1807	2451
1808	1892
1808	2647
1809	2361
1809	2569
1811	2573
1812	2421
1812	2565
1813	1875
1813	2223
1813	2689
1816	1966
1817	2310
1817	2467
1818	2349
1818	2365
1819	2266
1820	2362
1821	2946
1822	2599
1822	2800
1823	2064
1823	2652
1824	1863
1824	2329
1824	2409
1824	2532
1824	2684
1826	2194
1826	2714
1827	2027
1827	2389
1827	2876
1827	2914
1828	2597
1829	2659
1830	2733
1831	2239
1833	2038
1834	1996
1834	2722
1834	2865
1835	2597
1836	2990
1838	1874
1838	2133
1839	2339
1840	2947
1841	1992
1841	2312
1841	2847
1842	2117
1843	2276
1845	2494
1846	2441
1847	2454
1847	2779
1848	2085
1848	2226
1851	1890
1851	2167
1851	2208
1851	2279
1852	2354
1852	2906
1853	2280
1854	2465
1854	2773
1855	2556
1856	2472
1857	2130
1857	2170
1859	2178
1859	2381
1859	2430
1860	2032
1860	2308
1860	2751
1861	1884
1861	2503
1863	2832
1863	2873
1864	1940
1865	2065
1865	2321
1865	2449
1865	2456
1868	2273
1868	2511
1869	1876
1870	1929
1870	1950
1871	1993
1872	2387
1873	2243
1874	1904
1875	2136
1875	2253
1876	2616
1877	2438
1878	2203
1879	1933
1879	2116
1880	2231
1880	2686
1882	2179
1883	2129
1884	2528
1885	1958
1886	2393
1886	2695
1887	2240
1888	2428
1889	2382
1890	2167
1890	2534
1890	2716
1891	2093
1891	2943
1892	2101
1893	1897
1893	2586
1893	2601
1894	2019
1894	2150
1894	2258
1895	2325
1896	2468
1897	1937
1897	2551
1897	2738
1898	1997
1898	2127
1899	2144
1900	2136
1900	2227
1901	2097
1901	2840
1904	2473
1905	1910
1906	2172
1906	2269
1907	2034
1908	2896
1909	2048
1911	2513
1911	2748
1912	1913
1913	2597
1913	2808
1914	2521
1914	2916
1915	2289
1916	2375
1916	2383
1916	2523
1916	2796
1916	2835
1916	2887
1917	2015
1917	2062
1919	2345
1919	2852
1920	2096
1920	2263
1920	2404
1920	2696
1922	2018
1922	2196
1923	2187
1924	2873
1925	2210
1925	2869
1926	2255
1926	2974
1928	2014
1928	2530
1928	2663
1928	2918
1929	2108
1931	2162
1931	2323
1931	2756
1931	2829
1932	1948
1932	2743
1932	2779
1932	2986
1935	2082
1935	2880
1936	2033
1936	2067
1939	2384
1939	2540
1940	1964
1940	2049
1940	2244
1940	2580
1941	2491
1942	2333
1942	2575
1942	2853
1943	2582
1944	2660
1945	2380
1947	1982
1948	2594
1950	2127
1951	2592
1952	2224
1952	2236
1952	2871
1952	2884
1953	2044
1953	2256
1953	2378
1953	2864
1954	2123
1954	2764
1955	2688
1955	2748
1955	2963
1956	2938
1959	2340
1959	2739
1960	2110
1960	2196
1961	2063
1961	2716
1961	2966
1962	2491
1963	2322
1963	2328
1963	2796
1964	1989
1964	2723
1965	2771
1966	1979
1967	1973
1967	2163
1969	2553
1969	2783
1969	2863
1969	2889
1971	2911
1976	2197
1976	2200
1976	2584
1976	2899
1977	2993
1978	2002
1978	2613
1979	1982
1979	2182
1979	2453
1980	2736
1981	2804
1982	2510
1984	2852
1984	2916
1986	2022
1986	2488
1986	2841
1987	2130
1987	2627
1988	2043
1989	2673
1991	2621
1992	2194
1993	2928
1996	2345
1997	2620
1998	2104
1998	2156
1998	2314
1998	2327
1998	2548
1999	2071
1999	2458
2001	2288
2002	2145
2002	2423
2005	2863
2006	2672
2007	2107
2007	2342
2007	2566
2007	2940
2009	2853
2010	2327
2011	2501
2011	2636
2012	2045
2012	2205
2012	2298
2013	2216
2016	2388
2018	2281
2018	2575
2019	2131
2020	2084
2020	2357
2020	2373
2021	2714
2022	2505
2023	2303
2023	2527
2023	2710
2023	2772
2026	2438
2028	2764
2029	2089
2031	2035
2031	2951
2032	2052
2033	2238
2033	2982
2034	2759
2036	2381
2038	2792
2038	2828
2039	2668
2040	2057
2040	2368
2042	2516
2043	2509
2047	2604
2047	2834
2049	2735
2050	2189
2051	2347
2051	2619
2051	2799
2051	2877
2053	2226
2054	2338
2054	2674
2055	2119
2055	2416
2055	2418
2055	2568
2056	2980
2057	2345
2058	2204
2059	2218
2059	2251
2060	2555
2060	2943
2061	2124
2061	2261
2065	2742
2065	2810
2066	2287
2068	2760
2069	2260
2069	2316
2069	2484
2069	2566
2073	2463
2076	2659
2077	2640
2078	2433
2079	2606
2080	2379
2080	2464
2082	2486
2084	2615
2085	2539
2085	2970
2087	2100
2087	2367
2087	2688
2088	2090
2088	2336
2089	2242
2089	2614
2090	2179
2090	2681
2091	2526
2091	2578
2093	2148
2094	2671
2095	2295
2097	2275
2098	2894
2100	2461
2100	2681
2102	2198
2104	2343
2108	2240
2108	2616
2108	2920
2109	2919
2115	2408
2115	2553
2117	2557
2117	2719
2118	2580
2118	2637
2118	2983
2122	2285
2123	2471
2125	2955
2126	2137
2126	2665
2127	2256
2127	2590
2128	2281
2128	2782
2129	2933
2130	2331
2131	2534
2132	2638
2132	2656
2133	2535
2133	2595
2133	2881
2134	2507
2135	2606
2136	2996
2137	2192
2138	2169
2138	2178
2138	2930
2139	2972
2140	2242
2144	2744
2144	2926
2145	2777
2146	2330
2147	2268
2149	2498
2150	2563
2152	2803
2154	2184
2154	2214
2156	2437
2156	2610
2156	2987
2159	2409
2160	2393
2161	2561
2163	2316
2166	2736
2168	2238
2168	2702
2169	2477
2169	2620
2170	2939
2171	2612
2171	2645
2175	2440
2175	2537
2175	2810
2176	2337
2176	2342
2176	2844
2177	2500
2178	2920
2180	2574
2181	2238
2182	2546
2183	2472
2185	2584
2186	2253
2186	2897
2186	2933
2187	2334
2187	2887
2188	2232
2188	2322
2188	2433
2189	2559
2190	2982
2192	2207
2193	2931
2195	2225
2196	2544
2199	2268
2202	2932
2203	2761
2203	2804
2203	2949
2205	2883
2206	2822
2206	2973
2207	2356
2207	2442
2213	2731
2216	2908
2217	2272
2219	2713
2221	2845
2222	2826
2224	2253
2226	2923
2228	2332
2230	2297
2230	2985
2231	2703
2232	2919
2233	2722
2233	2807
2234	2645
2235	2994
2236	2414
2237	2939
2241	2534
2241	2742
2241	2819
2245	2414
2245	2528
2245	2884
2246	2475
2248	2562
2248	2777
2249	2377
2250	2286
2250	2923
2251	2797
2252	2403
2252	2843
2253	2795
2256	2510
2256	2562
2257	2598
2258	2529
2260	2550
2263	2751
2268	2343
2268	2912
2268	2979
2275	2351
2275	2513
2276	2499
2276	2683
2277	2588
2278	2630
2279	2999
2280	2293
2282	2480
2282	2741
2282	2750
2282	2973
2285	2674
2286	2715
2287	2749
2291	2752
2293	2430
2295	2745
2297	2990
2298	2313
2299	2561
2305	2670
2305	2751
2306	2767
2306	2869
2309	2958
2310	2482
2310	2563
2313	2582
2314	2891
2315	2765
2316	2571
2317	2881
2318	2495
2319	2681
2319	2834
2322	2399
2322	2627
2324	2807
2326	2694
2327	2664
2329	2401
2329	2823
2331	2476
2331	2485
2331	2567
2332	2780
2333	2917
2337	2366
2339	2428
2340	2404
2340	2940
2341	2494
2343	2478
2343	2744
2346	2395
2348	2669
2348	2982
2349	2562
2351	2661
2351	2962
2358	2866
2359	2413
2360	2558
2361	2450
2362	2470
2362	2640
2362	2730
2362	2797
2362	2855
2363	2753
2363	2824
2365	2813
2367	2441
2371	2431
2372	2545
2373	2595
2373	2799
2373	2836
2374	2619
2374	2883
2375	2889
2378	2583
2381	2531
2381	2759
2383	2431
2383	2653
2383	2833
2384	2693
2386	2532
2388	2630
2388	2794
2390	2697
2394	2547
2394	2592
2394	2959
2394	2973
2396	2631
2399	2409
2401	2675
2401	2790
2402	2792
2406	2570
2407	2960
2409	2561
2410	2614
2410	2745
2416	2908
2418	2763
2418	2812
2419	2920
2421	2662
2423	2552
2425	2540
2426	2996
2427	2998
2429	2684
2429	2928
2431	2997
2432	2955
2433	2639
2433	2899
2435	2825
2435	2859
2436	2623
2438	2654
2439	2846
2440	2655
2442	2710
2445	2789
2447	2854
2448	2747
2448	2787
2448	2846
2448	2910
2449	2858
2453	2718
2456	2505
2459	2509
2459	2776
2460	2687
2461	2706
2463	2873
2467	2913
2470	2668
2472	2600
2473	2992
2474	2668
2474	2812
2475	2865
2477	2644
2479	2536
2479	2837
2480	2786
2481	2501
2481	2547
2482	2694
2482	2905
2483	2918
2490	2658
2493	2647
2498	2900
2499	2653
2500	2643
2501	2664
2501	2848
2504	2624
2505	2899
2505	2936
2506	2598
2506	2744
2506	2979
2508	2589
2510	2967
2511	2984
2512	2730
2513	2720
2517	2610
2517	2611
2522	2559
2522	2822
2524	2592
2524	2809
2526	2684
2529	2649
2529	2710
2529	2889
2533	2774
2535	2811
2537	2803
2538	2819
2540	2826
2543	2976
2553	2703
2555	2838
2556	2729
2557	2916
2562	2882
2563	2855
2564	3000
2571	2878
2576	2788
2577	2700
2577	2785
2583	2927
2584	2817
2585	2637
2585	2817
2587	2895
2590	2832
2591	2831
2603	2761
2604	2793
2609	2840
2610	2655
2612	2857
2613	2642
2614	2712
2615	2746
2616	2705
2616	2872
2617	2988
2630	2792
2633	2845
2634	2934
2636	2708
2639	2662
2639	2905
2642	2930
2645	2778
2645	2787
2646	2713
2647	2952
2647	2995
2650	2667
2651	2893
2654	2839
2657	2935
2667	2880
2670	2719
2675	2910
2680	2799
2681	2816
2687	2769
2687	2890
2688	2912
2691	2981
2694	2725
2695	2714
2695	2950
2700	2729
2702	2974
2705	2901
2711	2741
2712	2808
2720	2932
2722	2898
2723	3000
2725	2944
2727	2946
2729	2872
2732	2966
2739	2856
2740	2890
2744	2809
2747	2908
2749	2871
2749	2997
2750	2892
2753	2986
2763	2989
2766	2898
2768	2781
2770	2782
2771	2802
2774	2922
2791	2800
2796	2876
2797	2854
2826	2827
2834	2851
2836	2978
2847	2905
2852	2935
2853	2875
2858	2903
2858	2951
2867	2992
2918	2938
