1	2
1	3
1	4
1	5
1	6
1	7
1	8
1	11
1	14
1	15
1	16
1	23
1	31
1	39
1	72
1	81
1	105
1	130
1	179
1	215
1	820
1	975
1	1576
1	1621
1	1913
1	1922
1	2133
1	2507
1	2901
2	3
2	4
2	5
2	6
2	7
2	8
2	9
2	15
2	19
2	22
2	29
2	40
2	47
2	53
2	60
2	68
2	83
2	102
2	117
2	120
2	137
2	141
2	150
2	381
2	417
2	427
2	824
2	861
2	1121
2	2244
3	4
3	5
3	6
3	7
3	8
3	10
3	11
3	12
3	18
3	20
3	26
3	48
3	161
3	192
3	202
3	215
3	259
3	277
3	357
3	410
3	1193
3	1320
3	1673
3	1716
3	1750
4	5
4	6
4	7
4	8
4	13
4	18
4	42
4	129
4	152
4	157
4	193
4	241
4	269
4	469
4	590
4	627
4	637
4	1135
4	2426
4	2505
5	6
5	7
5	8
5	19
5	21
5	34
5	35
5	46
5	79
5	205
5	363
5	520
5	567
5	881
5	1046
5	1180
5	1313
5	1698
6	7
6	8
6	10
6	16
6	24
6	28
6	49
6	90
6	91
6	117
6	298
6	587
6	588
6	634
6	703
6	755
6	800
6	891
6	1618
7	8
7	9
7	10
7	11
7	12
7	18
7	27
7	37
7	50
7	52
7	110
7	126
7	165
7	209
7	278
7	353
7	2330
8	9
8	12
8	18
8	45
8	46
8	59
8	94
8	95
8	126
8	175
8	232
8	275
8	282
8	607
8	936
8	943
8	2024
8	2284
8	2349
8	2862
9	14
9	22
9	32
9	132
9	209
9	299
9	1170
9	2364
9	2606
10	17
10	34
10	44
10	57
10	58
10	63
10	72
10	148
10	188
10	251
10	421
10	828
10	2514
10	2919
11	13
11	22
11	23
11	51
11	53
11	70
11	89
11	96
11	109
11	111
11	119
11	236
11	316
11	372
11	373
11	418
11	600
11	793
11	1310
11	1445
11	1785
11	2334
11	2339
12	13
12	15
12	16
12	21
12	25
12	29
12	35
12	50
12	60
12	69
12	146
12	281
12	469
12	478
12	662
12	698
12	906
12	995
12	1626
12	1937
12	2686
13	14
13	17
13	25
13	36
13	38
13	46
13	49
13	55
13	68
13	69
13	85
13	98
13	157
13	196
13	229
13	250
13	262
13	368
13	416
13	798
13	1029
13	1204
13	1433
13	2297
14	41
14	133
14	145
14	173
14	250
14	279
14	383
14	430
14	872
14	1123
14	1552
14	1639
14	2604
15	17
15	32
15	42
15	53
15	73
15	83
15	97
15	137
15	207
15	297
15	397
15	410
15	454
15	584
15	1342
15	1355
15	2183
15	2251
15	2427
16	20
16	28
16	37
16	58
16	61
16	73
16	121
16	173
16	175
16	252
16	300
16	330
16	401
16	882
16	2050
16	2060
16	2182
16	2342
17	19
17	30
17	31
17	33
17	37
17	40
17	54
17	66
17	115
17	168
17	185
17	346
17	373
17	859
17	894
17	1187
17	1961
17	2928
18	21
18	26
18	47
18	62
18	104
18	168
18	266
18	439
18	482
18	485
18	733
18	769
18	841
18	1115
18	2666
19	20
19	23
19	72
19	73
19	93
19	195
19	263
19	344
19	399
19	478
19	520
19	734
19	1158
20	24
20	25
20	30
20	33
20	40
20	45
20	62
20	91
20	115
20	138
20	225
20	291
20	294
20	589
20	873
20	1197
20	1567
20	1683
20	1854
20	2123
21	24
21	27
21	29
21	34
21	38
21	39
21	54
21	205
21	263
21	294
21	342
21	374
21	484
21	637
21	976
21	1291
22	26
22	28
22	31
22	38
22	65
22	80
22	86
22	133
22	161
22	186
22	415
22	434
22	675
22	1047
22	1067
22	1390
22	1488
22	1515
22	2408
23	51
23	76
23	89
23	96
23	115
23	479
23	671
23	940
23	1685
24	27
24	32
24	33
24	39
24	49
24	57
24	108
24	347
24	790
24	840
24	1065
24	1139
24	1558
24	2063
24	2214
24	2696
24	2826
25	30
25	35
25	43
25	44
25	52
25	206
25	208
25	355
25	476
25	697
25	796
25	1036
25	1053
25	1311
25	1549
25	1849
25	2607
26	41
26	43
26	100
26	110
26	164
26	223
26	555
26	565
26	606
26	625
26	1092
26	1107
26	1392
26	1637
26	1676
26	2025
26	2577
27	42
27	52
27	64
27	92
27	274
27	334
27	510
27	677
27	1049
27	1052
27	1658
28	44
28	58
28	66
28	71
28	101
28	112
28	138
28	169
28	231
28	295
28	582
28	653
28	780
28	889
28	1377
28	1455
28	2153
28	2243
28	2327
29	56
29	74
29	79
29	87
29	107
29	147
29	180
29	577
29	751
29	1040
29	1127
29	2459
29	2569
30	36
30	41
30	48
30	84
30	88
30	104
30	324
30	628
30	656
30	1075
30	1105
30	1686
30	1858
30	2002
30	2691
31	67
31	86
31	88
31	93
31	113
31	165
31	260
31	530
31	978
32	36
32	43
32	50
32	61
32	85
32	96
32	104
32	158
32	179
32	288
32	459
32	832
32	845
32	939
32	1358
32	1813
32	1993
33	47
33	59
33	94
33	116
33	146
33	198
33	334
33	354
33	361
33	428
33	468
33	493
33	560
33	577
33	950
33	953
33	1195
33	1257
34	65
34	66
34	92
34	99
34	199
34	203
34	222
34	321
34	454
34	1040
34	1161
34	1188
34	1308
34	1704
34	1966
34	2537
35	57
35	70
35	77
35	80
35	86
35	100
35	103
35	195
35	224
35	231
35	242
35	332
35	338
35	509
35	517
35	620
35	799
35	933
35	1145
35	1345
35	1526
35	1861
35	1914
36	45
36	66
36	74
36	102
36	199
36	217
36	236
36	253
36	255
36	319
36	357
36	580
36	687
36	1426
36	2491
37	125
37	135
37	219
37	275
37	385
37	464
37	672
37	748
37	1095
38	63
38	116
38	119
38	169
38	303
38	677
38	679
38	873
38	897
38	944
38	1413
38	1636
38	1914
38	2271
38	2932
39	114
39	144
39	306
39	386
39	483
39	626
39	977
39	1533
39	2867
40	64
40	68
40	105
40	140
40	204
40	265
40	270
40	383
40	455
40	459
40	667
40	1171
40	1788
40	2265
41	61
41	184
41	190
41	208
41	227
41	270
41	361
41	382
41	402
41	688
41	763
41	1382
41	2861
42	55
42	123
42	132
42	308
42	573
42	932
42	1027
42	1512
42	1550
42	1551
43	48
43	54
43	66
43	108
43	143
43	197
43	222
43	257
43	736
43	863
43	992
43	1048
43	1309
43	1336
44	56
44	75
44	97
44	226
44	237
44	238
44	264
44	282
44	478
44	560
44	574
44	617
44	1488
44	2123
44	2608
45	67
45	69
45	119
45	121
45	163
45	174
45	272
45	466
45	515
45	541
45	624
45	671
45	1208
45	1910
46	51
46	64
46	80
46	85
46	89
46	95
46	155
46	270
46	309
46	363
46	400
46	586
46	1102
46	1400
46	1822
46	2617
46	2818
46	2840
47	74
47	78
47	348
47	371
47	403
47	412
47	525
47	727
47	1132
47	1551
47	2463
47	2920
47	2956
48	71
48	75
48	90
48	191
48	397
48	648
48	1081
48	1334
48	2895
48	2992
49	106
49	111
49	190
49	219
49	285
49	287
49	335
49	435
49	474
49	546
49	574
49	1062
49	1312
49	1446
49	2093
50	55
50	60
50	103
50	120
50	127
50	150
50	278
50	563
50	646
50	680
50	1021
50	1034
50	1280
50	2006
51	198
51	217
51	225
51	242
51	263
51	264
51	413
51	1209
51	1303
51	1388
51	1565
51	2949
52	63
52	83
52	106
52	187
52	512
52	657
52	674
52	960
52	1015
52	1366
52	1939
53	56
53	78
53	172
53	183
53	2320
53	2635
54	138
54	180
54	229
54	267
54	854
54	2410
55	65
55	70
55	84
55	136
55	209
55	217
55	241
55	285
55	490
55	788
55	887
55	1594
55	2662
56	59
56	76
56	82
56	102
56	156
56	177
56	178
56	187
56	230
56	289
56	623
56	704
56	805
56	1023
56	1210
56	1685
56	2652
56	2762
56	2891
57	75
57	118
57	125
57	166
57	559
57	696
57	892
57	1134
57	1660
57	1723
58	93
58	129
58	229
58	1075
58	1635
58	1641
58	1834
59	88
59	162
59	255
59	316
59	337
59	389
59	717
59	777
59	907
59	986
59	1404
59	2126
59	2250
60	98
60	838
60	884
60	1013
60	1376
61	62
61	81
61	118
61	408
61	569
61	604
61	613
61	1474
61	1598
61	2654
62	71
62	113
62	159
62	180
62	240
62	405
62	411
62	681
62	803
62	1133
62	1661
62	1991
63	77
63	91
63	112
63	134
63	141
63	143
63	179
63	280
63	298
63	443
63	500
63	863
63	865
63	936
63	1080
63	1215
63	2437
63	2502
64	121
64	158
64	159
64	163
64	376
64	842
64	1353
64	1390
64	1688
65	67
65	92
65	94
65	175
65	284
65	389
65	449
65	509
65	702
65	824
65	1003
65	1414
65	1718
65	2972
66	97
66	198
66	367
66	487
66	944
67	79
67	129
67	192
67	210
67	220
67	244
67	431
67	488
67	649
67	660
67	829
67	2015
68	77
68	154
68	243
68	244
68	387
68	413
68	470
68	472
68	524
68	558
68	1987
68	2056
68	2058
68	2282
69	128
69	155
69	156
69	185
69	197
69	219
69	243
69	246
69	455
69	482
69	508
69	785
69	894
69	931
69	948
69	1096
69	1343
69	2030
69	2187
70	78
70	100
70	109
70	181
70	315
70	412
70	549
70	774
70	858
70	965
70	1430
70	1540
70	1601
70	2175
70	2253
71	99
71	114
71	280
71	307
71	320
71	364
71	579
71	694
71	1333
71	1376
71	1397
71	2476
72	122
72	124
72	227
72	233
72	286
72	504
72	513
72	1520
72	1553
73	82
73	95
73	114
73	145
73	350
73	426
73	601
73	1226
73	2427
74	76
74	87
74	117
74	140
74	142
74	252
74	472
74	523
74	1326
74	2578
74	2931
75	101
75	363
75	383
75	406
75	609
75	645
75	669
75	691
75	906
75	1039
75	1256
76	87
76	248
76	329
76	426
76	434
76	480
76	499
76	529
76	629
76	998
76	1021
76	1103
76	1782
76	2046
77	135
77	162
77	181
77	200
77	246
77	296
77	2495
77	2529
78	113
78	123
78	182
78	202
78	255
78	301
78	341
78	384
78	390
78	722
78	848
78	1030
78	2051
79	108
79	144
79	162
79	168
79	173
79	264
79	474
79	705
79	801
79	1323
79	2792
80	81
80	82
80	105
80	122
80	132
80	289
80	313
80	314
80	408
80	985
80	1496
80	1566
80	1657
80	2110
80	2949
81	84
81	118
81	131
81	156
81	171
81	339
81	405
81	594
81	911
81	930
81	1024
81	1074
81	1166
81	1202
81	1298
81	1450
81	2416
82	155
82	157
82	215
82	223
82	332
82	356
82	864
82	881
82	2103
82	2443
83	106
83	218
83	321
83	446
83	598
83	673
83	781
83	823
83	1054
84	127
84	243
84	303
84	328
84	344
84	380
84	405
84	407
84	490
84	1429
84	1760
84	2331
84	2583
84	2948
85	101
85	147
85	148
85	150
85	170
85	400
85	597
85	709
85	1002
85	1104
85	1124
85	1853
85	1922
85	2096
86	90
86	98
86	99
86	127
86	145
86	159
86	171
86	248
86	254
86	267
86	614
86	699
86	715
86	1958
86	2322
87	214
87	1210
87	2297
87	2965
88	109
88	122
88	237
88	294
88	420
88	437
88	597
88	880
88	1009
88	1056
88	1971
88	2428
89	346
89	421
89	448
89	468
89	606
89	652
89	1165
89	1532
89	1641
89	1870
90	213
90	245
90	249
90	458
90	706
90	988
90	1634
90	1668
90	1882
90	2877
91	103
91	124
91	134
91	182
91	213
91	290
91	352
91	486
91	546
91	828
91	1335
92	135
92	139
92	273
92	415
92	638
92	744
92	1771
92	1810
92	1826
93	152
93	191
93	194
93	207
93	230
93	731
93	948
93	1288
94	305
94	419
94	442
94	652
94	921
94	1001
94	1087
94	1368
94	1567
94	1611
94	1632
94	1660
94	1683
95	110
95	111
95	126
95	154
95	176
95	442
95	601
95	775
95	1276
95	1290
95	1327
96	133
96	195
96	230
96	241
96	394
96	451
96	578
96	658
96	814
96	1071
96	1246
96	1869
96	2247
96	2676
96	2972
97	112
97	124
97	139
97	161
97	165
97	167
97	247
97	277
97	315
97	323
97	331
97	332
97	674
97	1059
98	164
98	170
98	417
98	803
98	926
98	1130
98	1447
98	2791
99	201
99	314
99	346
99	395
99	611
100	130
100	183
100	408
100	1619
100	1802
100	2111
100	2239
101	107
101	136
101	171
101	199
101	233
101	448
101	547
101	750
101	795
101	1512
102	107
102	136
102	225
102	705
103	183
103	245
103	292
103	684
103	1518
103	2346
103	2567
104	131
104	144
104	194
104	382
104	654
104	844
104	856
104	1278
104	1309
105	253
105	479
105	529
105	615
105	664
105	715
105	871
105	928
105	1401
105	1431
105	1453
105	1730
105	1923
106	134
106	170
106	196
106	310
106	471
106	484
106	1050
106	1268
106	1720
106	2347
106	2974
107	164
107	340
107	407
107	458
107	513
107	614
107	665
107	917
107	1186
107	1343
107	2558
108	272
108	612
108	686
108	1744
109	148
109	237
109	310
109	320
109	531
109	1031
109	1036
109	1470
109	2989
110	131
110	280
110	391
110	521
110	1007
110	1065
110	1190
110	1307
110	1494
111	178
111	269
111	379
111	944
111	1088
111	1162
111	1262
111	2221
112	234
112	293
112	744
112	770
112	929
112	1117
113	154
113	356
113	514
113	572
113	651
113	938
113	1005
113	1291
113	1769
113	2582
114	116
114	120
114	130
114	242
114	266
114	325
114	336
114	359
114	425
114	650
114	863
114	908
114	958
114	1271
114	2006
114	2361
114	2575
115	125
115	140
115	189
115	211
115	218
115	292
115	328
115	351
115	480
115	543
115	719
115	1387
115	1465
115	1959
115	2167
115	2266
116	184
116	310
116	539
116	610
116	2858
117	191
117	210
117	267
117	489
117	623
117	1400
117	1515
117	1643
117	1702
117	2594
118	142
118	160
118	366
118	379
118	439
118	542
118	715
118	742
118	765
118	1835
118	1909
118	2107
118	2967
119	123
119	245
119	250
119	274
119	388
119	427
119	481
119	545
119	592
119	979
119	1152
119	1574
119	2434
119	2438
120	244
120	266
120	344
120	924
120	1211
120	1231
120	2859
121	153
121	257
121	414
121	534
121	566
121	1078
121	2023
121	2335
121	2511
122	128
122	375
122	502
122	565
122	575
122	2361
123	338
123	393
123	647
123	708
123	989
123	1273
123	1765
123	2150
123	2801
124	128
124	172
124	218
124	247
124	343
124	497
124	629
124	814
124	850
124	1643
124	1679
124	2841
124	2961
125	151
125	152
125	184
125	188
125	249
125	317
125	463
125	607
126	260
126	642
126	650
126	1014
126	1310
126	1708
126	2790
127	142
127	174
127	207
127	345
127	388
127	773
127	841
127	1094
127	1221
127	1718
127	1963
128	137
128	139
128	147
128	149
128	254
128	276
128	716
128	724
128	920
128	1124
128	1523
128	1784
128	2527
129	304
129	323
129	324
129	453
129	1110
129	1120
129	2571
130	160
130	189
130	319
130	908
130	1043
130	1332
130	1681
130	2800
130	2804
130	2996
131	206
131	220
131	286
131	504
131	647
131	1329
131	1342
131	1673
131	2259
132	200
132	224
132	227
132	234
132	273
132	385
132	518
132	637
132	712
132	791
133	296
133	1136
133	1301
133	1565
133	2143
133	2319
133	2360
134	151
134	216
134	228
134	276
134	337
134	551
134	554
134	711
134	776
134	1118
134	1410
134	1425
134	1626
135	200
135	226
135	228
135	399
135	400
135	636
135	653
135	865
135	1160
135	1398
135	1480
135	1935
135	2554
136	143
136	256
136	358
136	470
136	1198
136	1311
136	1398
136	1949
136	2599
136	2607
136	2703
137	537
137	1154
137	1330
137	1547
137	1674
137	1817
137	2986
138	141
138	149
138	193
138	635
138	818
138	825
138	1024
138	1050
138	1276
138	1831
138	2081
138	2741
139	248
139	458
139	503
139	524
139	602
139	1244
139	1369
139	1416
139	1700
139	1797
140	288
140	377
140	447
140	503
140	665
140	1052
141	153
141	169
141	235
141	339
141	625
141	1514
141	2362
141	2420
141	2606
142	146
142	158
142	177
142	301
142	381
142	402
142	548
142	838
142	1061
143	149
143	251
143	455
143	568
143	676
143	1051
143	1150
143	1375
143	1605
143	2347
144	151
144	290
144	312
144	477
144	1062
144	1678
144	2288
144	2441
144	2775
145	258
145	331
145	695
145	1468
145	2019
146	176
146	196
146	206
146	461
146	485
146	490
146	570
146	1866
146	2004
146	2230
146	2635
146	2762
146	2978
147	186
147	271
147	411
147	459
147	507
147	930
147	1203
147	2113
147	2994
148	174
148	312
148	772
148	1142
149	163
149	178
149	247
149	714
149	991
149	1018
149	1638
149	1715
150	153
150	298
150	506
150	579
150	692
150	974
150	1472
151	202
151	261
151	293
151	992
151	1057
151	1109
152	226
152	320
152	355
152	579
152	666
152	957
152	1167
152	1194
152	1339
152	1624
152	1892
152	2464
153	160
153	239
153	256
153	309
153	600
153	627
153	649
153	740
153	866
153	933
153	1618
154	211
154	214
154	323
154	333
154	403
154	444
154	802
154	1679
154	1700
154	1711
155	187
155	190
155	203
155	513
155	515
155	998
155	1064
155	1138
156	212
156	224
156	353
156	1012
156	1237
156	1689
157	166
157	595
157	636
157	668
157	737
157	1017
157	1391
157	1501
157	1621
157	1918
158	194
158	575
158	1113
158	2228
159	186
159	284
159	306
159	352
159	888
159	1272
159	1475
159	1743
159	1953
160	167
160	201
160	343
160	386
160	452
160	471
160	847
161	260
161	367
161	535
161	740
161	990
161	1046
161	1797
161	1985
162	205
162	232
162	235
162	272
162	314
162	348
162	789
162	1104
162	1250
162	1383
162	1407
162	1442
162	1504
162	2968
163	167
163	695
163	710
163	1011
163	1162
163	1470
163	1589
163	1696
163	1879
163	2781
164	216
164	232
164	254
164	372
164	646
164	806
164	1210
164	1225
164	2567
165	166
165	406
165	722
165	1057
165	2976
166	203
166	204
166	288
166	315
166	362
166	495
166	499
166	996
166	1444
167	283
167	312
167	517
167	544
167	2441
167	2489
168	177
168	192
168	198
168	256
168	475
168	484
168	511
168	1003
168	1226
168	1329
168	1626
168	2872
169	172
169	176
169	221
169	313
169	387
169	425
169	1451
169	1687
170	182
170	197
170	329
170	2461
171	210
171	442
171	561
171	607
171	620
171	772
171	834
171	1088
171	1361
171	1395
171	2555
171	2795
172	840
172	1091
172	1292
172	2305
173	181
173	297
173	318
173	510
173	518
173	807
173	849
173	1489
173	2040
173	2073
173	2326
173	2770
174	259
174	268
174	290
174	348
174	533
174	812
174	903
175	185
175	325
175	359
175	883
175	1699
175	2136
175	2558
175	2738
176	221
176	517
176	801
176	832
176	1562
176	1810
176	1898
176	2633
176	2667
177	389
177	605
177	693
177	864
177	1503
177	2548
177	2936
178	223
178	259
178	952
178	1881
178	2241
178	2797
178	2869
179	238
179	313
179	424
179	450
179	461
179	1456
179	1795
179	1830
180	268
180	299
180	474
180	486
180	816
180	2970
181	221
181	258
181	462
181	553
181	632
181	676
181	768
181	1311
181	1395
181	1757
181	2134
181	2603
182	188
182	211
182	519
182	1069
182	1078
182	1283
182	1325
182	1543
182	2251
183	216
183	432
183	457
183	747
183	982
183	1441
183	1911
183	2129
184	189
184	325
184	472
184	497
184	862
184	1091
184	1388
184	1895
184	2963
185	432
185	758
185	1341
185	1348
185	1913
186	292
186	324
186	374
186	451
186	501
186	526
186	557
186	583
186	759
186	1010
186	1623
186	2053
186	2473
187	271
187	422
187	457
187	483
187	608
187	699
187	779
187	1099
187	1502
187	1546
187	1852
187	1967
187	2090
187	2772
188	201
188	222
188	866
188	1159
189	257
189	281
189	445
189	726
189	2441
190	193
190	397
190	672
190	970
190	1168
190	2032
190	2757
190	2835
191	228
191	234
191	261
191	304
191	327
191	414
191	558
191	647
191	771
191	913
191	1532
191	1654
191	1809
191	2282
192	212
192	246
192	326
192	427
192	613
192	895
192	900
192	998
192	1070
192	1899
193	220
193	245
193	354
193	1146
193	1203
193	1890
193	2130
193	2439
193	2819
194	329
194	369
194	720
194	1370
194	1522
194	1760
194	2737
194	2997
195	204
195	258
195	1471
195	1870
195	2070
195	2168
196	287
196	359
196	380
196	457
196	835
196	1640
196	1862
196	2176
196	2447
197	279
197	353
197	394
197	802
197	836
197	1274
197	1403
197	1462
197	1983
197	2132
198	214
198	401
198	501
198	554
198	1211
198	1919
198	2256
198	2378
198	2403
198	2571
199	231
199	322
199	421
199	516
199	746
199	1269
199	2303
200	286
200	343
200	350
200	365
200	555
200	683
200	978
200	2130
200	2139
200	2287
201	239
201	278
201	569
201	851
201	888
201	941
201	1216
201	1456
201	1573
202	212
202	235
202	262
202	271
202	301
202	574
202	784
202	1509
202	1774
202	2008
202	2074
202	2172
202	2190
202	2227
203	309
203	367
203	1415
203	1826
203	1987
203	2007
204	265
204	652
204	790
204	1262
204	1275
205	208
205	213
205	1566
205	2839
206	249
206	438
206	492
206	534
206	591
206	632
206	698
206	723
206	851
206	1318
207	293
207	354
207	498
207	511
207	537
207	751
207	775
207	1163
207	1320
207	2498
208	240
208	297
208	1085
208	1363
208	2841
209	303
209	311
209	445
209	625
209	1740
209	2086
210	291
210	423
210	559
210	974
210	1530
210	1861
210	2380
211	300
211	515
211	861
211	967
211	1326
211	1858
211	2588
211	2686
212	351
212	478
212	535
212	718
212	835
212	933
212	1013
212	1306
212	2876
213	239
213	252
213	283
213	390
213	580
213	896
213	1109
213	1167
213	1881
214	418
214	859
214	1366
214	1966
214	2644
214	2892
215	371
215	559
215	653
215	694
215	760
215	762
215	914
215	1091
215	1129
215	2478
216	492
216	593
216	598
216	628
216	1001
216	1670
216	1924
216	2038
216	2168
216	2831
217	236
217	274
217	283
217	401
217	450
217	536
217	1299
217	1320
217	1323
217	2068
217	2606
218	327
218	440
218	687
218	1010
218	1608
218	1835
218	2406
219	233
219	307
219	825
220	253
220	342
220	380
220	398
220	406
220	531
220	567
220	783
220	926
220	1106
220	1319
220	1396
220	1911
221	318
221	370
221	670
221	681
221	1002
221	1190
222	261
222	330
222	393
222	445
222	481
222	666
222	879
223	295
223	350
223	449
223	616
223	672
223	1012
223	1732
223	1785
224	360
224	516
224	667
224	1259
224	1579
224	1696
224	2020
224	2179
224	2717
225	238
225	369
225	1137
225	1154
225	1234
225	1956
225	2551
226	335
226	341
226	358
226	422
226	437
226	577
226	690
226	1426
226	1905
226	2455
226	2576
227	299
227	512
227	535
227	553
227	581
227	697
227	818
227	966
227	1068
227	1445
227	1467
227	1993
227	2198
227	2856
228	240
228	281
228	541
228	984
228	1089
228	1126
228	1183
228	1351
228	2023
229	426
229	444
229	688
229	1724
229	2342
229	2597
229	2660
230	825
230	1012
230	1181
230	1424
230	2057
230	2699
231	362
231	712
231	1049
231	1076
232	347
232	392
232	396
232	444
232	566
232	644
232	1334
232	1458
232	1731
232	2026
232	2115
232	2245
232	2783
232	2929
233	465
233	1148
233	1167
233	1340
233	2299
233	2465
234	602
234	1279
234	1297
234	1992
234	2336
235	330
235	485
235	843
235	893
235	1041
235	1396
235	1430
235	1625
235	2636
235	2829
236	360
236	526
236	621
236	794
236	1157
236	1293
237	357
237	661
237	751
237	760
237	781
237	848
237	1391
237	1649
237	2039
238	306
238	508
238	956
238	1213
238	1301
238	1351
238	1433
238	1479
238	1557
239	287
239	605
239	1060
239	1185
239	1462
239	2132
240	282
240	285
240	298
240	333
240	338
240	439
240	593
240	614
240	971
240	1255
240	1407
241	356
241	429
241	588
241	942
241	1542
241	2028
241	2657
242	372
242	377
242	411
242	596
242	610
242	2377
243	296
243	300
243	365
243	473
243	747
243	1610
243	2225
243	2553
244	279
244	349
244	425
244	521
244	732
244	743
244	804
244	965
244	1463
244	1759
244	2049
244	2133
245	341
245	913
245	1676
245	1800
245	2475
246	251
246	324
246	435
246	539
246	1229
246	1471
246	1491
246	2883
247	379
247	414
247	451
247	496
247	935
247	1003
247	1359
248	262
248	265
248	273
248	276
248	284
248	1222
248	2255
248	2418
249	447
249	999
249	1487
249	1545
249	1712
249	2216
249	2254
249	2672
250	462
250	1002
250	1041
251	291
251	852
251	986
251	1431
251	1505
251	2192
251	2550
252	277
252	302
252	304
252	347
252	619
252	756
252	2831
253	436
253	611
253	679
253	779
253	811
253	846
253	1653
253	2306
253	2343
253	2625
254	530
254	615
254	1205
254	2700
255	318
255	534
255	599
255	641
255	685
255	718
255	1884
255	2038
255	2803
255	2951
255	2954
256	489
256	830
256	878
256	899
256	1213
256	1255
256	2341
257	311
257	420
257	550
257	655
257	819
257	1054
258	441
258	665
258	765
258	854
258	1242
258	2058
259	663
259	1253
259	1442
259	1483
259	1519
260	269
260	319
260	355
260	417
260	425
260	1178
260	2635
260	2942
261	268
261	289
261	391
261	558
261	707
261	1486
261	2084
261	2245
261	2433
262	392
262	465
262	2409
262	2663
263	275
263	317
263	366
263	375
263	384
263	436
263	465
263	507
263	643
263	897
263	1111
263	1293
263	2092
263	2315
264	398
264	404
264	433
264	601
264	742
264	845
264	878
264	1004
264	1115
264	2044
264	2828
264	2881
265	295
265	302
265	399
265	768
265	1252
265	1292
265	1315
265	2841
266	311
266	477
266	584
266	839
266	879
266	1581
266	1801
267	305
267	403
267	830
267	881
267	1423
267	2632
267	2786
268	368
268	711
268	859
268	982
268	1089
268	1593
268	1619
268	1947
268	2498
269	351
269	1193
269	1633
269	2265
269	2293
270	342
270	456
270	527
270	666
270	923
270	2374
270	2430
270	2499
271	277
271	861
271	1016
271	1172
271	1705
271	1878
271	2011
272	321
272	337
272	487
272	599
272	619
272	895
272	1211
272	1908
272	2519
273	398
273	429
273	561
273	569
273	752
273	763
273	912
273	964
273	1951
273	2212
274	748
274	988
274	994
274	1586
275	364
275	434
275	956
275	1064
275	1539
275	1788
275	2018
276	643
276	721
276	857
276	877
276	903
276	1228
276	1270
276	1448
276	2072
277	316
277	378
277	493
277	498
277	1291
277	1336
277	1383
277	2128
278	1325
278	1657
278	2517
279	328
279	532
279	2082
280	340
280	1218
280	1659
280	2104
280	2856
281	2367
281	2599
282	326
282	473
282	571
282	1087
282	1197
282	1260
282	1297
282	1577
282	1945
283	738
283	1378
283	1602
283	1977
283	2170
283	2448
283	2611
284	331
284	345
284	369
284	612
284	689
284	809
284	868
284	968
284	994
284	1228
284	2036
284	2683
284	2770
285	593
285	698
285	837
285	977
285	1169
285	1875
285	2310
285	2324
285	2746
286	373
286	396
286	471
286	721
286	789
286	874
286	1389
286	1970
286	2070
287	308
287	368
287	836
287	846
287	938
287	1754
287	1952
288	953
288	1317
288	2131
288	2218
288	2593
288	2771
289	477
289	528
289	603
289	604
289	642
289	711
290	302
290	491
290	806
290	1382
290	1755
290	2536
291	452
291	581
291	617
291	1131
291	2267
291	2443
292	318
292	547
292	799
292	1131
292	1215
293	409
293	1158
293	2406
294	437
294	618
294	1258
294	1318
294	2196
294	2591
294	2859
294	2862
295	339
295	404
295	737
295	809
295	1021
295	1060
295	1107
295	2041
295	2779
296	498
296	808
296	1075
296	1282
296	1811
296	1825
296	2780
296	2860
297	362
297	415
297	853
297	1097
297	2114
297	2317
297	2938
298	326
298	334
298	377
298	416
298	527
298	732
298	1152
298	1544
298	2496
299	419
299	586
299	808
299	925
299	1063
299	1196
299	1803
299	2030
299	2108
299	2129
299	2880
300	340
300	591
300	1300
300	1655
301	382
301	392
301	656
301	695
301	1202
301	1406
301	1426
301	1522
301	1687
302	317
302	322
302	378
302	428
302	886
302	1005
302	1118
302	1333
302	1722
302	1946
303	305
303	432
303	1332
303	1604
303	2931
304	668
304	1328
304	1753
304	2429
305	307
305	378
305	502
305	528
305	573
305	581
305	1778
305	2144
306	433
306	641
306	952
306	1659
307	308
307	495
307	585
307	911
307	978
307	1207
307	1259
307	1666
307	1707
307	2671
308	731
308	908
308	1038
308	1563
308	2127
309	336
309	479
309	544
309	780
309	969
309	1192
309	1485
309	2286
310	322
310	466
310	729
310	754
310	766
310	896
310	1386
310	1742
311	396
311	554
311	700
311	703
311	866
311	1268
311	1804
311	2024
311	2102
311	2280
312	370
312	395
312	460
312	811
312	1035
312	1159
312	1421
312	1731
312	2004
313	754
313	1490
313	1720
313	1762
314	443
314	757
314	874
314	1189
314	1436
315	525
315	1920
315	2037
316	494
316	542
316	546
316	723
316	1944
316	2295
317	327
317	416
317	430
317	1200
317	1507
317	2972
318	424
318	491
318	500
318	873
318	2072
318	2489
319	333
319	384
319	1665
320	730
320	804
320	817
320	1437
320	1543
320	2377
320	2443
321	431
321	440
321	813
321	822
321	826
321	1078
321	1411
321	1467
321	1787
322	449
322	543
322	1561
322	2119
322	2400
323	364
323	518
323	552
323	596
323	810
323	1955
323	2212
324	407
324	482
324	519
324	545
324	734
324	815
324	826
324	894
324	1416
324	1902
324	2698
324	2996
325	453
325	564
325	648
325	660
325	661
325	701
325	892
326	381
326	531
326	898
326	1119
326	1840
326	2999
327	918
327	1857
327	2009
328	349
328	489
328	507
328	761
328	814
328	1260
328	2206
328	2686
329	336
329	352
329	365
329	680
329	1214
329	2331
330	335
330	349
330	360
330	366
330	586
330	761
330	1000
330	1344
330	1649
330	1681
330	1701
330	1818
330	1888
330	2655
331	410
331	1065
331	1183
331	1865
331	2021
331	2730
331	2866
332	538
332	686
332	774
332	860
332	871
332	1052
332	1216
333	402
333	511
333	949
333	1123
333	1205
333	1316
333	1682
333	2064
333	2156
333	2701
334	376
334	395
334	522
334	565
334	645
334	708
334	929
334	1695
334	1824
334	2727
335	1223
335	1417
335	1742
335	1847
336	441
336	618
336	815
336	1089
336	1481
336	1502
336	2147
336	2153
336	2333
337	562
337	735
337	853
337	2734
338	358
338	385
338	527
338	680
338	836
338	1428
338	1917
339	760
339	800
339	865
339	1505
339	1779
339	2238
340	388
340	430
340	571
340	683
340	958
340	968
340	1933
340	2775
340	2935
341	345
341	615
341	752
341	1239
341	1568
341	1645
341	2372
342	815
342	1061
342	1630
342	2193
342	2753
343	556
343	686
343	1099
343	1295
343	1439
343	2543
343	2843
344	371
344	931
344	1035
344	1749
345	506
345	624
345	631
345	689
345	1108
345	1233
345	1706
345	2622
345	2872
346	673
346	909
346	1140
346	1500
346	1901
346	2730
347	1244
347	1642
348	787
349	505
349	548
349	578
349	786
349	938
349	1663
349	1901
350	525
350	622
350	1312
350	1947
350	1996
351	374
351	545
351	2478
352	1042
352	1751
352	1957
352	2155
353	423
353	2274
353	2400
353	2949
354	375
354	468
354	487
354	642
354	759
354	1138
354	1443
354	1905
355	424
355	1110
355	1802
356	497
356	1848
356	2805
357	419
357	885
357	1424
357	2325
357	2589
358	361
358	433
358	464
358	488
358	568
358	741
358	801
358	1209
359	503
359	582
359	628
359	738
359	1205
359	2112
359	2506
360	483
360	494
360	594
360	657
360	726
360	741
360	858
360	898
360	1236
360	1434
360	1566
360	1707
360	1948
360	2812
361	387
361	447
361	556
361	840
361	1338
361	1693
361	2535
361	2868
361	2938
361	3000
362	412
362	462
362	678
362	1141
363	370
363	376
363	446
363	805
363	878
363	1093
363	1429
363	1907
363	2403
364	391
364	810
364	1587
364	1764
364	1900
364	2652
365	420
365	448
365	879
365	1028
365	1159
365	2892
366	394
366	756
366	969
366	1411
367	428
367	651
367	692
367	1597
367	2420
368	817
368	1354
368	1798
369	429
369	519
369	773
369	953
369	1115
369	1207
369	1331
369	1337
369	1476
369	1488
370	454
370	500
370	780
370	1547
370	2257
370	2791
371	575
371	1305
371	1309
371	1816
371	2538
372	649
372	707
372	1752
372	2774
373	469
373	473
373	673
373	750
373	1027
373	1387
373	1600
373	1793
373	2194
373	2640
374	386
374	837
374	2701
375	409
375	456
375	654
375	709
375	1027
375	1395
375	1459
375	1739
375	2491
376	410
376	522
376	902
376	1106
376	2933
377	538
377	585
377	2215
377	2292
377	2476
378	608
378	616
378	671
378	794
378	860
378	1237
378	1341
378	1820
378	2248
379	784
379	844
379	1373
379	1544
379	1847
379	2340
379	2983
379	2995
380	523
380	1531
380	2851
381	476
381	767
381	827
381	1145
381	1352
381	1616
381	1636
381	1747
381	1886
381	2059
381	2802
382	423
382	1300
382	1473
382	1694
382	2540
383	404
383	488
383	514
383	562
383	1299
383	1951
383	2934
384	393
384	576
384	629
384	1287
384	1474
384	2595
384	2722
385	413
385	461
385	491
385	809
385	1349
385	2262
385	2950
386	551
386	792
386	1446
386	2071
386	2097
386	2798
387	548
387	552
387	570
387	633
387	684
387	685
387	885
387	946
387	977
387	1243
387	1648
388	390
388	435
388	441
388	496
388	640
388	940
388	1171
388	1296
388	1791
389	504
389	1231
389	1571
389	1774
389	1957
389	2493
390	644
390	658
390	1225
390	1237
390	1266
390	1946
390	2419
391	409
391	544
391	791
391	869
391	2709
392	1267
392	1343
392	1677
393	566
393	995
393	1640
393	1663
393	1862
393	2058
393	2561
394	443
394	802
394	1170
395	418
395	721
395	727
395	1103
395	1362
395	1460
395	1642
395	2490
396	499
396	550
396	754
396	1044
396	1245
396	1896
397	869
397	1326
397	1492
397	2043
397	2221
397	2331
398	623
398	631
398	1019
398	1243
398	1403
398	2945
399	693
399	728
399	787
399	1009
399	1175
399	1573
399	2566
400	742
400	872
400	1022
400	1025
400	1714
400	1984
400	2653
401	452
401	466
401	496
401	551
401	660
401	1288
401	1819
401	2077
401	2847
402	431
402	621
402	816
402	907
402	912
402	996
402	1086
402	1218
402	1232
402	1525
402	2199
403	422
403	540
403	634
404	570
404	656
404	989
404	1535
404	2294
404	2372
404	2870
404	2982
405	460
405	557
405	626
405	1092
405	1328
406	425
406	1221
406	1269
406	1586
407	463
407	467
407	678
407	745
407	973
407	2618
407	2634
408	792
408	1284
408	1590
408	1846
409	603
409	981
409	2005
409	2015
410	514
410	999
410	1582
410	2195
411	731
411	845
411	932
411	1373
411	1521
411	2093
411	2678
412	456
412	467
412	505
412	598
412	724
412	725
412	869
412	1747
412	1935
412	2389
413	1090
413	1165
413	1265
413	1613
414	467
414	1020
414	1077
414	1198
414	1651
414	1777
415	475
415	564
415	855
415	927
415	1420
415	1462
415	2034
415	2778
416	492
416	734
416	964
416	1980
417	446
417	550
417	843
417	1034
418	475
418	1393
418	2819
419	450
419	563
419	582
419	589
419	813
419	852
419	1920
419	2579
420	533
420	594
420	640
420	950
420	1120
420	2182
420	2353
420	2515
421	717
421	735
421	951
421	1043
421	1525
421	2345
421	2551
421	2761
421	2933
422	530
422	662
422	870
422	1531
423	440
423	587
423	678
423	788
423	1246
423	1399
424	696
424	757
424	1180
424	1264
424	1452
424	1468
424	2508
424	2586
425	464
425	512
425	576
425	646
425	713
425	902
425	931
425	1015
425	2090
425	2450
426	438
426	552
426	1390
426	2945
427	808
427	1508
427	1999
427	2172
428	436
428	486
428	917
428	921
428	1717
428	2213
429	674
429	2115
429	2702
430	494
430	1350
430	2432
430	2440
431	502
431	771
431	1526
431	1863
431	2279
431	2490
432	584
432	1261
432	1369
432	2701
433	438
433	749
433	862
433	898
433	1289
433	1717
433	2180
433	2493
434	522
434	683
434	959
434	1218
434	1372
434	2012
434	2695
434	2922
435	747
435	961
435	1017
435	1560
435	2482
435	2524
436	572
436	733
436	1545
436	1793
436	1943
436	2126
436	2201
436	2205
436	2632
436	2806
437	505
437	563
438	1163
438	2126
438	2456
438	2665
438	2757
438	2832
439	627
439	954
439	1806
439	2668
440	1350
440	1370
440	2075
441	476
441	549
441	564
441	764
441	804
441	896
441	1481
441	1584
442	453
442	508
442	976
442	1046
442	1057
442	2152
442	2937
443	460
443	521
443	537
443	655
443	983
443	1859
443	1865
443	2744
443	2903
444	632
444	999
444	2473
445	547
445	634
445	714
445	972
445	988
445	1053
445	1315
445	1501
445	2059
446	609
446	796
446	916
446	1011
446	1296
447	608
447	1093
447	1130
447	1696
447	2417
447	2772
447	2835
448	726
448	776
448	1128
448	1155
448	1182
448	1607
448	1843
448	2614
449	470
449	1150
449	2865
450	567
450	2566
450	2964
451	506
451	553
451	571
451	841
452	609
452	805
452	1018
452	2322
453	659
453	986
453	1188
453	1348
453	1652
454	880
454	1302
454	1629
454	1839
454	2399
454	2537
455	762
455	769
455	833
455	849
455	1655
455	1695
456	639
456	697
456	766
456	2466
457	463
457	509
457	884
457	981
457	1384
457	2486
457	2516
458	562
458	741
458	784
458	1112
458	1298
458	1985
458	2679
459	922
459	1066
459	1098
459	1691
459	2043
459	2601
460	533
460	663
460	1000
461	481
461	495
461	524
461	610
461	730
461	858
461	890
461	1037
461	1178
461	1380
461	1534
461	1713
461	1719
461	2003
462	597
462	624
462	745
462	762
462	1214
462	1357
462	1622
462	1867
462	2127
462	2674
462	2738
463	480
463	691
463	975
463	1165
463	1239
464	523
464	1285
465	1510
465	1727
465	2237
466	536
466	2479
467	812
467	1415
467	1903
467	2794
468	712
468	923
468	940
468	1007
468	1516
468	1982
468	2348
469	946
469	951
469	1016
469	2064
469	2108
469	2232
470	743
470	927
470	937
470	1803
470	1960
471	2152
471	2199
472	583
472	1414
472	1817
472	1966
473	510
473	619
473	736
473	994
473	2874
473	2918
475	782
475	876
475	1111
475	1267
476	526
476	604
476	693
476	962
476	1539
476	2884
477	542
477	795
477	1033
477	1354
477	1711
477	2228
478	1450
478	1656
478	2022
479	818
479	1572
479	2125
479	2388
479	2873
480	501
480	718
480	993
480	1105
480	1149
480	2076
480	2624
481	516
481	572
481	702
481	717
481	934
481	1122
481	1542
481	1589
482	587
482	1047
482	1119
482	1401
482	1487
482	1570
482	1877
482	2365
482	2788
483	529
483	585
483	2104
484	645
484	1628
484	1651
484	1684
484	1783
484	1794
484	2229
484	2647
484	2820
485	556
485	867
485	2990
486	493
486	789
486	1152
486	1851
486	2359
487	578
487	761
487	1669
487	2051
487	2181
487	2657
488	905
488	1173
488	1236
488	1245
488	1270
488	1375
488	1657
488	2307
489	539
489	630
489	694
489	797
489	1088
489	2208
489	2371
489	2435
489	2615
490	877
490	912
490	958
490	1642
490	2724
491	639
491	838
491	1096
491	1114
491	1158
491	1631
491	2504
491	2739
491	2810
492	1207
492	1541
492	2181
492	2421
493	592
493	595
493	903
493	916
493	1138
493	1176
493	1424
493	1496
493	1514
493	1954
493	2896
494	626
494	648
494	839
494	891
494	993
494	1054
494	1067
494	1808
494	1815
494	2079
494	2105
494	2261
494	2600
495	633
495	657
495	669
495	984
495	1249
495	1662
495	1832
495	2258
496	532
496	536
496	589
496	591
496	1126
496	1406
496	1530
496	1569
496	1854
496	1896
497	540
497	842
497	920
497	1191
497	1922
497	2091
497	2097
497	2446
498	611
498	612
498	778
498	1089
498	1923
498	1925
499	724
499	725
499	987
499	1087
499	1173
499	1330
499	2192
500	823
500	1805
500	1871
501	663
501	707
501	2353
501	2358
502	561
502	580
502	618
502	636
502	725
502	765
502	964
502	1007
502	1079
502	1374
503	793
503	810
503	1435
503	2999
504	827
504	1537
504	1854
504	1991
504	2178
505	748
505	919
505	963
505	1595
505	1926
505	1940
505	2213
506	557
506	669
506	775
506	1368
506	1943
506	2860
507	638
507	722
507	1155
507	1200
507	1228
507	1369
507	1639
507	1658
507	1794
507	2993
508	641
508	813
508	1090
508	1656
508	1679
508	1791
508	2921
509	583
509	786
509	1220
509	1412
509	1883
509	2541
509	2811
510	540
510	691
510	710
510	1139
510	1751
510	1825
510	2201
511	543
511	602
511	658
511	1150
511	1554
511	2780
512	599
512	934
512	985
512	1710
512	1816
512	1827
512	2086
513	576
513	590
513	651
513	753
513	939
513	971
513	987
513	1278
513	1283
513	1355
513	2035
514	573
514	1038
514	1344
514	2862
515	654
515	851
515	1534
516	520
516	791
516	1160
516	1356
516	2542
516	2642
516	2688
517	1059
517	2304
518	785
518	990
519	690
519	1151
519	1826
519	2071
520	528
520	890
520	1019
520	1502
520	1690
520	2050
520	2713
521	631
521	830
521	1281
521	1446
522	696
522	706
522	1315
522	1521
522	1669
522	2405
523	670
523	872
523	987
523	989
523	997
523	1398
523	1420
523	1721
523	2557
524	670
524	947
524	1184
524	2617
524	2684
524	2734
525	949
526	560
526	699
526	891
526	1099
526	1499
527	635
527	954
527	1061
527	1245
527	1781
527	2682
527	2781
528	719
528	755
529	1214
529	1262
529	1608
529	1967
529	2114
529	2842
530	600
530	704
530	1032
530	1561
530	2897
531	532
531	538
531	700
531	886
531	1732
531	1845
531	2235
531	2301
531	2814
532	1203
532	1448
532	1786
532	2138
533	736
533	1020
533	1746
533	2100
533	2516
534	622
534	713
534	1718
535	549
535	928
535	1137
535	1492
536	555
536	596
536	705
536	1164
536	1233
536	1409
536	1936
536	1983
536	2588
536	2736
536	2924
537	590
537	913
537	1342
538	541
538	943
538	1734
538	1975
539	659
539	1086
539	2275
539	2277
540	622
540	703
540	914
540	1220
540	1280
540	1375
540	1476
540	1568
540	1702
540	1926
540	2776
541	1096
541	2009
542	1753
542	1805
542	2756
542	2988
543	716
543	732
543	1120
543	2869
544	595
544	892
544	1102
544	1294
544	1314
544	1401
544	1529
545	692
545	928
545	1029
545	1304
545	1592
545	1990
546	592
546	700
546	781
546	1018
546	1131
546	1432
546	1473
546	1527
546	2112
546	2197
546	2565
547	606
547	1004
547	1261
547	1433
547	1795
547	2348
547	2469
548	755
548	777
548	979
548	1044
548	1286
548	1335
548	2019
548	2477
548	2818
549	1752
549	2060
549	2084
549	2764
550	984
550	1048
550	1181
550	1201
550	1253
550	1934
550	2122
551	638
551	941
551	1063
551	1134
551	1222
552	617
552	1025
552	1234
552	1815
552	2328
552	2659
553	682
553	1006
553	1458
553	1757
553	2128
553	2361
554	729
554	745
554	932
554	1028
554	1697
554	1774
554	2146
554	2162
555	1031
555	1089
555	1101
555	1212
555	1667
555	1837
555	2034
555	2258
556	603
556	846
556	1086
557	1498
557	1544
557	1941
557	1971
557	2120
557	2236
557	2383
558	2321
558	2774
559	749
559	1082
559	1533
559	1579
559	1697
559	2837
560	767
560	1031
560	1213
560	2179
560	2477
561	633
561	690
561	1016
561	1970
561	2139
562	733
562	1098
562	1540
562	1728
562	2328
562	2393
562	2560
562	2777
563	664
563	798
563	1058
563	1202
563	1260
563	1583
564	568
564	832
564	902
564	956
564	1073
564	2378
565	735
565	1651
565	1738
565	1930
566	1338
566	1439
566	2941
567	727
567	737
567	803
567	1116
567	1754
567	2946
568	764
568	929
568	1347
568	1736
569	885
569	1557
569	2097
570	588
570	620
570	1014
570	1909
570	2083
570	2101
570	2687
570	2895
571	1289
571	2864
572	613
572	1287
572	1513
572	1738
572	2764
573	682
573	710
573	842
573	1170
573	1178
573	1397
573	2339
574	1135
574	1410
574	1548
574	1889
575	1312
575	1374
575	2599
575	2817
576	701
576	763
576	1212
576	1466
576	1546
576	1766
576	2960
577	679
577	1665
577	2062
578	621
578	899
578	973
578	1017
578	2203
578	2288
579	1363
579	1457
579	1603
579	1811
580	905
580	997
581	1073
581	1481
581	1577
581	2802
582	875
582	972
582	1408
582	2010
583	661
583	819
583	1620
584	1986
584	2027
585	1413
585	2061
586	749
586	867
586	2053
586	2437
587	667
587	771
587	787
587	844
587	982
587	1151
587	2520
587	2890
588	1105
588	1108
588	2040
588	2947
588	2959
589	1243
589	2240
589	2422
589	2915
590	785
590	1885
591	2429
592	887
592	1359
592	1671
592	2010
592	2045
592	2370
593	616
593	701
593	1058
593	1492
593	1588
593	2166
593	2969
594	605
594	1094
594	2611
594	2910
595	644
595	991
595	1068
595	1820
595	1936
595	2306
595	2525
595	2766
596	664
596	936
596	1223
596	2969
597	746
597	876
597	1474
597	2190
597	2385
598	716
598	1029
598	1230
598	2221
598	2474
599	935
599	1518
599	2102
599	2703
599	2925
600	739
600	860
600	1814
601	1614
601	2609
602	681
602	713
602	946
602	1391
602	2385
603	639
603	839
603	910
603	1209
603	1227
603	2078
603	2467
603	2699
604	687
604	1380
605	783
605	1265
605	1380
605	2031
605	2612
606	728
606	1349
606	2666
606	2807
607	739
607	816
607	1605
607	2076
607	2342
607	2417
608	650
608	996
608	1319
609	739
609	926
609	1250
609	1258
609	1383
610	1040
610	1093
610	1748
610	1855
610	2564
611	857
611	1161
611	1556
612	877
612	2764
613	1810
613	1844
613	2131
614	662
614	1496
614	1769
614	1778
614	1913
614	2263
614	2278
614	2840
615	630
615	708
615	1850
616	955
616	1646
616	2399
617	685
617	753
617	1142
617	2079
618	934
618	974
618	2068
618	2524
619	630
619	1356
619	1499
620	766
620	847
620	1037
620	1057
620	1408
620	1610
621	738
621	743
621	895
621	1066
621	1132
621	1461
621	1613
621	1813
621	1852
621	1990
622	740
622	778
622	796
622	1026
622	1112
622	1904
622	2032
622	2532
623	635
623	750
623	917
623	1736
623	2192
623	2880
624	889
624	925
624	977
625	822
625	852
625	983
625	1915
625	2548
626	643
626	848
626	886
626	951
626	1235
626	2202
626	2601
627	676
627	702
627	980
628	682
628	1049
628	1499
628	1979
628	2871
629	640
629	744
629	758
629	880
629	973
629	1521
630	788
630	889
630	1044
630	1136
630	1157
630	1367
630	2612
630	2914
631	1190
631	1526
631	1622
631	1724
632	659
632	675
632	819
632	829
632	874
632	1060
632	2107
632	2359
632	2836
632	2848
633	807
633	1039
634	1493
634	1517
634	2483
634	2486
635	655
635	1192
635	2607
635	2932
636	1126
636	1408
636	1419
636	1733
637	729
637	1107
638	897
638	1248
638	1570
638	1635
639	969
639	1587
639	2954
640	783
640	1036
641	915
641	921
641	2350
642	1491
642	2240
642	2803
642	2833
643	941
643	1098
643	1594
643	1873
643	2218
643	2706
644	668
644	782
644	1240
644	1463
644	1506
644	2652
645	914
645	1055
645	1478
645	2684
646	853
646	2379
647	1337
647	1461
647	1543
648	1353
648	1527
648	2189
648	2747
648	2851
649	927
649	1928
649	2223
649	2685
649	2806
650	1386
650	2662
650	2889
651	799
651	1100
651	1583
651	1615
652	983
652	1039
652	1247
652	1614
652	1646
653	900
653	1017
653	1139
653	1909
653	2222
653	2254
653	2471
653	2865
654	1374
654	1901
654	1989
654	2046
654	2315
655	795
655	1056
655	1357
655	1717
656	1737
656	1790
656	2191
656	2531
657	821
657	1073
657	1221
657	1754
657	1866
657	2087
658	1134
658	1164
658	1447
658	1660
659	709
659	714
659	1875
659	2100
660	677
660	893
660	1069
660	1961
660	2176
660	2645
661	993
661	1204
661	1263
661	2173
662	1572
663	720
663	746
663	965
663	2205
664	800
664	962
665	728
665	1076
665	1555
665	2062
665	2231
665	2501
666	1068
666	1237
666	2169
666	2323
666	2857
667	689
667	706
667	904
667	1729
668	1114
669	688
669	1959
670	2188
670	2533
671	2501
671	2782
672	834
672	1117
672	1373
672	1539
672	1550
672	2200
672	2838
673	1024
673	1066
673	1172
673	1528
673	1732
673	2850
674	675
674	1042
674	1077
674	1894
674	2184
674	2522
675	977
675	1803
675	2261
676	823
676	1110
676	1882
676	2415
677	843
677	1725
678	759
678	1583
678	1699
678	2397
678	2758
678	2981
679	684
679	1127
679	1252
679	1384
679	2018
679	2067
679	2920
680	1187
680	1208
680	2705
681	753
681	769
681	1359
681	1399
681	1633
681	1819
681	2982
682	824
682	1083
682	1455
682	1535
682	2134
682	2556
683	1331
684	1144
684	1714
684	2123
684	2485
685	767
685	1085
685	1147
685	1515
686	910
686	1074
686	2105
686	2442
687	2518
687	2524
687	2978
688	723
688	1335
688	1394
689	882
689	968
689	2149
690	850
690	887
690	1100
690	1132
690	1285
690	2182
691	1143
691	2114
691	2436
691	2692
692	1100
692	1216
692	1468
693	812
693	847
693	1821
693	1843
694	918
694	1276
694	1890
694	2345
695	704
695	1124
696	797
696	967
696	2824
697	1737
698	820
698	1347
698	1627
698	1995
698	2042
699	720
699	777
699	950
699	1125
699	2559
700	961
700	967
700	1410
700	1636
700	1927
700	2052
701	1674
701	1680
701	2547
702	797
702	970
702	2312
702	2393
702	2397
703	773
703	1095
703	1508
703	1630
703	2647
704	719
704	774
704	776
704	890
704	1205
704	1366
704	2858
705	901
705	1698
705	1768
706	1160
706	1707
706	2013
706	2217
706	2413
707	828
707	980
707	1694
707	2539
708	856
708	2258
709	1136
709	1195
709	1248
709	1362
709	1547
709	1683
709	2099
709	2702
710	1181
710	1302
710	1409
710	2111
710	2252
711	980
711	1277
711	1792
712	835
712	893
712	1144
712	2598
713	822
714	770
714	924
714	1048
714	1083
714	1414
714	2412
715	862
715	870
715	960
715	1102
715	1322
715	1880
715	2785
716	756
716	1125
716	1286
716	1358
716	1664
716	1715
716	1770
717	1735
717	1917
717	2180
717	2880
718	942
718	1284
718	1495
718	2088
719	1581
719	1607
719	2615
719	2663
720	1072
720	1856
720	2355
720	2673
720	2674
721	1045
721	1161
721	1897
721	2759
722	782
722	1196
722	1620
722	1978
722	2027
722	2399
722	2665
723	1089
724	770
724	850
724	1567
725	768
725	997
725	1212
725	1520
726	831
726	888
726	1239
726	1275
726	1613
727	1153
728	1251
728	1497
728	1729
728	2013
728	2057
728	2116
728	2263
728	2350
729	730
729	1140
729	1304
729	2938
730	833
730	1525
730	1776
731	922
731	1005
731	2458
732	1227
732	2453
732	2772
733	831
733	1748
733	2145
734	1443
734	1876
734	2458
734	2594
735	1254
735	1357
735	1477
735	2135
735	2514
735	2620
735	2831
736	1668
736	2017
736	2082
737	798
737	834
737	1937
737	2661
738	811
738	1522
738	2985
739	827
740	792
740	955
740	1055
740	1944
740	2259
740	2323
740	2878
741	758
741	1306
741	1352
741	1400
741	1945
741	2054
742	1141
742	1330
742	1920
742	2246
742	2354
743	1127
743	2095
744	1595
744	1602
744	1677
744	1693
744	2633
744	2974
745	817
745	1444
745	1777
745	2362
746	757
746	1042
746	1081
746	1385
746	1504
746	1856
746	2226
746	2386
747	1128
747	1741
747	2050
747	2444
748	764
748	959
748	1258
748	1690
748	2469
748	2811
750	786
750	1090
750	1137
750	1351
750	1816
750	1900
750	2279
750	2905
751	752
751	772
751	901
751	1081
751	1168
751	1187
751	1313
752	2170
752	2264
753	915
753	1004
754	1011
754	1871
754	2983
755	821
755	1097
755	1431
755	1912
755	2055
755	2234
756	2827
757	1034
757	1518
757	2642
758	1129
758	2621
759	821
759	904
759	1775
759	1892
759	2467
760	904
760	920
760	2166
760	2213
760	2509
761	876
761	1084
761	1163
761	1174
761	2193
762	1174
762	1179
762	1247
762	1710
763	1176
763	1560
763	2418
764	1094
764	1199
764	1325
764	1443
764	1449
764	1647
764	2799
765	855
765	1032
765	1479
766	868
766	1040
766	1316
766	1360
766	1974
766	1997
766	2522
766	2590
766	2983
767	1278
767	1541
767	2679
768	905
768	910
768	2853
769	1394
770	1780
770	2158
771	900
771	1160
771	1194
771	1327
771	1941
771	2127
772	779
772	829
772	1224
772	1451
772	1663
772	2216
772	2925
773	1010
773	1324
773	1579
773	1878
773	1915
773	2829
774	901
774	906
774	990
774	2321
774	2728
774	2892
775	778
775	1050
775	1489
775	1788
776	971
776	1282
776	1321
776	2821
777	790
777	855
777	1449
777	1470
777	1986
778	793
778	899
778	943
778	1317
778	1664
779	826
779	1032
779	1130
779	1254
779	1482
779	1524
779	1749
779	1883
779	2067
779	2918
779	2958
780	1035
780	1891
780	2225
780	2613
780	2718
781	867
781	1015
781	1453
781	2186
781	2614
782	1014
782	2022
782	2436
783	806
783	854
783	864
783	1122
783	1272
783	2594
784	1103
784	2431
785	1051
785	1079
785	1153
785	1168
785	1270
785	1537
786	1177
786	1464
786	2017
787	909
787	1153
787	1238
787	1597
787	1875
787	2047
787	2165
787	2189
787	2249
787	2556
788	875
788	1405
788	1599
788	2778
789	970
789	1264
789	1372
789	1576
789	2754
790	794
790	1194
790	1503
790	1641
790	1802
790	1840
790	2610
791	833
791	947
791	1053
791	1893
791	2098
791	2254
791	2939
792	919
792	1726
792	2020
792	2106
792	2140
793	1113
794	1347
794	2278
795	909
795	937
795	960
795	1365
795	1377
795	1550
796	849
796	1009
796	1137
796	1378
796	1564
796	1691
796	1855
796	2900
797	1490
798	807
798	1248
798	1439
798	1484
798	1919
799	1306
799	1392
799	1575
800	1250
800	1682
800	2605
800	2690
801	1601
802	1452
802	1768
802	2234
802	2335
803	1069
803	1145
803	1389
803	1899
803	1933
803	2514
804	1255
804	1337
804	2669
804	2922
805	1691
805	2109
805	2681
806	930
806	1249
806	2298
806	2387
807	2511
807	2975
808	883
808	1367
808	1555
808	1675
808	1988
808	2194
808	2822
810	1419
810	1634
810	1954
810	2725
811	882
811	923
811	1562
811	1978
811	2191
811	2445
811	2683
812	820
812	1791
812	2592
812	2889
813	1071
813	1143
814	868
814	1498
814	1692
814	1764
814	1790
814	1906
814	2987
815	986
815	1033
815	1985
815	2340
815	2661
816	1059
816	1085
816	1176
816	2103
816	2256
816	2979
817	883
817	1484
817	1528
817	1982
818	1001
818	1156
818	1799
818	2021
818	2877
819	831
819	857
819	1649
819	1821
819	2273
819	2694
819	2950
820	1023
820	1364
820	1889
820	2187
821	1519
821	1698
821	2003
821	2101
821	2366
821	2804
822	1367
822	1456
822	1779
822	1841
822	1940
823	884
823	954
823	1834
823	1968
824	1479
824	1528
824	1569
824	1879
824	2214
825	1140
825	1234
825	1459
825	1927
826	947
826	1486
826	2560
827	1495
828	915
828	1942
828	2787
829	1083
829	1972
829	2029
829	2530
829	2597
829	2845
830	1224
830	1704
830	2392
831	1067
831	1084
831	1236
831	1755
831	2293
831	2618
832	837
832	1536
832	1744
832	2735
832	2889
833	871
833	1350
833	1353
833	1559
833	1893
834	1233
834	1274
834	2598
834	2601
835	961
835	1208
835	2241
835	2569
836	1230
836	1709
836	1981
837	870
837	2226
837	2277
837	2851
838	1179
838	1524
838	1792
838	2113
839	1112
839	1174
839	2521
840	1030
840	1148
840	1442
840	2212
840	2832
841	1019
841	1220
841	1240
841	1329
842	2203
843	924
843	1340
843	1729
843	2632
844	1578
844	1644
844	2683
845	856
845	1247
845	2693
846	1738
846	2479
847	1614
848	1593
848	1728
848	2035
848	2068
848	2309
848	2561
849	1611
849	2281
849	2597
849	2694
850	911
850	1399
850	2140
851	1033
851	1440
851	2290
852	1030
852	1055
852	1361
852	1436
853	959
853	1080
853	1652
853	1784
853	2636
854	1000
854	1394
854	1974
855	1123
855	1290
855	1950
855	2158
856	916
856	1494
856	1560
856	1667
856	2352
856	2919
857	1720
857	2011
858	1382
858	1436
858	1765
858	2031
858	2180
858	2211
859	2290
859	2464
861	2746
862	875
862	1573
862	1662
862	1849
863	1339
863	1682
863	1836
864	949
864	975
864	1072
864	2374
865	1286
865	1497
865	1768
865	2394
866	942
866	1006
866	2310
866	2430
866	2891
866	2973
867	1379
867	1910
867	2555
867	2654
868	925
868	1149
868	1257
868	1427
868	1627
868	1704
868	2538
869	1273
869	1552
869	2510
870	1076
870	1149
870	1184
870	1561
870	1771
870	2118
870	2965
871	1249
871	1459
871	1789
872	1482
872	2308
872	2484
873	1422
873	1844
874	2681
875	1507
875	2874
876	1523
876	1590
876	2509
877	1013
877	1483
877	1919
878	2470
879	1071
879	1189
879	1304
879	1428
879	1864
879	1880
879	2507
879	2633
879	2979
882	1114
882	1199
882	1538
882	2124
882	2410
883	918
883	939
883	945
883	1668
883	1928
883	2552
884	1403
884	1591
884	2902
885	2653
886	985
886	1026
886	1389
886	1595
886	1864
886	2085
886	2109
886	2509
887	1355
887	2148
887	2206
887	2940
888	1201
888	1947
889	1294
889	1956
889	2008
889	2443
890	1274
890	1918
890	2106
891	2785
892	995
892	1862
892	1964
893	1452
893	1667
893	1898
894	945
894	957
894	1116
894	1318
894	1334
894	2036
896	1285
896	1516
896	2116
896	2262
897	1084
897	1364
897	1455
897	1557
897	1575
897	1812
897	2452
898	1520
898	1903
898	1950
898	2093
898	2268
899	1576
900	907
900	1565
900	1734
901	1776
902	991
902	1022
902	1201
902	2855
903	1336
903	1409
903	2238
903	2282
904	1886
905	955
905	1180
905	1564
905	1945
905	2301
906	1240
906	2414
907	922
908	919
908	1037
908	1051
908	1538
908	2164
909	981
909	1833
909	2044
909	2825
910	1162
910	1322
910	1427
910	2090
911	1082
911	2971
912	945
912	1416
912	2395
913	1156
913	1815
913	1853
914	1097
914	1277
914	1612
914	1670
914	1918
914	2302
915	957
915	976
915	1077
915	1404
915	1832
915	2286
915	2671
916	1079
916	1082
916	1339
916	1692
916	1931
916	2125
916	2653
917	2263
917	2460
918	1616
918	2215
919	1064
920	1835
921	1224
921	1836
921	2130
922	937
922	1043
922	1402
922	1586
922	2056
922	2182
922	2314
923	2850
924	962
924	963
924	1169
924	2605
925	1133
925	1195
925	1361
925	2007
926	2339
927	935
927	1028
927	1523
927	2719
928	1092
928	1786
928	2321
928	2655
929	2004
930	1206
930	1402
930	1607
930	2457
931	963
931	1964
931	2109
931	2171
932	1748
932	1876
932	2438
932	2575
933	1008
933	1708
934	992
934	1023
934	1108
934	1500
934	1882
935	1217
935	1352
935	1872
936	1564
936	2585
936	2586
936	2842
936	2885
937	966
937	1164
937	1592
937	2028
937	2865
937	2911
938	1257
938	2046
939	1070
939	1116
939	1265
939	1266
939	1908
939	2209
939	2497
940	948
940	2083
940	2231
941	1413
941	1645
942	1040
942	1154
942	1235
942	1345
943	1146
943	1308
943	1904
943	2858
944	1008
944	1199
944	1256
944	1340
944	1465
944	1934
944	1939
944	1981
945	2327
945	2675
945	2710
945	2773
946	1267
946	1411
946	1422
947	952
947	972
947	2985
948	966
948	1655
948	2498
948	2760
949	1038
949	1719
949	2549
950	1119
950	1121
950	1606
950	1735
950	2285
951	1104
952	1062
952	1148
952	1185
953	2010
954	1070
954	1622
954	1659
954	2502
954	2508
954	2624
955	1008
955	1056
955	1630
956	1025
956	1883
956	1937
956	2238
956	2253
956	2639
957	1101
957	1866
957	1998
958	1229
958	1952
958	2797
959	1677
959	2155
960	979
960	1098
960	1489
960	1956
960	2286
961	1726
961	2264
962	1271
962	1608
962	1843
962	2242
963	1812
963	2160
964	1661
964	2423
965	1997
966	1381
966	1529
966	1921
966	2283
966	2299
967	1200
967	1322
967	2210
967	2495
968	1020
968	2201
968	2308
968	2411
969	1283
969	1948
969	2603
970	1469
970	1904
970	2116
970	2223
970	2535
971	1295
971	1302
971	1755
971	2137
972	1672
972	1838
972	2098
973	1417
973	1508
973	1577
973	1976
973	2650
975	1685
975	1701
975	1965
977	1206
977	1328
977	2454
977	2890
978	1101
978	1654
979	1006
979	1572
980	2474
980	2771
980	2817
981	1393
981	1467
981	2887
982	1223
982	1647
982	1664
982	1994
983	1346
983	1644
983	1954
983	2676
984	1449
984	1653
984	1953
984	2272
984	2621
985	1294
985	1469
985	2448
986	1122
986	1840
986	1881
986	1902
986	2190
987	1453
987	2174
988	1058
988	1121
988	1230
988	1582
988	2042
988	2708
988	2988
989	1412
989	1451
989	2293
990	1509
991	1441
991	1688
991	1796
991	2740
992	1621
992	1796
992	2319
993	1144
993	1346
993	1491
993	1827
994	1117
994	2373
995	2356
996	1246
996	1568
996	1665
996	2581
997	1183
997	1371
997	2134
997	2396
998	1198
998	1281
998	2473
999	1269
999	1298
999	1478
999	2098
1000	1095
1000	1331
1000	1458
1000	1852
1000	2276
1001	1761
1001	2463
1002	1022
1002	2576
1003	1319
1003	2163
1003	2658
1004	1106
1004	1609
1004	1957
1004	2380
1005	1262
1006	1300
1006	1493
1006	1747
1006	2088
1006	2796
1009	1026
1009	1113
1009	1141
1009	1749
1009	2278
1011	2140
1011	2992
1012	2565
1012	2767
1012	2863
1013	1439
1013	2275
1013	2947
1014	1047
1014	1252
1014	1412
1014	1597
1014	1746
1014	1829
1014	2364
1014	2830
1015	1142
1015	1173
1015	1303
1015	1460
1015	1484
1015	1666
1015	1858
1016	1045
1016	1599
1016	1767
1016	2139
1016	2141
1016	2448
1017	1133
1017	2053
1017	2422
1017	2730
1017	2957
1019	1045
1019	2435
1019	2768
1019	2816
1020	1596
1020	2012
1020	2248
1020	2318
1021	1177
1021	1604
1021	2685
1022	2586
1022	2901
1023	1125
1023	1175
1023	1303
1023	1762
1023	1850
1024	1666
1024	2830
1025	1225
1026	2314
1026	2768
1027	1256
1027	1438
1027	1671
1028	1263
1028	2553
1029	1041
1029	2078
1029	2873
1029	2961
1030	1171
1030	1763
1030	2583
1031	1169
1031	1273
1031	1295
1031	1761
1031	2372
1033	1307
1033	1650
1033	1842
1033	2398
1033	2850
1034	1511
1034	1574
1034	1790
1034	2572
1035	1603
1035	2102
1036	1828
1036	2641
1038	1179
1038	1307
1038	1899
1038	1955
1038	2135
1038	2373
1038	2914
1039	1397
1039	1656
1039	2037
1039	2480
1040	1440
1040	1953
1040	2170
1041	1469
1041	2081
1042	1197
1042	1475
1042	1939
1043	1338
1043	1371
1043	2165
1043	2253
1043	2643
1044	1080
1044	2274
1045	1156
1045	2209
1045	2303
1046	1074
1046	1152
1046	2899
1047	1184
1047	1284
1047	1623
1047	1661
1047	1793
1047	1806
1047	2177
1047	2447
1048	2541
1049	1241
1049	2687
1050	1716
1050	1925
1051	1196
1051	1434
1051	1638
1051	1783
1051	2338
1051	2874
1052	1147
1052	1175
1052	1407
1052	1510
1052	1895
1052	2119
1052	2578
1053	1266
1054	1510
1054	1868
1055	1406
1055	2414
1056	1563
1056	2405
1057	1063
1057	1217
1057	1379
1057	2959
1058	1072
1058	1182
1058	1427
1058	2837
1059	1308
1059	1727
1059	1838
1061	1598
1061	2048
1061	2659
1061	2661
1061	2860
1062	1582
1062	1795
1062	2099
1062	2135
1062	2939
1063	1327
1063	2403
1064	1297
1065	1166
1065	1189
1065	1388
1065	1475
1065	1829
1065	2255
1066	1118
1066	1485
1066	2283
1067	1554
1067	1580
1067	2094
1067	2462
1067	2765
1068	1186
1068	1215
1069	1155
1069	2151
1069	2550
1070	1512
1070	1869
1071	1109
1071	1589
1072	2066
1072	2267
1073	1837
1073	2038
1074	1177
1074	1405
1074	1500
1074	1688
1074	1823
1075	1362
1075	1602
1076	2001
1076	2901
1077	1229
1077	1263
1077	1365
1077	1647
1078	1219
1078	1277
1078	1831
1078	1950
1078	2268
1078	2823
1079	1721
1079	2243
1080	1135
1080	1227
1081	1157
1081	2544
1082	1111
1082	1279
1082	1290
1082	1734
1082	2246
1082	2641
1083	1625
1083	1844
1083	2344
1083	2376
1083	2794
1083	2795
1084	1253
1084	1372
1084	1601
1084	2076
1084	2740
1085	1244
1085	1280
1085	1385
1085	2419
1085	2552
1086	1856
1087	2363
1088	1618
1088	1924
1089	2121
1089	2799
1090	2079
1091	1750
1091	2412
1091	2545
1092	1879
1093	1539
1093	2365
1093	2630
1093	2876
1094	1270
1094	1740
1094	1999
1094	2163
1094	2749
1094	2848
1095	1387
1095	1694
1096	1402
1096	1700
1096	2769
1097	1324
1097	1432
1097	1464
1097	1906
1097	2240
1098	1191
1098	1293
1098	1363
1099	1556
1099	1584
1100	1798
1100	2095
1100	2927
1101	2156
1101	2195
1101	2387
1103	1348
1103	1472
1103	2214
1104	1231
1104	2358
1104	2787
1105	1815
1105	2167
1106	1874
1106	2230
1106	2944
1107	1599
1107	1658
1107	2602
1107	2628
1107	2951
1108	1147
1108	1559
1108	2320
1108	2495
1108	2745
1109	2458
1110	1128
1110	1996
1110	2175
1111	1678
1111	1851
1112	2792
1113	1254
1113	1314
1113	1916
1113	1963
1113	2424
1113	2494
1114	1129
1114	1715
1114	2470
1115	2121
1116	1444
1116	1827
1116	2160
1117	1938
1117	2724
1117	2746
1117	2963
1118	1853
1118	1877
1119	1396
1120	1574
1120	1935
1120	2246
1120	2416
1121	1473
1121	2676
1122	1193
1122	1675
1122	2216
1122	2883
1122	2910
1123	1172
1123	1588
1123	1911
1123	2987
1124	1237
1124	1805
1125	1591
1125	2454
1126	1737
1126	1873
1126	1888
1126	1982
1126	2402
1126	2487
1126	2627
1126	2760
1126	2774
1127	1151
1127	2182
1128	1206
1128	1818
1128	2234
1130	1804
1130	2721
1131	1251
1131	1275
1131	2783
1132	1166
1132	1448
1132	1998
1132	2260
1132	2271
1132	2846
1133	2096
1134	1204
1134	1271
1134	2424
1135	1710
1135	1752
1135	2808
1136	1272
1136	2049
1136	2354
1136	2732
1136	2988
1137	1146
1137	2384
1137	2570
1138	1321
1138	1393
1138	1511
1138	1555
1138	2888
1139	1571
1139	1713
1140	1143
1140	1281
1140	1332
1140	2744
1141	1192
1141	1238
1141	1435
1141	2392
1142	1289
1142	1611
1145	1868
1145	2395
1146	1314
1146	1354
1146	1545
1146	2465
1147	1232
1147	1373
1147	1432
1147	1907
1147	2241
1147	2506
1147	2731
1148	1686
1148	2095
1148	2156
1149	1493
1149	2577
1150	1238
1150	1828
1150	1897
1151	1219
1151	1222
1151	1242
1151	1507
1151	1859
1151	2337
1151	2368
1151	2698
1152	1980
1152	2159
1153	2781
1154	2933
1155	1242
1155	1370
1155	1770
1156	1441
1156	1887
1156	1972
1156	2091
1157	1942
1158	1699
1158	2510
1159	2041
1159	2334
1159	2505
1159	2715
1161	1505
1161	2641
1162	2971
1163	1182
1163	1731
1163	1763
1163	2153
1163	2317
1164	1188
1164	1437
1165	1454
1165	1503
1165	1746
1165	2264
1166	1264
1166	1705
1166	1850
1167	1497
1167	1938
1167	2164
1167	2210
1167	2731
1167	2814
1167	2879
1168	1741
1168	2330
1168	2431
1168	2521
1168	2680
1169	1232
1169	1241
1169	2165
1169	2704
1170	1261
1170	2064
1170	2656
1171	1317
1171	1549
1172	1800
1172	2505
1173	1292
1173	1831
1174	1301
1174	1437
1174	1533
1174	1820
1174	1959
1174	2328
1174	2492
1175	1185
1175	1219
1175	1627
1175	1632
1175	1712
1175	1739
1176	1191
1176	1376
1176	1977
1177	1186
1177	1379
1177	2014
1177	2203
1178	1358
1178	1629
1178	1763
1178	2503
1179	2915
1180	2337
1180	2474
1181	1360
1181	2186
1181	2574
1182	1378
1182	2513
1182	2716
1183	2697
1183	2763
1183	2879
1184	1288
1184	1609
1184	2351
1184	2466
1184	2646
1184	2703
1185	1723
1185	1993
1185	2572
1185	2867
1186	1381
1186	2060
1186	2574
1186	2596
1187	1454
1187	2370
1187	2568
1188	1360
1188	1464
1190	1217
1190	2421
1191	2103
1192	1445
1192	2336
1193	1722
1193	2316
1193	2854
1194	1606
1194	2000
1194	2257
1194	2643
1195	1341
1195	2680
1196	1640
1196	1995
1196	2661
1196	2726
1197	2546
1197	2690
1198	1549
1198	2172
1199	1422
1199	1742
1199	2718
1200	1423
1200	1724
1200	1874
1201	1751
1201	1802
1201	1972
1201	2043
1201	2054
1201	2307
1202	1485
1202	1801
1203	1531
1203	1535
1203	1915
1203	2017
1203	2128
1203	2699
1205	1530
1205	1781
1205	2308
1206	1434
1206	1603
1206	2117
1206	2174
1206	2198
1206	2669
1207	1689
1207	1880
1208	1282
1208	1461
1209	1477
1209	1814
1209	2012
1209	2023
1209	2651
1210	1368
1210	1929
1210	2363
1210	2593
1210	2695
1211	1235
1211	1405
1212	1504
1212	1517
1212	2302
1212	2501
1212	2878
1213	2089
1214	1760
1214	2609
1215	1404
1215	1423
1215	1553
1215	1591
1215	1616
1215	1914
1215	2259
1215	2774
1215	2795
1216	1617
1216	1639
1216	2771
1218	1324
1218	1392
1219	1346
1219	1421
1219	2494
1220	2160
1221	1226
1221	1299
1222	2039
1224	1418
1224	1989
1224	2936
1225	1769
1225	2287
1226	1819
1226	2092
1227	1585
1227	2061
1228	2055
1228	2414
1228	2895
1229	1259
1229	1486
1229	1834
1229	2196
1229	2215
1230	1417
1230	2227
1231	1534
1231	2611
1231	2782
1232	2069
1233	1421
1233	1988
1233	2056
1233	2827
1234	2562
1234	2566
1234	2756
1234	2783
1234	2842
1235	1241
1235	2261
1235	2713
1236	2692
1237	2451
1237	2705
1237	2917
1238	1268
1238	1323
1238	2052
1239	1624
1239	1705
1239	2569
1241	1305
1241	1733
1241	2341
1241	2379
1242	1494
1242	1670
1242	2561
1243	2314
1243	2325
1243	2368
1244	2446
1244	2533
1244	2546
1244	2624
1245	1305
1245	1373
1245	1580
1245	2333
1246	1251
1246	1501
1248	1316
1248	1371
1248	1628
1248	1983
1248	2162
1248	2366
1249	1617
1249	1872
1250	1418
1250	1514
1250	1823
1251	1615
1251	1632
1251	2248
1251	2695
1251	2810
1252	1538
1252	2315
1253	1476
1253	1761
1253	2735
1254	1513
1254	1975
1254	2518
1255	1736
1255	1836
1256	1588
1256	1808
1256	1971
1256	2045
1257	2218
1257	2668
1257	2712
1258	1907
1258	1962
1258	2202
1258	2330
1259	2980
1260	1313
1260	1527
1260	1709
1261	2483
1261	2727
1262	1551
1262	1623
1262	2016
1262	2755
1263	1438
1263	2049
1263	2225
1263	2900
1263	2923
1264	1648
1264	1778
1264	2033
1264	2796
1265	1418
1265	1598
1266	1415
1266	1419
1266	2000
1266	2554
1266	2906
1267	1287
1267	1637
1267	2039
1267	2570
1268	1596
1268	1612
1268	1680
1268	1757
1268	2927
1269	1646
1269	2429
1269	2817
1270	1741
1270	2178
1270	2640
1271	1802
1271	1823
1271	1895
1271	2894
1272	1345
1272	1979
1273	1906
1273	2749
1273	2975
1274	1692
1275	2025
1275	2941
1276	1279
1276	1483
1276	1578
1276	2468
1276	2838
1277	1465
1277	1477
1277	2770
1278	1310
1278	2191
1279	1364
1279	2222
1279	2504
1280	1798
1280	2532
1282	1863
1283	1585
1284	2739
1284	2913
1286	1457
1287	1296
1287	1381
1288	1466
1288	1745
1288	2558
1289	1356
1290	2029
1290	2803
1291	1686
1291	2300
1291	2645
1292	1321
1292	1638
1293	1333
1293	1447
1293	2405
1293	2638
1293	2674
1294	1349
1294	1672
1294	1733
1294	2304
1294	2738
1295	1941
1295	2554
1295	2881
1296	1891
1296	2166
1296	2352
1296	2407
1297	1558
1297	1619
1297	1787
1298	2433
1299	1690
1299	2167
1299	2169
1299	2296
1299	2440
1299	2465
1300	1662
1300	1680
1300	1744
1300	2084
1300	2523
1300	2591
1301	2864
1302	2467
1302	2649
1303	1764
1304	2621
1304	2963
1305	2108
1306	1624
1306	2284
1306	2482
1306	2497
1307	1419
1307	2146
1307	2332
1308	1917
1308	1932
1308	2194
1308	2266
1308	2334
1308	2648
1309	1487
1309	2291
1310	2376
1310	2731
1310	2964
1311	1344
1311	1864
1311	2610
1311	2785
1312	1600
1312	1703
1312	1775
1312	1782
1312	1811
1313	1857
1313	2390
1314	1429
1314	1893
1314	2329
1314	2470
1314	2732
1315	1628
1315	1773
1316	1428
1316	1775
1317	1575
1317	1653
1319	1833
1319	2720
1320	1471
1320	1945
1320	1965
1320	2464
1321	1648
1321	2149
1322	2710
1323	1536
1323	1604
1323	2219
1324	2506
1325	2018
1325	2475
1326	2035
1326	2157
1327	1377
1327	1385
1327	1931
1327	2300
1328	2617
1329	1365
1329	1435
1329	1807
1329	2413
1330	1386
1330	1824
1330	2031
1330	2129
1330	2183
1330	2788
1331	2426
1332	1759
1332	2408
1333	1606
1333	1612
1335	2228
1335	2559
1336	1643
1336	2958
1337	2637
1338	1766
1338	2272
1338	2908
1339	1898
1339	2296
1339	2720
1340	1894
1340	2435
1341	2977
1343	1968
1343	2539
1344	2319
1344	2995
1346	2733
1346	2735
1347	1506
1348	1758
1348	1912
1348	2995
1349	1637
1349	2537
1351	1420
1351	2047
1351	2396
1351	2845
1351	2926
1353	1830
1353	2545
1354	1460
1354	1821
1355	1824
1356	2142
1357	1871
1357	2131
1357	2326
1358	2178
1358	2284
1359	2526
1360	1425
1360	2425
1360	2574
1360	2673
1360	2711
1361	1430
1361	1536
1361	2374
1361	2520
1361	2793
1362	1605
1362	1711
1362	1876
1363	1438
1363	1759
1363	2726
1364	1450
1364	2590
1366	1697
1366	2433
1367	2708
1367	2715
1368	2887
1369	1596
1371	1498
1371	2912
1372	2204
1373	1684
1373	2207
1374	2297
1375	1524
1376	1702
1377	1480
1377	1650
1377	2080
1378	1571
1378	1800
1379	1570
1379	1974
1380	1546
1381	1634
1381	1796
1382	1384
1382	1425
1382	1973
1382	2294
1384	1615
1384	2418
1385	1440
1385	1457
1386	2313
1386	2482
1386	2614
1386	2966
1387	1478
1387	1797
1387	2867
1388	2355
1389	2117
1389	2481
1391	1674
1391	1932
1391	2312
1391	2917
1392	2176
1393	1463
1393	1807
1393	1887
1394	1506
1394	1703
1394	2950
1395	1480
1395	1830
1395	2025
1395	2183
1395	2267
1395	2322
1396	2450
1397	2407
1398	1466
1398	2779
1399	2356
1399	2381
1400	2723
1401	1890
1401	2741
1402	1910
1402	2001
1403	1725
1403	1780
1403	1789
1403	1878
1403	1964
1403	2040
1404	2197
1405	1829
1405	2236
1405	2593
1405	2723
1406	1495
1406	2415
1407	1721
1407	1794
1407	2382
1408	1973
1408	2838
1409	1943
1409	2251
1410	1592
1410	2941
1411	1646
1411	2026
1411	2029
1412	1482
1412	1842
1413	1644
1413	1846
1413	2685
1413	2713
1413	2820
1413	2872
1413	2907
1416	1730
1417	1631
1417	1675
1417	1890
1417	2489
1417	2813
1418	2034
1419	2371
1420	1758
1420	1822
1420	2369
1421	2346
1422	1556
1422	1779
1422	2148
1423	1584
1423	1633
1424	1735
1424	1808
1424	2562
1427	1687
1428	2143
1428	2220
1428	2227
1429	1587
1429	2289
1429	2649
1429	2700
1430	1610
1430	2377
1430	2423
1430	2913
1430	2998
1432	1578
1432	2613
1433	1540
1433	1590
1433	2233
1433	2664
1434	1519
1434	1553
1434	1629
1434	2347
1435	1921
1436	2700
1436	2782
1437	1454
1437	1936
1437	2369
1437	2774
1437	2970
1438	1609
1439	1552
1439	2499
1440	2990
1442	2086
1442	2485
1443	2944
1444	1562
1444	1927
1445	2504
1445	2882
1446	2184
1447	1739
1447	1772
1447	1781
1448	2786
1449	2845
1449	2894
1450	1708
1450	2292
1450	2472
1451	1872
1451	1900
1451	2492
1451	2820
1454	1839
1454	2462
1454	2563
1454	2728
1455	2447
1455	2503
1456	1652
1456	1792
1456	2154
1456	2280
1456	2488
1457	2291
1457	2709
1457	2899
1457	2914
1457	2952
1458	2539
1459	2450
1460	1809
1460	2584
1460	2805
1460	2857
1461	2583
1462	1548
1462	2604
1462	2759
1462	2997
1463	1472
1463	1897
1463	1944
1464	2022
1464	2193
1464	2459
1465	1654
1465	2281
1465	2363
1465	2490
1466	2011
1466	2329
1467	1513
1467	1529
1468	2187
1470	2407
1471	1837
1471	2393
1471	2736
1472	1678
1472	2670
1474	1859
1475	1635
1475	2737
1476	2137
1476	2402
1476	2471
1477	2070
1478	1537
1478	2869
1479	2168
1480	1594
1481	1620
1481	1877
1482	2005
1482	2693
1483	2696
1484	1870
1484	2348
1484	2654
1485	1490
1485	2487
1486	1548
1486	1860
1486	2350
1486	2867
1486	2897
1487	2932
1488	1554
1488	1714
1488	1874
1488	2032
1489	1928
1489	2311
1489	2640
1489	2844
1489	2866
1490	1532
1490	2082
1491	1509
1491	1671
1491	1828
1491	2375
1492	1745
1492	1758
1493	1724
1493	1767
1493	2014
1494	1756
1494	2204
1494	2251
1494	2317
1495	1516
1495	1541
1495	2484
1497	1818
1497	2714
1498	2003
1498	2119
1500	1511
1500	1631
1500	1740
1500	2636
1501	2145
1503	1863
1503	2175
1503	2249
1503	2425
1504	2027
1504	2211
1504	2677
1505	2249
1506	2833
1506	2863
1507	1542
1507	1842
1507	2262
1507	2355
1507	2626
1508	1722
1508	1934
1508	2761
1509	1517
1509	2930
1510	2585
1513	2769
1513	2940
1514	2629
1515	1709
1515	2013
1516	1719
1516	1867
1516	2164
1516	2207
1517	1593
1517	1706
1518	1969
1518	2295
1518	2528
1519	1949
1519	2765
1520	1713
1520	2141
1521	2157
1521	2244
1521	2247
1521	2885
1522	1930
1522	1996
1523	1745
1523	1832
1523	1841
1524	1569
1524	1799
1524	1804
1524	2388
1525	2455
1525	2499
1526	1889
1526	2544
1527	1559
1527	2237
1527	2239
1527	2527
1527	2767
1528	1773
1528	2561
1529	1650
1529	1766
1529	2304
1529	2587
1530	2698
1531	1887
1531	2067
1531	2443
1531	2492
1531	2547
1532	1673
1532	2313
1534	1999
1534	2051
1535	1580
1535	2281
1535	2562
1536	1930
1536	1960
1536	1962
1537	1563
1537	2902
1538	1706
1539	1558
1539	1606
1539	2125
1540	1981
1541	2062
1542	2883
1544	1600
1544	1625
1544	2113
1544	2459
1545	2074
1545	2085
1546	1938
1546	2886
1547	2671
1547	2923
1548	2523
1548	2697
1548	2829
1548	2967
1549	1716
1549	2672
1550	1581
1550	2615
1551	1703
1551	2962
1552	2397
1552	2578
1553	2563
1554	2341
1554	2366
1554	2794
1555	1955
1555	2074
1555	2422
1555	2823
1556	1807
1556	2224
1558	1743
1558	2280
1558	2834
1559	1786
1559	1921
1559	2252
1560	2016
1561	1765
1561	1780
1562	2040
1562	2921
1563	1585
1564	1684
1564	2512
1565	1787
1566	2305
1566	2444
1567	1681
1567	2306
1567	2550
1570	2815
1572	2629
1573	1785
1573	2859
1574	2507
1576	1846
1576	2028
1577	2075
1577	2866
1580	2651
1582	1848
1582	2096
1583	1756
1583	2370
1584	1648
1584	2454
1584	2620
1585	1767
1586	2059
1586	2162
1586	2948
1587	2224
1587	2345
1587	2362
1590	2063
1590	2271
1591	1923
1593	1645
1593	1896
1593	2089
1593	2120
1593	2147
1593	2197
1593	2349
1594	1771
1595	2092
1595	2270
1599	1772
1599	2260
1599	2270
1600	2016
1601	1617
1601	1701
1602	2111
1602	2230
1602	2243
1602	2468
1602	2589
1602	2754
1603	2048
1603	2065
1603	2091
1603	2816
1606	1695
1606	2041
1606	2708
1607	1975
1607	2625
1607	2813
1607	2909
1608	2916
1610	1857
1610	1924
1610	2276
1610	2905
1611	2631
1611	2948
1612	2928
1613	1689
1614	1784
1614	1990
1614	2554
1614	2667
1615	1672
1615	1725
1615	2953
1618	2044
1618	2151
1619	1697
1621	1949
1621	2110
1621	2232
1622	1976
1623	2531
1623	2779
1624	1849
1624	2427
1625	1992
1625	2006
1625	2761
1626	1961
1627	2500
1628	2071
1628	2161
1628	2428
1628	2727
1629	1970
1629	2540
1630	2188
1630	2723
1631	2909
1632	2444
1636	2078
1636	2236
1637	1669
1638	2250
1640	2778
1641	1979
1641	2087
1642	1916
1642	2613
1642	2863
1642	2935
1643	2220
1643	2326
1643	2340
1643	2530
1643	2678
1644	1783
1644	2488
1644	2826
1645	1991
1645	2136
1645	2747
1645	2847
1646	1926
1646	2075
1647	1693
1647	1861
1648	1884
1648	2590
1649	2185
1649	2413
1649	2415
1650	1988
1651	1776
1651	1886
1652	1775
1652	2445
1653	2365
1654	2279
1654	2999
1655	1969
1655	2386
1655	2672
1656	1726
1656	1814
1656	1992
1657	2005
1657	2303
1657	2500
1658	2577
1659	1860
1660	2573
1660	2710
1660	2898
1660	2947
1661	1730
1661	2357
1661	2698
1662	1894
1662	2020
1664	1822
1664	1865
1664	2553
1664	2609
1665	1727
1667	2138
1668	1728
1668	1825
1668	2072
1669	1799
1669	2077
1671	1676
1671	1847
1671	2309
1671	2432
1672	2298
1672	2359
1674	2081
1675	1801
1675	2398
1676	1969
1677	2879
1677	2908
1678	1813
1678	2466
1679	1989
1680	2619
1682	2395
1683	2584
1684	1986
1684	2981
1685	2390
1686	1838
1686	2155
1686	2534
1686	2773
1686	2891
1687	1712
1687	1902
1687	2002
1688	2077
1688	2910
1689	1772
1689	1867
1690	2219
1690	2379
1690	2515
1691	2494
1692	1903
1694	1884
1694	1885
1694	2530
1694	2536
1695	2061
1695	2748
1696	2668
1697	1723
1697	2389
1697	2853
1698	1782
1698	2136
1699	2977
1700	2202
1700	2268
1700	2579
1700	2729
1701	2937
1702	2389
1702	2568
1703	1929
1703	2186
1704	1762
1704	2007
1704	2150
1704	2463
1705	1812
1705	1997
1705	2327
1705	2401
1705	2616
1706	2235
1707	2204
1707	2392
1707	2753
1709	1777
1709	1817
1709	2461
1709	2623
1710	2159
1710	2631
1710	2797
1710	2867
1711	2453
1712	1905
1712	2208
1712	2485
1713	2222
1713	2425
1713	2855
1714	2220
1716	2085
1716	2512
1717	1951
1717	2837
1719	1892
1719	2048
1719	2124
1721	1885
1721	1962
1722	2110
1722	2404
1723	1753
1723	2628
1724	1932
1724	2141
1724	2486
1725	2301
1725	2784
1726	2112
1727	2107
1727	2154
1727	2943
1729	2604
1732	1743
1732	1929
1732	2118
1732	2807
1733	1773
1733	1839
1735	2384
1735	2536
1735	2564
1736	1891
1737	2628
1738	2568
1738	2976
1739	2229
1739	2544
1740	1873
1740	1916
1740	2033
1740	2986
1741	1984
1742	1756
1742	1841
1742	2373
1744	2052
1744	2715
1747	2728
1748	2766
1748	2790
1748	2801
1748	2835
1749	1750
1749	1967
1750	2398
1751	1958
1751	2269
1751	2292
1751	2955
1752	2149
1752	2893
1754	2970
1755	1789
1756	1888
1756	2150
1756	2564
1756	2629
1758	1908
1758	2138
1758	2184
1758	2209
1760	1942
1760	2993
1761	1809
1761	1931
1761	2335
1761	2546
1762	2224
1763	2002
1763	2714
1763	2756
1764	2655
1765	1770
1765	2916
1766	2543
1766	2729
1766	2843
1768	2584
1770	2157
1771	2161
1773	2015
1773	2417
1773	2531
1774	1860
1775	2069
1777	2163
1777	2517
1779	2821
1780	2984
1781	2055
1782	2424
1783	1868
1783	1968
1783	2526
1783	2809
1784	2968
1787	2907
1788	2958
1789	2477
1789	2896
1789	2898
1791	2179
1791	2288
1791	2527
1792	1845
1793	2001
1793	2758
1794	1806
1795	2252
1795	2600
1796	1978
1797	2089
1797	2142
1797	2382
1799	2903
1800	1833
1800	2151
1801	2302
1801	2664
1802	2612
1803	2834
1805	1994
1805	2382
1806	2378
1806	2833
1806	2928
1807	2456
1809	2556
1810	2033
1811	2384
1813	2673
1814	2626
1814	2893
1817	1987
1817	2316
1817	2419
1818	2008
1819	2729
1820	2461
1821	2024
1821	2124
1821	2376
1821	2839
1822	2101
1823	2296
1823	2967
1824	2439
1825	1965
1827	2800
1828	1851
1829	1869
1831	1855
1831	1952
1832	1925
1832	1977
1835	2158
1835	2457
1836	1980
1837	2270
1837	2870
1837	2975
1837	2984
1839	2065
1839	2102
1839	2832
1840	1940
1840	2472
1841	2360
1843	1845
1843	2217
1844	1848
1846	2757
1847	2137
1847	2257
1848	2353
1849	2223
1850	1948
1850	2387
1851	1946
1851	2521
1851	2613
1851	2669
1851	2692
1852	2065
1854	2266
1854	2269
1855	1960
1856	1912
1857	2122
1857	2232
1858	2063
1858	2333
1860	2711
1862	2036
1862	2310
1863	2616
1865	2205
1865	2242
1866	2487
1869	2100
1869	2647
1870	2147
1871	2750
1872	2019
1872	2030
1872	2208
1873	2226
1874	1976
1875	2535
1877	2401
1878	1984
1878	2177
1878	2737
1886	2122
1886	2449
1887	2185
1887	2277
1889	2434
1892	2797
1893	2291
1893	2408
1894	1958
1894	2775
1895	2144
1896	2083
1896	2206
1897	2000
1897	2152
1897	2503
1897	2595
1897	2622
1898	2021
1898	2481
1899	2080
1900	2120
1900	2312
1900	2689
1901	2171
1902	2608
1903	2200
1904	2852
1905	2658
1905	2809
1907	2299
1907	2789
1908	2104
1909	2694
1909	2744
1912	2903
1913	2255
1913	2980
1915	2171
1916	2239
1916	2318
1916	2367
1916	2919
1917	2727
1917	2877
1918	2054
1918	2210
1918	2336
1918	2391
1918	2528
1918	2657
1918	2924
1919	2655
1920	2146
1920	2712
1921	2375
1921	2540
1921	2557
1922	2066
1922	2360
1922	2798
1922	2904
1923	1933
1924	2412
1925	2766
1926	2942
1928	2884
1928	2886
1929	2899
1930	2571
1932	2371
1932	2457
1932	2479
1933	2416
1935	2250
1935	2357
1935	2705
1936	2014
1936	2309
1936	2480
1936	2616
1938	2796
1939	2381
1941	2177
1942	2822
1943	2773
1946	1973
1946	2274
1946	2911
1947	2026
1949	2009
1949	2591
1949	2646
1950	2318
1952	2088
1952	2852
1953	2196
1954	2588
1956	2920
1956	2946
1957	2849
1958	2836
1958	2884
1960	2518
1961	1994
1961	2940
1962	1963
1962	2460
1963	2613
1964	2630
1965	2798
1967	2542
1967	2749
1969	2725
1969	2752
1970	2952
1970	2973
1971	2939
1973	1998
1974	2132
1974	2631
1976	2144
1976	2394
1976	2992
1977	2520
1977	2871
1979	2106
1979	2890
1980	2200
1980	2256
1980	2438
1982	2287
1982	2325
1982	2623
1983	2324
1983	2582
1983	2625
1983	2707
1984	2404
1985	2472
1986	2233
1986	2305
1987	2351
1987	2854
1988	2174
1988	2935
1989	2161
1990	1995
1990	2069
1990	2549
1991	2406
1993	2329
1998	2805
1999	2094
2000	2235
2000	2491
2000	2800
2001	2511
2003	2045
2003	2613
2004	2219
2004	2886
2005	2057
2005	2115
2005	2368
2006	2037
2009	2173
2009	2804
2009	2960
2012	2073
2012	2294
2012	2452
2013	2245
2013	2478
2014	2911
2015	2047
2015	2707
2016	2369
2017	2567
2018	2159
2018	2769
2018	2811
2019	2154
2019	2274
2019	2442
2019	2661
2019	2807
2020	2926
2021	2388
2021	2622
2022	2704
2022	2743
2022	2765
2023	2920
2024	2117
2024	2244
2024	2389
2025	2634
2026	2080
2027	2189
2027	2343
2027	2496
2029	2690
2031	2066
2031	2682
2032	2188
2035	2446
2035	2743
2035	2763
2036	2311
2036	2758
2037	2181
2037	2445
2037	2828
2037	2843
2037	2977
2039	2352
2040	2042
2040	2217
2040	2660
2042	2211
2043	2105
2045	2073
2045	2099
2047	2962
2049	2840
2050	2145
2050	2260
2051	2237
2051	2722
2053	2185
2054	2356
2054	2787
2055	2272
2055	2401
2055	2592
2057	2966
2059	2307
2059	2423
2060	2133
2061	2367
2061	2634
2062	2094
2063	2391
2063	2420
2064	2665
2064	2846
2064	2971
2067	2460
2067	2827
2068	2978
2069	2290
2070	2265
2070	2453
2071	2273
2071	2411
2071	2742
2073	2087
2073	2148
2073	2587
2074	2103
2076	2315
2076	2513
2078	2207
2078	2549
2078	2636
2078	2813
2081	2338
2081	2497
2081	2976
2083	2529
2085	2483
2086	2332
2087	2455
2087	2688
2088	2468
2089	2759
2089	2944
2091	2431
2091	2904
2093	2636
2094	2645
2096	2557
2096	2750
2100	2199
2100	2979
2102	2311
2102	2823
2103	2142
2103	2195
2103	2391
2103	2966
2104	2929
2105	2118
2105	2121
2106	2428
2108	2143
2109	2289
2109	2589
2110	2565
2110	2996
2111	2386
2111	2663
2112	2343
2113	2745
2114	2323
2114	2960
2115	2638
2115	2687
2116	2917
2117	2410
2117	2581
2119	2233
2120	2790
2123	2349
2124	2656
2125	2169
2131	2691
2132	2289
2132	2449
2133	2605
2134	2600
2136	2926
2140	2173
2141	2751
2143	2818
2143	2912
2147	2726
2148	2283
2148	2519
2149	2552
2151	2198
2151	2390
2152	2437
2152	2585
2152	2828
2153	2806
2154	2275
2155	2994
2156	2276
2157	2344
2157	2897
2158	2274
2159	2400
2159	2603
2160	2788
2161	2852
2162	2541
2162	2810
2163	2285
2163	2375
2164	2471
2165	2242
2165	2667
2167	2229
2170	2411
2170	2714
2172	2678
2174	2354
2175	2269
2175	2543
2175	2776
2175	2951
2176	2719
2177	2755
2177	2854
2179	3000
2180	2300
2180	2762
2185	2430
2185	2648
2186	2545
2186	2637
2188	2496
2188	2532
2191	2688
2194	2595
2195	2679
2200	2689
2202	2579
2203	2332
2205	2706
2205	2751
2206	2247
2206	2383
2207	2432
2207	2481
2207	2882
2207	2965
2211	2439
2211	2643
2212	2525
2214	2893
2214	2981
2215	2231
2215	2989
2216	2580
2216	2689
2219	2525
2219	2743
2220	2346
2220	2452
2222	2337
2223	2894
2224	2404
2224	2618
2227	2651
2227	2870
2229	2385
2229	2469
2229	2649
2232	2639
2232	2946
2236	2244
2236	2824
2236	2980
2237	2285
2237	2934
2237	2936
2238	2896
2243	2351
2243	2682
2245	2320
2245	2402
2246	2592
2246	2752
2246	2930
2250	2680
2250	2709
2252	2409
2253	2298
2254	2529
2259	2596
2262	2313
2262	2902
2266	2324
2267	2434
2267	2808
2268	2273
2268	2819
2269	2517
2269	2598
2270	2462
2270	2912
2272	2484
2272	2559
2272	2885
2274	2797
2275	2626
2276	2357
2276	2534
2277	2793
2278	2396
2278	2508
2278	2736
2278	2887
2282	2383
2282	2515
2285	2364
2287	2436
2287	2760
2288	2510
2289	2875
2291	2876
2292	2295
2292	2619
2292	2784
2296	2691
2296	2717
2296	2998
2299	2394
2300	2677
2301	2338
2301	2954
2304	2869
2305	2316
2305	2642
2307	2857
2308	2440
2308	2512
2312	2528
2313	2502
2315	2533
2317	2409
2317	2987
2318	2906
2320	2670
2320	2878
2321	2581
2322	2381
2323	2582
2323	2639
2323	2952
2324	2426
2324	2516
2325	2930
2327	2573
2327	2717
2331	2344
2331	2909
2332	2421
2332	2442
2332	2449
2333	2555
2334	2358
2334	2646
2335	2526
2336	2658
2336	2830
2340	2784
2342	2627
2343	2451
2352	2822
2356	2697
2357	2750
2357	2881
2358	2456
2359	2560
2359	2868
2360	2882
2360	2913
2362	2801
2362	2943
2366	2825
2367	2380
2370	2875
2373	2476
2373	2563
2375	2814
2377	2627
2377	2855
2380	2789
2380	2824
2381	2475
2383	2451
2384	2534
2384	2777
2384	2991
2387	2907
2393	2542
2393	2821
2396	2945
2397	2716
2398	2693
2400	2725
2402	2500
2402	2863
2408	2684
2409	2839
2411	2921
2416	2994
2418	2547
2419	2755
2422	2925
2422	2974
2425	2548
2425	2888
2427	2480
2428	2712
2429	2748
2431	2953
2437	2990
2441	2916
2443	2523
2445	2846
2446	2675
2446	2789
2447	2729
2448	2572
2448	2575
2448	2868
2448	2934
2450	2989
2451	2670
2455	2648
2457	2898
2458	2619
2460	2751
2460	2802
2462	2986
2463	2650
2463	2681
2463	2702
2465	2871
2468	2620
2469	2488
2469	2580
2469	2847
2471	2900
2472	2742
2473	2722
2473	2754
2474	2792
2476	2493
2480	2538
2480	2968
2481	3000
2483	2650
2484	2918
2488	2931
2493	2961
2494	2704
2495	2767
2495	2808
2495	3000
2496	2955
2498	2844
2499	2580
2505	2644
2506	2513
2507	2554
2509	2522
2509	2576
2510	2519
2513	2570
2516	2660
2516	2718
2516	2861
2517	2551
2517	2778
2520	2962
2521	2719
2528	2637
2534	2573
2535	2742
2537	2638
2540	2777
2545	2608
2545	2786
2546	2659
2546	2740
2546	2875
2549	2780
2551	2906
2559	2985
2561	2853
2563	2596
2563	2677
2563	2956
2565	2739
2566	2696
2566	2732
2571	2793
2572	2666
2574	2587
2574	2923
2575	2623
2576	2745
2577	2815
2579	2630
2582	2602
2582	2942
2583	2721
2584	2664
2586	2864
2587	2610
2589	2602
2590	2733
2593	2644
2595	2711
2595	2924
2600	2888
2602	2716
2607	2763
2608	2768
2614	2662
2614	2675
2619	2748
2621	2656
2621	2724
2630	2908
2635	2815
2640	2816
2647	2812
2647	2849
2649	2861
2650	2873
2656	2706
2658	2812
2659	2929
2660	2809
2661	2707
2661	2905
2670	2741
2679	2998
2691	2904
2691	2955
2694	2752
2696	2720
2696	2747
2697	2969
2700	2733
2704	2721
2708	2982
2719	2844
2721	2799
2724	2753
2730	2734
2731	2915
2747	2836
2755	2993
2767	2776
2769	2964
2781	2791
2787	2991
2791	2825
2799	2826
2802	2834
2808	2956
2809	2997
2815	2953
2817	2856
2824	2943
2830	2848
2840	2849
2845	2922
2876	2957
2910	2937
2912	2957
2923	2927
2929	2991
2932	2959
2964	2973
2971	2984
