1	2
1	3
1	4
1	5
1	6
1	8
1	17
1	33
1	43
1	53
1	73
1	247
1	337
1	420
1	491
1	562
1	583
1	714
1	850
1	1178
1	1819
1	2045
2	3
2	4
2	5
2	6
2	8
2	9
2	31
2	57
2	237
2	251
2	328
2	373
2	398
2	422
2	1805
2	2683
3	4
3	5
3	6
3	7
3	12
3	13
3	18
3	29
3	36
3	37
3	106
3	146
3	157
3	398
3	609
3	838
3	1065
3	2808
3	3668
4	5
4	6
4	24
4	27
4	34
4	35
4	48
4	55
4	64
4	74
4	87
4	122
4	220
4	230
4	266
4	317
4	394
4	957
4	1273
4	1852
4	1981
4	2329
5	6
5	7
5	10
5	23
5	31
5	117
5	215
5	379
5	445
5	657
5	819
5	1306
5	1515
5	2300
6	7
6	10
6	12
6	72
6	114
6	139
6	179
6	503
6	804
6	950
6	1502
6	2410
6	2474
6	3704
7	9
7	11
7	33
7	43
7	46
7	47
7	71
7	554
7	1755
7	1925
7	2448
7	2536
7	2673
8	13
8	30
8	61
8	424
8	726
8	1387
8	1579
8	1950
9	11
9	23
9	45
9	52
9	121
9	123
9	213
9	351
9	361
9	367
9	1565
9	1601
10	19
10	40
10	446
10	533
10	954
10	1462
10	3517
11	14
11	37
11	40
11	69
11	85
11	99
11	245
11	311
11	629
12	15
12	16
12	22
12	152
12	153
12	190
12	232
12	1644
12	2551
13	14
13	15
13	17
13	18
13	32
13	39
13	417
13	431
13	600
13	603
13	811
13	974
13	1075
13	1377
14	16
14	19
14	25
14	48
14	76
14	84
14	102
14	123
14	130
14	237
14	532
14	904
14	1084
14	2299
15	20
15	36
15	38
15	74
15	86
15	95
15	145
15	188
15	204
15	312
15	440
15	557
15	627
15	1241
15	1701
15	2134
16	20
16	38
16	59
16	84
16	100
16	114
16	168
16	325
16	396
16	1018
16	1456
16	1653
16	2069
17	24
17	26
17	59
17	75
17	166
17	187
17	202
17	1384
17	1444
17	1752
17	2685
17	3091
18	21
18	22
18	27
18	28
18	30
18	44
18	56
18	62
18	210
18	420
18	1188
18	1401
18	3587
18	3878
19	21
19	49
19	64
19	103
19	162
19	163
19	307
19	626
19	926
19	1108
19	1210
19	1253
19	1799
20	41
20	151
20	232
20	233
20	387
20	613
20	667
20	1434
20	1856
20	3520
21	25
21	42
21	115
21	574
21	1136
21	1867
21	2069
22	34
22	70
22	98
22	155
22	198
22	883
22	1578
22	3137
22	3700
23	46
23	53
23	58
23	70
23	112
23	349
23	372
23	500
23	649
23	999
23	1731
23	3493
23	3739
24	26
24	28
24	32
24	54
24	58
24	88
24	155
24	280
24	359
24	1757
24	1971
25	50
25	55
25	63
25	120
25	131
25	246
25	354
25	1559
25	2361
25	2939
25	3148
26	44
26	52
26	78
26	114
26	138
26	234
26	269
26	678
26	2216
26	3590
27	54
27	92
27	99
27	221
27	521
27	522
27	721
27	2061
28	29
28	94
28	98
28	183
28	186
28	217
28	285
28	480
28	484
28	703
28	1020
28	1523
29	41
29	48
29	76
29	91
29	105
29	143
29	643
29	676
29	712
29	809
29	833
29	1465
30	66
30	71
30	82
30	100
30	113
30	211
30	216
30	247
30	360
30	687
30	1452
31	35
31	39
31	83
31	88
31	110
31	148
31	203
31	693
31	1063
31	1160
31	1328
31	2084
31	2390
31	2612
31	3684
32	45
32	49
32	60
32	83
32	119
32	570
32	1348
32	1440
32	2954
32	3330
33	42
33	71
33	78
33	134
33	198
33	229
33	236
33	553
33	861
33	881
33	1216
33	2926
33	3468
34	61
34	65
34	103
34	189
34	209
34	309
34	385
34	494
34	539
34	818
34	1152
34	1958
35	85
35	235
35	363
35	392
35	423
35	848
35	1608
35	2726
36	57
36	137
36	160
36	229
36	296
36	319
36	365
36	628
36	761
36	772
36	2855
36	3309
37	67
37	77
37	142
37	157
37	197
37	225
37	288
37	425
37	793
37	1195
37	3804
38	57
38	81
38	127
38	144
38	167
38	222
38	262
38	729
38	1061
38	1497
38	2363
38	2952
39	91
39	96
39	112
39	138
39	149
39	162
39	885
39	1382
39	2856
39	3080
40	68
40	79
40	93
40	139
40	162
40	196
40	212
40	254
40	352
40	371
40	537
40	598
40	1186
40	2365
41	51
41	89
41	161
41	193
41	288
41	579
41	1141
41	1476
41	1547
41	1806
42	73
42	75
42	108
42	430
42	454
42	455
42	512
42	987
42	1040
42	1648
43	152
43	153
43	384
43	576
43	634
44	63
44	79
44	129
44	154
44	158
44	252
44	338
44	1379
44	1550
44	2131
44	3415
45	51
45	67
45	276
45	282
45	362
45	898
45	963
45	1270
45	1486
45	2108
45	2457
45	2916
46	47
46	90
46	154
46	210
46	304
46	441
46	1509
46	3338
47	65
47	81
47	113
47	165
47	499
47	633
47	699
47	867
47	3523
47	3772
48	50
48	151
48	178
48	220
48	357
48	586
48	829
48	863
48	934
48	1080
48	1143
48	1162
48	3515
48	3648
49	360
49	438
49	506
49	782
49	1489
49	1500
49	2378
50	56
50	136
50	296
50	327
50	341
50	371
50	378
50	569
50	619
50	936
50	1496
50	1645
50	2272
50	2740
51	62
51	105
51	318
51	364
51	402
51	548
51	3092
52	101
52	140
52	206
52	1164
52	2229
52	2438
52	2460
52	3550
52	3941
53	68
53	133
53	182
53	240
53	406
53	1035
53	1996
54	60
54	274
54	523
54	827
54	852
54	1066
54	2925
54	3736
55	241
55	243
55	1245
55	1919
55	2556
55	3866
56	96
56	97
56	110
56	181
56	283
56	752
56	2428
56	3116
56	3311
57	122
57	141
57	359
57	369
57	400
57	550
57	1426
57	2995
57	3587
57	3769
58	72
58	77
58	84
58	244
58	485
58	2043
58	3796
59	130
59	188
59	239
59	271
59	274
59	355
59	416
59	560
59	784
59	1475
59	1884
60	66
60	102
60	172
60	224
60	587
60	1407
61	92
61	376
61	467
61	541
61	995
61	1889
61	2046
61	2178
61	2715
62	97
62	108
62	231
62	411
62	1295
62	1373
63	187
63	237
63	3558
64	93
64	250
64	298
64	338
64	344
64	556
64	708
64	1446
64	2369
65	69
65	90
65	117
65	205
65	408
65	457
65	531
65	1562
65	3389
66	137
66	140
66	173
66	271
66	701
66	1279
66	1955
66	2665
66	3830
67	127
67	316
67	411
67	490
67	780
67	1118
67	1904
67	2326
67	3791
68	191
68	202
68	877
68	1117
68	1237
68	1642
68	2554
68	2742
68	3185
69	80
69	124
69	132
69	218
69	1923
69	2557
70	261
70	489
70	702
70	882
70	943
70	2189
70	3566
71	89
71	126
71	129
71	309
71	358
71	483
71	555
71	730
71	908
71	1365
71	1967
71	2515
72	82
72	116
72	131
72	305
72	353
72	637
72	1122
72	1341
72	2564
72	2687
72	3153
73	86
73	118
73	186
73	191
73	277
73	290
73	513
73	766
73	1175
73	2607
73	3009
74	107
74	174
74	175
74	243
74	299
74	790
74	833
74	2127
74	2436
74	2972
75	80
75	167
75	214
75	235
75	253
75	500
75	501
75	563
75	1036
75	1461
76	104
76	255
76	285
76	368
76	535
76	900
76	932
76	1624
76	1973
76	3773
76	3811
77	145
77	174
77	201
77	261
77	1219
77	1299
77	1846
77	1893
77	3165
77	3797
78	159
78	224
78	269
78	434
78	746
78	1579
78	2177
78	2449
78	2650
78	2847
78	3356
79	109
79	159
79	171
79	320
79	441
79	487
79	951
79	956
79	968
79	2752
79	3762
80	331
80	2863
81	120
81	282
81	578
81	601
81	689
81	855
81	1088
81	2187
82	125
82	180
82	308
82	1404
82	2377
82	2407
82	3643
83	244
83	433
83	822
83	1558
83	2963
84	104
84	106
84	134
84	281
84	318
84	414
84	1827
84	1973
85	101
85	116
85	121
85	169
85	238
85	373
85	436
85	976
85	1046
85	1257
85	1768
85	1928
85	2614
85	3313
86	87
86	109
86	404
86	513
86	664
86	1037
86	1245
86	1786
86	3370
87	142
87	291
87	406
87	524
87	608
87	922
87	1719
87	3064
88	133
88	511
88	1382
88	3742
89	141
89	201
89	205
89	685
89	908
89	1222
89	3610
90	185
90	1323
90	2333
90	2627
90	2967
91	98
91	143
91	177
91	249
91	260
91	377
91	1917
91	3631
92	348
92	356
92	633
92	1051
92	2574
93	94
93	95
93	195
93	245
93	246
93	336
93	1100
93	1203
93	1468
93	2451
93	2673
93	3229
94	1031
94	2238
94	2394
94	3885
94	3958
95	111
95	465
95	474
95	1211
96	119
96	147
96	251
96	434
96	505
96	781
96	1737
96	1997
96	2024
97	203
97	283
97	564
97	588
97	810
97	1954
97	3199
98	118
98	164
98	297
98	328
98	498
98	637
98	2366
99	117
99	239
99	327
99	830
99	1076
99	2346
99	3688
100	117
100	126
100	546
100	665
100	921
100	970
100	1106
100	1408
100	2789
101	102
101	107
101	177
101	496
101	589
101	1246
101	1305
101	2743
102	111
102	128
102	166
102	176
102	466
102	622
102	941
102	1065
102	1926
102	3209
102	3289
103	106
103	135
103	170
103	180
103	303
103	538
103	657
103	906
103	1156
103	1682
104	427
104	743
104	1099
104	1137
104	3131
104	3953
105	189
105	1946
105	3359
106	115
106	165
106	404
106	546
106	828
107	213
107	348
107	372
107	483
107	549
107	839
107	1175
107	2254
107	3809
108	150
108	370
108	625
108	764
108	822
108	1017
109	125
109	156
109	661
109	777
109	795
109	1538
109	2215
110	132
110	148
110	158
110	228
110	521
110	734
110	774
110	1530
110	1895
110	2250
110	3375
110	3452
110	3580
110	3615
111	386
111	561
111	684
111	871
111	962
111	1304
111	1482
111	2105
111	2681
111	2976
111	3803
112	192
112	232
112	275
112	628
112	1272
112	1315
112	1780
112	3041
113	169
113	253
113	509
113	525
113	971
113	1057
113	3829
114	182
114	242
114	358
114	734
114	2431
115	199
115	381
115	674
115	806
115	840
115	913
115	1211
115	1269
115	1711
115	3248
116	124
116	419
116	475
116	551
116	1737
116	2827
116	3485
117	160
117	254
117	272
117	441
117	707
117	883
117	910
117	1418
117	3613
117	3622
118	122
118	135
118	136
118	220
118	403
118	855
118	860
118	2594
118	3852
119	208
119	228
119	428
119	506
119	615
119	631
119	719
119	3275
120	457
120	669
120	1427
120	1659
120	1900
120	2834
121	314
121	1588
121	1947
121	2076
121	3818
122	150
122	194
122	317
122	333
122	347
122	544
122	1228
122	2191
122	3273
123	147
123	192
123	485
123	1060
123	1748
123	2256
123	2965
124	910
124	916
124	951
124	1485
124	2509
124	3108
124	3139
125	128
125	200
125	268
125	449
125	865
125	1286
125	3317
126	163
126	227
126	335
126	1385
126	1651
127	171
127	226
127	259
127	273
127	312
127	576
127	920
127	1046
127	1483
127	1607
127	2307
127	2929
127	3255
127	3693
128	324
128	580
128	711
128	2301
128	2332
129	164
129	183
129	623
129	740
129	850
129	1378
129	1627
129	1920
129	3861
130	184
130	263
130	274
130	573
130	635
130	653
130	929
130	1429
130	1430
130	2338
130	2686
130	3196
131	264
131	3066
131	3444
132	178
132	184
132	361
132	368
132	646
132	671
132	687
132	853
132	979
132	2337
132	3800
133	221
133	343
133	1364
133	1541
133	2791
134	153
134	231
134	448
134	530
134	716
134	1531
134	1752
134	2728
134	2851
134	3023
135	556
135	2551
135	2894
136	344
136	557
136	870
136	1239
136	1487
136	2226
137	620
137	787
137	1067
137	1455
137	1782
138	176
138	382
138	2235
138	2422
139	218
139	341
139	464
139	630
139	891
139	1237
139	1612
139	1723
139	2823
139	3899
140	144
140	200
140	233
140	544
140	2936
141	1717
141	2806
141	3785
142	286
142	559
142	737
142	755
142	3364
143	146
143	170
143	248
143	481
143	724
143	919
143	1488
143	2005
143	2959
145	173
145	180
145	265
145	334
145	532
145	596
145	843
145	1104
145	1300
145	2086
145	2104
145	2601
145	2609
145	3300
145	3398
146	149
146	242
146	394
146	866
146	1194
146	1369
146	1501
146	1641
146	1671
146	2239
146	2767
146	2995
147	156
147	175
147	199
147	374
147	761
147	796
147	1184
147	1344
147	3914
148	226
148	1033
148	1078
148	1103
148	1774
148	2409
148	2806
149	558
149	803
149	807
149	1379
149	1580
149	1759
149	1800
149	1936
149	2279
149	3001
149	3033
150	308
150	364
150	542
150	575
150	787
150	1475
150	2747
151	914
151	1126
151	1439
151	1574
152	250
152	262
152	343
152	347
152	419
152	722
152	731
152	881
152	1166
152	1981
153	207
153	380
153	460
153	479
153	1488
153	1522
153	1803
153	1876
153	2057
153	2220
153	2430
154	181
154	686
154	1484
154	1772
154	1891
154	3465
155	194
155	195
155	345
155	392
155	605
155	693
156	258
156	284
156	300
156	464
156	817
156	1545
156	1671
156	2999
157	725
157	1087
157	1202
157	1471
157	1475
157	1512
157	1568
157	3139
157	3188
158	179
158	435
158	694
158	983
158	1229
158	1347
158	3439
158	3970
159	161
159	163
159	538
159	940
159	1498
159	1859
159	2328
160	216
160	391
160	429
160	1041
160	1102
160	1902
160	2531
160	2753
161	204
161	281
161	489
161	767
162	333
162	350
162	886
162	1315
162	1807
162	1874
162	2090
163	168
163	172
163	234
163	689
163	1021
163	1625
164	206
164	209
164	325
164	415
164	994
164	1387
164	1414
164	3943
165	215
165	265
165	1144
165	1267
165	1552
165	3256
166	401
166	470
166	548
166	597
166	669
166	1023
166	2025
167	279
167	472
167	486
168	1473
168	2851
169	446
169	498
169	752
169	757
169	944
169	1285
169	1526
169	3509
170	190
170	193
170	196
170	236
170	276
170	449
170	753
170	760
170	2542
170	3619
170	3824
171	185
171	733
171	739
171	826
171	2358
171	3209
171	3400
172	175
172	217
172	268
172	1076
172	1161
172	1403
172	2902
173	197
173	224
173	410
173	964
173	1024
173	3597
174	227
174	461
174	1422
174	1722
174	2018
175	273
175	311
175	482
175	557
175	636
175	996
175	1114
175	1609
175	1817
175	3239
175	3333
176	286
176	488
176	783
176	1793
176	2525
176	2801
177	212
177	321
177	643
177	710
177	851
177	1619
177	2009
177	2099
177	3429
177	3631
178	270
178	280
178	481
178	1009
178	1314
179	264
179	985
179	1199
179	1706
179	2455
180	266
180	355
180	437
180	1170
180	1826
180	2804
180	3121
181	240
181	382
181	476
181	1668
182	215
182	248
182	260
182	293
182	406
182	493
182	587
182	905
182	912
182	1051
182	1334
182	1593
182	2507
182	2994
183	591
183	1605
183	2660
184	207
184	377
184	617
184	1121
184	2028
185	255
185	301
185	458
185	518
185	832
185	1173
185	2484
186	468
186	595
186	2016
187	647
187	938
187	2158
187	3414
187	3658
188	230
188	568
188	1015
188	1081
188	1968
189	219
189	286
189	298
189	306
189	316
189	415
189	2350
189	2592
189	2819
190	211
190	466
190	596
190	888
190	890
190	1966
190	2804
191	256
191	340
191	594
191	1915
191	3017
192	366
192	458
192	479
192	639
192	1069
192	2561
192	2913
192	3030
193	428
193	462
193	507
193	692
193	3086
194	534
194	1174
194	2547
195	241
195	465
195	581
195	592
195	646
195	1107
195	1228
195	1894
195	2160
196	292
196	333
196	417
196	420
196	785
196	1001
196	1493
196	2282
196	2679
197	336
197	1343
198	759
198	1281
198	1726
198	3650
199	223
199	1187
199	1870
199	2504
199	3798
200	986
200	1209
201	219
201	225
201	414
201	576
201	1024
201	1096
201	1125
201	1353
201	1905
201	2359
201	2600
202	257
202	278
202	399
202	440
202	554
202	627
202	906
202	1877
202	2008
202	2271
203	596
203	860
203	1159
204	257
204	315
204	323
204	814
204	876
204	1296
204	2038
205	208
205	222
205	345
205	402
205	456
205	517
205	1308
205	2747
206	294
206	858
206	1095
206	1528
206	1577
206	2397
206	3350
207	391
207	736
207	974
207	1480
207	1605
207	1875
207	3117
207	3851
208	252
208	322
208	354
208	365
208	494
208	810
208	859
208	1780
208	2375
208	2952
208	3184
209	400
209	471
209	654
209	783
209	1572
209	1639
209	3024
210	249
210	295
210	329
210	361
210	599
210	706
210	1050
210	2008
210	2313
210	2744
210	3197
210	3939
211	238
211	258
211	443
211	497
211	536
211	716
211	778
211	1398
211	1787
211	2973
211	3600
212	214
212	275
212	302
212	361
212	582
212	961
212	1196
212	1834
212	3430
213	310
213	326
213	337
213	492
213	502
213	526
213	595
213	972
213	1533
214	1272
214	1400
214	1524
214	1973
214	2078
214	3640
215	416
215	439
215	610
215	816
215	1373
215	1563
215	2088
215	2384
215	2546
215	2853
215	3008
215	3758
216	300
216	433
216	545
216	599
216	1445
216	1720
216	3954
217	1151
217	1419
217	1608
218	259
218	291
218	492
218	1432
218	3205
218	3428
218	3506
218	3911
219	223
219	648
219	3055
219	3423
220	329
220	584
220	959
220	1143
221	292
221	804
221	3335
222	379
222	385
222	495
222	659
222	738
222	895
222	1425
222	1708
223	1307
223	1313
223	2518
224	2906
225	321
225	1054
225	1890
226	272
226	314
226	617
226	2041
227	299
227	383
227	585
227	1026
228	263
228	971
228	1519
228	1655
228	2101
228	2613
229	351
229	668
229	851
229	1060
229	1107
229	1391
229	2527
230	591
230	835
230	1044
230	1219
230	1330
230	1392
230	1550
230	2297
231	672
231	681
231	847
231	1034
231	1212
231	1572
231	2256
231	3109
232	564
232	580
232	1168
232	1935
232	2059
232	3179
233	276
233	357
233	1048
233	1429
234	282
234	770
234	1773
234	2440
235	284
235	388
235	568
235	786
235	864
235	1627
235	1740
235	2760
235	2989
235	3029
236	276
236	473
236	529
236	1068
236	1780
237	289
237	319
237	390
237	1016
237	1760
237	1839
237	2430
238	258
238	304
238	381
238	509
238	604
238	876
238	1828
238	2376
239	256
239	267
239	590
239	639
239	1226
239	1363
239	1556
239	2207
239	2566
239	3790
240	435
240	620
240	799
240	2176
240	2794
240	3386
241	279
241	313
241	349
241	369
241	515
241	595
241	1262
241	1912
242	517
242	903
242	1359
242	1447
242	1873
242	2036
242	2143
242	3118
242	3987
243	389
243	408
243	683
243	782
243	2164
243	2401
244	880
244	963
244	1121
244	2063
244	2354
244	2818
245	430
245	826
245	1179
245	1298
245	1308
245	1434
245	2962
245	3194
245	3918
246	307
246	614
246	1149
246	1814
247	270
247	523
247	686
247	903
247	1044
247	1907
247	2334
247	2676
248	397
248	709
248	769
248	1229
248	1357
248	1587
248	2109
248	2462
249	267
249	290
249	293
249	342
249	578
249	607
249	774
249	1840
249	2082
249	2229
249	3287
250	323
250	667
250	668
250	793
250	1250
250	2243
251	339
251	355
251	387
251	2704
251	2878
252	287
252	302
252	322
252	339
252	362
252	438
252	539
252	611
252	670
252	673
252	681
252	1014
252	1746
253	384
253	444
253	720
253	1089
253	1157
253	1941
254	340
254	366
254	618
254	1518
254	1553
254	2205
254	2622
254	3094
254	3686
255	326
255	1207
255	3208
256	468
256	1029
256	2240
256	3056
256	3501
257	352
257	454
257	2031
257	2043
257	2765
257	3555
257	3670
258	303
258	367
258	1019
258	1093
258	1247
258	3236
259	379
259	423
259	772
259	1243
259	1833
259	1914
259	3015
260	324
260	474
260	869
260	1515
260	2114
261	409
261	412
261	1089
262	306
262	1293
262	1959
262	2231
262	3355
263	439
263	566
263	1080
263	1097
263	1369
263	2285
263	2370
263	2534
264	642
264	920
264	3189
265	332
265	510
265	579
265	1459
265	1979
265	2545
266	277
266	662
266	1654
266	1908
266	2686
267	421
267	978
267	1983
267	2167
267	2380
267	2470
267	2618
267	2847
268	278
268	452
268	463
268	634
268	1405
268	3691
269	315
269	448
269	478
269	581
269	1730
269	1835
270	331
270	335
270	453
270	475
270	707
270	779
270	856
270	1106
270	1150
271	375
271	378
271	947
271	1041
271	2132
271	2194
272	313
272	407
272	473
272	613
272	845
272	3084
272	3366
273	386
273	909
273	1419
273	1472
274	363
274	600
274	1478
274	1724
274	2745
275	514
275	537
275	946
275	1402
275	1499
275	1643
275	1705
275	1839
275	1979
275	3703
275	3977
276	310
276	591
276	2036
276	2525
277	507
277	873
277	1640
277	1794
277	2099
277	2425
278	287
278	353
278	681
278	851
278	1544
278	1767
279	294
279	598
279	1709
279	2396
279	3558
280	289
280	346
280	880
281	405
281	459
281	789
281	1000
281	1668
281	2412
281	2454
281	3520
282	326
282	484
282	550
282	1011
282	3092
282	3580
283	413
283	812
283	885
283	981
283	1084
283	2218
283	2242
283	2644
283	3513
283	3662
284	374
284	3103
285	307
285	392
285	508
285	1085
285	1757
285	2266
286	301
286	320
286	824
286	939
286	1825
286	2165
287	588
287	1356
287	1477
287	1997
287	2271
287	2919
287	3018
288	295
288	383
288	472
288	880
288	1618
288	3886
289	330
289	3606
290	409
290	2119
290	2587
290	2881
291	305
291	471
291	476
291	518
291	677
291	794
291	1013
292	663
292	2602
292	3752
293	297
293	728
293	2287
293	3301
293	3516
293	3669
294	749
294	802
294	2002
295	988
295	1934
295	2287
295	3597
297	490
297	1255
297	3034
297	3331
298	422
298	3465
299	376
299	413
299	533
299	541
299	3305
300	540
300	630
300	981
300	1146
300	1295
301	401
301	1086
301	2728
302	585
302	875
302	911
302	1184
302	2426
302	3850
303	651
303	1277
303	1704
303	2779
304	332
304	455
304	461
304	798
304	1951
304	3026
305	615
305	2971
306	599
306	929
306	1112
306	3893
307	504
307	1011
307	1174
307	2208
307	3266
307	3777
307	3876
308	421
308	1543
308	1929
308	2289
309	399
309	695
309	889
309	1218
309	1669
309	2032
309	3535
310	342
310	901
310	1481
310	3709
311	396
311	441
311	525
311	567
311	572
311	1181
311	1183
311	2771
312	717
312	1058
312	1615
312	2770
312	3663
313	601
313	747
313	853
313	1282
313	1532
313	1593
314	572
314	1290
314	2253
314	2447
314	3724
315	742
315	1008
315	1966
315	3572
316	418
316	1796
316	2815
317	380
317	397
317	660
317	955
317	1409
317	1670
317	2682
317	3221
317	3244
317	3487
317	3876
318	1590
318	2014
319	346
319	665
319	750
319	1765
319	1939
320	499
320	811
320	845
320	1105
320	1397
320	3059
320	3476
321	356
321	612
321	982
321	1455
321	2432
322	462
322	843
322	930
322	984
322	1287
322	1337
323	334
323	1198
323	1343
323	1402
323	1415
324	330
324	700
324	1378
324	1464
324	1953
324	3694
325	395
325	612
325	674
325	680
325	1722
325	1754
325	3060
326	437
326	728
326	763
326	823
326	862
327	453
327	638
327	1527
327	1632
327	1870
327	3107
327	3869
328	510
328	552
328	559
328	602
328	1921
329	375
329	388
329	447
329	608
329	804
329	1098
329	1625
329	2983
329	3563
329	3637
330	403
330	1029
330	1976
330	2657
331	425
331	873
331	1469
331	1558
332	1007
332	2620
332	2652
333	456
333	776
333	967
333	1207
333	1381
333	1874
333	3921
334	1052
334	1354
334	1495
334	1622
334	1750
334	3164
334	3685
334	3836
335	426
335	527
335	651
335	2468
335	2761
335	2913
336	511
336	726
336	797
336	1028
336	1232
336	1242
336	1320
336	1602
336	2419
336	3370
336	3779
337	569
337	1090
337	1594
337	3746
338	466
338	3512
339	444
339	530
339	655
339	950
339	983
340	567
340	642
340	796
340	1931
340	2278
340	3608
341	2530
341	3206
342	594
342	1126
342	1137
342	1153
342	3327
343	350
343	1092
343	1368
343	1638
343	1658
343	1761
343	2569
344	452
344	831
344	928
344	1079
344	1439
344	2784
344	3139
345	442
345	652
345	1972
345	3633
346	427
346	431
346	811
346	1023
346	1153
346	1332
346	1811
346	2653
347	370
347	460
347	1147
347	2976
347	3081
347	3091
348	464
348	3831
349	1246
349	1275
349	1801
349	2223
349	2409
349	3140
350	583
350	3723
351	553
351	803
351	1769
351	2917
352	915
352	3352
352	3368
353	496
353	1421
353	1798
353	2232
353	2331
353	2663
354	358
354	436
354	619
354	751
354	1461
354	1893
354	2318
354	2759
355	390
355	741
355	877
355	1170
355	1207
356	427
356	695
356	787
356	1693
356	2212
356	2440
356	3418
357	648
357	1283
357	1482
357	1523
357	1751
357	1838
357	3400
357	3561
357	3718
358	369
358	733
358	1331
358	3043
359	450
359	661
359	1127
359	1922
359	3378
360	407
360	451
360	902
360	1117
360	1185
360	3700
361	482
361	635
361	992
361	2098
361	2130
361	2175
361	3742
362	618
362	730
362	742
362	2196
362	3574
363	412
363	516
363	952
363	1387
363	2146
363	2712
363	2732
363	3389
364	514
364	656
364	1703
364	2513
364	3281
365	393
365	1431
365	1506
365	1960
365	2708
366	398
366	736
366	777
366	1086
366	1188
366	1267
366	1740
366	3105
366	3294
367	405
367	1156
367	2463
367	2717
367	2722
368	609
368	1353
368	1400
368	1809
368	1900
369	432
369	441
369	528
369	580
369	1250
369	3413
370	392
370	644
370	986
370	1177
370	2021
370	2672
370	3322
371	678
371	792
371	846
371	1309
371	2211
371	3201
371	3706
372	429
372	602
373	393
373	442
373	1124
373	1706
373	2727
374	616
374	1037
374	2386
374	3100
375	1694
375	3436
375	3723
376	395
376	887
376	1006
376	1069
376	2195
376	2304
377	477
377	493
377	868
377	1363
377	2029
377	2965
377	3340
378	554
378	620
378	1234
378	3252
379	443
379	607
379	2135
379	3478
379	3546
380	422
380	528
380	564
380	891
380	1223
380	1486
380	2257
380	3793
381	470
381	491
381	897
381	1256
381	1989
381	2445
381	2713
382	527
382	543
382	691
382	744
383	486
383	991
383	1317
383	1873
383	2096
383	2242
383	2264
384	495
384	892
384	1833
384	2337
384	3077
384	3388
385	432
385	1070
385	1271
385	2549
386	512
386	734
386	1650
386	2457
387	389
387	531
387	2929
388	1136
388	2172
388	2696
388	2972
389	445
389	467
389	545
389	1334
389	2100
389	2775
389	2997
389	3219
389	3730
389	3737
390	949
390	3078
390	3226
390	3304
391	682
391	889
391	1169
391	2843
391	3717
392	593
392	1477
392	1535
392	1652
392	2085
393	739
393	3235
394	2505
394	3022
395	441
395	529
395	927
395	942
395	2088
396	1688
396	2124
397	1718
397	1782
397	2756
398	480
398	620
398	1073
398	2475
398	3872
398	3982
399	958
399	1365
399	2961
399	3424
400	605
400	725
400	815
400	1357
401	675
401	938
402	477
402	505
402	896
402	1049
402	1074
402	1227
402	1739
402	2581
402	3327
403	436
403	1205
403	1237
403	2295
403	3629
403	3834
404	459
404	658
404	685
404	970
404	1042
405	2052
405	2310
406	692
406	756
406	2537
406	3767
406	3936
407	1571
407	1784
407	3726
407	3734
408	426
408	676
408	703
408	1186
409	410
409	1183
409	2941
409	3620
410	784
410	807
410	2045
410	2594
411	503
411	679
411	3873
412	933
413	601
413	666
413	2162
413	3084
414	469
414	715
414	788
414	857
414	2997
414	3702
415	1254
415	3048
415	3217
416	418
416	1002
416	2059
416	2902
416	3937
417	690
417	727
417	982
417	1314
417	1804
417	2319
417	2602
418	871
418	1335
418	1386
418	1860
419	520
419	789
419	1679
419	1773
419	2423
419	2968
419	3543
420	502
420	551
420	799
420	888
420	1358
420	1748
420	1890
420	3283
421	548
421	611
421	621
421	699
421	1217
421	2335
421	2729
422	424
422	1235
422	2089
422	2751
422	3000
423	504
423	571
423	1880
424	548
424	625
424	641
424	711
424	1078
424	1467
424	2107
425	632
425	1047
425	1197
425	1818
426	492
426	1413
426	1518
426	1573
426	3354
426	3459
427	469
427	1674
427	3940
428	463
428	1493
428	1663
429	735
429	813
429	866
429	1157
429	3313
430	447
430	805
430	1577
430	1676
430	1841
430	2000
430	2641
430	2775
430	3227
431	1115
431	1655
431	3479
432	536
432	647
432	972
432	1780
432	2042
433	438
433	907
433	1771
433	1784
433	2342
433	2390
433	2989
433	3650
434	659
434	1451
434	2973
435	574
435	601
435	631
435	999
435	1161
435	1962
436	549
436	768
436	1007
436	1769
436	2098
436	2292
436	3204
436	3561
437	523
437	606
437	1236
437	2566
437	3597
438	488
438	540
438	586
438	624
438	1094
438	1675
438	2087
438	2180
438	2329
439	1237
439	1294
439	3296
440	1189
440	3342
441	519
441	547
441	1279
441	2746
441	2945
442	524
442	743
442	792
442	1341
442	3252
443	870
443	1154
443	2405
443	2469
443	3183
444	746
444	930
444	1345
444	1391
444	2403
445	451
445	1824
445	2803
445	3867
446	551
446	561
446	771
446	814
446	1101
446	1169
446	1604
446	2459
446	3087
446	3576
447	450
448	534
448	558
448	956
448	988
448	1032
448	1035
448	1457
448	1650
448	2108
448	2452
448	3075
449	915
449	1479
449	2137
449	2608
449	2898
450	2658
450	3063
451	748
451	1327
451	1586
451	1617
452	478
452	1010
452	1426
453	590
453	1306
453	1416
453	3924
454	649
454	682
454	1244
454	2672
455	530
455	854
455	916
455	1050
455	1241
455	1733
455	2512
455	2705
456	688
456	1221
456	1548
456	2472
456	3427
457	697
457	887
457	923
457	1047
457	1471
457	1735
457	2133
457	2700
457	2892
458	680
458	801
458	1725
458	2887
458	3933
459	640
459	1214
459	1614
459	1636
459	2050
460	681
460	813
460	2267
461	656
461	3969
462	925
462	1434
462	2350
462	3491
462	3976
463	849
463	3249
464	645
464	700
464	1780
465	519
465	539
465	645
465	773
465	913
465	1145
465	1187
465	3253
465	3588
466	1201
466	1690
466	2692
467	848
467	1038
467	1198
467	1745
467	2291
467	2489
467	3290
468	1569
468	1855
469	852
469	1279
469	1880
470	710
470	767
470	1917
470	3672
470	3884
471	610
471	1382
471	2876
471	3860
472	959
472	1146
472	2083
472	2668
472	3551
473	749
473	755
473	1039
473	2655
474	2637
475	563
475	776
475	1185
475	3537
476	753
476	899
476	947
476	2737
477	487
477	809
477	1375
477	2734
478	808
478	1324
478	1796
478	1908
478	2657
478	3550
479	1352
479	1406
479	3349
480	508
480	1016
480	1465
480	2156
480	2471
481	1777
481	2624
481	3286
481	3447
482	663
482	670
483	1433
483	2734
484	1345
484	1712
484	2351
485	640
485	968
485	1287
485	1288
486	580
486	737
486	2184
486	2414
486	3377
487	592
487	829
487	1849
487	3754
488	654
488	1105
488	1561
488	2269
489	497
489	501
489	1497
490	664
490	879
490	1220
490	1410
490	2022
491	601
491	708
491	1732
492	798
492	977
492	1145
492	1411
492	1867
493	520
493	1192
493	1206
493	1503
493	2950
494	577
494	722
494	846
494	1166
494	1512
494	2040
494	2214
495	526
495	624
495	837
495	856
495	953
495	2754
496	1478
496	1566
496	1678
496	2888
496	3755
496	3814
497	1486
497	3307
498	1537
498	1792
498	3114
498	3613
499	571
499	653
499	655
499	882
499	1762
499	2125
500	626
500	671
500	1225
500	1451
500	3471
501	1388
501	1718
501	2896
501	3647
502	577
502	924
502	1664
502	3145
503	1289
503	3804
504	582
504	1404
504	1549
504	3372
504	3611
505	660
505	766
505	911
505	3123
506	516
506	547
506	825
507	542
507	705
507	731
507	1947
508	515
508	763
508	827
508	925
508	1562
508	1707
508	2327
509	867
509	3681
510	1975
510	3013
511	3672
512	1052
512	2336
512	2782
513	575
513	589
513	797
513	1634
513	2880
514	597
514	828
514	1474
514	1753
514	2593
514	2990
515	675
515	762
515	1059
515	1385
515	1741
516	718
516	1045
516	1375
516	2510
517	522
517	1674
517	3698
518	535
518	1329
518	2643
518	2751
519	1213
519	1585
519	1974
519	2262
519	3494
520	2567
520	2776
520	3228
520	3468
521	573
521	1367
521	2821
522	530
522	757
522	896
522	3958
523	543
523	1327
523	2446
523	3042
524	562
524	957
524	1355
524	1454
524	1715
525	614
525	1649
525	1763
525	2538
525	2671
525	3859
526	748
526	825
526	984
526	2761
527	723
527	1361
527	1460
527	1963
528	622
529	1546
530	2780
530	3014
530	3131
530	3776
531	1032
531	2641
531	3083
531	3589
532	552
532	673
532	821
532	859
532	893
532	984
532	2716
532	3085
533	741
533	1003
533	1248
533	1974
533	2812
533	3628
534	704
534	1026
534	1131
534	1647
534	2628
534	2922
534	2949
535	1210
535	2661
535	3261
536	565
536	718
536	795
536	1091
536	1204
536	1727
536	2118
536	2622
536	2876
536	3298
536	3303
536	3586
537	1619
537	3047
538	1171
538	2464
538	2649
538	2817
538	3706
539	1147
539	2253
539	2270
539	2460
539	3731
539	3966
540	948
540	1236
540	1564
540	1898
540	2500
540	2638
541	2082
541	3329
542	1340
543	658
543	696
543	1399
543	2443
544	623
544	841
544	1309
544	1642
544	3846
545	609
545	632
545	818
545	1200
545	1672
545	2453
545	2651
545	3417
546	758
546	1172
546	1657
546	1821
546	2258
546	2695
547	827
547	868
547	1446
547	2021
548	555
548	560
548	794
548	1696
548	2142
549	690
549	719
549	2406
549	2720
550	732
550	886
550	2526
550	2683
551	570
551	593
551	666
551	2495
551	3215
552	1746
552	1843
552	2011
552	3135
552	3460
553	864
553	1135
553	2035
554	800
554	900
554	914
554	2998
554	3445
555	584
555	1215
555	1443
556	565
556	566
556	1417
556	1849
556	1922
556	2075
556	2234
556	2540
556	2639
557	1596
557	1831
558	1761
558	2063
558	2420
558	2465
559	704
559	946
559	964
559	1433
559	3720
560	1326
560	1510
560	1764
561	1177
561	2157
561	2700
561	3007
562	770
562	1138
562	1360
562	1534
562	1987
563	738
563	740
563	2517
563	3230
563	3554
565	918
565	1169
565	1568
565	2299
566	841
566	2422
566	2963
567	785
567	935
567	1256
567	1533
567	1851
568	1322
568	2317
569	606
569	2276
569	3627
569	3751
570	715
570	996
570	1384
571	2475
571	3815
572	1376
572	1535
572	2178
573	834
573	846
573	2586
574	872
574	1064
574	1083
574	1132
574	2323
574	3816
575	820
575	1189
575	3470
576	713
576	1518
577	861
577	1247
577	1770
577	2311
577	3469
578	1637
578	2587
578	2935
578	3143
580	954
580	1018
580	1587
580	3984
581	603
581	996
581	2128
582	679
582	694
582	721
582	727
582	1030
582	1597
582	1838
582	1864
582	2049
582	3193
583	1636
583	1710
583	1712
584	601
584	768
585	1269
585	1467
585	1779
585	2984
585	3368
586	1074
586	1555
586	2255
587	1089
587	1289
587	1346
589	1065
589	1599
590	706
590	1342
590	1825
590	1904
590	2581
590	3828
591	983
591	1417
592	701
592	1097
592	1621
592	1992
592	2774
593	1255
593	1280
593	2729
593	2781
593	3183
594	604
594	842
594	860
594	1434
594	2506
595	621
595	683
595	821
595	1004
595	1896
595	2450
595	3346
596	1152
596	2996
596	3997
597	2911
597	3498
598	1569
598	3432
598	3665
599	1265
600	1041
600	1073
600	2132
600	2249
600	2562
601	644
601	985
601	1034
601	1036
601	1261
601	1643
601	3423
602	890
602	931
602	1624
602	1628
602	2783
603	638
603	720
603	732
603	932
603	1698
604	754
604	836
604	884
604	1912
605	1277
606	1311
606	1339
606	2780
606	3517
607	1394
607	1889
607	2055
607	2251
607	2273
608	918
608	1436
609	662
609	1685
609	2571
609	2589
609	2795
609	3197
610	1193
610	2152
610	2188
610	2278
610	3576
611	616
611	1988
611	2079
611	2159
611	3119
612	1128
612	3247
613	2703
613	3150
615	2308
615	3034
615	3711
616	3747
617	636
617	1673
617	2339
618	1485
618	2360
619	975
619	1148
619	1511
619	2080
619	2635
620	650
620	652
620	672
620	858
620	1084
620	1866
620	3946
621	697
621	917
621	1006
621	1545
621	1927
621	3536
622	779
622	791
622	1005
622	2110
622	2647
622	3420
623	776
623	872
623	1961
624	713
624	992
624	1208
624	2173
624	3093
625	691
625	1191
625	2037
625	2281
626	629
626	3511
627	714
627	717
627	747
627	1830
627	3383
628	650
628	923
628	1701
629	780
629	998
630	1857
630	2762
631	677
631	1085
631	2113
631	2155
632	820
633	980
633	2143
634	899
634	1268
634	3919
635	641
635	1495
635	1525
635	2694
635	3445
635	3570
636	1647
636	1937
636	3822
637	961
637	1808
638	1656
638	2144
638	2209
638	2604
639	762
639	2726
639	3395
640	775
640	1155
640	1205
640	3177
641	989
641	1043
641	1666
641	2866
642	980
642	997
642	1457
642	3031
642	3149
642	3798
643	709
643	1154
643	1390
643	1613
643	3286
644	679
644	1890
644	2398
645	723
645	2154
646	893
646	1022
646	1194
646	1424
646	1934
646	3246
647	902
647	997
647	1371
647	1481
647	1504
648	684
650	802
650	1494
650	1578
650	2410
651	687
651	1203
651	1274
651	1290
651	1360
651	1681
651	2368
652	693
652	2169
652	3900
653	2873
653	3404
653	3657
654	921
654	1039
654	1366
654	2288
655	1622
655	1637
656	969
656	1977
656	2100
656	3067
656	3750
657	754
657	773
657	1021
657	1281
658	2418
659	1138
659	1490
659	3707
660	775
660	1552
660	2200
660	2300
660	2470
660	2852
661	2768
662	1390
662	1806
662	2661
663	808
663	1919
664	1144
664	1227
664	1770
664	1901
665	1871
665	2471
665	2477
665	3293
666	688
666	702
666	1028
666	1413
666	1950
666	2908
666	3006
666	3983
667	934
667	1173
667	1952
667	2204
668	1220
668	2650
669	1234
669	3663
670	1224
670	1684
670	1801
670	2335
670	3949
671	751
671	1109
671	2845
672	838
672	1221
672	1844
672	2026
673	698
673	735
673	1070
673	1598
674	1119
674	1129
674	1271
674	1774
674	2139
675	799
675	1940
675	1945
676	696
676	1551
676	1851
677	745
677	1033
677	1580
677	1788
677	2496
677	3186
678	750
678	1450
678	3190
680	2664
680	3222
681	836
681	839
681	1091
681	2420
681	3110
681	3967
682	1548
682	2030
682	2580
684	1603
684	2170
685	817
685	909
685	1604
685	2122
685	2590
686	778
686	1111
686	1850
686	3175
687	878
687	953
687	1546
687	1592
687	1719
688	712
688	1034
688	1333
688	1734
688	2418
689	2828
690	1017
690	1992
690	2182
690	2364
690	2582
690	3277
691	835
691	1135
691	1521
691	2426
691	3421
691	3572
692	960
692	1662
692	2545
692	2961
693	924
693	931
693	1370
693	1955
694	698
694	2309
694	3307
694	3382
695	973
695	1853
695	2483
696	840
696	912
696	1513
696	1940
696	3683
697	2938
698	1231
698	1393
698	2010
698	3337
699	705
699	937
699	1015
699	1501
699	1749
699	2189
699	3957
700	1878
701	759
701	865
701	1259
702	1357
702	1863
703	928
703	1133
703	1193
703	1268
703	1560
703	3490
704	812
704	1275
704	2955
704	3045
706	3605
707	724
707	1832
708	1217
708	2607
708	3932
709	824
709	1027
709	1785
709	2388
710	729
710	758
710	805
710	1957
710	2441
711	904
711	1350
711	1362
711	2368
711	2764
711	3398
712	1924
712	2290
712	2648
713	1123
713	1142
713	1638
713	1750
713	1894
713	2543
713	3981
714	1056
714	1693
714	2534
715	945
715	1064
715	1695
715	2190
715	2286
715	2483
715	2777
716	786
716	1502
716	1588
716	2462
716	2955
717	942
717	1054
718	1151
718	2120
718	2382
718	2931
718	3330
718	3362
719	2141
719	2210
719	2760
719	2972
720	1022
720	1832
720	2565
721	894
721	3040
721	3191
722	1524
722	1620
722	2083
722	3646
723	765
723	769
723	1333
723	1868
723	2373
723	2949
723	3264
724	1787
724	2537
724	2924
724	3962
725	760
725	849
725	955
725	3186
725	3252
726	837
726	1056
726	1058
726	1174
726	1196
726	2165
726	2437
726	3365
726	3408
727	744
727	815
727	1374
727	2032
728	935
728	1230
728	2248
728	3314
729	1158
729	1393
729	1442
729	2311
729	2962
730	862
730	1025
730	2347
730	2365
731	745
731	1071
732	1278
732	2132
732	3533
733	875
733	1455
733	2219
734	781
734	917
734	1616
734	2268
734	2865
735	979
735	1785
737	1042
737	3182
738	1025
738	1230
738	3531
739	2953
739	3377
739	3559
740	2419
741	1182
741	2048
741	2206
741	2255
741	2312
741	3006
741	3069
742	1869
742	2071
742	2939
742	3594
743	1283
743	1909
743	2086
744	1754
744	2629
745	1017
745	2254
745	2382
746	1152
746	3384
747	756
747	1129
747	1632
747	1856
748	788
748	1603
748	1775
749	1993
749	2783
749	3128
749	3308
750	1924
751	952
751	2330
751	2852
752	1781
752	1812
752	1962
752	2340
753	1249
753	1557
753	1676
753	3948
754	870
754	884
754	973
754	3142
754	3769
755	800
755	801
755	905
755	1251
755	1581
755	2478
756	1043
756	1149
756	3054
757	765
757	816
757	1195
757	1266
757	1423
757	1944
758	823
758	842
758	937
758	1261
758	1405
758	2671
759	1351
759	3008
760	965
760	2493
761	1096
761	2074
761	2831
762	764
762	2764
762	2899
763	1463
763	3028
764	878
764	2225
765	771
765	1344
765	2688
766	1005
766	1009
766	1150
766	1312
766	2667
767	791
767	819
767	1116
767	3324
767	3831
768	897
768	967
768	1197
768	1852
769	832
769	1532
769	1821
771	806
771	1489
771	2375
771	2662
772	2969
773	958
773	1891
774	3917
775	919
775	1262
775	1319
775	1401
775	1424
775	1758
776	847
776	1059
776	1521
776	3728
777	790
777	941
777	1100
777	1554
777	1682
777	1883
777	1991
777	2232
777	3323
777	3448
778	834
778	1252
778	1420
778	1926
778	2792
779	1142
779	1288
779	1790
779	2057
779	2502
779	2578
779	2678
780	831
780	1879
780	1984
780	2121
780	2371
780	3824
781	1274
781	1827
781	3515
781	3742
782	1190
783	1470
783	2250
783	2810
784	1212
784	1291
784	3173
785	1623
785	3137
786	933
786	962
786	1155
786	3434
787	1346
787	1472
787	1899
787	1978
787	2606
787	3993
789	1395
789	1511
791	2693
791	3763
792	2717
793	854
793	1648
794	1101
794	1240
794	1325
794	2150
795	995
795	1109
795	1466
796	866
796	1208
797	1411
797	1643
798	1570
798	1672
798	2308
799	2015
799	2236
799	2901
800	944
800	1055
800	1840
800	2754
801	1110
801	1119
801	1359
801	1447
801	1897
801	1961
801	2490
801	2666
802	1323
802	1436
802	1871
803	3096
804	1118
804	1148
804	2636
804	3961
805	3602
806	1120
806	1297
806	2519
806	3608
807	1421
807	2774
808	1349
808	2987
809	1164
810	1328
810	2867
811	1824
812	901
812	1071
812	2634
812	3764
813	1583
813	2216
813	2341
813	3388
814	1316
815	844
815	907
815	1068
815	1075
815	1302
815	2563
815	3686
816	1779
816	2018
816	3092
817	1339
818	982
818	2049
818	3968
819	898
819	1112
819	1140
819	1145
819	3280
819	3464
820	1225
820	2168
821	2399
821	3072
822	1286
822	1492
822	3577
823	949
823	1292
823	1802
823	3144
824	1134
824	1214
824	1321
824	1367
824	1610
824	1902
824	3555
824	3826
825	1338
825	1438
825	1842
825	1925
825	2014
826	1745
826	3039
827	1001
827	2257
827	2490
828	830
828	1409
828	1453
828	2148
828	2663
828	3004
828	3443
829	1741
829	3959
830	1358
830	1397
830	2690
830	3169
831	1310
832	1440
832	1441
832	1448
832	1462
832	1855
833	2731
834	844
834	1013
834	1556
834	1697
834	2555
834	2570
835	863
835	1003
835	1651
836	1002
836	1396
836	1506
837	857
837	1758
837	2615
837	2639
838	990
838	1539
838	1641
838	2312
838	2891
840	1232
840	2136
841	1130
841	1418
841	1996
841	2336
841	2455
841	3068
841	3970
842	1316
842	1957
842	1960
843	869
843	1123
843	2053
844	1326
844	1985
845	1049
845	1380
845	1474
845	2629
846	874
846	1093
846	1191
846	1932
847	987
847	1224
847	2076
847	2081
847	2094
847	2152
847	2284
848	940
848	3077
849	1862
849	2184
849	2275
849	2684
850	1251
850	1564
850	1624
851	2386
851	2862
852	1082
852	1218
852	1539
852	1617
852	2930
853	879
853	1547
853	2952
853	3074
853	3503
854	1020
854	1249
854	1575
854	2422
856	1284
856	1321
857	1685
857	1862
857	3238
858	1066
858	1609
858	1723
858	2506
859	1019
859	1818
859	2197
860	1361
861	2107
862	948
862	966
862	1113
862	1542
862	2001
862	2012
862	3835
863	1380
863	3437
864	922
864	1563
864	1895
864	2089
864	2693
864	3718
864	3955
865	978
865	1004
865	2135
866	2716
866	3227
867	2870
867	3747
867	3916
868	2106
868	2226
868	3789
870	874
870	1008
870	1450
870	1865
870	2330
871	1130
871	1182
871	1910
871	2588
873	1836
873	2801
874	977
874	1012
874	2149
874	2188
874	2425
874	3174
875	1631
875	1710
876	999
876	1081
876	1158
876	2766
877	892
877	1209
879	3471
879	3994
880	1834
880	3482
881	1261
881	3481
882	995
882	1027
882	1410
882	2091
882	2247
883	1743
883	2072
884	1016
884	2175
884	3218
885	993
885	2251
885	2531
885	2908
885	3016
885	3991
886	973
886	1643
886	1702
886	2882
886	3348
887	960
887	1004
887	2372
887	3435
888	894
888	1459
888	3019
889	927
889	3052
889	3145
889	3149
889	3695
890	943
890	1691
890	2220
891	1658
891	1751
891	2646
892	2265
893	965
893	2245
893	2633
893	3195
893	3458
894	895
895	1092
895	1520
896	1359
896	2476
896	2559
897	1122
897	1448
897	2012
897	2800
898	1698
898	2039
898	2781
898	3506
898	3646
899	1103
899	1529
899	3964
901	1048
901	1300
901	1682
901	2249
901	3701
902	1432
902	1630
902	2162
902	2868
903	1072
903	1510
904	945
904	1435
904	1443
904	1565
904	1636
905	926
906	966
906	1263
906	1392
906	1700
907	1053
907	1226
907	1332
907	1352
907	1412
907	3862
908	1829
908	3346
909	1034
909	1738
911	1053
911	3318
912	2056
912	2435
912	2501
913	1153
913	1176
913	3664
914	1576
914	1791
914	3903
915	2106
915	2379
915	2596
915	2776
916	973
916	1837
916	2927
917	1329
917	1589
917	1756
918	1131
918	2085
918	2280
918	3438
918	3601
919	989
919	2922
919	3459
920	1837
920	2441
920	2991
921	1055
921	1793
921	1942
921	2848
921	2941
922	1530
923	1707
924	936
924	1004
924	1503
925	1476
926	939
926	1114
927	976
927	3549
927	3679
928	1038
928	2391
928	2598
929	1201
929	3759
930	1098
930	1703
930	1930
930	2522
930	3253
931	1111
931	1120
931	1297
931	1303
931	1688
931	1763
931	1885
931	2023
932	1798
932	1953
932	2798
932	3936
933	1079
933	1180
933	2745
933	3332
933	3884
934	1944
935	1422
936	1083
936	1611
937	1534
938	1000
938	1984
938	1988
938	3220
939	1014
939	1591
939	2277
940	969
940	1284
940	1347
940	1607
940	2532
941	975
941	1108
942	1437
942	1949
942	2548
942	3051
943	2214
943	2296
943	2397
943	2859
944	1095
944	4000
945	1318
945	1388
946	1576
946	3006
947	2403
947	2738
948	1099
949	1659
949	3270
950	1057
950	1276
951	2532
951	3336
952	1216
952	2303
953	990
953	1031
953	1403
953	1734
953	2554
954	1178
954	1702
954	2092
954	2744
954	3382
955	1320
955	2598
955	3499
956	1061
956	1278
956	2275
956	2947
957	1200
957	2933
958	1139
958	1415
958	2259
959	1776
959	2349
959	3094
959	3214
959	3785
960	991
960	994
960	1633
960	1660
960	2442
960	2890
961	1030
961	1294
961	1305
961	3343
962	1386
962	1776
962	1844
962	1931
962	1945
963	2153
963	3858
964	1127
964	2766
965	1257
965	3727
965	3892
966	1337
966	1794
967	993
967	1206
967	1585
967	2157
967	2665
968	1113
968	1781
968	3573
969	2181
969	3001
969	3855
970	998
970	1159
970	1999
971	1683
971	2583
972	1644
972	2047
972	2105
973	3760
974	1168
974	1590
974	1664
974	1805
975	2186
975	2315
975	2348
976	1463
976	2949
976	2983
977	1010
977	1709
978	1466
978	3654
978	3987
979	1067
979	1872
979	2616
980	984
980	1429
980	1885
980	2401
980	2479
981	1167
981	1631
981	2437
982	1649
982	2189
982	3264
983	2456
983	3623
984	995
984	1311
984	2387
984	2864
985	1209
985	2326
986	1165
986	1394
986	3210
986	3254
987	2297
987	3956
988	2221
988	3065
989	1072
989	1499
989	2017
989	2219
990	2050
990	2385
990	2463
991	2374
991	2396
991	3211
991	3285
992	1132
992	1942
992	2758
992	3786
994	2519
994	3136
995	1508
995	2148
995	2149
995	2366
996	1536
996	1584
996	2727
996	2926
997	1012
997	2815
997	3528
998	2633
998	2681
998	3568
998	3882
999	1371
999	3520
1000	1040
1000	1160
1000	1351
1000	1809
1000	3131
1001	1172
1001	1340
1001	2977
1001	3086
1002	1747
1002	1786
1002	2654
1003	1062
1003	1998
1003	2027
1003	2503
1004	2879
1004	2987
1004	3364
1005	1633
1005	1847
1005	1949
1005	3187
1005	3554
1006	1571
1006	2537
1007	1553
1007	2911
1008	1124
1008	1355
1008	1372
1008	1998
1009	1665
1009	3988
1010	1240
1011	3756
1012	1286
1012	1299
1012	1689
1013	2469
1013	2854
1014	1819
1014	3133
1014	3371
1014	3913
1015	1427
1015	1504
1015	1576
1015	1816
1016	1644
1016	2570
1017	2097
1017	2794
1017	2947
1018	1199
1018	2452
1018	2503
1019	2117
1019	2352
1019	2733
1020	1691
1020	2785
1020	3823
1021	2168
1021	2327
1022	1082
1022	1383
1022	3216
1023	1087
1023	1163
1023	1687
1024	1115
1024	1273
1024	1692
1024	3259
1024	3504
1025	1661
1025	1816
1026	1726
1026	2901
1027	1458
1027	1803
1027	3132
1028	1077
1028	1515
1028	2413
1029	1566
1029	2324
1030	3269
1031	2042
1032	1544
1032	1771
1032	2135
1033	2395
1033	2450
1034	1233
1034	1675
1035	1116
1035	1209
1036	1176
1036	1204
1036	1602
1036	1978
1037	1766
1038	1285
1038	2274
1038	3452
1038	3614
1040	1045
1040	1620
1040	3476
1040	3743
1041	1654
1041	1778
1041	2576
1041	3037
1041	3380
1043	1396
1043	2799
1043	3690
1044	1370
1044	2424
1044	2787
1044	3038
1045	1128
1045	1270
1045	1853
1045	2338
1045	2702
1045	3078
1045	3369
1045	3381
1046	1666
1046	3075
1046	3934
1047	1335
1047	1906
1048	1062
1048	1090
1048	1292
1048	1517
1048	2986
1049	1077
1050	1336
1050	1660
1050	1832
1050	2115
1050	3134
1051	2023
1052	1812
1052	2273
1052	3281
1053	1468
1053	1797
1054	1890
1054	2674
1054	2964
1055	1611
1055	3495
1056	1264
1057	1163
1057	1765
1057	2281
1057	3875
1058	1302
1058	1990
1059	1063
1060	1088
1060	1480
1060	1994
1060	3868
1063	1104
1063	2948
1064	3326
1066	1258
1066	1667
1066	1729
1066	3127
1067	1165
1069	1543
1069	1799
1069	3455
1071	1916
1071	2315
1071	3201
1072	1242
1072	2058
1072	2230
1073	1872
1073	2227
1074	1213
1075	2642
1075	3129
1076	1171
1076	1813
1076	2067
1076	2222
1076	3122
1077	1181
1077	2796
1077	2956
1077	3050
1078	1520
1078	1956
1078	2574
1079	1094
1079	1134
1079	1995
1079	3771
1080	1110
1080	1141
1080	1313
1080	1342
1081	3714
1082	1223
1082	1458
1082	2090
1082	2404
1083	1438
1083	3167
1084	2119
1085	1328
1085	3061
1086	1167
1086	1252
1086	1440
1086	1509
1086	3820
1087	1102
1087	1500
1087	2048
1087	2548
1087	2565
1088	1162
1088	1835
1088	2235
1088	3092
1089	1716
1089	3890
1090	1301
1090	3180
1090	3198
1091	1190
1091	3005
1091	3107
1091	3494
1092	2535
1093	2164
1093	3175
1094	2117
1095	1202
1095	1428
1095	1494
1095	1892
1095	2015
1095	3703
1095	3898
1096	2840
1097	1350
1097	1854
1097	3325
1098	3245
1099	1567
1099	1878
1099	2918
1100	1291
1101	1233
1102	1239
1102	2442
1102	2499
1102	2835
1103	1280
1103	1965
1103	2035
1103	3223
1103	3478
1105	1260
1105	2013
1105	2940
1105	3208
1106	1389
1106	1743
1106	1991
1107	1180
1107	1594
1107	2097
1107	2212
1107	3820
1108	1231
1108	1901
1108	2054
1109	2379
1110	1489
1110	1497
1110	1881
1110	2186
1110	2333
1111	2038
1111	3055
1111	3821
1112	1139
1112	1260
1112	2006
1112	3719
1113	1429
1114	1140
1114	1598
1114	2480
1114	2772
1114	3176
1115	1372
1115	1882
1116	1311
1116	2258
1116	3622
1117	2071
1117	2322
1117	2381
1117	3461
1118	2017
1118	2466
1119	3200
1119	3232
1119	3617
1120	1733
1120	3765
1121	1897
1121	2359
1121	3079
1122	1125
1122	1338
1123	1318
1123	1943
1123	2003
1124	1298
1124	3440
1125	2332
1125	3667
1126	3529
1126	3636
1128	1179
1128	1441
1128	1600
1128	3791
1129	1437
1129	1567
1129	2394
1129	3347
1129	3633
1130	1431
1130	1489
1130	2861
1130	3305
1131	1133
1131	2869
1132	1430
1132	1735
1132	1855
1132	2777
1133	2103
1134	1760
1134	2389
1134	3357
1135	1516
1135	1617
1135	1836
1135	3811
1136	1336
1136	1492
1137	1258
1137	1527
1137	2568
1137	2778
1137	2912
1138	1265
1138	3012
1139	1629
1139	1662
1140	2331
1140	3979
1141	1575
1141	1989
1141	2768
1141	2863
1142	1301
1142	2493
1142	2921
1142	3537
1142	3778
1143	3259
1144	2893
1144	3296
1145	1222
1145	1554
1145	1975
1145	2139
1145	2468
1145	2805
1145	3235
1146	2992
1147	1377
1147	2286
1147	3402
1147	3434
1148	1375
1149	2959
1149	3560
1150	1244
1150	1615
1151	2415
1151	2691
1151	3904
1152	1331
1152	1886
1152	2614
1152	2932
1152	3461
1153	1259
1153	2860
1153	2940
1153	3168
1154	1243
1154	2655
1155	1597
1155	3125
1155	3545
1156	1508
1156	2756
1157	3220
1157	3328
1157	3410
1158	1312
1158	1479
1158	1599
1158	1985
1159	1610
1159	1680
1159	2060
1160	2019
1160	2576
1160	2980
1160	3981
1161	2402
1162	1263
1162	2283
1162	3901
1163	2493
1163	3704
1164	1354
1164	1720
1165	2911
1166	1362
1166	1537
1166	2166
1166	2481
1166	2487
1168	3239
1169	2031
1170	1192
1170	1358
1170	1529
1170	3162
1170	3853
1171	2367
1172	1248
1172	2773
1172	2904
1173	1266
1173	1673
1173	1808
1173	1941
1173	2046
1173	2552
1174	3589
1175	1454
1175	1496
1175	2322
1175	2492
1176	3194
1177	1586
1177	2532
1178	1428
1178	1775
1179	3950
1180	1449
1180	1555
1180	1959
1180	2431
1180	2443
1180	3130
1180	3886
1181	2201
1181	2637
1182	2378
1183	1303
1183	1453
1183	1767
1183	2016
1183	3312
1185	1694
1185	1969
1185	2689
1185	2935
1186	3057
1186	3957
1187	2536
1188	1325
1188	3713
1189	1322
1189	1570
1189	3521
1189	3932
1190	1679
1190	2577
1190	2738
1190	2842
1191	1368
1191	1581
1191	1845
1191	3447
1192	1349
1192	2791
1192	3133
1193	1254
1194	3072
1195	1215
1195	2482
1196	3189
1197	1282
1197	2451
1197	2458
1197	3033
1198	1639
1198	2244
1198	2334
1198	2884
1198	3669
1199	1464
1199	2317
1199	2547
1199	3181
1202	2788
1205	1560
1205	1817
1205	1906
1205	3479
1206	3595
1207	2636
1207	3740
1207	3897
1208	2701
1208	3057
1208	3230
1208	3318
1208	3612
1209	1866
1209	3115
1210	2830
1210	3223
1211	1967
1211	2821
1211	3610
1211	3997
1212	1304
1212	2086
1212	3207
1213	1324
1213	1507
1214	3865
1215	3727
1216	1238
1216	1264
1216	1293
1216	1645
1216	2358
1216	3245
1216	3735
1217	1276
1217	2943
1218	1657
1218	2350
1218	2658
1218	3422
1218	3458
1219	1498
1220	2627
1220	2771
1220	2909
1220	3088
1221	3978
1222	1875
1223	1253
1223	1296
1223	3908
1224	1235
1224	2598
1225	1584
1225	1729
1225	2167
1227	1408
1227	1822
1227	2241
1228	1310
1228	1814
1228	2884
1228	3169
1229	1810
1229	2664
1230	2145
1231	3399
1232	1766
1233	1412
1233	2353
1234	1936
1234	2142
1234	2585
1234	3616
1234	3780
1236	1238
1236	1536
1236	2110
1236	2289
1236	3047
1236	3345
1237	1624
1237	1678
1237	1797
1237	1920
1237	2895
1238	3567
1238	3975
1239	1848
1239	2133
1239	2384
1240	1679
1240	2073
1241	3800
1242	3604
1243	1626
1243	2044
1243	2652
1244	1663
1244	2087
1244	2197
1244	3167
1245	1582
1245	1677
1246	2134
1246	2158
1247	1376
1247	1749
1247	2135
1247	2575
1248	3320
1248	3349
1249	1456
1250	2092
1250	3076
1250	3336
1251	1628
1251	1969
1251	3106
1252	1348
1252	2556
1252	2785
1253	2617
1253	3774
1254	2903
1255	2096
1255	2353
1255	2435
1256	1491
1256	1713
1256	2579
1257	2040
1257	2856
1258	1374
1258	2445
1258	3242
1259	2447
1260	1507
1260	1626
1262	1538
1262	2392
1262	2883
1262	3748
1262	3973
1263	1406
1263	1721
1263	3035
1263	3337
1264	1317
1264	1516
1264	2669
1265	1307
1265	1416
1265	1425
1265	2659
1265	3020
1265	3542
1266	2609
1266	2978
1267	1381
1267	2037
1267	2495
1267	2522
1267	3548
1268	1364
1268	1795
1268	2138
1268	2820
1268	2915
1268	3405
1268	3795
1268	3907
1269	2504
1269	2637
1269	3905
1270	1505
1271	2786
1272	2617
1273	1319
1273	1574
1273	2830
1273	3002
1273	3559
1273	3571
1274	1696
1275	1559
1275	1731
1275	2903
1275	3407
1276	3740
1277	2485
1277	2486
1277	3890
1278	1736
1278	1756
1279	1789
1279	2838
1280	2724
1280	3385
1281	2552
1281	2569
1281	3373
1281	3442
1282	3701
1283	1475
1283	1540
1283	1948
1283	2305
1283	3826
1284	2793
1284	3196
1284	3216
1285	3274
1285	3779
1287	1741
1287	1755
1287	2276
1287	3786
1288	2134
1288	3021
1288	3362
1290	2857
1291	1807
1291	2907
1292	2383
1292	2500
1292	2784
1292	3866
1293	2497
1293	3109
1294	2994
1295	1952
1296	1971
1296	2601
1297	1829
1297	2061
1297	2339
1298	2290
1299	2272
1299	2611
1299	2816
1300	1909
1300	2763
1300	3584
1301	1677
1302	2374
1302	3306
1303	1777
1303	2072
1303	2818
1304	1855
1304	2007
1304	2767
1304	2969
1304	3192
1304	3518
1304	3556
1304	3858
1305	1930
1307	3272
1307	3590
1308	1352
1308	1692
1308	2907
1308	3325
1308	3833
1309	1789
1309	2398
1310	1595
1311	2355
1311	3231
1312	2757
1313	3334
1313	3930
1314	1519
1314	2697
1314	3610
1315	1768
1315	2670
1316	1484
1316	1490
1316	1887
1316	1918
1316	2318
1316	2730
1316	3311
1318	1600
1318	1606
1318	1704
1318	3303
1319	2064
1319	2102
1319	2582
1320	1399
1320	1526
1320	2052
1320	2367
1320	2764
1320	2879
1320	3925
1321	1366
1321	2421
1322	1330
1322	1828
1322	2020
1322	3992
1323	2077
1323	2721
1324	2406
1324	2583
1324	3083
1324	3265
1325	2125
1325	2129
1326	3198
1326	3374
1326	3516
1326	3711
1327	1929
1328	1583
1328	1893
1329	1395
1329	1715
1329	2550
1330	1636
1330	2231
1330	2626
1330	3221
1331	2304
1331	2550
1331	2566
1331	3490
1331	3772
1332	1460
1332	1606
1332	2129
1332	2130
1332	2234
1332	2944
1333	1407
1333	1517
1333	2807
1333	3152
1335	2262
1335	3488
1335	3652
1335	3708
1336	1339
1336	2093
1336	2270
1337	1716
1337	1811
1337	2373
1337	3854
1338	3090
1339	1557
1339	2192
1339	2927
1339	3222
1340	1435
1340	1442
1340	1618
1340	2584
1340	2736
1342	1383
1342	3585
1342	3714
1343	2957
1344	1635
1344	1646
1344	2986
1344	3111
1344	3624
1345	1867
1345	3578
1346	1452
1346	3104
1346	3366
1346	3662
1347	1549
1347	1717
1347	2626
1348	1473
1348	1982
1348	2769
1348	3171
1348	3385
1348	3921
1349	2011
1349	2115
1349	2199
1349	3439
1349	3602
1350	3485
1351	2476
1351	3533
1352	1356
1352	3212
1352	3651
1353	2028
1353	2205
1353	2788
1353	3273
1353	3982
1354	1613
1354	3130
1356	1824
1356	3267
1357	1470
1357	1491
1357	1795
1357	2690
1358	2243
1358	2446
1359	1876
1360	1653
1360	1813
1361	3738
1362	2528
1363	2104
1363	2195
1363	2885
1365	2166
1365	2668
1365	3113
1366	1423
1367	1652
1367	2033
1367	3726
1369	2875
1370	2853
1370	3859
1371	2313
1371	2640
1371	2866
1372	2239
1372	2472
1373	1858
1373	2020
1373	2846
1373	2872
1374	1551
1375	1398
1375	2898
1376	1542
1377	2835
1378	1389
1378	2749
1379	2549
1379	3789
1379	3810
1380	2572
1380	3720
1381	1414
1381	1545
1381	1690
1381	1742
1381	1845
1382	1531
1382	1843
1382	3409
1383	1747
1383	2237
1383	2543
1384	1449
1384	2260
1387	3205
1387	3215
1388	1879
1388	3454
1389	1705
1389	2218
1389	3446
1390	2466
1392	1573
1393	1764
1393	1896
1393	2520
1393	3659
1394	1935
1394	3143
1394	3938
1395	1861
1395	3283
1396	2204
1396	2210
1396	2677
1396	3818
1397	3956
1398	2586
1399	1670
1399	2213
1400	1514
1400	2659
1401	3138
1401	3181
1402	1444
1402	1469
1402	2790
1403	1513
1403	2612
1403	2807
1403	3401
1403	3851
1404	1699
1405	2934
1406	3039
1407	2159
1409	1420
1409	1810
1409	1888
1409	2084
1409	2838
1410	1541
1410	1835
1410	1937
1411	1640
1411	2787
1411	3817
1412	1753
1412	1884
1412	2517
1413	1725
1413	2739
1413	2820
1416	1800
1417	1623
1417	2503
1418	1483
1418	2822
1418	2904
1418	3799
1419	1714
1419	1918
1419	1980
1419	3110
1419	3624
1419	3715
1420	1833
1421	1656
1422	2662
1424	2362
1425	2364
1425	2388
1426	2009
1426	2484
1427	1686
1427	3502
1428	3467
1428	3812
1429	1646
1430	1445
1430	1487
1431	1679
1431	1842
1431	1970
1431	2653
1431	3998
1432	1802
1432	2481
1432	3032
1433	3042
1433	3566
1434	2511
1435	1497
1435	2223
1436	2347
1436	3495
1437	2182
1437	3725
1438	2027
1438	2938
1439	2135
1440	1898
1440	2116
1440	3997
1441	1634
1441	2755
1441	3302
1441	3797
1441	3812
1443	1914
1444	2296
1444	3278
1444	3360
1445	1702
1445	1762
1445	2486
1445	3188
1445	3656
1446	2066
1446	2154
1447	1714
1447	1790
1447	2352
1448	1522
1448	3155
1448	3263
1449	3673
1450	2850
1452	1719
1453	1629
1453	1830
1453	2841
1454	2103
1454	2161
1455	1540
1456	2377
1457	3304
1457	3774
1458	1514
1458	2019
1458	2025
1460	2171
1460	2236
1460	3792
1461	2674
1461	3046
1461	3805
1462	1993
1462	3348
1463	1938
1464	1601
1464	2632
1464	2829
1464	2895
1465	2596
1466	1859
1466	2604
1467	3770
1468	2932
1468	2963
1469	1629
1469	3544
1471	1933
1471	2571
1472	2553
1473	1683
1473	3549
1474	3938
1475	1876
1475	2089
1475	2809
1475	2968
1476	2660
1476	3341
1476	3692
1477	2689
1478	2786
1478	3207
1478	3519
1479	2030
1479	3290
1480	1820
1480	1868
1480	2647
1480	3051
1480	3347
1481	1528
1482	1687
1482	3374
1482	3817
1483	1630
1483	1669
1484	1788
1484	1980
1484	2914
1484	2992
1485	3301
1486	1913
1486	3845
1489	2222
1489	3519
1490	1596
1490	1680
1490	1727
1490	1855
1491	2706
1491	3187
1492	2277
1492	3097
1492	3379
1494	2203
1495	3557
1496	2245
1496	2539
1497	2113
1497	3451
1498	2074
1498	2996
1498	3473
1498	3678
1499	1505
1499	1689
1499	2080
1499	2691
1500	1730
1500	2231
1500	3735
1502	1951
1502	2810
1503	1923
1505	1525
1505	3430
1506	1591
1506	1721
1506	3298
1506	3397
1507	2692
1507	3193
1508	2294
1508	2680
1508	3163
1509	2719
1509	3547
1509	3677
1510	1744
1510	2342
1510	2494
1510	2599
1510	3975
1511	1667
1511	2055
1511	2385
1513	1742
1513	1864
1513	2348
1513	2578
1515	2320
1517	1614
1517	2975
1517	3980
1518	3441
1519	2062
1519	2523
1519	3836
1520	1621
1521	1684
1521	1711
1521	3336
1522	1932
1523	1963
1523	2380
1523	2553
1523	2603
1523	2632
1523	3190
1524	3645
1526	2502
1526	3426
1527	1903
1527	3276
1531	1592
1531	1732
1532	3397
1533	2198
1533	2533
1533	2623
1534	3496
1534	3870
1535	1561
1535	2540
1536	2202
1536	2325
1536	3275
1536	3320
1537	2496
1537	3850
1539	1582
1539	2467
1540	2191
1540	3128
1540	3224
1540	3497
1540	3514
1541	1818
1541	3233
1543	1943
1543	2141
1543	2170
1543	2529
1543	2897
1544	3060
1544	3770
1545	2454
1545	3106
1545	3604
1546	3018
1547	3753
1548	1616
1548	1635
1548	1792
1548	3472
1548	3637
1549	1755
1549	1772
1549	3057
1549	3120
1550	1928
1552	1899
1552	2192
1552	3250
1552	3930
1553	1719
1554	3198
1554	3396
1555	1826
1555	2131
1555	2439
1555	3239
1555	3634
1556	1589
1556	3289
1557	1783
1557	2408
1557	3150
1558	1920
1559	2444
1559	2824
1559	3909
1560	2750
1560	3671
1561	1933
1561	2200
1562	1700
1562	3843
1564	1901
1565	1661
1565	3356
1566	2123
1566	2699
1567	3095
1567	3267
1567	3750
1568	2056
1568	2423
1569	1888
1569	2792
1570	3498
1570	3594
1570	3837
1572	1759
1572	2233
1572	2510
1572	3278
1573	2126
1573	2160
1573	3652
1575	1595
1575	1892
1575	2765
1575	2796
1576	1856
1576	2193
1577	1724
1578	1820
1578	2173
1579	1905
1579	2252
1579	3819
1580	1822
1580	2208
1583	1695
1584	2438
1584	3525
1584	3584
1585	1612
1586	2095
1586	2805
1586	3056
1587	2263
1587	2293
1587	2501
1588	1986
1588	2529
1588	3704
1589	3250
1590	2123
1590	2823
1592	2065
1592	2181
1592	3044
1594	3579
1595	2802
1595	3433
1595	3553
1596	3036
1596	3392
1597	1708
1597	3783
1598	1699
1598	2150
1598	2414
1600	3598
1601	2343
1601	2513
1603	3288
1604	2900
1605	2362
1605	3022
1606	3505
1607	2434
1607	2721
1611	2712
1612	2687
1613	1873
1613	2514
1613	3656
1614	2723
1614	2737
1614	3260
1615	2004
1617	2333
1618	2206
1618	3500
1619	3161
1619	3842
1619	3863
1619	3963
1620	2161
1620	2244
1621	2749
1622	2179
1622	3522
1622	3598
1623	1831
1623	1860
1623	2915
1624	1665
1624	2145
1624	2597
1624	2701
1625	2310
1626	1857
1626	2429
1626	3064
1626	3732
1627	2982
1628	1686
1629	1982
1629	2124
1629	2217
1629	2707
1629	3794
1631	2787
1631	2798
1632	2628
1633	3393
1634	1728
1634	2514
1634	3902
1635	2349
1635	2507
1635	3199
1635	3894
1635	3996
1636	2439
1636	2568
1636	2811
1636	3046
1637	2714
1637	2857
1637	3076
1637	3367
1638	2361
1638	2393
1638	2488
1638	3328
1639	2064
1640	2918
1643	2325
1643	2341
1644	1713
1644	1841
1644	1903
1644	2718
1645	2329
1645	3743
1646	2041
1646	2101
1647	1697
1647	1815
1647	2140
1647	3954
1647	3968
1648	2002
1648	2022
1650	1869
1650	2026
1650	2066
1651	1823
1651	3292
1652	1681
1653	3585
1654	3059
1654	3287
1654	3807
1655	1920
1655	2111
1655	3487
1656	3733
1657	3956
1659	1823
1659	2575
1659	2880
1659	3489
1660	1998
1660	2871
1662	1744
1662	2888
1662	3515
1663	1858
1663	2402
1663	2693
1663	3211
1664	2060
1665	1736
1665	2263
1666	2433
1667	2302
1668	2151
1668	2429
1668	2732
1669	2111
1669	2305
1670	2833
1671	1728
1675	1783
1675	2291
1675	2956
1675	3019
1676	2795
1676	3099
1677	2199
1677	3262
1678	1727
1678	2472
1679	1804
1679	1939
1679	3227
1679	3463
1679	3887
1680	3111
1681	2285
1682	1833
1682	2204
1682	2539
1682	3285
1682	3437
1684	2004
1685	1865
1685	1954
1685	3071
1685	3077
1685	3407
1685	3504
1686	3419
1686	3747
1688	2890
1689	3757
1690	2419
1691	2067
1691	2185
1691	3176
1692	3649
1692	3920
1692	3980
1693	1882
1693	2577
1694	3122
1694	3277
1696	1883
1696	2770
1696	3142
1696	3268
1697	1941
1698	3172
1701	1738
1702	2174
1702	2910
1703	2905
1704	3456
1705	3625
1706	2389
1707	2670
1707	3015
1707	3125
1709	1736
1710	1911
1710	3261
1711	3218
1711	3295
1712	1739
1712	3101
1712	3527
1713	3251
1713	3505
1714	2524
1714	2561
1715	2314
1715	2930
1716	2694
1717	3682
1718	1995
1718	3696
1719	3879
1720	2241
1721	2288
1723	1970
1724	2518
1725	2173
1725	3518
1726	2720
1729	1948
1730	2843
1730	3360
1731	2224
1731	2887
1732	2916
1732	2928
1732	3390
1733	2238
1733	2432
1734	3888
1735	2211
1735	3231
1736	2174
1736	3528
1738	2416
1739	2301
1740	1755
1741	3675
1742	3523
1744	2387
1745	1850
1745	2778
1746	1861
1746	1990
1746	2138
1746	2260
1747	3599
1748	1910
1748	3748
1750	2535
1751	2321
1751	3709
1752	2645
1753	2077
1753	3426
1755	3387
1755	3904
1756	1818
1760	2546
1760	2711
1761	2186
1761	3124
1762	3807
1764	2169
1764	2998
1765	3466
1767	1907
1767	2923
1769	1791
1769	2140
1769	3093
1770	2631
1772	1881
1773	1915
1773	2136
1773	2849
1773	3211
1775	3226
1776	1778
1776	2809
1776	2988
1777	1965
1777	3830
1778	2979
1781	2480
1781	3166
1781	3247
1782	1815
1782	2505
1783	2696
1784	2058
1785	2146
1785	3058
1786	2044
1787	2073
1787	2163
1788	2114
1788	2489
1788	2942
1789	2176
1789	2886
1789	3203
1789	3988
1790	1983
1790	3003
1790	3070
1791	2268
1791	3473
1792	1848
1792	2118
1794	1958
1796	3302
1796	3353
1796	3484
1798	2497
1798	3568
1799	2605
1799	2772
1800	1956
1800	2306
1800	2492
1800	3732
1801	3184
1802	1863
1803	1968
1803	3680
1805	1986
1805	2802
1806	2456
1808	2324
1808	2354
1808	2559
1808	3257
1809	1938
1809	2945
1809	3573
1809	3838
1810	2144
1811	2591
1811	3282
1811	3840
1812	2190
1812	2454
1812	2814
1812	3192
1812	3581
1813	2411
1813	2427
1814	2931
1814	3671
1815	1846
1815	1972
1815	2839
1815	3344
1816	2631
1817	2239
1817	2975
1818	2010
1818	2024
1818	3146
1819	2006
1820	2958
1822	3014
1823	2091
1823	2950
1824	2498
1826	2509
1827	1847
1827	2698
1827	3496
1828	1994
1828	2819
1828	3492
1829	2676
1830	2112
1831	2736
1832	3694
1833	1916
1833	2416
1833	2560
1834	3025
1835	3321
1837	1976
1837	2508
1839	2079
1839	2215
1839	3072
1840	3871
1842	2419
1842	3773
1843	2126
1843	2248
1843	2516
1844	3691
1845	3428
1845	3747
1846	2001
1847	3213
1847	3483
1848	2033
1848	2198
1848	2741
1849	2062
1849	3787
1850	2070
1850	3443
1851	2116
1851	2128
1852	1887
1852	3575
1853	1854
1853	1886
1853	2889
1853	3600
1854	2059
1854	2147
1854	2914
1855	2065
1855	2579
1855	2743
1855	3255
1856	2942
1858	2003
1858	3674
1858	3813
1860	1921
1860	2156
1860	2292
1861	2093
1862	2966
1862	3998
1863	1927
1863	2196
1863	2337
1865	2316
1865	3158
1868	2246
1868	3062
1870	2858
1870	2862
1870	3206
1871	3234
1871	3740
1872	2267
1872	2520
1873	2934
1874	1877
1875	2491
1877	2228
1877	2758
1877	2922
1877	3532
1878	3172
1878	3220
1879	2411
1880	1964
1880	2171
1880	2213
1880	2883
1882	1911
1882	2573
1882	2945
1882	3453
1883	3557
1885	2345
1885	2638
1886	3027
1887	1913
1887	2007
1888	2122
1889	3288
1890	2034
1891	2344
1891	2864
1892	1946
1892	3065
1892	3892
1893	3228
1894	2034
1894	2654
1894	2769
1894	3308
1896	3306
1897	2544
1897	2858
1898	3592
1899	2355
1900	3500
1901	2473
1901	3419
1902	3546
1903	3338
1903	3609
1904	2613
1906	2206
1906	2921
1906	3916
1908	2000
1908	2461
1908	3712
1908	3875
1909	2075
1909	2433
1909	2557
1909	3664
1911	2946
1912	3874
1914	2187
1914	2227
1914	2309
1914	3014
1915	2298
1916	3643
1917	2356
1917	3291
1919	2070
1920	2094
1920	3664
1920	3759
1920	3865
1921	2068
1921	3638
1923	3404
1924	2958
1924	3526
1924	3791
1925	2793
1925	3962
1927	2068
1930	2649
1930	3279
1931	2639
1931	2759
1931	3324
1931	3408
1932	1960
1932	2029
1932	2224
1933	2005
1934	2735
1934	2920
1935	3013
1935	3153
1935	3381
1935	3409
1936	2592
1936	2622
1936	2644
1936	2988
1938	2498
1939	1987
1939	2542
1939	3157
1939	3667
1940	1999
1940	2383
1940	2974
1942	2303
1942	2904
1943	2528
1944	1964
1944	1977
1944	2516
1946	1998
1946	2284
1947	2013
1947	2817
1948	3003
1950	2799
1950	3531
1952	2051
1952	3986
1953	3177
1954	2538
1958	3036
1959	3660
1959	3687
1959	3744
1961	2233
1961	2307
1961	2372
1961	2746
1961	3920
1963	2294
1963	2340
1964	2635
1964	3872
1967	2047
1968	2051
1968	2580
1968	2621
1969	2610
1969	3262
1969	3984
1970	2445
1970	2715
1972	2508
1973	2453
1974	2893
1975	2621
1975	2677
1975	3355
1975	3691
1979	2311
1980	2646
1980	2974
1981	2252
1981	2363
1981	3571
1981	3978
1982	2180
1982	2319
1983	2990
1983	3741
1985	2321
1986	2137
1986	2217
1986	2673
1987	2357
1988	2434
1988	3182
1988	3251
1988	3847
1989	2053
1989	2298
1991	2054
1991	2618
1991	2879
1991	3126
1992	2280
1992	2563
1993	2408
1994	2371
1995	2448
1995	2511
1996	2147
1996	2344
1996	2967
1996	3343
1997	3376
1998	2839
1999	2656
1999	3541
2000	2259
2001	3806
2002	2095
2002	3041
2003	2172
2003	2429
2004	2228
2004	2400
2004	3661
2005	3129
2006	2274
2007	2634
2007	3279
2007	3350
2008	2752
2008	2822
2009	2424
2009	3205
2009	3250
2010	2356
2010	3104
2010	3271
2011	2254
2011	2723
2012	2960
2013	2209
2013	2527
2013	3101
2015	3245
2017	3154
2018	3628
2018	3929
2019	2827
2020	2102
2021	2619
2021	3710
2022	2155
2022	2323
2024	2081
2024	2237
2024	3332
2024	3508
2024	3847
2025	2264
2025	3297
2026	3080
2027	2656
2027	3864
2028	3053
2029	2240
2029	2796
2029	3292
2029	3670
2030	2039
2030	2109
2030	3282
2031	2202
2034	2464
2035	2763
2037	2320
2037	2573
2037	3224
2038	2201
2038	2499
2038	3697
2039	2369
2041	2179
2041	3657
2042	2651
2042	2683
2044	2203
2044	2886
2048	2261
2048	2982
2048	3615
2050	2420
2051	2740
2051	2937
2052	2078
2052	3203
2053	2917
2054	3943
2055	2731
2055	3775
2056	2826
2057	3823
2059	3661
2059	3992
2060	3524
2062	2679
2064	2345
2065	2261
2065	2357
2066	2870
2067	2163
2068	2112
2068	3082
2070	3026
2070	3103
2070	3162
2070	3540
2071	2153
2072	2269
2072	2428
2073	2177
2073	3715
2074	3739
2074	3865
2075	2120
2075	2282
2076	2402
2076	2841
2077	2376
2077	2865
2077	2981
2079	2667
2080	3911
2081	2293
2081	2710
2081	2764
2081	3021
2081	3112
2085	3621
2087	2803
2087	3777
2089	2127
2089	2183
2090	3613
2091	2703
2092	2533
2092	3567
2095	2953
2095	3790
2096	2121
2099	3124
2099	3225
2100	3135
2100	3410
2102	2393
2102	3098
2102	3312
2102	3934
2105	2404
2106	3535
2107	2151
2107	2485
2107	3625
2110	3316
2111	2526
2116	2444
2118	2600
2119	2558
2120	3310
2121	2459
2121	3601
2122	3692
2123	3031
2125	2265
2125	2417
2125	3308
2125	3705
2126	3088
2127	2314
2127	2328
2127	3569
2128	2541
2128	3862
2129	3540
2131	2808
2131	3092
2132	2185
2132	2589
2132	2748
2132	3705
2132	3948
2133	2212
2133	3280
2134	2882
2134	3767
2134	3849
2135	3902
2136	2606
2137	3316
2137	3733
2138	2625
2138	2825
2138	2861
2139	3984
2140	2910
2141	2193
2141	3038
2142	2951
2143	2605
2144	2329
2146	2797
2146	2836
2146	3508
2147	2194
2147	3174
2147	3952
2149	2370
2149	3677
2150	2413
2151	2474
2152	2595
2152	3427
2152	3545
2154	2748
2154	2897
2154	3562
2155	2247
2157	3147
2158	2458
2158	2724
2158	2874
2160	3610
2160	3696
2161	2449
2163	2207
2163	2968
2165	2840
2165	3027
2166	2560
2168	2923
2169	3614
2169	3742
2170	3564
2171	2821
2172	2246
2173	3030
2173	3857
2175	2324
2175	2697
2175	2795
2175	3641
2177	2230
2177	3405
2178	2465
2179	2183
2179	2980
2180	2391
2181	3310
2181	3761
2182	2306
2182	3095
2182	3446
2183	3825
2184	2221
2186	3671
2187	2346
2187	2395
2188	2295
2188	3008
2189	2611
2189	3247
2189	3897
2189	3899
2190	3592
2191	2682
2193	3454
2193	3563
2194	2225
2194	2488
2197	3413
2198	2479
2198	3749
2199	2405
2199	3955
2200	2360
2200	3066
2201	2392
2202	2813
2204	2343
2204	2432
2204	2713
2204	3466
2205	2544
2206	3833
2207	2266
2207	2824
2207	3157
2208	2421
2210	2283
2213	3538
2216	3141
2217	3029
2218	2912
2219	2239
2220	3011
2221	3414
2223	3138
2224	2436
2224	2964
2224	3841
2225	2730
2225	2920
2226	3618
2227	2412
2227	3480
2228	2981
2229	2279
2229	3837
2230	3214
2232	2598
2235	2562
2236	2933
2236	3868
2238	2709
2239	3548
2239	3697
2240	3236
2240	3870
2242	3045
2242	3079
2242	3917
2243	3136
2244	2694
2247	3848
2250	2486
2250	2869
2250	3378
2251	2482
2251	2524
2251	2595
2251	2620
2251	3807
2252	2547
2252	3784
2253	3101
2253	3202
2256	2415
2259	2302
2259	3707
2260	3341
2260	3965
2261	2790
2261	3909
2262	3730
2262	3829
2263	3552
2265	3217
2265	3547
2266	2400
2266	3541
2269	3232
2271	3159
2272	2407
2272	3266
2275	2324
2275	2515
2276	2957
2277	3052
2278	2868
2280	3435
2281	2832
2282	3329
2283	2881
2285	2427
2285	3475
2286	2625
2287	2597
2289	3344
2290	2478
2290	2608
2291	2675
2292	2757
2292	3989
2293	2401
2293	3072
2296	3395
2298	2909
2300	2704
2304	2640
2305	2719
2307	3544
2309	2461
2309	3210
2310	2490
2312	2316
2312	2399
2313	2813
2313	3933
2315	3757
2317	2417
2318	2896
2318	3121
2318	3560
2321	2709
2321	2849
2321	3726
2323	2351
2324	2855
2324	3656
2325	3004
2325	3922
2327	2922
2328	3457
2329	2871
2331	2610
2331	3156
2332	3450
2332	3510
2333	3010
2333	3204
2334	3276
2335	3016
2336	3593
2337	3449
2338	2572
2338	2741
2338	2874
2338	3225
2338	3451
2339	2512
2339	2615
2341	2619
2342	3507
2344	2685
2346	2467
2348	2669
2348	3295
2349	2943
2349	3969
2350	2590
2350	3339
2351	3713
2352	2678
2352	2848
2353	3784
2354	2477
2355	2381
2355	3417
2356	3639
2357	3123
2358	2702
2358	2991
2362	3993
2365	2558
2365	3675
2367	2575
2368	3007
2368	3063
2369	2742
2369	3635
2369	3655
2370	3334
2370	3946
2371	3096
2371	3912
2371	3935
2373	3749
2374	3619
2374	3731
2375	2519
2377	2812
2379	3171
2381	2733
2381	3880
2382	2829
2383	2491
2383	2875
2383	3460
2383	3591
2383	3674
2384	2487
2384	3269
2384	3959
2385	3105
2388	3896
2390	3470
2391	3345
2391	3882
2393	2473
2393	3596
2394	2672
2395	2854
2396	2673
2396	2694
2398	2584
2398	2966
2399	3087
2401	2557
2401	3908
2402	2521
2402	2750
2402	3801
2403	3168
2403	3323
2403	3666
2404	2564
2405	2711
2406	2845
2406	3912
2407	3367
2408	3249
2408	3746
2408	3942
2409	2708
2409	2773
2409	3613
2409	3910
2409	3963
2411	3809
2413	2911
2413	3071
2413	3828
2414	2755
2415	2555
2415	2645
2415	3117
2416	2699
2417	2928
2417	3729
2418	3582
2420	2984
2421	2885
2422	2873
2422	3632
2422	3805
2423	3463
2424	3237
2427	3170
2427	3971
2428	2624
2428	2643
2429	3315
2429	3543
2431	2789
2434	3069
2434	3399
2434	3529
2435	2825
2436	3449
2437	3081
2438	2523
2439	2718
2439	3462
2440	2872
2440	3213
2442	2859
2444	3813
2444	3825
2446	2970
2446	3044
2447	3486
2448	3756
2449	2680
2449	2850
2450	3539
2452	3089
2452	3721
2454	3595
2454	3877
2455	3536
2456	3660
2457	3148
2458	2891
2460	3688
2461	3582
2463	3147
2463	3578
2464	2530
2464	2698
2467	3040
2467	3180
2468	2588
2468	3234
2470	3883
2471	3788
2475	3724
2477	3654
2479	3556
2481	3155
2481	3173
2482	3043
2483	3017
2484	2494
2484	2925
2484	3185
2485	2867
2485	3689
2492	2788
2492	3438
2493	3565
2494	3842
2495	2593
2497	3380
2499	2877
2500	2541
2501	3744
2502	2616
2505	2567
2505	2648
2505	3279
2506	3919
2508	2999
2508	3390
2509	3475
2510	2844
2511	3394
2516	2521
2516	2905
2517	3227
2517	3441
2518	2725
2518	3166
2519	2739
2520	3386
2526	3049
2526	3351
2526	3358
2527	3169
2528	2599
2529	2707
2532	2753
2533	2831
2534	3660
2534	3944
2535	3309
2536	3372
2536	3949
2536	3990
2537	2623
2537	3524
2537	3874
2538	3851
2539	3254
2540	2603
2540	2800
2541	3146
2541	3406
2543	2582
2544	3011
2544	3112
2544	3562
2545	3766
2545	3903
2546	2705
2547	3271
2548	3634
2550	3477
2556	2714
2557	3502
2558	3629
2558	3905
2559	2735
2559	3284
2561	2662
2561	2970
2561	2979
2562	2828
2563	2900
2564	3058
2565	2630
2565	2837
2565	3023
2565	3802
2566	2706
2567	2837
2568	2591
2568	3673
2570	3246
2571	3803
2572	3781
2573	2764
2573	3433
2575	3293
2576	2816
2578	2585
2578	3161
2578	3994
2579	3099
2580	2906
2583	3986
2585	3802
2586	3053
2586	3067
2586	3638
2589	3497
2590	2954
2590	3891
2591	3782
2592	3394
2593	3333
2593	3428
2594	2725
2594	3569
2595	2826
2595	2936
2596	2666
2597	4000
2599	3990
2600	3867
2601	3090
2602	3339
2604	3120
2607	3359
2607	3375
2608	2951
2609	2630
2609	2710
2609	3106
2610	3002
2610	3534
2612	3054
2613	3127
2616	3035
2616	3258
2617	2811
2617	3462
2618	3228
2618	3956
2619	2675
2620	3082
2620	3163
2621	2722
2621	3530
2621	3840
2623	2842
2624	2892
2624	3846
2625	3929
2627	2779
2627	2899
2629	3944
2630	2934
2632	3960
2634	2797
2636	3243
2636	3761
2637	2952
2641	2642
2641	3440
2644	2688
2651	3907
2652	3020
2652	3178
2653	3151
2654	3737
2656	3200
2657	3966
2658	3776
2659	3294
2660	3649
2662	3074
2662	3585
2662	3862
2665	3391
2667	2684
2667	3260
2668	3195
2668	3579
2670	3119
2670	3574
2671	3352
2672	3152
2673	3085
2673	3141
2674	2736
2674	2860
2674	2993
2674	3768
2676	2695
2677	3520
2678	2814
2679	3651
2680	2978
2680	3159
2680	3626
2681	3653
2682	3165
2682	3421
2684	2946
2684	3092
2686	3722
2688	3753
2689	3995
2691	3050
2691	3918
2697	3237
2698	3728
2700	3272
2703	3719
2704	2844
2704	3627
2706	3012
2707	3552
2708	3335
2708	3472
2708	3693
2710	2977
2714	3238
2714	3256
2715	2924
2715	2937
2716	3768
2721	3024
2723	3425
2723	3878
2725	3676
2725	3839
2725	3980
2726	3705
2731	3599
2732	3489
2732	3869
2733	3094
2733	3133
2734	3403
2735	2993
2735	3891
2737	2762
2737	3925
2741	3010
2741	3062
2741	3089
2742	3315
2742	3501
2744	3467
2745	3450
2746	2832
2746	3830
2748	3583
2748	3647
2749	3212
2750	3241
2750	3300
2752	2894
2752	3102
2752	3432
2752	3839
2753	3810
2753	3821
2754	2971
2754	3151
2755	3967
2761	3241
2761	3989
2762	3314
2764	3070
2766	3621
2767	3534
2769	3115
2769	3126
2770	2782
2771	3306
2773	2836
2773	2889
2773	3420
2774	2932
2776	3865
2779	3431
2783	3412
2791	3396
2793	2834
2798	2846
2798	3061
2798	3635
2802	3469
2805	3098
2806	2833
2806	3158
2808	3521
2809	2877
2809	3596
2814	3914
2816	3022
2816	3164
2817	3455
2819	2878
2819	3264
2819	3660
2820	3160
2821	3005
2822	3627
2824	3140
2824	3334
2824	3913
2826	3068
2830	3814
2830	3838
2831	3100
2834	2948
2834	3553
2837	3457
2840	2960
2842	3331
2843	3583
2846	3037
2846	3073
2847	3412
2853	3745
2854	3097
2855	2944
2857	3022
2859	3191
2859	3448
2861	3760
2862	3389
2863	3509
2863	3512
2863	3695
2865	3227
2867	3009
2871	3951
2873	3384
2876	3561
2876	3712
2877	3025
2877	3510
2878	3363
2882	3291
2886	2985
2887	3232
2887	3480
2890	3655
2891	3910
2895	3385
2898	2919
2905	3361
2906	3358
2908	3678
2911	3623
2912	3316
2912	3896
2915	3219
2915	3659
2916	3456
2918	3721
2919	3827
2920	3474
2921	3114
2921	3354
2924	3376
2924	3593
2925	3356
2925	3961
2927	3028
2928	3940
2930	3156
2930	3351
2932	3344
2936	3118
2936	3564
2937	3977
2939	2985
2939	3003
2940	3586
2941	3048
2941	3131
2943	3032
2944	3477
2945	3073
2947	3000
2948	3775
2949	3319
2949	3416
2950	3926
2951	3270
2955	2967
2958	3464
2959	3357
2960	3550
2962	3108
2963	3154
2963	3486
2963	3856
2968	3752
2969	3268
2971	3373
2971	3392
2975	3243
2980	3725
2981	3952
2982	3379
2982	3690
2983	3493
2989	3418
2990	3416
2990	3771
2994	3233
2994	3787
2996	3642
2999	3178
2999	3607
3000	3431
3002	3630
3003	3383
3008	3879
3011	3444
3013	3422
3014	3740
3015	3299
3017	3665
3019	3403
3019	3429
3020	3049
3021	3679
3026	3229
3026	3503
3029	3853
3035	3144
3035	3762
3037	3510
3037	3626
3040	3857
3041	3538
3042	3950
3043	3297
3043	3766
3046	3411
3049	3683
3051	3539
3051	3616
3052	3202
3053	3265
3055	3263
3056	3167
3062	3092
3062	3792
3063	3240
3063	3371
3063	3764
3064	3415
3065	3492
3068	3945
3069	3284
3069	3901
3070	3926
3072	3676
3072	3783
3074	3113
3075	3937
3076	3274
3078	3854
3079	3116
3082	3116
3083	3924
3089	3822
3089	3951
3091	3738
3092	3361
3092	3483
3093	3257
3093	3570
3095	3132
3096	3102
3097	3630
3098	3964
3099	3704
3099	3881
3101	3604
3102	3991
3106	3406
3106	3525
3108	3681
3108	3906
3111	3781
3112	3788
3113	3248
3115	3687
3119	3488
3120	3526
3121	3708
3122	3644
3129	3170
3130	3134
3130	3436
3134	3342
3134	3565
3135	3411
3136	3160
3136	3887
3137	3242
3137	3881
3147	3815
3148	3609
3149	3795
3153	3527
3160	3843
3161	3702
3169	3699
3170	3179
3170	3322
3184	3513
3188	3319
3190	3935
3194	3240
3194	3710
3196	3557
3198	3258
3199	3765
3202	3434
3202	3758
3205	3326
3211	3391
3211	3680
3216	3611
3218	3734
3221	3299
3223	3983
3225	3317
3225	3387
3226	3793
3227	3321
3227	3522
3228	3499
3230	3393
3233	3606
3234	3532
3234	3999
3238	3736
3239	3244
3241	3511
3245	3645
3246	3889
3247	3650
3251	3369
3254	3459
3258	3716
3264	3424
3264	3934
3275	3484
3279	3960
3280	3860
3282	3971
3284	3620
3285	3542
3291	3894
3292	3340
3298	3402
3304	3808
3307	3363
3307	3365
3308	3607
3308	3928
3309	3514
3309	3530
3314	3844
3320	3453
3321	3442
3325	3353
3330	3482
3332	3849
3336	3794
3336	3888
3341	3491
3345	3941
3351	3722
3354	3575
3354	3947
3359	3928
3361	3877
3365	3577
3365	3658
3368	3698
3368	3699
3371	3617
3373	3741
3373	3799
3375	3653
3378	3605
3384	3581
3389	3401
3391	3642
3395	3755
3397	3856
3399	3474
3401	3972
3403	3979
3405	3481
3405	3806
3405	3965
3414	3648
3417	3425
3420	3603
3426	3507
3426	3807
3427	3603
3428	3717
3431	3931
3433	3832
3436	3885
3438	3612
3438	3922
3440	3689
3444	3989
3445	3551
3450	3666
3450	3973
3469	3644
3473	3832
3476	3947
3481	3588
3483	3848
3491	3745
3502	3883
3504	3716
3515	3760
3516	3763
3516	3852
3517	3682
3518	3668
3522	3598
3526	3819
3532	3591
3536	3636
3542	3871
3548	3816
3549	3915
3553	3641
3557	3780
3565	3945
3568	3664
3568	3801
3569	3685
3575	3893
3576	3782
3590	3927
3592	3632
3593	3618
3600	3889
3606	3808
3610	3684
3612	3834
3612	3915
3613	3640
3613	3974
3615	3898
3625	3639
3628	3685
3641	3939
3645	3751
3666	3754
3667	3976
3679	3778
3681	3984
3682	3864
3684	3729
3685	3873
3704	3895
3704	3927
3704	3931
3711	3880
3723	3841
3724	3972
3741	3845
3751	3923
3752	3861
3754	3996
3755	3827
3755	3974
3761	3844
3762	3996
3767	3835
3769	3906
3781	3863
3783	3855
3795	3796
3821	3895
3845	3942
3846	3980
3868	3900
3874	3923
3948	3999
3950	3953
3959	3985
3983	3985
3985	3995
