1	2
1	3
1	4
1	13
1	17
1	20
1	30
1	48
1	64
1	267
1	1026
1	1196
1	2856
2	3
2	4
2	5
2	8
2	11
2	16
2	24
2	35
2	49
2	127
2	162
2	237
2	255
2	356
2	389
2	915
2	946
2	1183
2	1641
2	2101
2	2912
3	5
3	6
3	7
3	10
3	12
3	24
3	33
3	73
3	88
3	93
3	232
3	577
3	974
4	6
4	11
4	20
4	21
4	22
4	35
4	37
4	81
4	287
4	385
4	431
4	545
4	736
4	836
4	892
4	943
4	2116
4	2979
4	3005
4	3095
5	12
5	17
5	25
5	28
5	61
5	82
5	756
5	3227
5	4457
6	7
6	10
6	18
6	25
6	38
6	64
6	68
6	89
6	152
6	230
6	253
6	659
6	661
6	667
6	1126
7	8
7	9
7	22
7	50
7	158
7	191
7	262
7	325
7	474
7	557
7	679
7	1102
7	1311
7	2939
8	9
8	14
8	19
8	32
8	40
8	90
8	141
8	228
8	266
8	314
8	382
8	508
8	1009
8	2826
9	27
9	99
9	112
9	153
9	176
9	206
9	217
9	242
9	279
9	345
9	448
9	781
9	1032
9	1039
9	1076
9	1179
9	2194
9	3061
9	3387
10	15
10	16
10	24
10	29
10	45
10	225
10	361
10	624
10	721
10	800
10	939
10	4458
11	42
11	45
11	48
11	53
11	137
11	142
11	199
11	296
11	315
11	2117
11	3596
12	13
12	15
12	27
12	178
12	185
12	213
12	215
12	360
12	372
12	1724
12	1878
12	4096
13	14
13	21
13	33
13	46
13	63
13	128
13	203
13	249
13	416
13	473
13	499
13	1305
13	1316
13	4257
14	23
14	59
14	70
14	74
14	188
14	283
14	306
14	468
14	534
14	841
15	19
15	28
15	34
15	40
15	51
15	72
15	83
15	100
15	129
15	301
15	495
15	702
15	1069
15	1603
15	1731
15	1835
16	23
16	296
16	420
16	479
16	675
16	2620
16	2951
16	3597
16	4182
17	18
17	39
17	44
17	57
17	276
17	675
17	1584
17	1809
17	2027
17	2701
17	2872
18	348
18	741
18	1240
18	1529
18	2945
18	3921
18	4018
19	47
19	621
19	802
19	834
19	857
19	1385
19	1701
19	2426
20	257
20	350
20	446
20	483
20	1431
20	1956
20	2257
20	4452
21	26
21	73
21	116
21	226
21	241
21	364
21	411
21	655
21	703
21	1008
21	1267
21	1658
22	62
22	92
22	101
22	221
22	403
22	804
22	1600
22	1789
22	2207
23	30
23	39
23	43
23	58
23	569
23	1557
23	1627
23	2988
24	53
24	114
24	187
24	209
24	566
24	873
24	1029
24	2844
24	3454
24	3944
24	4041
25	26
25	31
25	34
25	49
25	77
25	171
25	393
25	450
25	486
25	632
25	635
25	780
25	1231
25	1375
25	2074
25	3174
26	31
26	41
26	52
26	118
26	207
26	214
26	669
26	882
27	29
27	45
27	55
27	62
27	65
27	98
27	137
27	263
27	616
27	1318
27	1836
27	2297
28	60
28	298
28	324
28	784
28	877
28	2004
28	3737
29	84
29	108
29	131
29	205
29	231
29	940
29	1140
29	3069
30	32
30	60
30	187
30	271
30	432
30	562
30	710
30	902
30	1084
30	1435
30	3191
30	4234
30	4482
31	208
31	289
31	360
32	36
32	59
32	146
32	183
32	320
32	392
32	584
32	793
32	1030
32	1183
32	4102
33	36
33	38
33	52
33	101
33	123
33	183
33	235
33	236
33	751
33	1266
34	43
34	46
34	68
34	88
34	104
34	110
34	122
34	172
34	227
34	245
34	290
34	307
34	689
34	768
34	2409
34	2432
34	3617
34	3777
35	93
35	111
35	334
35	761
35	807
35	3489
35	3564
35	3683
36	37
36	44
36	67
36	83
36	92
36	122
36	221
36	875
36	1361
36	2098
36	2532
36	3416
36	3976
36	4080
37	50
37	147
37	150
37	465
37	501
37	654
37	2373
37	4078
38	58
38	80
38	95
38	170
38	215
38	256
38	264
38	940
38	2404
39	41
39	42
39	149
39	288
39	653
39	1106
39	1110
39	1669
39	3924
40	67
40	79
40	331
40	362
40	466
40	481
40	718
40	835
40	1005
40	1604
40	2242
40	2262
40	2489
41	57
41	90
41	151
41	181
41	312
41	1067
41	1990
41	2156
42	81
42	106
42	119
42	216
42	334
42	409
42	713
42	1088
42	1393
42	2838
43	161
43	222
43	268
43	285
43	339
43	1169
43	2187
43	2389
43	3634
43	4035
44	47
44	66
44	198
44	905
44	2177
44	2737
44	3594
44	4022
44	4313
45	66
45	111
45	235
45	240
45	243
45	593
45	1560
45	1723
45	3163
45	4194
46	99
46	229
46	431
46	698
46	947
46	1197
46	2272
46	2485
46	2615
46	2688
46	2842
46	3131
46	3698
47	54
47	95
47	105
47	179
47	599
47	1328
47	1839
47	3572
47	4276
48	51
48	54
48	94
48	168
48	398
48	890
48	1214
48	2668
48	2976
48	4476
49	69
49	125
49	151
49	172
49	180
49	478
49	538
49	590
49	1195
49	1452
49	3067
50	61
50	63
50	113
50	124
50	318
50	343
50	404
50	451
50	570
50	650
50	1730
50	2151
50	3308
51	55
51	56
51	102
51	136
51	144
51	263
51	289
51	309
51	909
51	1166
51	1509
51	1673
51	1690
51	2923
52	78
52	91
52	96
52	109
52	161
52	167
52	175
52	239
52	313
52	336
52	426
52	1055
53	56
53	210
53	211
53	220
53	348
53	589
53	708
53	941
53	1834
53	2543
53	3846
54	72
54	130
54	148
54	470
54	547
54	701
54	715
54	883
54	1158
54	1203
54	2201
55	173
55	373
55	498
55	643
55	818
55	977
55	1128
55	1774
55	3056
55	3363
56	71
56	84
56	160
56	164
56	281
56	307
56	370
56	424
56	786
56	1076
56	3029
56	3505
56	4084
57	65
57	76
57	102
57	190
57	246
57	718
57	1632
57	2466
57	2564
57	3628
57	3796
58	69
58	884
58	1087
58	1663
58	1704
58	1972
58	2209
58	3674
59	79
59	82
59	86
59	107
59	126
59	333
59	1797
59	2569
60	129
60	337
60	447
60	824
60	1826
60	3868
60	3959
60	4138
61	104
61	157
61	291
61	462
61	519
61	1454
61	1753
62	76
62	77
62	87
62	106
62	169
62	218
62	242
62	1290
62	3551
63	69
63	80
63	108
63	173
63	277
63	352
63	652
63	1698
63	1865
63	3298
64	69
64	1047
64	2094
64	3869
65	70
65	71
65	74
65	75
65	126
65	158
65	260
65	282
65	323
65	338
65	819
65	1134
65	1168
65	1277
65	1733
66	98
66	199
66	384
66	522
66	851
66	938
66	2702
66	2791
67	75
67	94
67	132
67	155
67	219
67	237
67	389
67	2139
68	102
68	134
68	154
68	210
68	278
68	401
68	684
68	2219
68	2331
68	2641
69	96
69	106
69	193
69	209
69	219
69	354
69	398
69	468
69	697
69	1810
70	85
70	258
70	614
70	2151
71	85
71	86
71	465
71	470
71	717
71	932
71	1284
71	1491
71	3974
72	112
72	125
72	170
72	171
72	218
72	329
72	3139
73	151
73	166
73	445
73	485
73	4009
74	78
74	89
74	105
74	119
74	698
74	1572
74	2218
75	117
75	354
75	373
75	489
75	540
75	616
75	785
75	1174
75	1263
76	100
76	614
76	877
76	1393
76	1597
76	2253
76	2277
76	2763
77	97
77	103
77	197
77	223
77	300
77	2166
78	658
78	670
78	1186
78	1513
78	2446
79	634
79	1093
79	1159
79	1699
79	2516
79	2819
79	3733
79	4439
80	141
80	548
80	1234
80	1443
80	1593
80	2209
80	3519
80	3612
81	87
81	164
81	186
81	207
81	629
81	718
82	110
82	299
82	302
82	305
82	388
82	420
82	645
82	734
82	1391
82	1768
82	4104
83	97
83	253
83	361
83	491
83	532
83	921
83	2701
84	109
84	837
84	1320
84	3145
84	3488
85	174
85	194
85	195
85	203
85	323
85	684
85	963
85	1335
85	1670
85	3420
85	3426
85	4196
86	116
86	128
86	198
86	295
86	349
86	417
86	440
86	870
86	1496
86	1786
87	100
87	168
87	178
87	189
87	346
87	564
87	1449
87	1599
87	2474
87	2552
87	2643
88	217
88	269
88	272
88	634
88	942
88	1657
88	2019
88	2277
89	112
89	190
89	238
89	356
89	2004
89	2638
90	91
90	143
90	177
90	236
90	376
90	377
90	769
90	878
90	957
90	1837
90	2328
90	2977
90	3119
90	3848
91	176
91	503
91	610
91	794
91	2039
92	114
92	274
92	1154
92	1441
92	3310
92	4120
92	4130
93	113
93	138
93	140
93	177
93	202
93	234
93	259
93	308
93	331
93	344
93	490
93	894
93	1121
93	1507
93	1734
94	107
94	121
94	869
94	929
94	950
94	985
94	1811
94	3679
94	3920
95	135
95	145
95	212
95	352
95	458
95	546
95	870
95	1325
95	1612
95	1890
95	2501
96	121
96	139
96	273
96	351
96	533
96	612
96	1621
96	1714
97	166
97	211
97	213
97	297
97	335
97	432
97	637
97	1530
97	2091
97	2640
98	152
98	454
98	622
98	740
98	814
98	941
98	1025
98	1163
98	1314
98	2358
98	4445
99	102
99	115
99	117
99	407
99	434
99	1232
99	1868
99	2128
99	2592
99	3415
99	3674
99	4349
100	103
100	130
100	143
100	148
100	300
100	330
100	386
100	570
100	682
100	1847
100	1971
101	115
101	214
101	398
101	449
101	615
101	682
101	832
101	888
101	1041
101	1365
101	1791
101	2169
102	128
102	247
102	284
102	1364
102	1728
102	2599
102	2730
102	3153
102	3752
103	120
103	132
103	136
103	144
103	154
103	324
103	453
103	457
103	1002
103	1475
103	2481
104	156
104	512
104	722
104	835
105	245
105	430
105	635
105	1797
105	2890
105	3661
105	3893
106	238
106	381
106	1151
106	1537
106	1866
106	1899
107	167
107	368
107	1150
107	2013
107	2165
107	3918
108	494
108	693
108	1146
108	1173
108	2453
108	3615
109	118
109	304
109	510
109	1095
109	1097
109	1287
109	3066
110	131
110	147
110	153
110	240
110	450
110	605
110	621
110	1208
110	1759
110	1802
110	2412
110	2451
110	3592
110	3640
111	155
111	165
111	301
111	408
111	588
111	3355
112	251
112	257
112	313
112	551
112	740
112	2045
112	2792
113	234
113	383
113	387
113	1928
113	4154
114	178
114	408
114	436
114	1274
114	1485
115	139
115	165
115	439
115	1193
115	2176
116	120
116	179
116	406
116	461
116	519
116	1092
116	1337
117	123
117	124
117	127
117	150
117	231
117	396
117	456
117	464
117	738
117	791
117	1156
117	2635
117	2827
118	598
118	638
118	974
118	984
118	1258
118	1366
118	2186
118	2953
118	4120
119	269
119	340
119	355
119	437
119	923
119	1487
119	1961
119	2928
119	3718
119	4085
120	133
120	156
120	188
120	272
120	355
120	414
120	647
120	666
120	781
120	852
120	1409
120	1546
120	2101
120	3047
120	3775
121	165
121	275
121	368
121	432
121	488
121	494
121	848
121	976
121	1221
121	1803
121	2096
122	135
122	143
122	146
122	151
122	404
122	480
122	558
122	853
122	1389
123	192
123	222
123	591
123	612
123	1655
123	2627
123	2916
123	2986
124	196
124	338
124	765
124	1196
124	1228
124	1987
124	2044
124	2548
124	2565
124	4377
125	160
125	195
125	399
125	928
125	1067
125	1536
125	4158
126	133
126	267
126	319
126	415
126	643
126	849
126	963
126	1374
126	2037
126	2847
127	166
127	201
127	463
127	469
127	489
127	733
127	1627
127	2443
127	3208
127	3342
128	138
128	216
128	287
128	527
128	685
128	1161
128	2600
128	3058
129	814
129	1119
129	2540
130	163
130	358
130	392
130	515
130	669
130	749
131	149
131	157
131	182
131	193
131	204
132	397
132	575
132	617
132	683
132	752
132	910
132	1245
132	1464
132	1642
132	2435
132	2715
132	3916
133	134
133	163
133	685
133	1055
133	1209
133	1326
133	1349
133	1727
134	140
134	181
134	281
134	320
134	383
134	388
134	494
134	750
134	1028
134	1190
134	3255
134	4325
135	159
135	233
135	274
135	357
135	627
135	843
135	1237
135	2865
135	3274
136	268
136	400
136	1750
136	2681
136	4059
136	4137
137	212
137	240
137	475
137	1339
137	2197
137	2860
137	3121
138	145
138	185
138	456
138	2573
139	310
139	477
139	668
139	950
139	1379
139	1692
139	2456
140	142
140	285
140	425
140	433
140	502
140	602
140	749
140	895
140	1701
140	1705
140	3343
140	3605
141	159
141	365
141	1123
141	1433
141	2696
141	3185
142	286
142	322
142	362
142	624
142	633
142	691
142	882
142	1193
142	1253
142	1675
142	3519
142	3736
142	3883
142	3901
142	4411
143	163
143	192
143	433
143	1169
143	1343
143	3181
143	3456
144	180
144	261
144	555
144	1508
144	2171
145	206
145	232
145	398
145	704
145	2394
145	4354
146	196
146	309
146	1719
146	2193
146	2243
146	3339
147	327
147	368
147	691
147	783
147	1474
147	1547
147	1780
147	3119
147	3149
147	3951
148	162
148	297
148	357
148	733
149	1201
149	1984
150	175
150	305
150	571
150	589
150	710
150	1863
151	189
151	498
151	546
151	1007
151	4017
152	175
152	205
152	259
152	276
152	1014
152	1081
152	1239
152	2374
152	2820
153	194
153	606
153	840
153	4446
154	474
154	552
154	3547
155	200
155	225
155	328
155	393
155	472
155	511
155	1141
155	1690
156	371
156	995
157	201
157	229
157	410
157	728
157	1911
157	2069
157	2123
157	2245
157	3399
158	326
158	1096
158	2257
159	174
159	228
159	230
159	1873
159	2560
159	2639
159	3715
160	441
160	578
160	753
160	1138
160	2853
160	3214
161	184
161	625
161	952
161	1428
162	325
162	970
162	1137
163	167
163	200
163	865
163	2288
163	3102
163	4447
164	255
164	346
164	406
164	444
164	514
164	620
164	1200
164	1394
164	2637
164	2773
165	314
165	1073
165	1198
165	2250
165	3571
166	169
166	953
166	1218
166	1400
166	1662
166	1953
167	260
167	319
167	584
167	1132
167	2800
168	222
168	265
168	385
168	394
168	587
168	964
168	1083
168	1255
168	1262
168	2505
168	2963
169	191
169	292
169	363
169	391
169	442
169	1025
169	1930
169	1946
169	2543
169	2978
170	293
170	795
170	3129
171	369
171	758
171	788
171	900
171	1133
171	1991
171	3580
171	4232
172	594
172	960
172	962
172	1204
172	3425
172	3612
173	363
173	746
173	1612
173	2697
174	182
174	341
174	454
174	472
174	741
174	1091
174	1141
174	1249
174	3177
175	186
175	498
175	548
175	1227
175	1498
175	1935
175	2084
175	2964
175	4443
176	247
176	252
176	540
176	2131
176	4081
177	197
177	299
177	366
177	914
177	2069
178	270
178	278
178	442
178	484
178	494
178	536
178	561
178	588
178	686
178	1619
178	1806
178	2491
178	3534
179	327
179	562
179	1526
179	1616
179	1794
179	2908
179	4063
180	210
180	310
180	330
180	451
180	1000
180	1437
180	1539
180	1845
180	3726
181	250
181	280
181	479
181	1568
181	1609
181	1665
181	3853
182	224
182	859
182	919
182	1681
182	2966
183	184
183	262
183	374
183	440
183	583
183	969
183	1319
183	1369
183	1743
183	2229
183	2377
183	2933
183	4346
184	202
184	264
184	377
184	707
184	1222
184	1276
184	4487
185	241
185	776
185	1930
185	2075
186	227
186	642
186	849
186	912
186	1347
186	2256
186	2378
186	3068
186	3590
187	233
187	246
187	441
187	764
187	856
187	2378
187	2923
188	273
188	283
188	359
188	1417
189	500
189	1164
189	2139
189	2214
190	226
190	251
190	423
190	763
190	1033
190	1273
190	1792
190	2218
190	2370
190	3240
191	295
191	681
191	1000
191	2392
192	482
192	534
192	687
192	1300
192	1605
193	595
193	815
194	428
194	734
194	1086
194	1898
194	2587
194	3570
194	3765
195	244
195	367
195	485
195	1213
195	1548
195	2834
195	3037
195	3575
195	3935
195	4043
196	463
196	2493
196	3077
197	239
197	339
197	809
197	1200
197	2866
197	3838
198	204
198	244
198	304
198	319
198	369
198	1021
198	1750
198	1967
198	2437
198	4193
199	437
199	544
199	582
199	1811
199	2609
200	318
200	394
200	1843
200	3062
200	4448
201	335
201	690
201	2009
201	3601
202	391
202	474
202	803
202	1135
202	1841
202	2003
202	2408
202	2993
202	3842
202	4019
203	308
203	390
203	457
203	803
203	2943
203	3689
204	689
204	732
204	911
204	1774
204	2252
205	208
205	317
205	329
205	514
205	1124
205	2326
205	3540
206	271
206	337
206	709
206	822
206	866
206	892
207	429
207	1581
207	2112
207	2231
207	2769
207	4277
208	223
208	317
208	396
208	447
208	660
208	885
208	1222
208	2340
208	2500
209	302
209	627
209	676
209	2124
209	3159
209	3709
209	4462
210	269
210	286
210	291
210	375
210	497
210	697
210	745
210	776
210	1513
210	1713
210	1741
210	2739
210	3150
210	4117
211	384
211	1508
211	1642
211	1680
212	220
212	884
212	1353
212	1500
212	2235
212	2621
213	539
213	580
214	254
214	659
214	931
215	248
215	398
215	1069
216	353
216	959
216	3509
216	3747
217	292
217	340
217	427
217	429
217	1179
217	3118
218	290
218	519
218	890
218	1103
218	1128
219	298
219	498
219	1188
219	1267
219	2081
220	282
220	342
220	405
220	1114
220	1902
220	2052
221	258
221	494
221	541
221	4308
222	224
222	312
222	351
222	525
222	1207
222	1689
222	3266
223	480
223	554
223	775
223	1569
223	1901
223	1955
223	3175
224	343
224	582
224	2678
224	4414
225	265
225	306
225	311
225	455
225	556
225	700
225	1362
226	294
226	554
226	733
226	838
226	1702
226	1892
226	2388
227	476
227	777
227	1236
227	1817
227	1922
227	2073
228	261
228	381
228	443
228	1355
228	1963
228	3647
228	4313
229	250
229	822
229	1816
229	1845
230	1377
230	3044
230	3176
231	252
231	486
231	753
231	930
231	1373
231	1710
231	2756
231	3940
232	462
232	492
232	691
232	857
232	1106
232	1622
232	1691
232	1693
232	2073
233	270
233	630
233	1514
233	3184
234	243
234	421
234	501
234	1618
234	2022
234	3885
235	449
235	3141
235	3748
236	288
236	593
236	672
236	733
236	799
236	1108
236	1124
236	1246
236	1304
236	2099
237	349
237	414
237	695
237	891
237	1317
237	1588
237	1966
238	248
238	344
238	597
238	838
238	868
238	897
238	4300
239	409
239	544
239	815
239	1342
240	445
240	2482
240	2528
240	3842
241	266
241	326
241	460
241	748
241	765
241	1521
241	2575
241	2709
241	3404
241	3659
241	4363
242	365
242	639
242	700
242	774
242	1190
243	542
243	577
243	915
243	1146
243	1316
243	1875
243	3014
243	3359
243	3487
244	293
244	341
244	412
244	483
245	275
245	333
245	347
245	402
245	611
245	680
245	957
245	1499
245	4214
246	254
246	303
246	426
246	585
246	1224
246	2324
246	3093
247	370
247	378
247	619
247	925
247	1135
247	2803
247	4233
247	4473
248	249
248	430
248	1533
249	640
249	1192
249	3675
250	256
250	316
250	1292
250	4500
251	604
251	848
251	920
251	1255
251	1466
251	2334
251	2367
251	2816
251	2842
251	3787
252	358
252	510
252	1062
252	2494
253	907
253	1264
253	1290
253	1832
253	1834
253	1974
253	3113
253	4203
254	505
254	511
254	560
254	699
254	714
254	1318
254	1350
254	1605
254	1959
254	2163
254	2291
254	3763
255	332
255	398
255	469
255	671
255	1366
255	1479
255	2380
256	1351
256	1524
256	1573
256	1712
256	3035
256	3361
257	284
257	537
257	861
257	3584
258	397
258	490
258	640
258	1340
258	4104
259	353
259	520
259	1559
260	711
260	791
260	1407
260	1575
260	2072
260	2832
260	2924
260	3218
261	294
261	598
261	1346
261	2179
261	2750
261	4491
262	579
262	601
262	1218
262	1565
262	2099
263	600
263	613
263	687
263	833
263	844
263	1013
263	1431
263	1915
263	2796
263	3041
264	311
264	922
264	935
264	1035
264	1176
264	1828
264	3737
265	380
265	775
265	1621
265	1742
265	1773
265	2707
265	2896
265	3503
266	372
266	678
266	962
266	1177
266	1266
266	1546
266	1602
266	1745
266	1994
266	2612
266	3076
266	3651
266	3710
267	347
267	722
267	735
267	3431
268	279
268	525
268	581
268	1492
268	2076
268	2195
268	2271
268	2530
269	277
269	961
269	1250
269	1601
269	1639
269	1666
269	2178
269	3273
270	322
270	789
270	872
270	1176
271	772
271	783
271	1305
271	1536
271	1554
271	1586
271	1862
271	2224
272	422
272	506
272	1088
272	2281
273	452
273	581
273	1225
273	3728
273	4095
274	654
274	664
274	699
274	966
274	1444
274	3131
275	403
275	421
275	1268
275	1690
275	3108
276	663
276	878
276	1003
276	1518
276	1892
276	1970
276	1973
276	4042
276	4145
277	352
277	648
277	796
277	1270
277	2050
277	2293
278	375
278	482
278	1151
278	1222
278	1638
278	3321
279	280
279	371
279	379
279	419
279	1413
279	2400
279	2480
280	303
280	386
280	410
280	800
280	1448
281	549
281	641
281	737
281	1197
281	2185
282	466
282	567
282	572
282	668
282	1231
282	2386
282	4213
283	417
283	898
283	1152
284	516
284	660
284	744
284	1057
284	1249
284	2659
284	4359
284	4434
285	819
285	994
285	1157
285	1553
285	3935
286	374
286	446
286	842
286	1248
286	3210
286	4287
287	316
287	528
287	549
287	586
287	1275
287	1715
287	3080
287	4232
288	390
288	529
288	850
288	1108
288	2676
288	4027
289	1278
290	1045
290	1432
290	3703
291	586
291	592
291	2496
292	350
292	565
292	578
292	895
292	2413
292	2789
292	2961
293	438
293	1118
294	661
294	708
294	1582
294	1686
294	2276
294	2567
294	2717
294	3801
295	677
295	996
295	1012
295	2488
295	2863
296	342
296	395
296	1259
296	1931
296	2046
296	4086
296	4234
297	516
297	969
297	1056
297	1063
297	1871
297	2653
297	2666
297	3102
297	3114
298	502
298	925
298	980
298	1562
298	2153
298	2405
299	315
299	730
299	981
299	2504
300	367
300	839
300	1418
300	1430
300	1564
300	1661
300	2399
300	3721
301	395
301	553
301	563
301	580
301	1853
301	3675
302	328
302	523
302	986
302	1045
302	1308
302	1758
302	3660
303	402
303	999
303	1009
303	1471
304	332
304	405
304	1259
304	1383
304	3868
305	358
305	359
305	2151
306	962
306	1300
306	1965
307	378
307	507
307	623
307	2186
308	401
308	529
308	585
308	771
308	874
308	1034
308	1833
309	701
309	2182
309	4173
309	4469
310	428
310	531
310	1006
310	1181
310	2162
310	4323
311	321
311	435
311	512
311	1027
311	1908
311	2674
311	4238
312	418
312	705
312	865
312	1173
312	1370
312	1592
312	2059
313	387
313	444
313	1079
313	1159
313	1767
313	1841
313	2807
314	656
314	705
314	1844
314	2226
314	3278
316	364
316	477
316	1491
316	4329
317	634
317	676
317	869
317	1235
317	1279
317	1391
317	1587
317	2960
318	321
318	419
318	500
318	550
318	569
318	716
318	1423
318	2267
318	3767
318	3773
319	336
319	461
319	499
319	572
319	1112
319	1447
319	1540
320	508
320	607
320	747
320	1341
320	3475
321	416
321	1050
321	1471
321	1533
321	1555
321	2282
322	531
322	910
322	1401
322	1558
322	1895
322	2771
323	688
323	898
323	1142
323	3156
324	653
324	3364
325	418
325	496
325	513
325	1032
325	1808
326	478
326	557
326	1037
326	1775
326	3299
327	352
327	491
327	608
327	805
327	935
327	2126
327	2918
327	2924
328	401
328	1836
329	980
329	1495
329	1651
329	2091
329	2603
329	4348
330	1066
330	1134
330	2009
330	4453
331	646
331	1784
331	2671
331	2935
332	424
332	809
332	1041
332	2360
332	3914
332	4217
333	459
333	467
333	1251
333	2090
333	2111
333	2476
334	345
334	411
334	574
334	1022
334	1544
334	2537
335	602
335	650
335	755
335	973
335	1127
335	1764
335	2383
335	2988
336	546
336	1094
336	1838
336	1904
336	2152
336	2473
336	2754
336	3327
336	3533
336	3704
336	4447
337	415
337	459
337	547
337	561
337	617
337	618
337	1760
337	2885
337	4402
338	367
338	452
338	538
338	690
338	798
338	1248
338	2708
338	4466
339	636
339	777
339	845
339	1528
339	1747
339	2526
340	818
340	2285
340	3824
341	542
341	628
341	1085
341	2564
342	379
342	757
342	923
342	1419
342	3068
342	3130
343	1202
343	2119
343	3578
343	3753
344	439
344	517
344	566
344	586
344	1215
344	4119
345	399
345	494
345	568
345	1109
345	1143
345	1405
345	1565
346	412
346	608
346	1085
346	1191
346	1829
346	3889
347	434
347	903
347	1021
347	1645
347	1674
347	3559
348	413
348	536
349	453
349	662
349	729
349	1446
350	365
350	1647
350	3392
350	4283
351	1547
351	3439
351	4279
352	543
352	752
352	759
353	380
353	400
353	604
353	664
353	766
353	1694
353	1698
353	2279
354	435
354	471
354	1072
354	3894
355	423
355	563
355	1116
355	1329
355	1577
355	2238
355	3244
355	3319
356	366
356	652
356	693
356	1952
356	2571
357	596
357	636
357	743
357	1139
357	1158
357	1228
357	1321
357	2289
357	4461
358	672
358	876
358	974
358	2539
359	1375
359	1465
359	1615
359	1951
359	2341
359	4001
359	4146
360	470
360	655
360	1252
360	1281
360	1355
361	603
361	631
361	2710
361	3230
361	3616
362	567
362	1894
362	3894
362	3932
363	487
363	1203
363	1427
364	762
364	836
364	949
364	1544
364	2386
364	4419
365	2307
365	3727
366	494
366	507
366	1575
366	2115
366	2598
366	2728
367	505
367	3927
367	4005
368	435
368	530
368	823
368	945
368	1185
368	1291
368	3120
369	425
369	521
369	649
369	916
369	917
369	3843
370	488
370	518
370	729
370	790
370	1071
370	3780
370	4225
371	1058
371	1273
371	1695
371	2957
371	3855
372	1353
372	1691
372	2384
372	3129
372	3874
372	4238
373	443
373	657
373	1219
373	1891
373	3365
373	3452
374	427
374	492
374	1520
374	1729
374	2307
374	2617
374	3527
374	4483
375	376
375	603
375	846
375	1187
375	1327
375	1363
375	1617
375	1847
376	382
376	413
376	487
376	496
376	606
376	644
376	1011
376	4476
377	535
377	2265
377	2664
377	4036
378	596
378	1988
378	2145
378	2897
378	3622
379	750
379	1850
379	2197
379	2658
379	3098
380	528
380	1425
380	3950
381	674
381	742
381	1184
381	2329
381	2341
382	1325
382	3344
383	476
383	1042
383	1537
383	3125
384	539
384	1574
384	3322
384	3438
385	2408
385	3286
386	826
386	1098
387	576
387	675
387	1118
387	1137
387	2130
387	3269
387	3895
388	517
388	630
388	667
388	854
388	930
388	2345
389	407
389	674
389	688
389	842
389	1756
389	2685
389	3050
390	503
390	975
390	1078
390	1121
390	1877
391	997
391	1156
391	1542
391	3506
392	484
392	513
392	1145
392	1336
392	1436
392	2710
392	3989
393	1331
393	1581
393	1859
393	2155
393	2228
393	2230
393	2431
393	2571
394	473
394	633
394	926
394	2529
394	2906
394	4350
395	644
395	2234
396	850
396	862
396	1051
396	1411
396	1857
396	2479
397	565
397	978
397	1825
398	438
398	464
398	927
398	1126
398	1397
398	1828
398	1967
398	2395
398	4174
399	1497
399	1604
399	1958
399	1972
400	896
400	1312
400	2578
401	632
401	1954
401	3122
401	3422
402	894
402	896
402	2206
402	3032
402	3350
403	495
403	787
403	3537
403	4207
404	1153
404	1805
404	2406
405	436
405	541
405	649
405	744
405	2850
405	3015
405	4325
406	893
406	2032
406	2284
407	524
407	723
407	1439
407	1445
407	1955
407	2744
407	4368
408	423
408	592
408	1715
408	2957
408	3302
408	3472
409	493
409	518
409	708
409	1165
409	1950
409	2278
409	3306
409	3804
410	665
410	784
410	847
410	988
410	4328
411	509
411	685
411	2384
412	595
412	902
412	3692
413	1390
413	1396
413	1428
413	1516
413	2752
413	3526
414	461
414	467
414	1517
414	1608
414	2698
414	3907
415	455
415	515
415	2185
415	2675
416	422
416	523
416	715
416	1720
417	605
417	1354
417	1376
417	2458
417	3282
418	509
418	555
418	628
418	755
418	796
418	1381
418	1403
418	1672
418	3870
418	3926
419	719
419	966
419	1043
419	1515
419	3412
419	3844
420	808
420	1019
420	1226
420	3687
421	1257
421	1794
421	3125
421	3395
421	3555
422	737
422	908
422	1392
422	1433
422	1649
422	2764
422	3209
423	1065
423	1110
423	1234
423	1440
423	1505
423	1539
423	2035
423	3381
424	620
424	981
424	2673
424	3808
425	506
425	855
425	933
425	1082
425	2375
425	2471
425	2522
425	3393
426	448
426	623
426	732
426	1378
426	2004
426	3184
426	3713
427	724
427	1601
427	1813
427	3730
428	500
428	559
428	856
428	1145
428	1415
428	1792
428	3455
429	522
429	537
429	761
429	1790
429	1910
429	2275
429	2513
429	3171
430	1174
430	1979
430	1999
431	545
431	574
431	695
431	1436
431	1685
431	2301
432	445
432	787
432	1992
432	3923
433	481
433	591
433	997
433	1617
433	3853
434	599
434	2618
434	3034
435	460
435	609
435	641
435	1077
435	2131
435	2414
435	2466
436	449
436	559
436	831
436	1026
436	1265
436	1749
436	1879
436	3620
436	4122
437	615
437	629
437	989
437	1105
437	1368
437	1399
437	2144
438	593
438	1360
438	1948
438	3198
438	3251
439	1100
440	526
440	730
440	913
440	1618
440	1831
440	1889
440	2157
440	4292
441	666
441	1347
441	1438
441	2080
441	2129
442	1059
442	1089
442	1252
442	2106
443	888
443	1523
443	3115
443	3191
443	3309
444	543
444	874
444	1219
444	1975
444	3268
445	2727
445	2958
445	3744
446	524
446	696
446	899
446	1082
446	1323
447	493
447	808
447	1427
447	2051
448	458
448	532
448	1448
448	2451
449	475
449	610
449	1079
449	1494
449	2521
449	2586
449	3257
449	3289
449	4307
450	1033
450	2220
451	468
451	607
451	1684
451	2834
451	3183
451	3251
451	3315
452	837
452	942
452	1668
452	4372
453	3483
454	594
454	1071
454	1168
454	2922
455	758
455	1576
455	1613
455	2791
456	482
456	1748
456	1911
457	1636
457	2215
457	3695
458	1330
458	1707
458	3754
459	1244
459	1338
459	2809
459	3721
459	3778
461	573
461	1157
461	1280
461	1744
461	1816
461	1868
461	2407
461	4493
462	590
462	860
462	1812
462	1857
462	1997
462	2275
463	682
463	768
463	1592
463	2205
463	4015
464	468
464	551
464	726
464	1438
464	2626
464	2717
465	504
465	1065
465	2121
465	2687
465	2889
466	1653
466	3197
466	3546
466	3735
466	4012
467	739
467	873
467	968
467	987
467	2916
467	3358
468	535
468	832
468	1109
468	1180
468	1189
468	1487
468	2611
468	4307
469	471
469	774
469	2222
469	2312
469	3151
470	504
470	821
471	692
471	2060
471	3459
472	597
472	1372
472	1854
473	738
473	936
473	1162
473	1415
473	1695
473	1725
473	2299
473	3187
473	3693
474	983
474	1291
474	1461
475	571
475	611
475	1943
475	2374
475	4016
476	533
476	807
476	2669
477	581
477	723
477	1037
477	3343
477	3426
478	497
478	552
478	678
478	817
478	860
478	998
478	1489
478	1643
478	2319
478	3578
479	618
479	717
479	841
479	846
479	1136
479	2189
480	852
480	1074
480	2512
480	3060
481	2905
481	3451
481	3813
482	1372
482	3946
483	626
483	1075
483	2170
483	3498
483	4275
484	1709
484	2492
484	2844
484	4253
485	2339
486	893
486	1072
486	1265
486	1643
487	626
487	2616
487	3939
488	530
488	642
488	770
489	1083
489	2415
489	3864
490	565
490	712
490	1287
491	1008
491	1090
491	1182
491	1184
492	1289
492	1909
492	2123
492	3410
492	3423
493	1167
493	1852
493	2059
493	2128
493	2646
493	3030
494	1499
495	651
495	1203
495	1550
496	2400
496	3096
496	4189
497	1458
498	723
498	1132
498	2249
499	663
499	1674
499	1981
499	3851
500	520
500	553
500	833
500	1772
500	2477
500	3467
501	778
501	1883
501	3948
502	891
502	1060
502	1143
502	1188
502	1736
502	2785
503	1175
503	1512
503	2370
503	2815
503	3233
504	720
504	742
504	797
504	2333
504	2648
505	916
505	1369
505	1996
505	2871
505	3801
506	527
506	1001
506	1424
506	1522
506	3878
506	4233
507	995
507	1323
507	1671
507	2080
507	4010
508	579
508	760
508	1916
509	556
509	1939
509	3231
510	1254
510	1946
510	2018
510	2795
510	3511
511	709
512	769
512	1149
512	1430
512	2714
512	3226
513	788
513	1241
513	1321
513	2997
514	991
514	1432
515	728
515	1081
515	1223
515	2646
515	2938
515	4273
516	564
516	1119
516	1502
516	1833
516	3967
517	521
517	583
517	604
517	609
517	686
517	757
517	982
517	1096
517	1371
517	1733
517	1872
517	2887
517	3490
517	4449
518	631
518	863
518	1497
518	2330
518	2553
519	586
519	1211
519	3384
519	4462
520	3059
520	3652
521	1815
522	526
522	3437
523	1775
523	1798
523	1843
523	2241
523	2364
523	2476
524	806
524	897
524	3973
524	4179
525	576
525	863
525	937
525	1271
525	2160
525	2576
525	3051
526	906
526	1080
526	1310
526	1678
526	2580
526	2893
527	613
527	1164
527	3562
528	680
528	992
528	2645
528	3023
528	3285
529	951
529	1027
529	1824
529	2781
529	3277
530	550
530	1269
530	1481
530	1500
530	2239
530	2263
530	3157
530	3530
530	3742
531	573
531	711
531	788
532	665
532	725
532	770
532	2826
532	4395
533	990
533	1349
533	1776
533	3006
533	3136
533	3882
534	724
534	1073
534	1727
535	560
535	727
535	864
535	1658
535	2082
535	2325
536	759
536	2667
537	3268
538	1707
538	3026
539	959
539	1145
539	1534
539	1896
539	2732
540	604
540	657
540	3529
541	587
541	702
541	711
541	799
541	1339
541	1950
541	2598
541	3174
542	904
542	1567
542	2526
542	3347
543	1660
543	1920
543	1940
543	3673
544	1034
544	1311
544	1507
544	2584
544	3500
545	568
545	711
545	912
545	1408
545	1541
545	1615
546	881
546	928
547	954
547	1807
547	3329
548	1139
548	2116
548	2624
548	2700
548	4206
549	622
549	839
549	1058
549	1165
549	1918
549	2234
549	2691
549	2794
550	662
550	2614
550	4250
551	713
551	3045
552	829
552	1610
552	2632
552	3017
552	3876
553	601
553	632
553	773
553	820
553	1568
553	2425
554	956
554	2210
554	2350
554	3002
555	1071
555	1288
555	3094
556	558
556	575
556	651
556	944
556	1699
556	3451
556	3848
556	4109
557	789
557	1172
557	2869
557	3667
557	4174
558	645
558	1558
558	2787
559	907
559	1378
559	4115
560	743
560	1342
560	1765
561	1457
561	1620
561	3692
561	4415
562	778
562	1638
562	1880
562	1945
562	2294
563	767
563	1013
563	3291
564	779
564	1272
564	2031
564	3744
565	851
565	1559
565	3677
566	637
566	924
566	1406
566	1730
566	2184
566	4382
567	921
567	1101
567	1178
567	1949
567	1964
567	2224
567	3037
567	3799
568	638
568	677
568	1017
568	1116
568	1269
568	2026
568	2043
568	3318
569	1310
569	4474
570	726
570	1404
571	1800
571	2001
571	2402
571	4101
572	771
572	933
572	1027
572	3246
572	4079
573	709
573	1130
573	3044
574	1414
574	2680
575	967
575	1406
575	1574
575	1753
575	2818
575	3458
576	794
576	906
576	1022
576	1048
576	1099
576	2032
576	2188
577	1113
577	1451
577	2304
577	2534
577	3504
578	1044
578	1107
578	1131
578	1602
578	2107
579	1554
579	2342
579	3490
580	2632
580	2708
580	2940
581	625
581	875
581	1679
581	1927
581	2460
581	3581
581	3791
582	703
582	736
582	762
582	2029
582	3853
583	1613
583	3300
583	4383
584	739
584	1282
584	1450
584	4033
585	626
585	4136
586	825
586	1359
586	3388
586	3856
587	879
587	955
587	1822
587	1831
587	2549
587	2755
587	3661
588	858
588	1020
588	1322
588	1650
589	813
589	4331
590	600
591	3763
591	4208
592	716
592	1029
592	2140
592	2183
592	3124
592	3643
593	1129
593	1298
593	1303
594	683
594	1957
594	2424
594	2541
594	2690
594	3047
594	3186
595	679
595	1049
595	3365
596	735
596	1038
596	2376
596	2538
596	3613
596	4068
597	1280
597	2990
597	3011
597	4082
598	721
598	2342
598	2778
598	3940
599	730
599	883
599	937
599	974
599	993
599	1061
599	1237
599	1509
599	2518
600	745
600	899
600	972
600	1082
600	1111
600	1259
600	1938
600	2006
600	2259
600	4112
601	827
601	855
601	1009
601	2547
602	1365
602	2203
602	2242
602	2942
602	2992
602	3167
603	671
603	946
603	1594
603	2602
603	3313
603	3742
604	646
604	844
604	1115
604	2719
604	3087
605	1038
605	1138
605	1238
605	1281
605	3491
606	811
606	1359
606	1641
606	1657
606	2162
606	3212
607	1104
607	1630
607	1788
607	4396
608	867
608	1620
608	2633
609	1451
610	1086
610	2577
610	2805
611	638
611	639
611	711
611	1292
611	3610
612	1147
612	2737
612	3707
612	3708
613	647
613	868
613	1515
613	2568
614	619
614	805
614	821
614	1980
615	989
615	1117
615	1903
615	2206
615	3957
616	752
616	816
616	1036
616	2283
616	2464
616	3728
616	4261
617	801
617	843
617	958
617	993
617	1452
617	2387
618	658
618	3698
618	3794
619	1294
619	1652
619	2849
619	4321
620	1492
620	2314
620	3566
621	853
621	2448
622	685
622	1830
622	2003
622	3579
623	696
623	3095
624	887
624	2002
625	712
625	1325
625	1389
625	1808
625	2049
625	2794
625	3073
626	706
626	731
626	1192
626	2079
626	2694
627	792
627	984
627	1628
628	714
628	951
628	1216
629	977
629	1068
629	1166
629	1279
629	1307
629	1352
629	2806
630	706
630	1089
630	1494
630	2674
630	3019
630	3324
631	704
631	2195
632	1245
632	1395
632	1634
632	3644
633	806
633	1326
633	1544
634	682
634	1858
634	2767
635	955
635	2326
635	2397
635	3215
636	2559
636	3745
636	4055
637	670
637	1789
637	2424
637	2615
637	3714
638	668
638	847
638	1084
638	1463
639	795
639	1538
639	2593
639	2759
640	656
640	1144
640	1924
640	2212
641	673
641	720
641	782
641	945
641	1172
641	2143
641	2756
642	1488
642	1510
642	1779
642	3549
642	3561
643	648
643	810
643	905
643	1387
643	2042
643	2088
643	2255
643	2562
644	673
644	1885
644	2850
645	801
645	1207
645	1419
645	2274
645	2550
645	2902
645	4039
646	1769
646	3491
647	792
647	3467
648	1144
648	2917
649	1091
649	1785
649	1796
649	2067
649	3283
650	964
650	2315
651	1904
651	2744
651	2967
651	4304
652	2347
652	3761
652	3819
653	1386
653	1664
653	2806
654	944
654	1058
654	4108
655	692
656	1099
656	1240
656	2346
657	2256
657	3543
658	862
658	1005
658	1007
658	1580
658	1927
658	2219
659	1341
659	1645
659	1777
659	2781
660	773
660	879
660	4180
660	4190
661	681
661	746
661	779
661	978
661	1670
661	1854
661	2017
662	943
662	1031
662	1685
662	2148
662	3107
663	694
663	1367
664	845
664	1443
664	1860
664	2300
664	3427
665	707
665	780
665	802
665	1100
665	2508
666	1035
666	3769
667	1241
667	1317
667	2031
667	2266
667	3341
668	1061
668	1111
669	1263
669	1786
669	1901
669	2517
669	2934
670	1837
670	3604
671	4302
671	4399
672	1887
672	2337
672	2562
672	3521
672	3531
672	3837
673	871
673	956
673	1783
673	1863
673	2142
673	2568
673	2846
674	2573
675	1751
676	917
676	1390
677	1739
677	2507
677	4175
678	692
678	754
678	887
678	1023
678	1258
678	2023
678	2801
679	828
679	998
679	2907
679	2997
679	4430
680	828
680	855
680	1082
680	1482
680	2401
681	694
681	2040
682	1119
682	1982
683	864
683	2672
683	3120
683	3715
684	731
684	1261
684	1367
684	4236
685	719
685	1046
685	2021
685	4386
686	715
686	1053
686	1304
686	1503
686	1928
686	3390
687	885
687	967
687	1155
687	1236
687	1239
687	1460
687	1682
688	859
688	1738
688	3115
688	4176
689	1178
689	1211
689	1223
689	3028
689	3334
690	752
690	4220
691	763
691	790
691	1268
691	3026
691	3611
691	4118
692	730
692	965
692	2062
693	2830
694	751
694	767
694	1012
694	1543
694	1552
694	1807
694	2395
695	3252
695	4375
695	4392
696	1589
696	1630
696	1796
696	2262
696	2420
696	2822
697	772
697	786
697	1459
697	1591
697	1991
697	3484
698	727
698	972
698	1538
698	1697
698	2043
699	834
699	1198
699	1380
700	881
700	931
700	1186
700	1881
700	2016
700	2241
700	2511
700	2572
701	953
701	1588
701	1766
701	3062
701	3366
701	3630
701	4129
701	4398
702	958
702	1031
702	1524
702	3481
703	825
703	866
703	1379
703	2359
703	2643
703	3064
703	3830
704	1122
704	2984
704	4113
705	725
705	2675
706	2110
706	2138
707	918
707	1983
708	2097
708	2913
708	4361
709	748
709	1421
709	1762
709	2266
709	3220
709	3933
709	4448
710	1083
710	1434
710	1580
710	2074
710	2743
711	1360
711	1719
711	2150
711	2468
711	3788
713	1131
713	1294
713	2053
713	2078
713	2108
713	4002
714	1371
714	1888
715	858
715	2865
715	2876
715	3443
716	911
716	1370
716	2041
716	2062
716	4295
716	4480
717	764
717	823
717	830
717	932
717	992
717	1998
717	3881
718	1434
718	1581
718	1628
718	3154
719	970
720	756
720	2070
721	1226
721	1893
721	3064
722	840
722	2255
722	3563
723	3205
723	4376
725	1018
725	1019
725	1114
725	1600
725	2380
727	918
727	1356
727	2822
728	1000
728	1734
729	983
729	1326
729	2930
729	3905
729	4061
730	820
730	1478
730	1783
730	2311
730	2900
730	3710
731	934
731	1050
731	1152
732	936
732	2515
732	3457
733	831
733	1020
733	1150
733	1154
733	1395
733	2231
733	4091
734	867
734	2280
734	2288
734	4429
735	1262
735	2025
735	2475
735	3478
735	4079
736	1054
737	1512
737	1780
737	1992
737	3460
737	3992
737	4005
738	760
738	1275
738	3492
738	3599
738	4140
739	4149
740	747
740	1856
740	1877
740	2852
740	3657
741	3079
742	1235
743	886
743	1160
743	2115
743	4060
744	1476
744	2518
745	1010
745	1233
745	1336
745	1466
745	2183
745	2356
745	3476
745	3497
746	1382
747	816
747	2452
748	785
748	827
748	1210
748	1942
748	1969
748	2095
748	2485
749	1884
749	2339
749	2797
749	3296
750	754
750	782
750	824
750	1332
750	3792
750	4073
750	4266
750	4422
751	793
752	766
752	804
752	3146
752	4385
753	1529
753	1579
753	1938
753	2800
753	3059
753	3863
753	4420
754	939
754	1077
756	1053
756	4366
757	872
757	949
757	2648
757	2714
757	3138
758	1493
759	1011
759	1171
759	1474
759	2008
759	2467
759	2817
759	3611
760	1242
760	2715
760	2955
761	2050
761	4248
762	871
762	952
762	1070
762	1673
764	913
765	798
765	812
765	1023
766	797
766	829
767	1333
767	1530
768	1039
769	954
769	1049
769	2012
769	2683
770	919
770	2178
771	1084
771	1206
772	926
772	1004
772	1097
772	1160
772	1278
772	1293
772	3677
773	897
773	1373
774	1074
774	1337
774	2855
774	2985
774	4100
775	2243
775	2254
775	2618
775	2963
776	1002
776	1357
776	2533
777	830
777	1347
777	2146
777	2329
777	2426
777	2684
777	3591
778	1068
778	3938
779	3253
780	976
780	1661
780	1832
780	3042
781	1335
781	1548
781	2303
781	2468
781	4301
782	1348
782	1721
782	3925
784	2184
784	2464
784	3828
785	924
785	1598
785	1945
785	3149
786	1040
786	1191
786	2703
786	3180
786	4039
787	1251
787	1416
787	2511
788	817
788	1063
789	996
790	1357
790	1985
791	1358
791	1761
791	2081
792	986
793	901
793	1706
793	2155
793	3740
793	3911
794	812
794	1028
794	2507
794	2983
795	1302
795	1398
795	2736
796	1083
796	1133
797	838
797	1136
797	1200
797	2403
797	3362
798	1350
798	1667
798	2396
799	876
799	889
799	2936
799	4279
800	1040
800	1517
800	1936
800	4057
801	1379
801	1489
801	1525
801	2780
801	3000
802	813
802	2270
803	3409
803	3691
804	810
804	1344
805	821
805	826
805	1611
805	2886
806	1123
806	3056
806	4043
807	2726
807	2849
807	4164
808	811
809	1003
809	1112
809	1486
809	1819
809	2478
810	961
810	1403
810	1736
811	903
811	1053
811	1891
811	2302
811	2829
811	3160
813	1185
813	2120
814	3831
815	960
815	1351
815	3192
815	3460
816	861
816	1104
816	1631
816	1830
816	2777
816	4309
817	1553
817	2490
817	2608
817	4065
817	4205
818	854
818	1570
818	1879
818	2153
818	3383
819	1501
819	2517
819	2786
820	1422
820	1825
820	2082
820	2110
820	2588
821	1297
821	2596
822	1746
823	889
823	3514
823	4169
824	1892
824	2550
824	4285
825	1090
825	1319
825	1589
825	2325
826	2051
827	1886
827	2668
827	3163
828	993
828	2065
828	2066
828	2113
829	1498
829	2669
830	947
831	1514
831	2318
831	2620
832	971
832	2449
832	2498
832	3270
833	1338
833	1533
833	3067
834	880
834	2202
834	2203
835	914
835	1404
835	1970
836	1276
837	1117
837	1960
837	2510
837	3143
838	1153
838	1213
838	1926
838	2558
838	2567
838	3118
838	3158
839	948
839	1327
839	2510
840	1115
840	1312
841	1080
841	1191
842	1814
842	2721
843	1814
843	1909
843	2250
843	2432
843	4107
844	920
844	3387
845	1130
845	1187
845	1345
845	1504
845	1596
845	2793
846	900
846	2977
846	4092
847	1205
847	1484
847	2213
847	2864
847	3379
847	3679
848	1253
848	2486
849	886
849	908
849	1127
849	1286
849	1296
849	1716
849	1851
849	2150
850	1289
850	3213
851	938
851	1301
851	1666
851	2508
852	1690
852	2020
853	929
853	1070
853	3004
854	1027
854	1194
854	1531
855	1052
855	2506
856	1230
856	1573
856	1722
856	2776
856	2937
856	3691
857	1140
857	1446
857	2552
857	3871
858	948
858	1242
858	2077
858	2559
859	1078
859	1441
859	3311
860	1103
860	1320
860	1609
860	2771
860	4182
860	4439
861	867
862	999
862	1399
862	1671
862	1875
862	3054
863	994
863	1016
863	2260
863	4461
864	1092
864	2113
865	901
865	909
865	1050
865	1260
866	904
866	1015
866	2754
866	3729
867	1098
867	1106
867	1175
867	1210
867	1826
867	2787
868	880
868	1726
868	2883
868	3822
869	922
869	1129
869	1246
869	1421
869	1534
869	1724
869	2358
869	2954
869	4435
870	973
870	1017
870	1939
870	2125
870	2297
870	2732
871	934
871	1060
871	2350
871	4163
872	974
872	1015
872	1113
872	2190
872	2718
872	4395
873	979
873	2040
873	2463
873	2702
874	1912
875	1599
875	3776
876	927
876	1631
876	1675
876	1745
876	2237
876	2467
877	979
877	2029
878	4000
879	1918
880	1852
881	968
881	2527
881	4225
882	1036
882	2072
882	3915
883	1283
884	1059
884	1243
884	1937
884	2578
885	1209
885	1563
885	1590
885	2788
886	1541
886	1566
886	2735
886	4011
886	4373
887	1401
887	1549
887	3081
887	4052
888	1018
888	2314
888	2976
889	1051
889	1755
889	2706
889	2739
889	2965
890	2817
890	3051
890	3588
891	1064
892	1473
892	1479
892	2076
892	2866
892	3636
893	2741
894	1250
894	2045
894	2191
894	2989
894	3020
894	3345
895	1815
895	1907
895	2172
895	3762
896	991
896	1147
896	3910
897	1677
897	1906
897	3988
898	1010
898	1495
898	1518
898	1770
898	2232
898	2338
898	2345
898	2457
898	4096
899	988
899	1204
899	1648
899	2016
899	3931
900	1038
900	1291
900	1979
900	2834
901	1105
901	2202
902	1624
903	1629
903	2387
903	3444
903	3623
904	1256
904	1348
904	1872
905	1925
905	2092
906	3144
906	3563
907	1177
907	1885
907	4330
908	1700
908	3596
909	1387
909	1720
909	4171
910	1094
910	1282
910	2502
911	971
911	993
911	1030
911	1257
911	2330
911	2353
911	3740
911	4412
912	1057
912	1519
912	3195
912	4047
913	1578
914	1048
914	2670
914	3575
914	4263
914	4411
915	2008
915	2034
915	3225
916	1962
917	1396
917	2603
917	2889
917	3148
917	3168
918	1142
918	1295
918	2746
918	3773
919	1208
919	1672
919	1679
919	2338
919	2978
920	1385
920	1590
920	2450
920	2697
920	3548
921	1034
921	1171
921	1429
921	3228
922	1125
922	1763
922	2599
922	2672
922	3987
922	4060
923	1297
923	2161
923	2292
923	3239
924	1820
924	2088
925	1052
925	3151
925	3196
925	3256
925	3397
925	3758
926	2134
926	3264
926	3375
927	1664
927	2768
928	965
928	998
928	1648
928	2555
930	1054
930	1338
930	1388
930	3700
931	1199
931	2797
931	2814
931	3022
932	1001
932	1014
932	1136
932	1659
932	2100
932	4020
934	1459
934	1900
934	3814
935	2813
935	2987
935	3039
936	1016
936	3207
936	4292
937	1556
937	2441
937	4418
938	1004
938	1308
938	3825
939	1302
939	1551
939	2585
939	4053
940	1456
940	1921
940	3014
941	4125
942	1246
942	1502
942	2539
942	3096
943	2220
944	1075
944	1870
944	2660
945	1161
945	1677
945	2196
945	2368
946	1227
946	2411
946	2493
946	4301
947	982
947	1684
947	2357
947	2478
947	2535
948	1439
949	1523
949	1532
949	4460
950	3601
950	3899
950	3950
951	990
951	1301
951	1477
951	3291
952	1649
952	1805
952	2827
952	2962
953	1043
953	1064
953	2385
954	985
954	1869
954	2030
954	3529
955	1009
955	2471
955	4400
956	2763
956	2918
956	3181
957	1735
957	2420
957	2786
957	4488
958	975
958	1525
958	1882
959	2700
959	2932
961	1087
961	1542
961	1633
961	2541
961	4377
962	1342
962	2759
962	3141
962	4100
963	1607
963	1817
963	2650
963	3280
964	1962
964	2864
964	4044
965	1532
965	2428
965	2970
966	2082
966	2261
966	3382
967	3533
968	3641
969	1503
969	1887
969	3065
970	1425
970	2355
970	2439
970	3373
970	3384
971	1519
971	2383
971	3888
971	4021
972	1309
973	1205
973	1637
973	1822
973	2127
973	2649
973	3159
973	3258
973	3980
974	1170
974	2871
975	3523
975	4243
976	1552
976	4218
977	1024
977	1042
977	1450
977	1490
977	2333
977	4183
978	1483
978	1747
978	2452
978	2642
979	1324
979	3385
979	3639
980	3381
980	3530
981	987
981	1230
981	1293
981	1848
982	2629
982	4417
983	2601
983	4231
984	1793
984	2058
984	2269
984	2945
984	3495
985	2094
985	2514
986	1122
986	2585
986	3091
987	1062
987	1472
987	2582
988	1024
988	1567
988	2684
988	3795
989	1644
989	2322
989	3404
990	1147
991	1550
991	2888
991	3273
991	3686
992	1971
992	2416
992	2831
992	3867
992	4486
993	1496
993	4224
994	1740
994	2271
995	1120
996	3032
997	1882
997	2681
998	2923
999	1387
999	1535
999	3055
999	3249
999	3811
1000	1511
1000	1846
1000	3041
1000	3482
1001	1569
1001	1759
1001	2249
1001	3213
1001	3845
1001	4261
1002	1585
1002	1687
1002	2114
1002	3400
1002	3756
1003	1676
1003	3199
1004	1006
1004	1461
1005	1046
1005	1247
1005	1303
1005	2092
1007	1846
1008	1066
1008	1442
1008	1931
1008	2310
1008	2840
1008	4255
1009	1420
1011	2352
1011	3447
1011	3492
1012	1195
1013	3310
1013	3891
1015	1299
1015	1408
1015	1646
1015	2514
1015	2841
1016	1149
1016	1232
1016	1560
1016	3738
1016	3796
1017	3182
1017	4465
1018	1591
1018	3978
1019	1224
1019	1993
1019	3637
1019	4471
1020	1047
1020	2064
1020	4421
1021	1354
1021	1483
1021	1672
1021	1804
1021	2924
1021	4442
1022	2000
1022	3622
1024	1285
1024	1965
1024	2903
1025	1101
1025	1180
1025	2056
1025	2499
1025	4477
1026	2167
1027	1157
1027	1384
1027	1506
1027	1974
1027	2812
1027	3652
1029	2221
1030	2657
1030	3524
1030	3536
1031	2077
1031	2535
1031	2825
1031	4019
1031	4420
1032	1162
1032	3724
1033	1578
1034	1905
1034	2268
1034	3463
1035	1334
1035	1741
1035	1831
1035	2147
1035	3620
1036	1347
1037	1270
1037	1985
1037	2258
1037	3122
1037	3140
1037	3393
1038	1044
1038	1853
1038	2505
1038	3897
1039	1343
1039	1861
1040	2551
1040	2784
1040	2879
1040	3876
1041	1489
1042	1056
1042	2053
1042	4045
1043	1782
1043	3036
1044	1102
1044	2136
1044	3973
1044	4149
1045	1735
1046	1947
1046	2663
1046	2789
1047	2095
1047	2163
1047	4315
1048	3798
1049	1221
1049	2959
1050	1199
1050	1225
1050	1683
1050	2629
1051	1181
1051	1457
1051	1651
1051	2425
1051	3892
1052	3193
1052	3671
1053	1093
1053	3338
1054	2011
1054	3993
1055	1472
1055	2731
1056	1709
1056	2125
1056	4207
1057	1313
1057	3426
1057	4316
1058	1102
1058	1120
1058	1426
1058	3298
1059	1215
1059	2161
1059	2181
1059	2190
1059	2962
1059	3346
1059	4250
1060	2054
1060	3503
1060	3813
1061	1883
1062	1540
1062	2886
1063	1435
1063	2531
1063	2832
1063	4474
1064	1095
1064	1799
1064	3499
1065	1283
1065	1746
1065	2154
1066	1324
1066	1545
1067	2221
1067	3261
1068	1148
1068	1167
1068	1362
1068	1786
1068	2423
1069	1594
1069	2444
1069	3949
1070	1376
1070	1397
1071	1186
1073	1531
1073	2651
1073	4084
1074	3461
1075	1409
1075	1506
1075	1661
1075	3235
1075	4004
1076	2427
1076	2753
1077	1476
1077	2082
1078	1217
1078	1468
1078	1545
1078	4245
1079	1107
1079	1269
1079	1803
1079	1889
1079	2532
1079	2731
1079	4311
1080	1212
1080	2621
1081	2286
1082	1170
1082	1243
1082	1437
1082	2379
1083	1412
1083	2481
1083	2790
1083	2956
1083	4452
1084	4327
1085	1475
1085	1996
1085	3272
1086	2075
1086	2207
1087	1284
1087	1968
1087	2501
1088	1632
1088	2595
1088	3216
1089	2805
1090	1678
1090	1776
1090	1855
1090	4247
1091	1328
1091	1579
1091	1742
1091	3658
1092	2947
1093	1455
1093	1686
1093	2039
1093	2740
1094	1229
1095	4025
1096	2581
1096	3130
1096	4262
1097	1486
1097	1751
1097	1791
1097	3663
1098	3301
1099	1823
1099	2737
1099	4324
1100	1412
1100	1426
1100	3600
1101	1749
1101	2419
1101	3280
1102	1260
1102	1778
1102	2557
1103	1202
1103	1577
1103	3929
1104	1637
1104	1664
1104	1758
1104	2112
1104	4056
1104	4369
1105	2821
1106	1496
1106	4046
1106	4365
1107	1220
1108	1298
1108	2579
1108	2894
1108	3568
1110	1418
1110	1784
1110	2103
1110	2566
1110	3912
1110	3933
1111	1610
1111	4489
1112	2014
1112	2290
1112	2373
1112	3754
1112	4278
1113	1330
1113	1549
1113	1596
1113	2070
1113	2657
1113	2778
1114	1470
1115	2631
1115	2685
1115	4190
1116	1570
1116	2713
1117	1392
1117	4120
1117	4256
1118	1827
1119	1227
1119	1795
1119	1937
1119	2133
1120	1271
1120	3169
1122	1511
1123	1255
1123	2137
1123	2438
1123	2720
1124	1125
1124	1296
1124	1334
1124	1705
1124	1835
1124	2407
1125	2422
1125	3113
1125	4045
1126	4144
1127	1462
1128	1201
1128	1229
1128	1309
1128	3367
1129	1313
1129	1454
1130	1286
1130	2204
1130	2315
1130	3126
1131	1467
1131	1640
1131	1987
1131	2609
1132	2177
1132	2459
1132	2909
1133	1587
1133	2528
1133	2974
1133	3322
1133	4416
1134	1464
1134	1481
1134	1606
1134	1690
1135	1652
1135	3970
1136	1189
1136	3157
1136	3245
1136	4087
1136	4192
1137	1238
1137	2320
1137	2563
1138	1148
1138	1416
1138	3756
1139	2773
1139	3345
1139	3826
1140	1155
1140	2483
1140	2546
1140	2861
1140	3696
1141	2634
1142	1908
1142	2768
1142	4049
1143	1361
1143	1823
1143	4214
1144	2239
1145	1633
1145	3199
1145	3898
1146	1244
1146	1470
1146	1839
1146	1874
1146	2174
1146	2281
1146	2766
1146	3116
1147	1212
1147	1234
1147	1665
1147	2863
1148	1379
1148	2347
1149	1288
1149	2860
1149	3705
1149	4156
1150	1787
1150	1986
1150	3058
1150	4244
1151	1480
1151	3645
1151	4392
1152	1163
1152	1382
1152	1820
1152	1821
1152	4013
1153	1410
1153	1469
1153	2892
1153	3045
1153	3920
1154	1528
1154	3138
1155	1557
1155	2028
1155	3805
1156	1157
1156	1247
1156	1584
1156	1923
1156	2254
1156	2296
1156	2608
1157	1977
1157	2945
1157	3389
1157	3900
1158	1402
1158	1405
1158	1635
1158	4030
1159	2970
1160	1285
1160	1773
1160	2217
1160	3269
1160	4231
1161	1576
1162	1468
1162	1595
1162	2127
1162	3472
1163	1752
1163	2011
1163	4126
1164	1206
1164	3784
1165	2142
1166	3760
1166	4050
1167	1254
1167	1423
1167	2659
1167	3515
1167	3604
1168	1191
1168	1639
1168	3380
1169	3750
1170	2144
1171	1233
1171	1465
1171	3630
1171	4186
1172	1182
1172	1194
1172	2244
1173	1706
1173	2369
1174	1299
1174	1344
1174	2264
1174	2679
1174	3794
1175	2688
1175	2796
1175	2971
1175	3354
1176	1917
1176	2873
1178	1484
1178	1999
1178	2238
1179	1781
1179	3650
1179	4032
1180	2711
1181	1910
1181	2495
1182	1583
1182	2168
1182	3366
1183	1217
1183	1345
1183	1737
1183	1920
1183	2172
1184	2226
1184	3314
1184	3644
1185	1192
1185	1964
1185	3391
1185	3569
1185	4251
1185	4254
1187	1813
1187	3571
1188	1598
1188	2654
1189	1429
1189	1688
1191	1388
1191	1629
1191	2096
1191	2152
1191	2823
1191	2853
1192	2118
1192	2240
1192	2811
1192	3886
1193	1214
1193	1696
1193	2353
1193	2798
1193	4044
1194	1777
1195	2089
1197	1315
1198	1256
1199	1527
1199	2834
1199	3929
1200	2714
1200	2940
1200	4457
1201	1272
1201	1488
1201	1953
1202	1355
1202	1763
1202	1771
1202	3852
1203	1477
1203	1913
1203	2004
1203	2470
1203	3417
1204	1659
1204	2332
1204	2619
1205	1264
1205	1585
1205	1756
1205	4030
1206	1673
1206	1710
1206	4249
1207	3295
1207	3972
1209	1220
1209	1377
1209	2065
1209	2129
1209	3336
1210	2831
1210	4162
1211	2199
1211	2524
1211	3851
1212	1216
1212	1407
1212	1622
1213	1456
1214	1340
1214	1364
1214	1381
1214	1386
1214	1786
1214	2293
1215	1392
1215	2141
1215	2904
1216	1352
1216	1740
1216	1983
1216	2875
1216	2893
1217	1358
1217	1687
1217	3060
1218	1410
1218	1739
1219	2956
1219	3955
1220	1458
1220	2445
1220	4172
1221	1893
1221	2170
1221	2548
1221	2614
1221	2915
1221	3906
1222	1420
1222	1470
1222	1738
1222	4172
1223	1261
1223	1842
1223	3410
1224	1329
1224	1332
1224	2321
1224	2367
1224	2414
1225	1463
1225	3498
1226	1619
1226	1626
1226	2449
1226	3430
1227	2015
1227	2706
1227	3243
1227	4106
1228	2434
1228	4316
1229	2544
1230	1274
1230	1647
1230	2054
1230	3915
1232	2167
1232	2634
1233	1718
1233	2249
1233	2730
1233	3029
1233	3282
1234	1595
1234	2517
1234	2869
1235	1717
1235	1721
1235	4423
1236	1453
1236	3349
1237	1436
1237	1859
1237	3109
1237	3153
1237	3287
1237	3833
1238	1422
1238	1787
1238	2811
1238	4134
1239	1841
1239	2860
1240	1980
1240	3716
1241	3562
1241	4066
1242	1614
1242	2033
1242	2109
1242	2833
1242	3030
1242	3618
1243	1522
1243	2171
1243	2936
1243	4067
1244	1374
1244	2597
1244	3772
1245	3079
1246	1380
1246	2017
1246	2357
1246	2903
1247	1485
1247	2441
1248	1325
1248	1505
1248	1728
1248	2037
1248	3988
1249	2138
1249	3197
1250	1306
1250	1648
1250	3275
1251	1713
1251	3977
1252	1716
1252	2278
1252	4177
1253	1414
1253	1442
1253	2733
1254	1941
1254	2048
1254	2767
1254	3028
1254	3084
1255	2393
1257	1543
1257	2034
1259	1368
1259	1611
1259	1636
1259	2630
1259	2908
1259	3599
1259	3924
1260	1277
1260	2217
1260	3729
1260	4456
1261	4500
1262	1711
1262	2369
1263	1876
1263	1896
1264	1402
1265	1295
1265	2159
1266	1333
1266	1356
1266	1445
1266	2972
1267	2503
1267	2705
1267	3444
1268	1306
1268	2841
1268	4440
1269	1315
1269	1898
1269	2063
1269	2623
1269	3127
1270	1455
1270	1551
1270	1582
1270	3046
1270	3857
1271	1413
1271	2198
1271	3141
1271	3471
1271	4486
1272	3873
1272	4003
1273	1680
1273	1697
1273	2078
1273	3090
1276	2086
1277	1411
1277	4340
1278	3128
1278	4245
1279	1322
1279	1976
1280	1851
1281	1732
1282	2143
1282	2358
1282	2576
1282	3800
1283	1597
1283	1625
1283	3082
1283	3920
1285	1398
1285	1526
1285	1799
1286	3824
1287	1895
1287	2487
1287	3547
1288	2738
1288	3909
1288	4142
1289	2175
1289	3200
1290	1543
1290	1676
1290	1905
1290	3463
1290	4430
1291	1314
1291	1639
1291	3339
1292	1639
1293	2640
1293	3849
1294	1383
1294	1926
1295	2085
1295	2391
1295	3065
1295	3154
1296	2215
1297	1501
1297	2779
1297	2810
1298	1449
1298	3827
1299	3089
1299	4140
1300	1384
1300	1951
1300	4465
1301	2300
1301	3017
1301	4298
1302	3463
1302	4058
1303	1307
1303	1867
1303	2026
1303	2969
1304	1781
1305	1440
1305	1732
1305	1809
1305	3436
1306	2299
1306	2783
1306	3074
1306	3569
1306	4282
1307	2012
1307	2066
1307	3209
1307	4206
1308	3288
1308	4106
1309	1400
1309	1583
1309	2725
1309	4307
1310	1684
1310	1764
1310	3074
1310	3648
1311	2534
1311	2804
1311	2900
1311	3867
1311	4489
1313	1331
1313	1394
1313	1482
1313	1888
1313	2286
1314	1453
1314	1711
1315	1798
1316	3212
1316	4309
1316	4311
1317	2149
1317	2840
1318	1556
1319	1714
1319	2567
1319	2931
1319	3220
1320	1361
1320	2673
1320	2890
1321	2686
1321	3208
1322	1923
1322	2007
1322	2566
1322	3200
1322	4192
1323	3619
1323	3782
1324	2744
1324	3664
1325	1566
1325	1933
1325	2118
1325	2699
1326	1346
1326	3448
1327	1668
1327	2774
1327	2878
1327	4336
1328	2874
1329	3548
1330	1656
1330	1688
1331	1981
1332	1437
1332	2173
1332	3584
1333	2063
1333	2187
1333	2486
1333	2601
1333	2661
1333	3465
1334	1608
1334	2838
1334	3609
1336	1801
1336	4163
1337	1571
1337	1821
1337	1848
1337	2306
1337	2390
1337	2934
1337	4210
1338	3012
1338	3226
1339	2647
1339	3218
1339	3625
1339	4157
1340	1997
1340	2512
1341	2232
1341	2496
1341	2635
1341	2887
1341	4329
1342	1757
1342	2285
1344	1460
1344	4366
1345	1363
1345	1731
1345	3839
1346	3422
1348	2090
1348	2148
1348	2159
1348	4187
1349	3678
1349	4393
1351	1478
1352	2025
1352	4399
1353	2245
1353	3117
1354	1527
1354	1779
1354	1842
1354	3786
1355	2586
1355	2792
1355	3429
1355	4440
1356	2106
1356	3292
1357	1529
1357	1592
1357	1818
1357	2915
1358	1906
1358	2093
1359	2376
1360	1417
1360	1861
1360	2656
1360	4473
1361	1913
1361	2432
1361	2644
1361	2873
1361	3057
1361	4232
1362	1886
1362	3593
1363	2926
1363	3447
1364	1850
1364	2316
1364	3394
1364	4121
1365	1800
1365	2000
1366	1424
1366	2237
1367	1723
1367	1960
1367	3176
1367	3384
1367	3998
1367	4117
1368	2317
1368	3321
1369	3095
1372	2018
1372	2020
1372	2469
1372	4069
1373	2044
1373	4326
1375	3111
1375	3422
1375	3565
1375	4495
1376	2295
1377	2741
1377	4381
1378	2104
1378	2876
1378	4180
1379	1966
1380	3038
1382	3034
1384	4343
1385	2019
1386	1625
1386	3040
1387	1533
1387	2947
1388	2723
1388	4063
1389	3439
1390	1858
1390	2305
1390	2513
1390	2652
1390	2782
1390	3443
1391	2523
1391	3449
1392	1769
1393	2164
1393	4263
1394	2328
1394	2590
1394	3031
1395	1703
1395	2154
1395	2470
1395	2474
1395	2627
1395	2992
1396	1819
1398	2010
1398	2434
1398	4093
1398	4472
1399	1655
1400	3829
1401	1606
1402	1516
1402	4191
1402	4257
1403	1447
1403	1669
1403	2257
1405	4023
1406	1480
1406	1602
1406	1961
1406	4028
1408	1444
1408	1544
1408	2294
1409	2396
1409	3338
1409	3374
1410	3258
1410	3669
1410	4014
1411	1562
1411	2410
1413	2973
1413	3470
1413	3477
1413	3684
1414	3211
1415	1842
1415	2440
1415	2594
1416	3382
1417	3519
1418	1693
1418	1761
1418	2448
1418	2596
1418	3223
1419	2626
1419	3081
1419	3254
1420	2135
1420	2983
1421	1944
1422	1856
1422	1892
1422	3949
1423	4442
1424	2844
1424	3728
1425	2024
1425	3106
1425	3360
1426	2253
1427	1922
1428	1473
1428	1654
1428	3877
1428	4444
1429	2146
1430	4256
1431	2603
1431	3839
1432	1490
1432	3754
1433	1894
1434	1555
1434	1735
1434	1754
1435	2208
1435	2882
1436	1873
1436	3557
1436	3752
1437	1462
1437	1890
1437	1919
1438	1870
1438	2336
1439	1880
1439	2881
1440	1778
1440	2109
1440	3355
1441	2896
1441	3601
1442	3204
1443	1806
1443	1925
1443	2861
1444	1563
1444	1684
1444	1785
1444	2102
1445	1865
1445	1943
1445	2179
1445	2830
1445	3021
1446	1467
1446	3967
1446	4358
1447	4191
1448	2663
1448	2762
1449	1878
1449	2696
1449	2882
1450	1469
1450	2403
1451	2175
1451	2343
1451	2661
1451	2846
1451	3956
1453	2210
1453	2558
1453	4054
1454	1646
1454	1667
1454	1899
1454	4099
1455	1626
1455	1692
1455	3075
1455	3242
1456	1640
1456	2745
1456	2821
1456	3108
1457	3549
1457	4281
1459	2987
1459	4435
1460	2015
1461	2867
1463	1521
1463	2216
1463	4291
1464	1694
1465	2956
1466	2525
1466	3812
1467	3228
1467	3938
1467	4270
1468	1795
1468	1804
1468	2180
1468	2932
1469	1489
1469	2216
1469	2857
1470	1520
1470	3190
1471	1634
1471	1696
1471	1838
1471	3600
1472	1517
1472	2716
1472	3432
1475	1704
1475	1934
1475	2671
1475	3983
1476	1561
1476	3306
1476	3586
1477	1936
1477	3204
1477	3925
1477	4269
1478	1529
1478	1941
1478	1957
1478	3305
1478	3818
1478	3870
1479	1762
1479	3352
1479	3803
1479	4236
1480	1493
1480	1986
1481	2575
1481	2645
1482	1510
1482	1969
1484	2022
1484	3766
1486	1682
1486	3755
1487	1737
1487	2071
1487	2591
1488	2801
1488	2828
1489	1782
1489	2497
1490	2354
1490	2362
1490	2692
1493	4160
1494	1730
1494	2057
1495	1586
1495	2343
1495	3545
1496	1561
1496	2119
1496	3011
1498	1504
1499	2165
1500	2483
1501	1662
1501	1915
1501	2917
1501	3621
1501	4252
1502	1535
1502	3048
1502	4131
1503	1653
1503	1726
1503	1729
1503	2929
1503	4333
1504	2519
1505	1607
1505	1622
1505	2561
1506	1620
1506	2421
1506	4352
1507	2055
1507	3376
1507	3592
1507	3934
1507	4485
1508	1614
1508	2982
1508	3025
1508	3627
1509	1754
1509	2014
1509	3325
1510	1565
1510	1571
1510	2269
1510	3802
1511	2488
1511	2577
1511	2933
1512	1708
1512	3089
1512	3248
1512	4330
1513	4347
1514	2393
1516	3080
1517	1656
1517	1790
1517	2006
1517	4338
1518	2613
1518	2881
1519	3638
1520	2690
1521	2444
1521	2454
1521	3161
1521	3694
1522	2949
1524	2498
1524	2694
1524	3085
1525	1770
1525	2263
1525	2727
1525	2920
1526	3416
1526	4342
1527	2542
1527	4007
1528	1903
1528	2284
1528	2721
1528	3819
1528	3841
1528	3945
1529	1673
1529	2030
1529	3484
1529	4228
1530	1988
1530	3106
1531	4032
1532	2837
1533	1829
1533	1902
1533	1918
1533	2898
1533	3227
1534	1755
1535	1884
1535	1932
1535	2725
1535	2954
1535	4131
1535	4498
1536	1660
1536	2056
1536	3859
1538	2346
1538	4459
1539	1564
1539	1994
1540	1900
1540	2298
1540	2574
1540	3070
1541	1801
1541	1952
1541	4256
1542	1956
1542	2625
1542	3210
1543	1635
1543	2588
1544	1616
1544	1650
1544	2274
1544	3754
1545	1593
1546	1725
1546	2322
1546	2592
1546	2888
1547	4048
1548	2879
1549	2750
1550	2308
1550	3337
1551	1840
1551	1949
1551	2295
1551	2565
1551	3754
1551	3874
1552	2402
1552	4262
1553	2719
1553	2836
1554	2001
1554	2529
1554	2570
1555	4152
1556	1623
1556	2519
1556	2606
1556	3580
1557	2137
1557	4341
1558	3502
1559	3053
1560	2047
1560	3605
1561	1765
1561	2994
1561	2999
1561	3720
1562	1624
1562	1752
1562	3682
1562	4243
1563	1572
1563	2290
1564	2411
1564	4294
1564	4424
1565	1664
1566	1793
1566	2802
1566	3236
1566	3428
1566	3507
1566	4295
1566	4492
1567	1818
1567	2038
1567	2867
1567	2905
1568	1880
1568	2009
1568	2417
1568	2490
1570	2168
1570	3598
1571	3326
1572	2912
1572	3862
1572	4110
1572	4216
1573	1907
1573	3558
1573	3699
1574	1689
1574	1973
1575	3450
1576	1654
1576	1717
1577	1871
1577	2147
1577	2456
1577	2839
1577	3462
1577	4229
1578	3222
1578	4287
1579	3142
1579	3506
1580	1623
1580	1929
1580	2392
1581	2610
1581	4012
1581	4405
1582	1979
1582	2509
1583	2267
1583	2748
1584	2047
1584	2560
1585	2856
1585	3619
1586	2461
1587	4260
1588	1644
1588	3335
1588	4472
1589	1954
1590	1647
1590	2390
1590	2590
1590	3552
1591	1603
1591	3681
1592	1916
1592	2824
1592	3864
1592	4417
1593	3331
1594	2313
1594	3783
1595	2028
1596	2337
1596	2780
1597	1700
1598	2086
1599	1744
1600	2024
1600	2182
1600	2351
1600	2843
1600	2948
1601	2188
1602	3206
1603	1703
1603	1849
1603	3866
1604	3758
1605	1897
1605	3953
1606	1802
1606	3314
1607	1756
1607	1869
1607	2023
1607	2465
1607	3276
1607	3642
1607	3731
1608	3204
1609	2514
1609	2607
1610	1722
1611	2060
1611	2247
1611	3522
1612	3260
1612	4384
1613	3194
1614	1683
1614	2201
1615	1772
1615	1982
1615	2105
1615	2244
1615	2336
1615	4139
1616	2473
1616	3180
1617	1718
1617	3239
1617	3289
1618	2670
1618	2733
1619	3828
1620	2486
1620	4042
1621	2296
1621	3043
1621	3362
1621	3670
1621	4203
1622	2071
1622	2248
1622	2998
1622	3695
1623	3488
1623	4234
1624	3685
1624	4001
1625	2921
1625	4051
1627	2480
1627	2574
1627	2650
1627	3145
1627	3588
1627	4364
1629	2904
1629	3414
1629	3645
1630	2419
1631	2021
1633	2984
1634	3398
1634	3522
1635	1840
1635	2212
1635	2389
1635	2580
1635	3812
1636	3219
1636	3376
1636	3464
1636	4335
1637	2540
1637	2623
1638	3479
1638	3805
1639	2001
1639	2236
1639	3016
1640	2214
1640	2680
1640	4105
1640	4137
1641	1702
1641	2204
1642	1978
1642	2192
1642	3040
1642	3470
1643	4051
1645	2705
1647	1760
1647	2770
1648	2406
1649	1917
1649	1963
1649	4000
1649	4030
1650	1663
1651	2210
1651	2872
1651	3948
1651	4403
1652	2381
1652	3683
1653	2013
1653	2268
1654	2252
1654	2901
1654	4488
1655	3432
1656	3347
1657	2121
1657	2460
1658	1844
1658	2401
1659	4098
1660	1866
1661	1681
1662	1708
1662	1824
1662	1995
1662	2157
1662	2365
1662	3293
1662	3388
1664	2096
1665	2851
1665	3205
1665	4251
1666	2442
1668	2231
1668	2728
1668	2930
1669	1860
1669	1976
1669	2624
1669	2995
1670	1757
1670	2104
1670	2466
1670	3476
1670	4197
1671	3019
1673	2591
1674	1712
1674	1897
1674	4114
1675	1810
1675	3088
1675	3178
1676	2399
1676	2604
1677	2562
1677	2704
1679	3136
1679	3769
1679	4092
1680	2064
1680	2251
1681	2716
1681	3627
1682	3043
1683	2845
1683	3277
1684	1827
1684	2377
1684	3725
1685	2489
1686	1864
1686	2716
1686	3468
1688	2103
1688	2628
1688	3635
1689	2033
1689	3392
1690	2139
1690	3999
1690	4056
1691	2266
1693	2895
1693	2994
1693	3449
1693	3554
1694	2002
1694	2381
1694	2525
1694	2748
1694	3094
1694	3403
1694	3583
1694	4114
1695	3513
1695	3905
1697	1876
1697	1934
1697	2310
1697	2619
1698	3640
1698	3840
1699	1743
1699	2004
1699	3127
1699	4089
1700	1989
1700	2114
1700	3293
1700	3433
1701	2169
1701	3163
1701	4136
1702	1864
1702	3003
1702	3553
1703	2222
1703	3242
1705	1767
1705	1788
1705	3294
1705	3402
1706	1766
1707	3723
1708	4344
1709	2035
1709	3779
1710	1933
1710	2156
1710	2287
1713	3152
1713	4270
1714	2317
1715	2048
1715	3831
1716	3083
1717	2265
1717	3617
1717	4196
1718	1998
1718	2068
1718	2233
1718	2259
1718	4127
1720	1748
1720	2430
1720	2839
1720	3751
1720	3907
1720	4272
1722	1849
1723	1874
1725	2225
1725	2776
1725	3001
1726	2052
1727	1959
1727	2944
1727	2992
1727	3116
1727	3340
1728	3140
1729	2605
1729	2758
1731	2363
1731	2582
1731	4060
1732	2974
1733	1990
1733	2093
1733	2949
1733	3148
1733	3445
1733	3454
1735	4408
1736	2097
1737	2298
1737	2968
1738	4274
1739	2986
1739	3946
1740	3734
1741	3912
1741	4034
1742	1919
1742	3577
1742	3706
1744	1771
1744	2184
1744	4454
1745	2443
1745	3104
1745	3247
1745	3631
1746	2922
1748	1812
1748	2083
1748	3462
1749	2203
1749	3150
1749	3616
1749	3681
1749	3740
1750	2351
1750	2997
1750	3189
1751	3259
1752	1768
1752	2622
1752	3303
1752	3816
1752	3849
1753	2061
1753	2734
1753	4288
1754	2417
1754	3166
1755	2057
1755	2383
1756	2491
1758	1968
1758	2584
1758	3124
1758	3633
1759	2189
1759	2258
1759	2440
1759	2639
1759	2757
1760	2233
1760	2371
1763	1855
1765	2280
1765	2361
1765	3937
1765	4415
1766	2667
1766	3025
1767	3408
1768	2359
1768	3666
1769	2007
1770	3368
1770	3496
1770	3798
1771	2087
1771	2458
1771	2803
1772	2435
1772	2960
1773	1947
1773	2595
1773	2925
1773	3260
1774	2199
1774	2475
1774	3943
1774	3979
1775	1862
1775	2109
1775	2287
1775	2292
1775	3602
1777	2066
1777	2557
1778	2098
1778	2628
1779	1921
1779	2713
1779	3075
1780	2653
1780	3009
1781	1995
1781	2445
1781	2457
1781	3038
1781	3069
1782	2141
1782	2398
1782	3473
1783	1914
1783	2213
1784	2176
1784	2192
1784	2694
1784	3296
1784	3757
1786	1914
1786	2520
1788	2124
1789	2829
1789	3285
1790	3559
1791	1958
1791	3696
1791	4170
1793	4016
1794	2027
1794	3123
1794	3262
1795	2005
1795	2046
1795	2774
1795	2836
1797	2049
1799	1932
1799	2570
1802	1940
1803	2686
1806	2423
1806	4277
1807	4107
1808	1881
1808	3156
1808	3323
1808	4291
1809	2136
1809	2309
1809	4320
1810	3730
1810	4181
1811	2594
1811	2856
1811	4286
1812	1944
1812	2083
1812	2439
1812	3635
1814	2382
1815	1942
1815	3478
1815	4059
1816	3324
1816	4133
1819	3810
1819	4494
1820	2493
1821	2105
1821	3820
1821	4159
1822	3520
1823	2276
1824	2643
1824	2723
1825	4169
1826	2958
1826	3067
1827	2005
1827	3739
1827	3978
1827	4187
1828	2506
1828	2641
1829	3741
1829	4383
1830	3581
1831	1935
1831	2347
1831	2601
1834	2117
1835	3699
1835	4228
1836	4421
1837	2808
1838	2935
1838	3274
1839	4400
1840	2036
1840	3507
1841	1924
1841	2107
1841	3172
1842	2687
1843	3320
1843	3817
1844	3246
1845	2085
1845	2273
1845	2682
1845	3421
1846	2941
1846	4276
1847	2495
1848	2174
1848	2536
1849	2572
1850	3160
1850	3607
1851	3880
1852	2291
1852	4490
1853	3450
1856	2260
1856	2604
1856	3689
1856	3693
1857	3433
1859	1867
1859	2331
1860	2243
1861	1978
1861	3248
1862	2313
1862	2729
1864	2549
1864	4391
1866	3707
1866	3995
1866	4116
1867	2010
1867	2108
1867	3963
1867	4391
1869	3642
1870	2814
1870	3190
1872	3799
1874	2498
1874	3403
1875	1912
1875	2211
1875	2561
1875	4098
1875	4222
1875	4340
1876	2542
1877	2433
1877	2616
1877	3980
1878	2563
1879	3063
1880	2038
1882	2589
1882	2852
1882	4297
1883	2937
1883	3898
1884	2416
1884	2724
1884	3051
1885	1993
1886	2272
1886	4132
1887	2761
1887	2950
1887	3647
1888	2775
1888	2784
1888	3177
1889	1927
1889	3574
1889	3686
1890	2100
1890	2775
1890	3304
1890	3423
1892	2356
1893	3875
1894	1948
1894	2722
1894	3501
1894	3966
1895	3173
1896	3297
1896	3631
1898	3890
1899	2407
1899	2429
1899	2907
1902	1975
1902	2041
1902	2742
1902	3738
1903	2368
1903	2633
1903	3614
1904	3639
1906	2036
1907	3134
1907	3261
1908	3020
1908	4048
1909	3401
1909	3916
1910	2726
1912	1929
1912	3112
1913	4393
1914	2200
1914	2273
1914	3203
1916	3098
1916	3207
1916	3379
1917	1977
1917	4080
1918	2606
1918	3688
1918	3942
1919	3215
1919	4002
1919	4403
1920	2953
1920	3741
1920	4003
1921	2344
1922	2662
1922	2807
1923	2675
1923	2772
1924	2321
1924	4414
1925	2111
1926	2079
1926	3055
1928	2042
1928	3020
1928	3409
1929	2914
1929	4204
1930	2308
1930	2372
1930	3254
1930	3572
1930	4334
1933	2901
1933	2919
1933	3437
1934	2546
1934	2828
1934	3403
1934	3745
1935	2135
1936	1989
1936	3383
1937	2462
1937	3637
1937	4378
1938	4407
1939	2587
1939	3431
1939	3647
1939	3855
1940	2492
1940	4404
1941	2538
1941	2603
1941	2772
1941	3782
1941	3964
1942	2348
1943	2438
1943	2533
1943	3152
1944	2122
1945	2455
1945	3303
1945	4244
1946	1984
1946	2103
1946	2678
1946	3267
1947	2927
1947	3097
1947	3960
1948	2282
1948	3516
1949	3172
1950	2126
1951	3838
1952	3012
1952	3434
1953	3288
1953	3357
1953	4432
1954	2320
1954	3088
1954	3781
1955	2227
1956	3121
1956	3891
1957	2194
1957	3265
1958	2363
1959	3471
1959	4451
1960	2442
1960	2602
1961	2211
1961	2410
1963	3326
1963	3481
1963	3531
1964	2355
1964	3353
1965	2130
1965	2132
1965	3327
1965	4111
1966	3726
1966	4319
1967	2058
1967	2418
1967	3474
1967	3881
1967	3955
1967	4041
1968	2122
1970	2761
1970	4379
1971	2061
1971	2892
1973	2230
1973	2461
1974	3305
1975	3169
1976	2246
1976	3076
1976	3646
1977	3177
1979	2068
1979	3237
1979	3560
1979	4202
1980	3168
1981	2862
1984	2391
1984	2788
1984	3230
1985	3179
1985	3221
1986	2676
1986	3536
1986	4416
1988	2246
1988	3666
1989	2738
1990	2956
1990	4173
1991	2198
1992	4240
1993	3546
1994	2497
1994	3512
1994	4454
1995	2240
1997	3435
1999	2227
2000	3099
2002	2055
2002	2683
2002	3054
2002	3535
2002	4284
2003	2848
2004	2482
2004	2503
2004	2910
2004	4371
2005	2453
2005	2856
2006	2151
2006	2371
2007	2235
2007	2437
2007	4184
2008	2405
2009	2247
2009	3585
2010	3679
2010	3797
2010	4127
2011	3648
2012	3456
2012	3734
2012	4037
2013	2173
2013	2412
2013	2537
2013	3185
2014	2766
2014	3268
2015	2203
2016	2145
2016	2955
2016	4009
2016	4296
2017	3861
2018	3380
2019	3413
2020	2180
2020	2499
2020	3284
2024	2089
2024	2712
2024	3892
2024	4118
2025	3378
2026	3843
2026	4373
2027	3134
2028	2528
2028	3097
2029	3823
2030	2311
2030	2656
2031	2140
2032	3398
2035	2651
2035	3363
2036	2067
2036	2102
2036	2149
2036	2375
2036	2583
2036	2828
2037	2625
2038	3501
2039	3356
2039	4076
2039	4241
2040	2132
2040	4200
2041	4496
2044	2084
2044	2418
2044	3807
2045	2200
2045	2323
2045	2327
2046	2527
2046	3155
2046	3247
2047	2859
2048	2655
2048	3063
2048	3175
2049	3312
2049	3508
2050	2638
2051	2484
2052	2704
2052	3737
2052	4339
2053	2996
2053	3996
2054	2855
2054	4385
2055	2236
2055	2304
2055	3086
2055	3284
2056	2824
2056	3252
2056	4406
2057	2087
2057	2463
2062	2131
2063	3272
2064	3453
2065	2698
2065	2956
2066	2349
2066	2397
2066	3743
2067	3164
2067	3331
2068	2318
2068	2740
2069	2164
2069	2536
2069	4139
2071	2196
2072	2312
2072	3986
2073	2540
2074	2208
2074	2264
2074	2447
2074	2652
2074	3270
2074	3405
2074	3446
2075	3417
2076	2755
2076	2804
2076	3010
2076	4303
2077	2617
2077	4099
2078	2415
2079	3394
2079	4036
2080	2736
2080	3974
2081	2223
2082	3374
2084	2335
2084	2889
2085	2134
2085	3132
2086	3231
2087	2413
2087	2430
2087	2769
2087	4102
2088	2427
2088	2634
2089	2133
2089	2228
2089	3595
2090	2691
2090	3509
2091	2382
2091	4449
2092	3746
2094	3712
2095	4242
2096	2158
2096	3541
2097	2455
2097	3251
2098	2191
2098	4198
2099	3655
2100	2921
2100	3703
2101	2354
2101	2746
2101	3340
2102	2205
2103	3035
2103	3664
2105	2742
2105	3391
2105	3552
2105	3995
2106	2160
2106	2394
2106	3457
2107	2354
2108	3557
2108	3657
2109	2494
2109	3301
2109	4253
2110	3400
2110	3708
2110	4123
2111	2120
2111	2362
2111	2760
2111	3198
2112	2323
2112	3099
2112	3505
2112	4038
2112	4464
2113	2709
2115	2365
2115	3141
2115	3816
2115	3875
2115	4170
2115	4346
2117	2364
2117	3357
2118	3990
2119	2515
2119	3603
2120	2877
2121	2225
2121	2306
2121	2334
2121	2366
2121	2952
2121	3103
2122	2223
2122	2545
2123	2532
2123	4428
2125	2251
2125	2666
2126	2181
2126	3162
2126	3504
2127	2398
2127	2979
2128	3328
2128	4211
2128	4360
2129	2166
2129	2433
2129	3330
2130	3318
2130	3425
2130	4271
2131	3358
2131	3555
2132	2158
2132	2692
2132	2851
2132	4498
2133	3066
2134	3993
2134	4072
2137	2597
2137	3806
2138	3071
2138	3994
2139	2950
2140	2372
2141	2999
2141	3840
2142	2302
2143	3680
2144	3564
2145	3711
2146	2210
2146	3656
2147	2980
2148	2649
2149	2619
2149	2931
2149	2948
2149	3078
2149	3544
2150	2283
2150	2516
2150	3406
2151	3238
2151	3385
2154	2689
2154	3232
2156	3342
2156	3473
2158	2360
2158	2431
2158	3646
2159	3276
2159	3279
2160	2366
2160	3035
2160	3674
2161	3004
2162	2636
2162	4413
2163	2960
2163	3435
2164	4248
2164	4289
2165	2465
2165	2942
2166	2193
2166	2749
2166	2980
2166	3827
2166	4142
2167	2301
2167	2349
2167	2747
2168	3615
2170	3720
2172	2319
2172	2858
2172	3262
2172	3360
2173	2436
2174	3493
2175	4005
2175	4296
2176	3150
2176	4146
2177	3884
2178	3046
2178	3951
2179	2816
2181	2229
2181	2270
2181	2472
2181	3005
2182	3018
2182	3280
2183	2289
2183	2335
2183	3551
2183	3878
2184	3349
2185	3165
2187	4147
2188	3748
2188	4249
2190	2279
2190	3170
2191	2751
2192	3294
2194	3287
2194	3609
2194	3944
2194	4151
2194	4482
2197	2818
2197	3740
2198	2531
2198	2724
2198	3155
2200	2361
2200	3914
2201	2791
2201	2837
2201	3680
2202	2409
2202	3774
2203	2528
2203	4286
2204	2911
2204	3135
2205	2854
2205	4085
2205	4179
2207	3033
2207	3061
2208	2662
2208	3015
2208	3927
2208	4212
2208	4239
2209	2524
2209	2965
2209	4240
2210	3986
2210	4221
2211	2248
2211	3003
2211	3577
2213	2655
2214	2487
2214	2785
2214	3904
2214	3963
2215	2303
2215	3007
2215	3771
2216	3121
2216	3406
2216	4015
2216	4076
2217	2501
2217	3105
2217	3263
2217	3438
2218	3704
2219	2327
2219	3083
2219	3271
2220	2699
2220	2899
2222	3871
2223	2428
2223	2589
2224	3587
2224	3854
2225	3202
2227	2637
2228	3147
2230	3086
2230	3137
2232	2959
2232	3031
2232	3690
2234	2969
2236	3629
2237	2351
2237	2835
2238	2675
2239	2316
2239	2569
2239	2749
2239	3049
2240	2459
2240	2808
2240	4194
2241	2261
2242	2675
2242	3263
2242	3300
2243	3290
2243	4075
2244	2447
2244	3965
2245	3444
2246	3351
2246	4135
2247	2906
2248	3073
2249	2555
2249	4026
2250	3282
2250	4326
2251	2975
2251	3952
2253	2348
2254	3353
2255	3165
2255	3753
2256	2379
2257	2383
2258	2421
2258	2729
2258	2985
2259	2324
2259	2344
2259	3057
2260	3346
2260	4046
2261	2309
2261	3085
2262	3486
2263	2522
2263	3323
2264	3768
2265	2553
2266	2554
2266	2615
2267	2429
2268	2477
2268	3464
2269	4204
2270	2332
2270	2437
2270	3166
2272	2340
2272	2928
2272	4451
2274	3866
2274	4354
2275	3396
2275	3976
2276	3817
2277	2913
2278	2891
2278	3495
2279	3135
2279	4323
2280	2450
2281	3468
2281	4081
2282	3515
2284	2695
2284	3718
2287	2554
2287	3687
2289	2991
2289	3397
2289	3844
2291	3712
2292	3570
2292	3836
2294	4347
2295	3027
2296	3594
2297	2951
2297	3897
2298	3489
2299	3103
2299	3278
2299	3517
2301	3407
2301	3521
2302	4230
2303	2305
2303	3496
2303	3834
2304	2815
2304	3803
2305	3538
2307	3189
2307	4162
2310	2631
2310	2764
2314	3255
2315	2479
2315	2902
2315	3240
2317	3039
2318	3985
2321	2385
2321	3434
2323	2868
2324	2422
2324	3372
2325	3060
2326	2407
2327	2610
2327	3574
2328	3386
2328	3415
2329	2352
2330	2446
2330	3236
2330	3736
2333	3407
2333	3930
2334	2509
2334	2967
2335	2521
2336	2388
2336	3162
2336	3369
2337	2793
2337	3958
2338	3845
2339	2547
2339	2665
2339	3137
2339	4065
2340	3126
2341	3052
2342	3860
2343	3558
2343	4268
2345	3297
2345	4265
2346	2404
2346	4322
2347	4375
2347	4497
2348	2971
2348	3545
2348	3632
2349	3717
2350	2946
2350	4428
2352	3877
2352	4193
2354	2757
2354	3378
2354	3690
2354	3902
2354	4215
2355	2747
2355	4342
2356	3836
2358	2583
2359	2968
2359	3158
2359	3706
2359	4411
2360	2819
2360	3846
2362	4378
2364	3243
2364	3335
2364	3797
2364	3969
2365	3020
2366	3603
2367	3598
2367	4248
2368	2436
2368	2895
2368	3101
2371	2484
2371	3917
2372	2758
2373	2523
2373	4455
2374	2884
2374	3010
2375	2545
2376	3036
2376	4417
2377	3542
2378	2972
2379	2897
2379	2960
2379	3325
2381	2712
2381	2722
2382	4111
2384	2630
2385	3972
2386	3013
2387	2894
2387	3295
2387	3717
2387	3837
2387	3943
2387	4355
2388	3697
2389	2727
2390	3649
2391	4197
2393	3585
2394	3173
2395	2551
2396	4267
2397	3008
2398	3154
2399	2939
2400	2899
2400	3337
2402	2454
2402	2703
2402	2943
2402	3266
2402	3586
2402	4051
2403	3573
2404	2677
2404	3238
2405	2504
2406	3424
2406	3982
2407	2472
2407	3452
2407	3453
2407	3808
2408	3267
2409	2502
2409	2556
2409	2734
2409	3024
2410	2611
2410	4381
2411	3077
2412	2520
2412	4029
2412	4090
2413	3225
2414	2777
2416	3411
2418	2612
2419	2457
2419	3524
2419	4239
2422	4410
2423	2469
2423	2743
2423	3281
2423	3469
2423	4028
2423	4496
2424	3908
2427	3033
2427	3651
2428	4479
2429	3245
2429	3872
2431	3625
2432	2462
2433	3847
2434	3023
2435	2941
2436	2556
2436	2607
2437	3485
2439	2961
2439	3815
2440	2720
2440	2770
2440	3217
2441	4156
2441	4367
2442	2658
2442	2693
2442	2998
2442	3302
2444	2987
2446	3101
2446	3147
2446	3682
2449	2944
2449	3049
2451	2622
2451	2689
2451	2877
2451	3369
2451	4024
2452	2835
2452	3014
2453	3283
2453	4029
2455	3441
2457	2833
2459	2492
2460	2862
2461	3934
2463	3344
2463	3654
2464	2966
2464	3613
2465	3764
2468	3528
2468	3909
2468	4226
2469	3100
2470	2762
2470	3279
2471	4241
2472	2677
2472	2845
2473	4343
2474	2735
2474	3626
2474	3930
2474	4188
2475	2813
2475	3093
2476	3770
2477	3411
2477	4473
2478	3856
2479	2820
2480	2790
2480	3527
2480	3709
2481	4237
2481	4483
2482	3395
2483	3412
2484	2711
2485	3009
2485	4060
2486	3104
2488	3517
2488	3660
2488	3777
2489	3711
2489	3953
2491	2500
2491	2544
2492	4165
2494	3749
2495	4095
2495	4209
2496	3008
2498	4362
2499	3732
2500	2642
2500	3733
2500	3765
2501	2676
2502	3133
2502	4305
2503	3849
2504	4450
2505	4136
2506	2530
2507	2825
2507	3234
2509	3500
2510	3224
2510	3265
2510	4382
2511	2799
2511	3518
2515	3906
2517	3195
2517	4345
2517	4398
2518	2718
2519	2644
2519	3304
2519	3328
2519	4129
2519	4351
2520	3989
2521	3170
2522	2838
2522	3678
2523	2581
2524	3582
2524	4031
2525	3107
2526	3171
2527	2802
2527	2995
2528	3732
2529	2613
2529	3233
2530	2753
2530	2925
2530	3835
2530	4306
2531	2693
2531	2707
2532	2664
2532	3528
2533	4101
2533	4437
2534	3449
2534	4294
2535	2665
2535	3954
2542	2858
2542	4463
2543	2779
2544	3237
2545	3358
2547	2990
2547	3039
2547	3722
2548	3791
2550	3879
2551	3743
2552	4112
2553	2679
2554	3638
2555	4223
2556	3241
2557	2695
2557	3042
2558	4218
2559	2579
2559	3429
2559	3785
2559	4315
2560	3789
2562	3466
2562	3626
2563	4283
2565	2636
2565	4147
2566	4187
2566	4255
2566	4441
2567	3334
2569	2795
2569	3485
2569	3672
2571	3882
2571	4189
2572	2946
2572	3624
2573	3311
2574	3196
2574	3428
2575	3105
2576	4136
2577	4284
2578	2639
2578	4397
2579	2891
2579	2996
2579	3850
2579	4298
2580	3309
2580	3542
2581	4293
2582	2593
2583	3351
2584	3815
2584	4168
2586	3253
2586	3614
2587	4242
2588	2810
2588	3372
2589	4057
2590	2600
2590	3027
2590	3308
2590	3389
2592	3793
2593	2734
2593	2880
2594	2848
2594	2977
2594	3114
2594	3333
2594	3787
2596	3367
2597	2605
2598	2783
2598	3128
2598	3811
2598	4404
2601	2716
2601	3389
2602	2684
2602	3550
2605	2847
2605	4464
2606	2745
2606	4264
2607	3359
2607	3942
2613	2751
2613	2765
2614	3195
2615	3016
2615	3090
2615	3442
2616	3869
2617	3458
2617	4385
2618	2823
2618	3624
2619	2914
2619	3223
2619	3556
2620	3313
2623	2682
2623	3188
2624	4499
2626	2647
2627	2660
2628	3694
2628	4153
2629	2854
2629	2964
2631	4133
2631	4297
2632	3211
2634	4123
2635	3386
2636	3956
2638	3084
2638	3319
2638	3901
2638	4165
2638	4446
2640	2923
2640	3275
2640	4356
2641	4128
2643	3539
2643	3833
2645	3078
2645	3540
2646	3959
2647	2878
2647	3092
2648	2654
2648	3144
2648	4470
2649	3371
2650	4299
2651	4089
2652	4132
2653	3036
2655	2809
2655	3401
2656	3117
2656	4453
2657	3000
2658	3192
2659	3186
2664	3178
2664	3466
2664	4026
2665	3091
2665	3283
2666	3526
2666	3636
2666	3896
2668	3766
2669	2911
2669	3653
2670	3701
2670	4459
2670	4484
2671	3332
2672	4075
2675	4184
2676	2883
2678	2870
2682	2799
2682	3724
2683	3685
2684	3024
2687	2737
2687	3560
2688	2798
2689	4040
2689	4062
2690	4318
2691	2760
2691	3018
2692	3960
2693	2981
2694	3508
2694	3606
2694	3955
2696	3567
2697	3880
2697	4280
2699	3781
2700	3499
2702	3164
2706	3543
2706	3621
2707	3348
2710	4354
2711	3048
2711	4493
2712	3655
2713	3572
2713	4332
2714	3459
2714	4362
2714	4441
2715	3979
2716	3688
2716	3991
2718	2812
2718	3350
2719	2898
2719	4467
2721	2932
2722	3582
2723	4166
2724	3050
2724	3396
2724	3525
2725	2843
2727	3112
2727	3250
2727	3440
2727	3590
2728	3014
2728	3167
2728	4327
2729	2868
2729	3072
2729	3589
2729	3665
2730	3142
2733	3312
2734	3523
2735	2980
2735	3971
2736	3368
2736	4278
2740	3779
2742	3259
2742	3538
2743	3316
2745	2752
2745	2782
2745	2952
2746	3257
2746	3595
2747	2975
2747	4389
2748	2790
2748	2870
2750	2856
2750	3684
2751	3299
2753	3634
2753	4195
2755	3329
2755	3826
2757	4367
2759	3221
2760	3070
2760	4305
2761	2765
2761	2771
2761	2857
2761	2920
2762	3414
2763	3217
2763	3419
2764	3887
2764	4312
2765	4029
2766	3961
2767	4052
2769	3589
2771	3214
2771	3992
2771	4066
2774	3900
2776	3923
2777	4124
2780	2884
2780	4058
2781	3629
2783	3448
2783	4281
2784	3834
2784	4148
2785	3202
2785	4188
2785	4355
2787	4144
2789	3002
2789	4317
2791	3352
2793	4126
2794	3333
2795	2982
2795	3082
2796	3455
2796	3948
2798	2859
2798	4271
2798	4273
2798	4348
2799	4109
2800	3553
2800	3795
2801	3201
2801	3561
2801	4288
2802	4209
2803	3713
2805	3022
2806	3928
2807	2919
2809	3216
2809	4208
2810	2885
2810	3556
2811	4113
2813	3373
2813	3858
2817	3516
2818	3662
2819	4235
2820	3013
2820	3554
2820	3578
2821	2874
2821	3123
2821	4358
2822	3903
2824	4212
2829	2875
2834	2927
2835	3092
2837	3541
2837	4073
2838	3053
2839	4352
2840	3006
2840	4272
2841	4471
2842	3440
2846	3348
2846	4086
2846	4304
2847	2880
2847	3770
2847	4122
2849	3781
2852	3731
2854	2973
2854	3740
2859	2929
2861	3109
2863	3964
2863	3987
2864	3579
2864	3581
2864	3681
2864	4374
2864	4405
2866	3071
2866	3234
2867	3607
2868	3430
2869	4497
2870	3532
2870	4361
2872	4285
2875	3574
2879	3984
2879	4289
2881	4038
2882	3677
2882	3940
2883	3110
2883	3514
2883	4178
2886	4476
2887	3132
2888	3271
2888	4339
2889	3494
2890	2938
2890	3643
2891	3187
2891	3823
2893	4341
2895	3788
2896	4337
2897	3520
2897	4161
2897	4222
2897	4247
2899	3421
2902	3193
2903	3966
2904	4363
2905	3201
2905	4035
2906	3249
2907	2909
2908	2910
2909	3750
2910	3110
2910	3317
2910	3850
2910	4487
2912	2926
2912	4335
2914	4185
2917	3307
2918	4071
2919	3281
2920	3007
2921	2989
2921	3858
2922	3316
2924	3052
2924	3405
2924	4064
2926	3702
2929	3087
2929	3179
2930	4087
2932	3146
2933	3418
2933	4259
2934	2981
2934	4427
2935	4006
2935	4324
2936	3928
2936	4034
2937	3852
2939	3624
2940	3436
2940	3587
2941	3596
2941	3674
2941	3804
2941	4370
2945	3111
2945	4015
2946	3332
2946	4102
2947	3656
2947	3810
2949	3742
2950	3100
2953	3665
2954	2993
2956	2991
2956	3576
2956	3668
2956	4213
2957	3461
2957	4345
2957	4351
2959	3475
2959	3487
2959	3602
2961	3573
2967	3377
2967	4167
2969	3903
2969	4022
2970	4119
2972	3206
2972	3887
2973	3818
2975	3997
2976	3591
2976	3893
2977	4266
2979	3676
2979	3825
2980	4176
2985	4468
2988	3776
2989	3133
2990	3222
2990	3969
2992	3150
2992	3419
2992	3469
2994	3790
2994	3896
2997	3021
2998	3001
2998	3420
3001	3286
3005	3139
3007	3739
3013	3910
3014	3219
3014	3371
3014	3785
3014	3852
3014	3902
3017	4401
3018	3336
3019	3182
3021	3264
3025	3229
3026	3975
3028	3370
3028	3800
3030	3072
3031	3902
3031	4429
3038	4216
3041	3375
3043	3320
3043	4070
3045	3341
3048	4386
3050	4307
3052	3998
3053	3947
3054	3390
3054	3952
3056	3307
3059	3982
3060	3143
3061	3161
3063	4394
3065	3188
3067	3701
3068	3932
3069	4254
3071	4150
3072	4412
3074	4175
3078	3413
3078	3628
3078	4219
3079	3250
3079	3511
3080	3330
3085	3696
3085	3991
3086	3224
3086	4074
3087	3422
3087	4164
3089	3902
3097	3767
3099	3749
3099	4205
3102	3244
3102	3587
3105	3418
3107	3317
3107	3354
3107	3482
3107	4494
3108	3746
3108	4336
3108	4376
3109	4053
3109	4478
3110	3821
3111	3760
3113	4334
3114	3232
3115	3790
3116	3700
3116	4259
3117	4011
3118	4199
3123	3567
3123	3762
3123	4200
3124	3377
3125	3981
3126	3194
3128	4185
3130	4155
3130	4177
3131	3809
3131	3829
3132	3203
3132	3641
3134	3229
3135	4072
3136	3256
3136	4078
3137	4025
3137	4274
3138	3399
3143	3755
3144	3465
3148	3510
3150	3343
3154	3525
3154	4086
3156	4091
3157	3783
3157	4264
3158	4282
3159	3633
3160	3786
3161	3183
3161	3361
3162	4220
3162	4258
3163	3480
3163	3494
3164	3426
3168	3886
3171	4246
3172	4221
3173	3904
3173	4434
3174	3761
3175	3480
3175	4226
3176	3859
3176	4108
3178	4425
3180	4110
3181	4124
3181	4321
3182	3671
3182	3784
3183	4159
3184	4280
3184	4331
3187	3241
3188	3402
3190	4223
3190	4312
3190	4401
3191	3290
3191	3532
3191	3984
3191	4394
3193	3474
3194	3719
3194	4115
3198	4314
3199	3873
3201	3970
3203	4199
3203	4368
3206	3235
3206	3954
3208	3370
3208	3981
3210	3865
3212	3649
3213	3565
3215	4389
3217	3971
3221	3445
3224	3356
3224	4300
3224	4310
3225	3723
3225	4419
3230	3990
3232	3919
3238	3913
3239	3424
3239	4230
3241	3463
3243	3653
3247	3497
3248	4007
3251	3908
3253	3802
3253	3962
3254	3510
3254	3781
3255	3660
3256	3861
3258	4269
3259	3911
3260	4477
3261	4372
3262	3917
3263	3673
3265	3566
3265	4397
3268	3996
3269	4402
3271	3292
3272	3550
3276	4168
3277	3538
3277	3835
3278	3899
3284	4229
3285	3597
3285	4020
3287	3623
3292	3493
3294	4388
3301	3315
3306	3608
3307	3483
3308	4201
3310	4396
3312	3744
3313	3668
3320	3364
3320	3883
3321	3872
3323	3467
3323	4350
3329	4209
3332	3668
3333	4441
3334	3658
3335	3518
3338	4198
3339	3965
3343	4023
3345	4237
3347	4380
3350	4224
3351	3606
3351	3947
3352	4029
3352	4407
3353	4061
3357	3670
3359	3919
3359	4387
3360	3922
3363	3427
3370	3697
3371	3408
3373	3659
3381	4097
3383	3672
3385	3477
3387	3442
3389	3663
3392	3426
3393	4359
3395	3446
3395	3568
3395	4431
3397	3923
3397	4438
3399	3534
3400	3702
3402	3722
3403	3486
3408	3918
3410	3806
3414	3593
3415	3441
3415	3479
3422	3513
3424	3822
3427	4235
3428	4130
3432	4433
3433	4094
3436	3535
3436	4221
3436	4227
3438	4037
3438	4181
3439	4315
3442	3977
3442	4210
3442	4306
3445	4436
3450	4468
3456	4049
3457	4083
3459	3512
3459	3830
3459	4166
3462	4485
3465	3650
3465	4353
3467	3654
3467	4211
3470	3502
3470	3941
3471	3939
3473	3705
3473	3716
3475	3921
3475	4021
3476	3863
3477	3539
3480	4310
3481	4426
3483	3618
3486	4017
3487	3584
3488	3792
3491	3750
3491	3764
3491	4388
3492	4258
3495	3513
3495	3544
3496	4077
3496	4490
3497	4153
3502	3747
3503	4145
3504	3537
3506	4353
3508	4226
3514	4014
3516	4154
3521	3832
3523	3583
3525	3883
3526	3608
3528	3780
3530	3890
3536	3814
3536	4436
3540	3541
3540	4379
3540	4421
3540	4432
3543	4141
3543	4445
3544	3771
3546	4047
3546	4332
3547	3632
3547	4319
3548	3576
3553	3751
3553	3936
3553	4071
3556	4470
3557	3686
3557	3913
3559	3961
3562	3768
3563	3862
3568	3809
3568	4268
3570	4116
3573	3662
3573	3793
3575	3667
3577	3714
3577	3820
3582	3669
3582	3832
3586	3676
3589	4013
3590	4387
3592	3945
3592	4055
3592	4083
3594	3725
3595	4027
3596	4004
3597	3983
3597	4171
3598	4050
3600	4495
3601	3860
3602	3735
3602	3999
3603	3610
3605	3772
3613	4082
3613	4293
3615	4143
3625	4148
3630	3778
3631	4456
3633	3852
3636	4337
3637	3785
3638	4227
3640	4094
3641	3888
3653	3865
3657	3968
3659	4167
3660	4103
3663	3792
3668	3789
3670	3719
3670	4008
3670	4499
3671	4010
3672	3957
3675	4113
3677	4232
3681	3759
3681	4466
3682	3757
3683	4269
3684	4202
3687	3895
3687	4364
3688	3857
3690	3759
3693	4265
3693	4338
3700	4077
3701	4104
3717	4097
3718	3727
3720	4299
3721	3879
3722	4147
3726	3968
3729	3854
3730	4484
3732	4150
3733	4463
3738	3885
3738	3937
3743	3884
3745	4183
3748	3774
3748	3775
3748	3926
3752	4349
3752	4413
3768	3958
3770	4040
3771	4121
3775	4105
3778	3807
3789	4031
3789	4328
3794	3970
3794	4128
3802	3975
3808	4006
3811	4318
3811	4374
3812	4357
3812	4460
3814	4357
3815	3922
3817	3821
3818	3962
3820	4155
3820	4219
3824	3847
3827	3941
3829	4054
3830	4178
3830	4475
3832	4256
3835	4390
3836	4267
3837	4064
3840	3841
3847	3889
3848	4450
3851	4018
3852	4369
3854	4088
3854	4141
3854	4365
3861	4134
3863	4260
3864	3985
3865	4074
3867	4356
3876	4088
3879	4060
3883	4317
3887	4152
3890	3936
3890	4070
3891	3931
3905	4370
3909	4008
3918	4186
3919	4224
3926	4344
3938	4246
3953	3997
3954	4158
3962	4333
3963	4275
3965	4024
3968	4068
3971	4103
3979	3994
3980	4101
3986	4064
3988	4033
3995	4090
3996	4433
3997	4069
4006	4160
4013	4093
4015	4469
4017	4290
4020	4216
4026	4138
4027	4215
4036	4308
4042	4252
4043	4143
4050	4067
4052	4062
4052	4151
4053	4480
4055	4201
4072	4157
4073	4390
4076	4479
4080	4125
4086	4118
4089	4135
4090	4405
4095	4314
4106	4443
4112	4360
4112	4409
4116	4161
4124	4406
4134	4481
4140	4427
4141	4437
4147	4380
4148	4209
4149	4458
4150	4371
4152	4322
4170	4418
4171	4431
4172	4195
4179	4384
4181	4217
4187	4290
4190	4302
4201	4426
4203	4478
4209	4303
4212	4422
4219	4410
4226	4284
4239	4444
4250	4424
4254	4361
4269	4320
4269	4455
4295	4494
4324	4438
4347	4491
4348	4408
4357	4409
4371	4450
4377	4481
4386	4467
4405	4423
4417	4425
4422	4492
4459	4475
