1	2
1	3
1	4
1	5
1	6
1	7
1	8
1	11
1	36
1	68
1	70
1	100
1	112
1	123
1	167
1	378
1	743
1	824
1	1304
1	1598
1	1878
1	2418
1	3394
2	3
2	4
2	5
2	6
2	7
2	8
2	11
2	17
2	18
2	19
2	32
2	33
2	34
2	51
2	52
2	112
2	114
2	160
2	171
2	184
2	191
2	225
2	231
2	241
2	318
2	337
2	381
2	435
2	561
2	1189
2	1542
2	1578
2	1626
2	2473
2	4106
3	4
3	5
3	6
3	7
3	8
3	10
3	22
3	36
3	42
3	51
3	79
3	85
3	97
3	103
3	110
3	113
3	126
3	164
3	210
3	293
3	387
3	440
3	624
3	1200
3	1209
3	1509
3	1837
3	2195
3	2419
3	3119
3	4046
4	5
4	6
4	7
4	8
4	13
4	99
4	111
4	123
4	139
4	171
4	213
4	237
4	250
4	266
4	273
4	321
4	323
4	335
4	364
4	446
4	581
4	596
4	643
4	942
4	952
4	1165
4	1651
4	1723
4	2847
4	3353
5	6
5	7
5	8
5	15
5	19
5	38
5	56
5	73
5	137
5	163
5	195
5	296
5	373
5	414
5	447
5	673
5	735
5	836
5	2252
5	2336
5	3921
6	7
6	8
6	33
6	50
6	60
6	87
6	90
6	142
6	254
6	261
6	278
6	432
6	542
6	809
6	832
6	1289
6	1759
6	1878
6	3193
7	8
7	9
7	52
7	56
7	60
7	66
7	76
7	83
7	175
7	337
7	463
7	557
7	570
7	612
7	642
7	709
7	763
7	775
7	839
7	1498
7	2041
7	2049
7	2965
7	3007
7	4152
8	12
8	17
8	18
8	20
8	32
8	40
8	45
8	59
8	74
8	89
8	132
8	156
8	200
8	246
8	308
8	309
8	684
8	697
8	743
8	789
8	815
8	1007
8	1077
8	1640
8	2256
8	2631
8	2943
8	4252
8	4490
9	1364
10	14
10	21
10	24
10	35
10	109
10	901
10	3282
11	27
11	41
11	94
11	203
11	1147
11	1556
12	23
12	28
12	412
12	510
12	595
12	770
12	3896
13	26
13	38
13	42
13	46
13	101
13	326
14	29
14	69
14	514
14	771
14	953
15	16
15	54
15	77
15	371
15	679
15	1329
15	1549
16	122
16	146
16	162
16	465
16	512
16	3719
17	118
17	180
17	271
17	382
17	420
17	716
17	1489
17	3309
18	20
18	25
18	43
18	213
18	460
18	515
18	559
18	623
18	667
18	954
19	31
19	61
19	94
19	100
19	213
19	575
19	675
19	775
19	2337
19	2671
20	30
20	40
20	89
20	170
20	452
20	1964
20	2186
21	79
21	284
21	2692
21	3192
22	62
22	248
22	392
22	711
22	1319
22	1423
22	2788
22	3377
23	84
23	404
23	433
23	521
23	531
23	2208
24	37
24	53
24	78
24	105
24	439
24	1970
24	2058
25	47
25	91
25	117
25	1201
25	1736
25	3503
25	3675
26	40
26	75
26	226
26	415
26	851
26	1015
26	1190
26	1804
26	1870
26	2024
26	2333
26	3408
27	1630
27	1794
28	33
28	39
28	49
28	80
28	216
28	599
28	1319
28	2307
29	51
29	63
29	1054
30	44
30	148
30	230
30	602
30	868
30	965
30	3974
31	927
32	67
32	71
32	88
32	139
32	151
32	197
32	223
32	286
32	696
32	703
32	805
32	2231
32	2439
32	4071
32	4235
33	319
33	656
33	1159
33	1405
33	2567
33	3617
33	3737
34	264
34	543
34	609
34	616
34	973
34	3862
35	57
35	65
35	73
35	86
35	176
35	372
36	199
36	232
36	549
36	818
36	848
36	1001
36	1404
36	1468
36	1590
36	2100
36	3280
36	3405
37	48
37	52
37	131
37	444
37	1808
37	1846
37	2244
38	166
38	181
38	259
38	491
38	557
38	1062
38	2215
38	3425
39	59
39	72
39	93
39	289
39	308
39	1161
39	2430
40	147
40	198
40	252
40	281
40	567
40	663
40	744
40	831
40	2023
40	2214
40	2219
40	2958
41	110
41	166
41	173
41	263
41	397
41	683
41	716
41	2730
41	2932
42	74
42	87
42	128
42	135
42	196
42	212
42	228
42	255
42	591
42	731
42	1124
42	1162
42	1748
42	1890
43	90
43	153
43	197
43	300
43	396
43	1175
43	1544
43	2466
43	3928
45	274
45	1521
45	1986
46	107
46	1171
47	75
47	108
47	3549
48	64
48	149
48	192
48	992
49	81
49	95
49	2518
50	78
50	175
50	292
50	1487
50	4365
51	59
51	285
51	596
51	906
51	2053
51	2122
51	3629
52	55
52	179
52	724
52	1410
52	2531
52	2624
53	58
53	141
53	145
53	408
53	722
53	734
53	1060
53	3955
54	134
54	241
54	1774
54	1977
55	59
55	134
55	244
55	448
55	615
55	928
55	2330
55	2977
55	3796
56	257
56	785
57	482
57	1121
58	102
58	256
58	451
58	680
58	1207
58	1962
59	125
59	163
59	172
59	182
59	459
59	463
59	519
59	1078
59	1360
59	1433
59	1831
59	2247
59	2764
59	3719
59	3791
60	89
60	1017
60	1352
60	3227
60	3255
61	85
61	112
61	158
61	207
61	641
61	3062
61	3783
62	414
62	599
62	2204
63	98
63	179
63	488
63	746
63	1596
64	124
64	145
64	258
64	393
64	647
64	1931
65	115
65	145
65	200
65	299
65	499
65	3937
66	161
66	165
66	243
66	270
66	2262
66	3271
67	2574
68	120
68	155
68	432
68	1363
68	1417
68	1441
68	1590
69	134
69	1669
69	1840
70	76
70	99
70	2300
71	189
71	318
71	403
71	621
71	2716
71	2744
72	222
72	366
72	682
72	904
72	3904
73	133
73	220
73	359
73	501
73	563
73	1092
73	1837
73	2556
73	3685
74	426
74	493
74	778
74	1237
74	1807
74	1919
75	82
75	151
75	152
75	285
75	339
75	1085
75	4220
76	703
76	735
76	1985
77	136
77	204
77	269
77	741
77	1430
77	3946
77	4472
78	190
78	228
78	394
78	1014
78	1076
78	1361
79	131
79	396
79	1119
79	3363
80	593
80	1089
80	1865
81	301
81	569
81	1613
81	2085
81	2859
81	3560
81	4254
82	92
82	96
82	144
82	254
82	311
82	1071
82	3169
82	3634
83	156
83	607
84	106
84	205
84	788
84	1622
85	90
85	168
85	214
85	234
85	482
85	917
85	922
85	1041
85	1522
85	2350
85	2421
85	4488
86	1527
86	1600
87	320
87	467
87	879
87	2462
87	2827
87	3060
88	150
88	280
88	484
89	161
89	196
89	342
89	436
89	525
89	530
89	685
89	938
90	186
90	281
90	334
90	462
90	659
90	1059
90	1080
90	1818
90	4431
91	202
91	455
91	527
91	1307
91	3608
92	242
92	1906
92	2637
93	162
93	231
93	1610
94	287
94	2249
95	236
95	357
95	2683
96	272
96	434
96	1391
96	1646
97	209
97	635
97	3719
97	4153
98	231
98	405
98	487
98	757
98	949
99	116
99	2640
99	3782
99	4377
100	1082
100	1607
100	2578
100	2831
101	104
101	770
101	1076
102	517
102	1685
102	3376
103	227
103	252
103	362
103	399
103	3659
104	268
104	1289
104	2266
105	151
105	395
106	2260
106	4326
107	1524
107	4077
108	559
108	789
108	1008
109	138
109	190
109	722
110	112
110	193
110	275
110	420
110	578
110	775
110	1526
110	1845
110	2706
110	2709
110	3606
111	370
111	380
111	745
111	1263
111	3353
111	4036
112	133
112	253
112	257
112	262
112	787
112	1011
112	1295
112	4413
113	505
113	665
114	217
114	260
114	539
114	1200
114	3072
115	119
115	1940
116	127
116	292
116	1144
116	2817
116	3818
117	409
117	425
117	718
117	3025
117	3819
118	121
118	590
118	943
118	1468
118	3594
119	126
119	129
119	151
119	518
119	3317
120	140
120	345
120	1266
120	1838
120	2083
121	370
121	2612
121	3023
122	461
122	869
122	3607
123	143
123	157
123	215
123	673
123	2566
124	201
124	307
124	340
124	348
124	2200
124	2306
124	2908
125	130
126	421
126	887
126	1126
126	1917
127	187
127	507
127	768
127	2400
127	3472
128	1489
129	151
129	219
129	402
129	827
130	277
130	594
130	819
130	1860
131	634
132	298
132	308
132	1570
132	2055
132	3755
133	383
133	912
133	4330
134	241
134	401
134	639
134	1281
134	2488
134	2680
134	3437
135	317
135	618
135	1183
137	152
137	427
138	191
138	690
138	1126
138	1331
138	2014
138	2731
139	245
139	333
139	424
139	478
139	558
139	811
139	1575
139	1788
139	3937
140	961
140	3040
140	3059
141	329
141	526
141	622
141	1747
142	327
142	1366
142	2499
143	203
143	3274
144	177
144	643
144	1616
144	1862
144	2180
144	3358
144	3549
145	159
145	172
145	325
145	339
145	346
145	726
145	1283
145	2191
145	3134
145	4325
146	295
146	330
146	338
146	3084
147	152
147	1973
147	3584
148	1953
150	321
150	325
150	498
150	1758
150	2522
150	2568
151	160
151	179
151	184
151	211
151	229
151	257
151	350
151	399
151	496
151	517
151	620
151	820
151	1010
151	1252
151	2449
151	3170
151	3748
152	154
152	542
152	3357
153	204
153	333
153	1221
153	2165
154	235
154	472
154	691
154	743
154	2446
155	1098
155	1915
155	2407
156	288
156	776
157	305
157	1138
158	423
159	352
159	1464
160	182
160	185
160	885
160	1316
160	1638
160	2458
160	2481
160	3161
160	4126
161	312
161	662
161	677
161	1626
161	3544
162	318
162	572
162	1150
162	1457
162	1647
163	206
163	865
163	1113
163	2779
163	3995
163	4026
164	282
164	1713
164	2471
165	184
165	238
165	2806
166	169
166	174
166	218
166	1587
166	1744
166	1777
166	2911
166	3526
167	183
167	760
167	2789
167	3475
168	974
168	1142
169	247
169	471
169	1127
169	1137
169	1255
169	1671
169	1679
169	1757
169	4064
170	319
170	3891
171	287
171	320
171	443
171	1618
171	3649
171	3808
172	203
172	376
172	533
172	790
172	810
172	862
172	3375
173	314
173	3786
173	3987
174	400
174	1552
174	2617
174	3584
175	178
175	570
175	1355
175	1688
175	1841
175	3272
175	3652
176	194
176	240
176	673
176	1288
176	3144
177	485
177	1111
177	1729
177	2452
178	707
179	224
179	308
179	581
179	1077
179	1081
179	1611
179	2339
179	2357
179	4074
180	188
180	191
180	245
180	1247
181	303
181	958
181	1468
181	1943
182	258
182	457
182	605
182	786
182	1225
182	1468
183	470
183	762
183	2208
183	3530
184	306
184	417
184	940
184	1070
184	1151
184	1168
184	1792
184	3002
184	3313
184	3314
184	4439
185	195
185	1930
186	208
186	240
186	537
186	824
186	1192
186	2322
187	257
187	368
187	3855
188	224
188	619
188	1036
188	3699
189	308
189	1701
190	304
190	584
190	2507
191	254
191	667
191	681
191	692
191	713
191	985
191	1220
191	1236
191	1415
191	1659
191	3226
191	3810
191	4177
191	4207
192	2120
192	2213
192	3050
193	390
193	577
193	855
193	1204
194	365
194	708
194	875
194	1278
194	1456
194	2121
194	3402
195	228
195	336
195	934
195	1609
196	594
196	717
196	1525
196	3590
197	239
197	469
197	783
197	796
197	823
197	960
197	1036
198	313
198	332
198	962
198	2360
198	2703
199	265
199	574
199	640
199	846
200	766
200	1675
200	3251
201	221
201	233
201	375
201	456
201	651
201	1852
201	2942
202	313
202	419
202	902
202	1566
202	1721
202	2954
203	440
203	519
204	250
204	322
204	672
204	946
204	999
204	1692
204	2914
204	3140
204	3829
205	316
205	887
205	1402
205	1625
205	2229
205	4007
206	249
206	360
207	520
207	1339
207	1647
207	1797
207	2707
208	481
208	949
208	2632
208	2821
209	844
209	2015
209	2892
210	302
210	1623
210	2412
210	2450
210	3801
211	270
211	328
211	671
211	1182
211	1193
211	1657
211	2210
212	1506
212	2259
213	404
213	425
213	735
213	1148
213	1187
213	2783
213	3110
213	3386
214	1402
214	2525
214	3244
215	729
215	786
215	959
216	883
216	983
216	1029
216	1118
216	2080
217	346
217	3347
218	353
218	373
218	4407
219	1089
219	1206
219	1242
220	428
220	2106
220	3479
221	1058
222	379
222	532
222	594
222	908
222	1533
222	1612
222	2549
223	845
224	759
224	1129
224	3917
225	1197
225	2143
226	296
226	453
226	546
227	686
227	3048
228	1000
228	1689
228	1967
228	3724
229	2662
230	464
230	1458
230	2062
230	4289
231	265
231	369
231	385
231	525
231	588
231	698
231	1134
231	1320
231	1582
231	3711
232	2826
232	3108
233	500
233	519
233	1123
234	361
234	1614
234	3100
234	3311
235	889
235	3977
235	4389
236	334
236	3004
237	344
237	812
237	995
237	1047
237	1176
238	283
238	374
238	971
238	999
239	479
239	940
239	2643
240	297
240	624
240	778
240	1271
240	1379
240	1897
241	1074
241	1466
241	2870
241	3021
242	267
242	763
242	945
242	1315
242	4383
243	331
243	343
243	385
243	1393
243	3332
245	1516
245	1901
245	2036
246	279
246	294
247	1115
247	1933
248	411
248	449
248	654
248	1436
248	1510
248	3047
248	3149
248	3859
249	288
250	251
250	281
250	302
250	466
250	538
250	551
250	828
250	860
250	897
250	1473
250	2539
250	4010
251	1686
252	315
252	639
252	826
252	1766
252	2659
252	2769
252	3562
252	4379
253	324
254	275
254	529
254	1409
254	1548
254	1684
254	2139
255	422
255	754
256	341
256	515
256	564
256	580
256	814
256	873
256	1187
256	3409
257	334
257	349
257	448
257	458
257	835
257	906
257	2534
257	2832
257	2847
257	3826
258	472
258	596
258	813
258	1254
259	278
259	438
259	1219
259	2503
260	277
260	463
260	699
260	1857
260	2739
261	1031
261	1567
262	276
262	698
263	1245
263	1554
264	500
264	1985
265	3370
266	391
266	523
266	1271
266	2638
266	2651
267	1494
267	1624
268	354
269	386
270	308
270	468
270	494
270	2029
270	2407
270	3221
270	3469
271	669
271	1028
272	2285
272	2965
272	3278
273	668
273	4417
274	367
274	1229
274	1462
274	1768
274	4431
275	513
275	1019
275	2264
276	291
276	852
276	1765
276	2016
277	841
277	1362
277	1708
277	1831
277	2182
278	640
278	1068
278	1924
278	3194
279	694
279	1728
279	3635
280	290
280	987
280	1090
280	2293
280	2980
281	733
281	751
281	911
281	1033
281	1605
281	2314
281	2794
281	2816
281	4188
282	292
282	313
282	441
282	1104
282	1714
282	3176
283	552
283	747
283	3556
284	507
284	510
284	513
284	1412
284	2929
284	3260
284	4416
285	597
285	750
285	887
285	2570
286	800
287	418
287	447
287	643
287	758
287	951
287	1576
287	1828
287	1985
287	2641
288	329
288	479
288	762
288	822
288	932
289	310
289	2038
289	4352
290	366
290	626
291	842
291	2427
292	506
292	885
292	2400
292	3062
292	3964
293	413
293	1287
293	3101
294	359
294	398
294	1578
294	2474
295	1787
295	2104
295	2174
295	2435
295	2930
295	3908
296	373
296	585
296	1503
296	1586
297	784
298	437
299	723
299	1501
299	1521
299	2533
300	640
300	2427
300	3291
301	646
301	975
301	3658
302	312
302	373
302	684
302	963
303	435
303	1232
303	3568
304	355
305	363
305	4484
306	1428
307	344
307	395
307	862
308	341
308	351
308	459
308	743
308	783
308	873
308	1421
308	1426
308	1634
308	1975
308	2514
308	2681
309	1277
309	1311
310	903
310	1545
310	2454
310	3366
311	503
311	629
311	1478
312	608
312	651
312	1526
313	416
313	1177
313	3895
314	3432
315	752
315	1720
315	1745
316	1069
316	1835
316	2579
316	4354
317	597
317	614
317	4462
318	445
318	976
318	1009
318	1346
318	1348
318	1434
318	2785
318	3154
318	3582
319	321
319	490
319	1541
320	1187
320	2279
321	399
322	2133
322	2147
322	3919
323	1144
323	1233
323	1755
323	2697
323	3359
323	4011
324	356
324	739
324	2543
325	327
325	923
325	2193
325	3611
325	4214
326	344
326	347
326	540
326	1401
326	3926
328	666
328	747
328	1235
328	1406
328	1942
328	2213
328	3065
329	431
330	1044
330	1251
330	1338
330	1507
331	1339
332	689
332	773
332	2688
333	1948
333	1977
334	626
334	816
334	891
334	900
334	2090
334	2214
334	3017
335	853
335	878
336	1122
336	1139
337	384
337	437
337	4150
338	1944
338	2459
339	679
339	794
339	1184
339	1588
339	2861
339	2894
339	2939
341	555
341	625
341	2600
341	2887
341	2911
342	586
342	648
342	1716
343	389
343	3136
343	3566
344	509
344	581
344	1302
344	1346
344	1549
344	1658
344	2561
344	4014
345	430
345	1177
345	3673
346	377
346	551
346	658
346	1158
346	2494
347	1234
347	1552
348	617
348	1067
348	4234
349	583
349	867
349	1195
349	3292
350	657
350	1754
350	1812
350	2997
351	1922
352	772
352	954
352	1648
353	383
353	388
353	496
354	1392
354	3259
355	1664
355	2305
356	383
356	406
356	1168
357	358
357	436
357	475
357	969
357	1282
357	1292
357	1456
358	1263
358	2706
359	429
359	463
359	562
359	726
359	915
359	2077
359	3459
359	3461
360	877
360	1265
360	1425
360	1695
361	536
361	1219
361	1242
361	1678
361	2134
362	1652
362	3791
363	550
363	2112
364	420
365	391
365	474
365	2199
365	3299
366	650
367	459
367	628
367	877
368	496
368	633
368	1015
368	1222
369	410
369	2423
369	2920
370	721
370	885
370	2052
370	2071
370	2759
370	3873
371	573
371	1084
371	1442
371	2633
371	3182
372	998
372	2734
372	3844
372	4442
373	534
373	570
373	630
373	652
373	738
373	931
373	990
373	2762
373	3996
374	1009
374	4019
375	1136
375	1622
375	1726
375	3775
376	1394
376	2030
376	3540
377	589
377	839
377	2125
377	3368
379	475
379	746
379	3490
379	3631
380	895
380	1020
381	815
381	1230
381	1564
381	2325
381	2814
382	921
383	407
383	1020
383	2571
383	2642
383	3021
384	725
384	1043
385	885
385	1553
385	1724
386	1373
386	1833
387	442
387	554
387	1826
387	1889
388	611
388	1318
388	1407
389	793
389	2482
390	1641
391	462
391	644
391	1926
391	2175
391	2429
392	728
392	2060
392	3125
392	3538
393	502
393	632
393	769
393	2460
394	564
395	450
395	590
395	1614
395	2199
395	2383
396	631
396	1408
396	3139
398	4174
399	498
399	1429
399	1595
399	3893
399	4338
400	1488
400	2072
400	4116
401	720
401	1867
402	477
402	904
402	1324
403	1872
404	1325
404	2401
404	2782
404	4216
405	674
405	724
405	1701
405	2509
406	3375
407	804
408	483
408	847
408	1666
410	948
411	492
411	1333
411	1485
411	3122
412	630
412	2245
413	1615
413	3286
413	4373
414	909
414	985
414	3470
415	545
415	2304
417	1253
417	2982
418	2767
419	2036
419	3690
420	473
420	617
420	870
420	899
420	1450
420	1689
420	2426
420	2571
420	2977
420	3419
421	535
421	993
421	1513
421	2483
421	3226
421	3559
422	1756
422	2918
422	3383
422	4241
423	736
423	746
423	982
424	513
424	576
424	679
424	2072
424	2308
425	1467
426	454
427	1839
428	858
428	1494
428	2489
429	653
429	4035
431	553
431	638
431	749
431	3437
432	504
432	606
432	1208
433	1923
433	4017
434	435
434	465
434	935
434	2927
435	642
435	872
435	1080
435	1994
435	3089
435	3366
436	467
436	604
436	1668
437	444
437	740
437	1523
437	1673
437	2554
437	3506
438	3164
439	712
439	972
439	3508
439	3899
440	471
440	508
440	516
440	791
440	1279
441	1087
441	1600
441	1617
441	2394
441	2820
441	3248
441	3397
441	4006
442	548
442	780
442	918
442	1226
442	1531
443	1162
443	1743
443	3208
444	568
444	804
444	2879
445	2070
445	3950
446	495
446	1018
447	887
447	2188
448	891
448	1297
448	1314
448	4344
449	565
449	764
449	3676
450	596
450	3551
450	3731
450	3869
451	1234
451	1418
451	2628
451	4258
452	1042
452	4183
453	1143
453	3111
453	3483
453	4177
454	480
454	688
455	663
455	918
455	1843
455	3612
458	3601
459	695
459	880
459	1670
459	1989
459	2354
459	2837
459	3039
459	3917
460	497
460	3105
460	3817
460	4111
461	595
461	1534
462	486
462	630
463	676
463	1274
463	1753
463	2171
463	3686
464	1153
464	1677
464	3229
465	603
465	1198
465	4405
466	587
466	806
467	727
467	1107
467	1328
467	3445
468	476
468	709
468	874
468	979
468	1285
469	510
469	782
469	3073
470	1258
470	2138
471	489
471	870
471	2336
471	2516
472	765
472	1832
472	1833
472	4103
475	2657
476	1037
476	2410
477	882
477	1023
477	1094
478	800
478	807
478	3020
479	522
479	667
479	1626
479	1965
479	2216
480	1683
481	1386
481	1476
481	2118
481	2448
481	3202
481	4481
482	551
482	584
482	1268
483	1021
483	1046
483	2551
484	918
484	986
484	1102
484	1859
484	2154
484	3918
485	2545
486	1535
486	2647
487	556
487	1861
487	3668
488	544
488	2257
489	757
489	955
489	2187
489	2587
489	3044
490	506
490	594
490	1928
490	2337
491	1568
491	2207
491	3034
492	3090
493	2584
493	4331
494	541
494	761
494	3046
495	693
495	1202
495	2125
496	620
497	1272
498	738
498	1864
498	2075
498	2721
499	1962
499	2960
500	898
500	3171
500	3906
501	2422
502	511
502	553
502	1128
503	528
504	1131
504	3625
505	571
505	759
505	781
505	1140
505	1783
505	1968
506	542
506	579
506	582
506	803
506	1052
506	1282
506	2701
506	3400
507	529
507	773
507	975
507	1214
507	1457
507	3118
508	2289
509	3172
510	1056
510	1186
510	1216
510	1232
510	2496
510	2843
511	560
511	1546
511	4414
513	524
513	543
513	825
513	1381
513	1786
513	1964
513	4447
514	1040
515	1811
516	2933
517	1486
517	4205
518	4422
519	2461
519	3295
519	3331
519	4035
520	566
520	598
520	714
520	1546
520	1979
521	649
521	936
521	1472
521	2119
521	3052
521	3805
522	2377
523	1136
523	4191
523	4437
524	595
524	755
524	914
524	2846
525	653
525	929
525	1217
526	996
526	997
526	3902
527	3712
527	4078
528	1305
529	737
529	849
529	2726
529	2739
530	1066
530	1239
531	2684
532	2297
532	3563
533	592
533	2728
533	2850
534	658
534	1224
535	626
535	786
536	1403
536	1671
536	3400
536	3554
536	4085
537	547
537	3873
538	730
538	857
538	1276
538	1286
538	2294
538	2805
538	3814
539	1038
539	2342
539	2818
539	3442
541	1504
541	1929
541	2727
541	3700
542	1181
542	2054
542	2096
542	2719
542	2763
543	553
543	610
543	1983
544	645
545	4154
546	927
547	2223
548	1049
548	1424
548	1878
548	1941
549	4105
550	716
550	1357
551	663
551	831
551	876
551	916
552	613
552	627
552	719
552	2405
553	617
553	1370
554	687
555	3234
555	3379
558	829
559	2397
560	3124
563	1259
563	1955
564	611
564	1725
564	1837
564	3546
565	2502
566	4281
567	1002
567	1559
567	1676
567	2177
568	600
568	944
568	1906
569	742
569	746
569	779
569	1267
570	774
570	1749
570	2577
571	894
572	1114
573	2678
574	1337
574	2340
575	2172
576	601
576	670
576	790
576	1241
576	1842
576	1868
576	2876
577	837
577	1834
578	2762
578	3095
579	927
580	1397
580	1722
581	899
581	1062
582	661
582	1164
582	2135
582	4237
582	4300
583	596
583	638
583	3763
584	950
584	1195
584	1332
584	3448
584	3973
584	4248
585	1448
585	1854
585	2134
586	2720
587	1070
588	655
588	664
588	1039
588	4500
589	1013
589	1632
590	2057
590	3502
591	3325
591	4284
592	1987
592	2282
592	3017
593	774
593	1806
593	3294
593	3374
594	750
594	1344
594	2224
594	2754
595	705
595	783
595	1036
595	1454
595	1505
595	1587
595	2144
595	2878
596	681
596	2464
596	2568
596	2675
596	3525
596	3991
596	4094
596	4211
597	637
597	1145
597	1574
597	2182
597	3732
598	1194
598	2130
598	2842
598	3718
598	4361
599	2897
599	3297
600	4060
601	677
601	1133
601	1275
602	2256
602	4142
603	710
604	1912
604	2842
604	3875
604	4324
605	827
605	1141
607	4404
608	669
608	2431
608	3210
609	2261
610	1771
610	3887
611	924
611	1731
611	3493
612	1359
612	1958
612	2237
612	2379
613	1052
613	4294
614	658
614	941
614	1264
614	1606
614	1990
616	963
616	1572
616	2094
616	3400
617	905
617	964
617	1479
617	1887
617	2192
617	2547
618	701
618	801
618	1494
618	2521
619	968
619	1027
620	1758
620	2290
620	2554
621	678
622	887
622	930
622	3062
623	1365
623	1422
624	4146
625	700
625	1980
626	720
626	821
626	2500
627	1251
627	1420
628	1466
628	1719
628	1957
628	2017
629	1212
629	1263
629	2740
630	893
632	1157
632	4039
633	636
633	702
633	1177
633	2292
634	660
634	3349
635	3827
636	1203
637	2269
637	2590
638	775
638	983
638	2368
639	843
639	2271
639	2976
640	3130
641	1405
641	1730
642	984
642	1162
642	3083
643	1168
643	1400
643	1870
643	2710
643	3318
644	2001
645	777
645	1260
645	1449
646	1341
647	1655
647	2623
647	4074
647	4396
648	2212
648	2541
649	1636
649	1799
649	2070
649	2893
649	4046
650	4253
651	2126
651	2199
651	2454
651	4178
652	715
652	732
652	1851
652	3336
653	1582
653	2667
653	3013
654	1514
654	2209
654	2456
654	3263
655	1646
656	1435
658	696
658	704
658	1062
658	2349
658	2812
658	3792
659	1988
660	1321
661	695
661	3132
661	3339
662	1737
662	3691
662	4465
663	756
663	772
663	911
663	1094
663	1143
664	1074
664	1499
664	4424
665	706
665	1477
665	1583
665	4128
666	1169
666	3428
667	1165
667	1186
667	1302
667	1754
667	3877
668	1122
668	1182
668	2151
668	3064
668	3605
668	4410
669	827
669	1120
669	1914
669	2532
669	4258
671	1015
671	2220
671	3469
672	1459
672	1832
672	2554
672	4174
673	981
673	1163
673	1340
673	3904
674	950
674	1472
674	3471
676	859
676	1463
676	2557
676	2899
677	748
677	802
677	925
677	2079
678	833
678	1353
678	4418
679	830
679	854
679	968
679	1004
679	1824
679	3406
680	880
680	1190
680	2876
681	1083
681	3138
681	4045
683	1167
683	1793
683	2005
683	2034
684	709
684	796
684	840
684	1320
684	1519
684	2097
685	956
685	1856
685	4340
686	863
687	3110
688	1026
689	1653
689	2067
690	792
690	966
690	3094
690	3933
691	808
691	2025
691	2710
692	2183
693	800
693	3412
694	1342
694	3983
695	2121
695	3193
696	1030
696	1470
696	1491
696	4011
697	1732
697	2283
698	940
700	2626
700	4451
701	2304
702	1008
702	1483
702	1637
703	1005
703	1073
703	1481
704	751
704	834
704	4250
705	935
706	2810
707	1169
708	759
708	866
708	1661
709	715
709	775
709	1555
709	2153
709	2254
710	1372
711	994
711	1178
711	2366
712	1053
712	2279
712	4004
713	1048
713	1064
713	1065
713	1820
714	890
714	2766
714	3324
714	4295
715	909
715	1109
715	1849
715	2575
715	3903
716	947
716	1119
716	1301
716	2270
716	2481
716	2639
717	2517
718	889
718	1879
719	1674
721	1547
721	2020
722	753
722	988
722	989
722	3378
722	4033
723	864
723	1284
723	1823
724	758
724	939
724	1814
724	2800
725	1257
725	1313
725	3603
725	3751
726	817
726	1571
726	4287
727	856
727	2726
728	838
728	991
728	1246
729	880
729	1244
730	880
732	881
733	1951
734	772
734	1455
734	1887
735	750
735	919
735	1041
735	1690
735	1704
735	1952
735	1976
735	2159
735	3018
736	1830
736	1844
737	1022
738	1041
738	2069
738	4097
741	1254
741	3298
741	4309
741	4459
743	766
743	772
743	1032
743	4430
744	886
745	2820
745	2940
746	892
746	901
746	1008
746	1602
746	3382
746	3836
747	907
747	3308
747	4307
748	1374
748	1952
748	4212
749	937
749	1063
749	1874
750	1011
750	1179
750	1327
750	1352
750	1551
750	1768
750	2103
751	2037
752	1112
752	3553
752	3566
754	3094
754	3424
755	1367
755	2986
756	1312
757	1045
757	1519
757	2555
757	4487
758	779
758	2253
758	2446
759	1033
759	1351
759	1625
759	2016
759	2772
759	4034
760	1191
760	1809
760	2699
761	1451
761	2398
761	3165
762	2402
762	2570
763	770
763	1748
764	767
766	1177
766	1564
766	1928
766	2198
767	795
767	2383
767	2400
767	2572
768	1739
768	3590
769	1376
769	3529
770	1097
770	1317
770	1457
770	1672
770	2126
770	3488
770	4320
771	798
771	977
771	978
772	1240
772	3525
772	3646
773	1016
773	1387
773	2428
773	3080
774	1280
774	4356
775	1079
775	1215
775	1296
775	1885
775	2129
775	3380
776	799
776	931
776	1336
776	1536
776	3567
778	1093
778	1101
778	1650
778	4008
779	797
779	1024
779	1155
779	2018
779	2319
779	4104
780	1796
780	3963
781	1260
781	3231
782	852
783	3318
783	3328
783	3623
783	4181
784	1161
784	2791
785	1518
785	2316
786	817
786	920
786	1001
786	1711
786	1923
786	2397
787	3106
788	836
789	1469
789	1493
789	1779
789	1925
789	2885
790	2672
791	1020
791	1149
792	1995
793	2287
794	1308
794	2881
794	3446
795	888
795	1512
796	934
796	977
796	1294
796	2255
796	2305
796	2496
796	3766
797	1284
797	1764
797	1910
799	1234
799	2150
800	1354
800	2567
800	2752
800	3620
800	3901
801	1777
802	2600
803	2823
804	871
804	2797
805	1091
805	2303
806	4460
807	3505
808	2109
808	3519
810	1797
810	1895
811	2163
812	957
813	1248
813	2985
813	3966
814	913
815	1223
815	1715
815	2862
815	3423
815	4184
816	1913
816	2007
816	2050
817	1025
817	2972
820	988
820	1565
820	1667
821	1388
821	2019
822	1369
822	1621
823	1010
823	1345
823	1453
823	1797
823	3212
823	3316
824	2646
824	3043
824	3845
826	1369
827	873
827	1390
827	1662
827	2252
828	1185
829	1452
829	1458
829	3927
830	1699
830	3695
831	1152
831	2558
832	1371
832	2443
834	1103
835	1290
835	1627
835	4031
836	2907
839	860
839	1285
839	2365
840	1298
841	4430
842	861
842	970
842	1100
842	1620
842	2874
844	850
844	1323
845	3533
846	1135
846	3420
847	1088
848	1741
849	1884
849	2406
849	3112
849	3661
849	4152
850	962
850	1947
850	2501
851	884
851	1126
851	1326
852	2588
852	2824
853	1404
853	2065
853	2949
854	1213
855	1873
855	2417
855	3889
857	1099
858	3730
859	1209
859	1592
859	1593
860	980
861	1255
861	2586
862	926
862	2724
863	1271
863	1836
864	1146
864	3897
864	4189
865	1468
867	1427
867	2274
867	2857
868	1012
868	2538
868	3286
868	3343
869	3579
870	1117
870	1167
870	1906
871	1083
871	1520
871	3793
872	1095
872	2060
872	2248
872	2593
872	3958
873	931
873	1003
873	1211
873	1752
874	1411
875	4172
876	1614
876	1817
876	4121
877	1708
878	1921
878	1960
879	1239
880	896
880	2012
880	2576
880	3066
880	3541
880	3866
880	4441
881	2862
881	3017
882	1875
882	2042
882	2855
882	3319
882	4069
883	2797
883	3574
884	1106
884	1175
884	3783
884	4341
885	1055
885	1284
885	1631
885	2053
885	2952
885	3644
885	3907
886	2009
886	2485
887	904
887	1269
887	1629
887	2099
887	2348
887	2884
887	3123
887	3307
887	3616
887	4089
887	4165
888	1440
888	3923
889	1057
889	2057
889	4236
890	933
891	990
891	2029
891	3071
891	4325
892	2758
892	2844
892	3486
893	2559
895	1242
895	3346
896	1584
896	2162
897	2366
898	1035
898	1480
898	3841
899	1049
899	1196
899	1821
899	3452
900	2026
901	3242
902	2344
903	1186
903	1738
904	910
904	2620
904	2762
904	3230
904	3411
905	1497
905	1633
908	1399
908	1832
909	1199
909	2580
909	3869
910	2531
910	3706
911	1698
911	1705
911	2000
911	2137
912	1377
915	917
915	1006
916	1061
916	1322
916	1507
916	1779
917	992
917	1487
917	2011
917	4265
918	1374
918	3478
919	2076
919	4349
920	2866
921	999
922	1208
922	1271
922	2111
923	3646
924	3109
927	967
927	4498
928	3275
929	4018
930	1511
930	1563
930	3301
931	1154
931	1827
931	2976
931	3176
931	3368
931	4139
931	4292
931	4438
932	2343
932	3437
933	2338
934	1281
934	1445
934	1770
934	1899
934	2650
934	3236
935	1343
935	2004
935	2170
935	3271
936	1743
936	4466
937	1760
937	3592
938	2873
938	3466
939	1270
939	1291
939	4482
940	3212
940	3681
940	3911
940	4108
941	3354
942	967
942	1443
942	1495
943	2163
944	1798
944	2541
946	2157
946	2886
947	1905
948	1557
949	1125
949	1473
949	1516
950	3198
951	2168
951	2894
953	3191
954	2049
954	2528
954	3612
955	1172
955	1439
955	1784
956	2189
956	3733
956	3960
957	1523
957	3184
958	1562
958	1764
958	3395
960	1577
960	1772
961	1974
961	2241
962	2752
962	3644
963	2148
964	3391
964	3888
965	1735
965	2510
965	3828
966	2179
966	2477
966	3803
967	1083
967	2747
968	3022
969	1034
969	1216
970	3623
972	4448
973	2073
973	2127
973	2540
973	4294
973	4456
974	1180
975	985
975	1911
975	1921
977	2123
977	2310
977	3683
977	4436
977	4486
978	1273
978	1431
978	1896
978	2752
978	3760
979	4132
980	1250
981	1173
981	2798
981	3186
982	3103
983	1210
983	1320
983	1355
984	1170
984	1300
985	1067
985	1806
985	3413
985	3641
986	1869
986	4282
987	1086
987	2907
988	1228
989	1072
990	1051
990	1560
990	2715
990	3075
991	1261
991	1445
993	1075
993	2347
994	1222
994	4068
995	3468
997	1116
998	1628
998	1633
999	1255
999	1262
999	1663
1000	1587
1001	1863
1001	2155
1001	3812
1002	1347
1003	2125
1003	2607
1003	3613
1005	1476
1006	2700
1007	1484
1007	3284
1007	3764
1008	1498
1008	1660
1008	2352
1008	2916
1008	4093
1009	2458
1009	3673
1010	1166
1010	2605
1010	3418
1012	1547
1012	2511
1012	2912
1013	3426
1014	1152
1014	3904
1015	1558
1015	2786
1015	3211
1017	1717
1017	2957
1019	1644
1020	1151
1020	1161
1020	1840
1020	2098
1020	2299
1020	2526
1020	3828
1020	4074
1021	2345
1022	2702
1022	4010
1023	1711
1023	2369
1023	3780
1023	3849
1024	1132
1024	2373
1024	2854
1024	3881
1025	2089
1026	2387
1027	1156
1027	2432
1027	3900
1028	1831
1029	2039
1029	2712
1029	4012
1030	1096
1030	2420
1030	2645
1032	3684
1035	2936
1036	1802
1036	2444
1036	2554
1037	1243
1037	1414
1037	3523
1038	1468
1038	1966
1038	2894
1039	1256
1039	2011
1039	3356
1040	2775
1041	2915
1041	3616
1042	1130
1042	2493
1042	2779
1043	1700
1043	1923
1043	2134
1044	1881
1045	1105
1045	4244
1046	4042
1046	4133
1048	1050
1048	1205
1048	1580
1049	1073
1050	1816
1050	4051
1051	3365
1051	3962
1051	4406
1052	1303
1052	1543
1053	1098
1053	1475
1053	3250
1054	1395
1054	3852
1055	2364
1055	3450
1055	3469
1056	1306
1056	1720
1056	3399
1057	1723
1057	2637
1057	3429
1057	3864
1057	4021
1058	2006
1058	3988
1059	2382
1059	3647
1059	4454
1060	1293
1061	4119
1062	1197
1062	1604
1063	1905
1063	2849
1064	2329
1064	4107
1065	2128
1066	1654
1067	3600
1068	1474
1069	2059
1069	2381
1070	4425
1071	1901
1071	2084
1071	4486
1072	2117
1073	1188
1073	2146
1073	2491
1073	3350
1074	1108
1074	1805
1075	1079
1075	1745
1076	1886
1077	1993
1077	2619
1077	3066
1078	4485
1080	1880
1081	1169
1081	1315
1082	2993
1082	3544
1082	4355
1082	4499
1083	1249
1083	1813
1083	2649
1083	4341
1084	2661
1084	3188
1085	1378
1085	1918
1085	2505
1085	3330
1085	3986
1087	1259
1087	1778
1088	2601
1089	2483
1089	3175
1089	4014
1090	1420
1090	2749
1091	2045
1091	2385
1091	2497
1092	2205
1093	4184
1094	1682
1094	1858
1094	2469
1094	2616
1094	4441
1095	1492
1095	1538
1098	1440
1098	2530
1099	1146
1100	1396
1100	3978
1102	1110
1102	2622
1102	3384
1103	1174
1103	4499
1104	1477
1104	2367
1105	2318
1106	3897
1107	1432
1107	2161
1107	2782
1107	3090
1107	3213
1107	3380
1107	3442
1109	2132
1110	1160
1110	1365
1110	1866
1111	1555
1111	3464
1112	2035
1112	2627
1114	4062
1115	2072
1118	1334
1118	1649
1118	3998
1120	1847
1121	1213
1121	1251
1122	1495
1126	1234
1126	1340
1126	2001
1126	2082
1126	2323
1127	2356
1127	3733
1128	2599
1128	4243
1129	1227
1129	1231
1129	2130
1130	1932
1132	1523
1132	1984
1132	2156
1133	2266
1133	3883
1134	1461
1136	1567
1137	2548
1138	1753
1141	1707
1141	2445
1141	2636
1142	2195
1143	1384
1143	1758
1143	2081
1143	2731
1144	3915
1146	3181
1147	2611
1148	3258
1148	4171
1152	1762
1152	2088
1152	3096
1153	2984
1153	3156
1154	1569
1154	1601
1154	1893
1154	1980
1154	1998
1154	2696
1155	1789
1155	2669
1158	1785
1158	1845
1159	2895
1161	1852
1161	2095
1161	2453
1161	4068
1162	1255
1162	1602
1163	3274
1164	1682
1164	1746
1164	1980
1165	1581
1166	1177
1166	1834
1167	3545
1168	1508
1168	1963
1168	2307
1168	3254
1170	3334
1171	2964
1171	4206
1172	1876
1172	2202
1172	3240
1173	3840
1175	1537
1176	4346
1177	1299
1177	1900
1177	1923
1177	2158
1177	3355
1177	3564
1178	1888
1178	4348
1179	1293
1179	2110
1179	2761
1179	3309
1181	1945
1181	3133
1181	3494
1182	2301
1182	2732
1183	2158
1183	3637
1183	4364
1186	3901
1187	1819
1187	2743
1187	3857
1187	3885
1188	1238
1188	1358
1188	1375
1188	2332
1189	2897
1190	2443
1190	2867
1191	1420
1191	3128
1193	1539
1193	1540
1193	2519
1193	3639
1194	3558
1195	1416
1195	1697
1196	3465
1198	1330
1199	1309
1200	3644
1201	1354
1202	3279
1203	1525
1204	2570
1205	2113
1205	3042
1208	2816
1208	2864
1209	2754
1209	4430
1210	3157
1212	1218
1212	1383
1212	1706
1213	4399
1215	3087
1217	1398
1217	1961
1217	3692
1217	3879
1218	3922
1219	2085
1220	1346
1220	2441
1221	1481
1221	2201
1221	2852
1222	1591
1222	1780
1222	4207
1222	4290
1224	1950
1225	1465
1225	1656
1225	2777
1225	4066
1226	3304
1227	2078
1228	1324
1228	1350
1228	4127
1229	1882
1229	2872
1230	1935
1232	1389
1232	2192
1233	2972
1234	1382
1234	1651
1234	2027
1234	2185
1234	2712
1234	3757
1234	4357
1235	2922
1235	3521
1235	4285
1236	1718
1236	2169
1237	2480
1237	3932
1239	4103
1240	2556
1241	1439
1241	1710
1241	1769
1241	1997
1242	2093
1242	2238
1242	3532
1243	3867
1244	1776
1244	4015
1245	3369
1246	1850
1247	1806
1247	3421
1248	2104
1248	3502
1249	3306
1250	1293
1250	1437
1251	1490
1251	2556
1251	2642
1252	1438
1254	1839
1254	3012
1254	3723
1255	1784
1255	1998
1255	4198
1256	1899
1258	2267
1259	3047
1259	4453
1260	1368
1260	1532
1260	2765
1261	3575
1262	1927
1262	3952
1263	1490
1263	1608
1263	2560
1263	3187
1263	3867
1266	1530
1266	3462
1266	3608
1266	3948
1266	4222
1267	1356
1268	1349
1268	1909
1268	3205
1268	3245
1270	3107
1271	1611
1271	2314
1271	2413
1272	1560
1272	3389
1273	2404
1274	1619
1274	3053
1275	2971
1276	1552
1276	1594
1276	1862
1276	1894
1276	3130
1276	4158
1276	4225
1278	3333
1279	1460
1279	1882
1279	3199
1281	1665
1282	1310
1282	2396
1282	2512
1284	2248
1284	3009
1285	2471
1285	2697
1287	2312
1287	2679
1287	3086
1289	1535
1289	3036
1289	3624
1291	1320
1293	1489
1293	1903
1293	2602
1293	3069
1293	3699
1294	3422
1295	1413
1295	2695
1296	2732
1296	3030
1296	4176
1298	1727
1298	1743
1298	2021
1298	2836
1299	2653
1300	1803
1301	1419
1304	2375
1305	3063
1305	3602
1305	3747
1305	4001
1306	2698
1307	1335
1307	4433
1308	1597
1310	1579
1312	2764
1315	1433
1315	2741
1315	4495
1316	1978
1316	2869
1317	1916
1317	1992
1318	1635
1318	2826
1318	2955
1319	2464
1319	2656
1319	2687
1320	1426
1320	1460
1320	2272
1320	2378
1320	2407
1320	2807
1320	3937
1321	2486
1321	4234
1322	1385
1323	2077
1324	1386
1324	3015
1324	3788
1325	3067
1325	3951
1329	1821
1329	2073
1331	3361
1333	2677
1334	1382
1334	1496
1334	3340
1336	1665
1336	2809
1337	1581
1338	2372
1339	1690
1339	2346
1339	2481
1339	2895
1339	3329
1339	3360
1339	3410
1340	2171
1340	2472
1340	2925
1340	3776
1341	2244
1343	2152
1343	3975
1344	1709
1345	3115
1346	1482
1346	1874
1346	2152
1346	2464
1346	2676
1346	3075
1346	3358
1346	3617
1347	1360
1348	1643
1349	2182
1352	2742
1352	4396
1355	2275
1356	4366
1360	2179
1361	1529
1362	2746
1363	2298
1363	2425
1363	4149
1364	2614
1365	1489
1365	1570
1365	2392
1365	4164
1366	1712
1366	2690
1367	2909
1367	3674
1369	3627
1369	4438
1370	1775
1370	2804
1371	2263
1371	4362
1372	1575
1374	1380
1374	1977
1375	2565
1377	2324
1377	2346
1377	3976
1378	1691
1378	2231
1379	2009
1380	2087
1380	2088
1380	2491
1380	2508
1380	4442
1381	2921
1382	3717
1383	2218
1385	1400
1386	3786
1386	3935
1387	2169
1387	3558
1389	2272
1389	2835
1389	3515
1391	1660
1391	1668
1391	2083
1391	2582
1392	4013
1392	4050
1393	2789
1393	4003
1395	3183
1397	1589
1397	1734
1397	2962
1399	4473
1401	1550
1401	1795
1401	1822
1401	2278
1402	1528
1402	4474
1403	1860
1404	1681
1405	1444
1405	2311
1405	3850
1406	3985
1408	2086
1408	2393
1408	2817
1408	3186
1410	1591
1410	2660
1410	3708
1411	1561
1411	4125
1414	3561
1416	2608
1416	3219
1417	2996
1417	3274
1417	3323
1417	4106
1418	1696
1418	2116
1420	1511
1420	1610
1420	1956
1421	1517
1421	1636
1421	1751
1421	1877
1422	3967
1423	1447
1423	2203
1423	2784
1423	2796
1423	3300
1424	2705
1424	4434
1425	2911
1425	4312
1426	4087
1426	4392
1429	1502
1429	1642
1429	1694
1429	2845
1432	1446
1433	1471
1433	1508
1433	3416
1435	1954
1435	2887
1435	3090
1435	4227
1436	2950
1437	2060
1439	1778
1439	3124
1440	2002
1440	2574
1441	3200
1442	2361
1443	1500
1443	1815
1443	2286
1444	2206
1444	3594
1445	1450
1445	4498
1446	2160
1446	2610
1447	3823
1448	4496
1449	2370
1450	2345
1450	2641
1450	2659
1450	3327
1451	1585
1452	1792
1453	1880
1453	2812
1455	1663
1455	2031
1456	1787
1456	1891
1456	2717
1456	3060
1456	4335
1457	2163
1457	2190
1457	2997
1457	3166
1458	1946
1458	2082
1458	2313
1459	2327
1460	2421
1460	2490
1460	2581
1461	4227
1462	4267
1463	3152
1463	3833
1464	1493
1464	2124
1464	4420
1465	1959
1465	3358
1465	3557
1466	3689
1468	3006
1469	2768
1470	2362
1470	2390
1471	3713
1473	3055
1473	4141
1474	2066
1475	2832
1475	2934
1477	2284
1478	2539
1478	2708
1478	3642
1479	1936
1479	2315
1480	2869
1481	1710
1481	4043
1482	2328
1482	4045
1483	1639
1483	2691
1483	3498
1484	3703
1486	4500
1489	2315
1489	2554
1489	3090
1489	3247
1489	3912
1490	3107
1490	3435
1490	3543
1491	2374
1492	3097
1494	1515
1495	3913
1498	2226
1498	3261
1499	2406
1499	2694
1500	2322
1502	2509
1502	2748
1503	3869
1504	3822
1506	4167
1508	3396
1509	2288
1510	2140
1510	2238
1511	1896
1511	1905
1511	3163
1514	2544
1514	3638
1516	1636
1516	4110
1517	4211
1518	1572
1518	1791
1518	3578
1519	3748
1519	4139
1521	2513
1523	1601
1523	1888
1523	1890
1523	2092
1523	2098
1523	2473
1523	2498
1523	3434
1524	2240
1524	3007
1524	4453
1525	1772
1525	4339
1526	2378
1526	2992
1526	4161
1527	2318
1528	1573
1528	2190
1528	2389
1528	2478
1531	4221
1532	4100
1533	1892
1534	1702
1534	2834
1536	2399
1537	2368
1538	2384
1539	2403
1541	1782
1541	2467
1542	2101
1543	1949
1543	2022
1543	3448
1544	2096
1545	2978
1546	1630
1546	3765
1546	4321
1548	1604
1548	2358
1549	1740
1549	1855
1549	3010
1552	1914
1552	3030
1552	3867
1553	1805
1555	1638
1555	2603
1558	2048
1558	3320
1560	1599
1560	2173
1560	3168
1560	3646
1562	1964
1562	2335
1563	1790
1564	2384
1565	1800
1565	3702
1566	1688
1566	3307
1567	2091
1567	2413
1567	2439
1568	4242
1569	4391
1570	4229
1572	1733
1572	2355
1573	4186
1575	1829
1575	2194
1575	3467
1575	3867
1576	4368
1577	2033
1577	4341
1578	2251
1578	3221
1581	2381
1581	2583
1581	3071
1581	4091
1582	3992
1587	2041
1587	3156
1587	3265
1587	3890
1589	1631
1589	1883
1589	2013
1590	2394
1590	3631
1590	4228
1592	2141
1593	1645
1593	3315
1594	3220
1595	2640
1595	4418
1596	2573
1599	1603
1600	2075
1600	2176
1600	2612
1600	2819
1600	2886
1600	3765
1601	4052
1602	2236
1603	1848
1604	1849
1604	2345
1605	1773
1606	2713
1608	2366
1608	3863
1611	3224
1612	1750
1612	2162
1612	3909
1613	1892
1613	2002
1614	2075
1614	2614
1614	3071
1617	3768
1617	3972
1620	2596
1621	3231
1621	4218
1622	1742
1622	2097
1624	2134
1624	2299
1624	3401
1625	2287
1625	3074
1625	3484
1625	4215
1626	1981
1626	2395
1629	1703
1629	3898
1630	2811
1630	4295
1631	1963
1631	3449
1632	1761
1632	4022
1633	3276
1633	3497
1633	3828
1634	3058
1634	3285
1635	4455
1636	2263
1636	2354
1636	2847
1636	4304
1637	1999
1638	1885
1638	2178
1638	3578
1638	3753
1640	2819
1643	2414
1643	2838
1643	3268
1644	1996
1647	1911
1647	2011
1647	2199
1649	1687
1649	2455
1650	2725
1650	4187
1651	1680
1651	1740
1651	2178
1651	3055
1652	2296
1652	3010
1653	1980
1653	4479
1654	2246
1654	3919
1658	2674
1659	1688
1659	3003
1660	1920
1660	2040
1661	3571
1663	1693
1663	1907
1663	2996
1663	3113
1665	4193
1666	1767
1666	2061
1668	4126
1669	2331
1670	2553
1670	2699
1671	3079
1673	3821
1675	3527
1675	4443
1676	1852
1676	2102
1677	3154
1681	2515
1681	3283
1682	2293
1682	3005
1683	2625
1684	1937
1684	2961
1685	2883
1686	2892
1688	2001
1688	2771
1689	2163
1689	2336
1689	2544
1689	2609
1690	1849
1690	2216
1690	3741
1691	2978
1692	2238
1693	4347
1694	2875
1696	2813
1697	1781
1697	2341
1698	4030
1699	1898
1699	2003
1701	1814
1701	1903
1701	2107
1701	2564
1701	3512
1702	4382
1705	2063
1706	3853
1707	2068
1708	3021
1710	2366
1710	3662
1710	4356
1713	2802
1713	3651
1716	2373
1717	2166
1721	1810
1721	4211
1722	2008
1722	2621
1723	3816
1724	2353
1725	1965
1725	3414
1725	3698
1727	3207
1729	3338
1731	1756
1731	2600
1732	3056
1734	4311
1735	2074
1735	2837
1736	1871
1736	3049
1738	1806
1738	1934
1738	4084
1738	4169
1739	2710
1739	3226
1739	3280
1740	3068
1741	2250
1742	2164
1743	2350
1743	2391
1743	3033
1744	1801
1744	3677
1745	1763
1745	2634
1748	2083
1748	3185
1749	2714
1751	4063
1753	2295
1753	3939
1754	2871
1755	2455
1755	2517
1755	2848
1755	3626
1756	2196
1756	3777
1757	3709
1758	2041
1758	2919
1759	2761
1760	3880
1761	2698
1762	3176
1762	3209
1763	2050
1763	3390
1763	4423
1764	2011
1764	3348
1765	2933
1766	3411
1766	3534
1767	2463
1768	2755
1768	3874
1768	4047
1768	4261
1770	1834
1771	1993
1771	3016
1772	1825
1774	2537
1774	3705
1775	1938
1775	3707
1777	2041
1778	2411
1778	3359
1778	4316
1779	2373
1779	2564
1780	2064
1781	1795
1782	2376
1783	1991
1784	4360
1785	3027
1786	1853
1787	2423
1787	3061
1787	3457
1788	4363
1790	2904
1792	2380
1792	2517
1795	2296
1796	4455
1798	2227
1799	2043
1799	2684
1801	3964
1804	2527
1804	2550
1804	2825
1804	3607
1805	1971
1805	2589
1806	2765
1806	3206
1808	2597
1809	3079
1813	2051
1813	3531
1814	2645
1815	2897
1816	3706
1816	3864
1819	1999
1819	2434
1821	2668
1821	4140
1822	4477
1823	3485
1824	1969
1825	2053
1825	2133
1826	2136
1826	3653
1828	3261
1830	2149
1830	2640
1830	2915
1830	3290
1831	2442
1832	2484
1832	3976
1833	2082
1833	2304
1833	3238
1835	1939
1835	2131
1835	3633
1836	2787
1836	3082
1836	3436
1836	3990
1837	2321
1838	2032
1838	3231
1839	3772
1841	2099
1842	2081
1842	2346
1843	2888
1844	2470
1844	3749
1845	2050
1846	1965
1846	4408
1848	1921
1848	2166
1848	2457
1849	1902
1849	1982
1851	2797
1851	3858
1852	2591
1852	3215
1853	3092
1853	3303
1855	2704
1855	3504
1856	2056
1856	2130
1859	4173
1860	2547
1860	3099
1860	4116
1860	4235
1860	4458
1862	4039
1863	1904
1865	2615
1865	2856
1865	3116
1865	3943
1866	2231
1867	3439
1869	2535
1870	4342
1871	3145
1872	2440
1872	3632
1874	3308
1875	2665
1875	4255
1878	3811
1880	3394
1880	4200
1882	2151
1882	2261
1882	2815
1882	3500
1885	2232
1885	4009
1887	2402
1887	2751
1888	2044
1888	2046
1889	4275
1892	2273
1892	3270
1893	2167
1896	3938
1897	2994
1898	3860
1899	1946
1900	2012
1900	2291
1901	2564
1902	2018
1903	2216
1903	2309
1903	2890
1905	2235
1905	2468
1905	3020
1905	4402
1906	1908
1906	2948
1907	2750
1908	2594
1909	2926
1910	2738
1910	2828
1911	2666
1911	4092
1912	4458
1914	3249
1915	1972
1915	2028
1915	3153
1917	2860
1919	2008
1921	2264
1921	3120
1921	3936
1922	2116
1922	3596
1922	3781
1923	2280
1923	3017
1924	2184
1924	2217
1925	2991
1926	2987
1928	3088
1929	2010
1932	2047
1934	2311
1935	2881
1936	3372
1937	2416
1937	2553
1937	3868
1938	2526
1939	2363
1939	2941
1942	3965
1943	2737
1943	3894
1945	3695
1946	2863
1946	2976
1946	3385
1946	4343
1947	4139
1948	2966
1949	4288
1951	2937
1952	2695
1953	2064
1953	4450
1954	2225
1954	3583
1954	4385
1955	2061
1955	3890
1957	2592
1959	2268
1960	2371
1960	2407
1960	2905
1962	3147
1962	4320
1963	2307
1963	2686
1963	3622
1963	3716
1963	4109
1964	2563
1964	3870
1965	2317
1965	2455
1965	3264
1965	3939
1965	4099
1965	4217
1966	3398
1967	2043
1968	3257
1969	3934
1971	2195
1971	3848
1971	4166
1976	4096
1977	2496
1977	3039
1980	2453
1981	2534
1982	3645
1985	2662
1985	2793
1985	3163
1986	4315
1988	2765
1989	3223
1991	3243
1993	3784
1994	2064
1997	3227
1997	4371
1998	3369
1998	4280
1999	3514
2000	3445
2001	2142
2002	2924
2002	3824
2003	3779
2005	2064
2005	3157
2007	2903
2009	4190
2010	3266
2011	2320
2011	2999
2012	2529
2012	2891
2012	3228
2015	2630
2015	2865
2015	3309
2016	4053
2017	2115
2018	2226
2018	2739
2018	3028
2019	2129
2020	2222
2022	3255
2023	2436
2023	2853
2023	4299
2024	2388
2025	2880
2025	3335
2025	3735
2026	2492
2028	4107
2029	3501
2030	2970
2030	3687
2032	3111
2033	2507
2034	2729
2035	2197
2036	2258
2036	2776
2036	3736
2037	3007
2038	2105
2038	3599
2039	2424
2039	2765
2040	3550
2040	4431
2041	2108
2041	2504
2041	3151
2041	4467
2042	2141
2042	2345
2042	2983
2042	3809
2043	3449
2043	4479
2044	3038
2044	3099
2045	2569
2046	2803
2046	3815
2048	2944
2049	2218
2050	2582
2050	3442
2050	3743
2051	2896
2052	3739
2053	4425
2055	2790
2055	3388
2056	2518
2057	2658
2059	2302
2060	2181
2060	2348
2060	2773
2060	4180
2061	3684
2062	3657
2064	2894
2064	3336
2068	2629
2072	3111
2073	2790
2074	3910
2075	2753
2075	4287
2076	2211
2077	2951
2077	3905
2081	2179
2081	3644
2082	2736
2082	3964
2083	2145
2084	2114
2084	2243
2084	2451
2084	3143
2085	2141
2085	3279
2085	3435
2085	3992
2086	2242
2086	2988
2086	4102
2087	4350
2088	3267
2088	3507
2089	2902
2090	2409
2092	3246
2093	2979
2096	2129
2097	3300
2097	3476
2099	4175
2100	2137
2101	3148
2102	2228
2102	2718
2104	2722
2104	3708
2105	4213
2106	2841
2107	2351
2108	3628
2110	2438
2110	4148
2111	3747
2114	2781
2117	2476
2117	4230
2118	3201
2118	3522
2120	3292
2120	3352
2120	3841
2122	2281
2122	2604
2122	3286
2123	2479
2125	2408
2125	2475
2125	2711
2127	2574
2129	2233
2131	2868
2132	3102
2134	2196
2134	2505
2134	2514
2134	3032
2134	3455
2135	3873
2136	3941
2137	2561
2140	4493
2141	3968
2142	2923
2145	2276
2146	2520
2146	2766
2148	2320
2150	3929
2151	3929
2152	3000
2152	4194
2153	3555
2153	3590
2161	2386
2161	2840
2161	2956
2164	2661
2164	3180
2164	3728
2164	3847
2165	2793
2166	3877
2167	3373
2169	2325
2169	4437
2170	4393
2171	2494
2171	2518
2172	4113
2173	2224
2173	2839
2173	3237
2174	2998
2174	4114
2175	2230
2175	3795
2179	2277
2179	2678
2179	3654
2181	2326
2182	4387
2184	2261
2186	3499
2188	3473
2188	3572
2189	2252
2189	3663
2189	3771
2190	2234
2191	2437
2192	2221
2194	4470
2195	3364
2196	2239
2196	2325
2199	4343
2200	3019
2204	2265
2204	4186
2206	2506
2206	2511
2208	2648
2208	4277
2209	4130
2209	4157
2211	3020
2213	2376
2213	2760
2214	2380
2214	2415
2215	4492
2216	2655
2216	3752
2217	3443
2218	2808
2218	3206
2219	2524
2222	2334
2222	3351
2223	3031
2224	2827
2225	3699
2226	3544
2227	2277
2228	3945
2230	2585
2231	3064
2231	3570
2232	2741
2232	3008
2233	3846
2238	3415
2238	3427
2239	2613
2239	3627
2240	2357
2240	3669
2240	3890
2241	2733
2244	2520
2244	2718
2244	3830
2245	2444
2247	3591
2248	4339
2249	4345
2251	2663
2251	3782
2252	3007
2252	3124
2253	2928
2254	2774
2254	4143
2255	3378
2257	3610
2259	3247
2260	2491
2260	2757
2260	3655
2261	3435
2261	4092
2261	4145
2261	4359
2262	3078
2262	4249
2263	2523
2264	2472
2264	3118
2264	4022
2266	2756
2267	4461
2269	2968
2269	3142
2270	2826
2270	3878
2272	2938
2272	4069
2274	2783
2277	3334
2277	3565
2278	3233
2280	3430
2284	3799
2285	4471
2286	3066
2286	3447
2286	4399
2290	3197
2291	2595
2292	4195
2293	2605
2293	3403
2294	3414
2295	3790
2297	3668
2298	3656
2298	3970
2299	2544
2299	2967
2299	3120
2300	3312
2301	3177
2302	3835
2304	2829
2304	3456
2306	2571
2307	3155
2307	3680
2307	4269
2308	3474
2308	3813
2308	4080
2310	4305
2311	4296
2314	3127
2314	4259
2317	3576
2317	4440
2318	4323
2319	2471
2322	2670
2322	2754
2322	3068
2325	2598
2325	3902
2326	3610
2326	3843
2327	3470
2328	3081
2329	3129
2332	2575
2332	3158
2332	3614
2333	3564
2334	2380
2334	2447
2334	2830
2334	3553
2336	3956
2336	4239
2337	2795
2339	3159
2340	2911
2340	4038
2341	3496
2341	3851
2342	3196
2344	2433
2345	3241
2345	4398
2346	2947
2348	2359
2348	2836
2348	4310
2353	3121
2354	2407
2355	4411
2356	3156
2356	3216
2357	2487
2357	2581
2358	3516
2359	2546
2359	3058
2362	4422
2364	3126
2366	3151
2368	2552
2369	2442
2369	3708
2370	3035
2373	2461
2373	2553
2373	2821
2377	4353
2379	2536
2380	3331
2381	2796
2384	4055
2385	2526
2385	2598
2387	2946
2388	3861
2389	4214
2391	4094
2393	2635
2394	2504
2394	2877
2398	2495
2398	4157
2399	3232
2401	2981
2402	3670
2403	3024
2404	4461
2406	3367
2406	3969
2407	3274
2407	3673
2407	4052
2407	4131
2407	4325
2410	3098
2413	4491
2414	3511
2414	4319
2415	3186
2415	3595
2416	2562
2416	3241
2416	3322
2417	2770
2420	2646
2427	3190
2430	3289
2431	4239
2433	3057
2435	3693
2437	3630
2438	3286
2438	3528
2439	2799
2440	2723
2441	3435
2442	3037
2442	3134
2443	3244
2443	4049
2444	3897
2446	3876
2447	4028
2447	4390
2450	3453
2455	3146
2456	2465
2456	3218
2456	3497
2457	2619
2457	3714
2461	4328
2462	3517
2463	3345
2464	2588
2464	2935
2464	4319
2466	3483
2468	2685
2471	2563
2471	4476
2472	2492
2476	3302
2477	2858
2477	3838
2478	2682
2481	2618
2481	3869
2482	2707
2482	3542
2482	4286
2484	3045
2486	2689
2487	2780
2489	4432
2490	2648
2490	4232
2492	2901
2492	3273
2492	3688
2493	2795
2496	2518
2497	2913
2499	2898
2502	3341
2502	3513
2503	4446
2504	2975
2504	4444
2505	3267
2506	4135
2507	2885
2507	2906
2507	3054
2508	3404
2508	3773
2513	3999
2514	2906
2514	3600
2514	4086
2516	2606
2516	3573
2517	2693
2517	3076
2517	3115
2517	3409
2518	3690
2518	3992
2518	4292
2520	3154
2520	3607
2520	4197
2521	3417
2522	2542
2522	2943
2523	3769
2524	3518
2524	4120
2525	3011
2525	3892
2526	3150
2526	3256
2528	3720
2528	4469
2529	2664
2529	2745
2530	3195
2531	3288
2531	3622
2531	3693
2533	3454
2534	3173
2535	2989
2536	2876
2537	2644
2538	3619
2539	3031
2542	3794
2543	4314
2545	3489
2546	2637
2547	3756
2548	4054
2551	3217
2553	3051
2553	3288
2553	4496
2555	2931
2556	2687
2557	3047
2561	2798
2561	3460
2561	4202
2567	3173
2567	4400
2568	2889
2568	3910
2569	2894
2570	2652
2578	2969
2582	3304
2584	2801
2585	4279
2587	3930
2588	4308
2593	3047
2595	2974
2596	2959
2597	4435
2599	3704
2600	3621
2601	4351
2607	3189
2607	4367
2608	3026
2609	2833
2613	2654
2613	3214
2613	3495
2614	2910
2614	4068
2615	4089
2616	3123
2617	3581
2617	3641
2617	3980
2618	4090
2619	3791
2620	4014
2620	4075
2623	3438
2631	2798
2634	3537
2635	4053
2637	3062
2637	3298
2637	3438
2640	3252
2641	2997
2642	2651
2642	4378
2645	3609
2648	3662
2655	2673
2658	2774
2659	3481
2660	4137
2662	3277
2663	3886
2664	3030
2664	3936
2665	4421
2668	3917
2668	4336
2669	2735
2672	4394
2674	3798
2676	3800
2676	4201
2678	4143
2680	3162
2686	4058
2688	4065
2689	4101
2690	3160
2691	3386
2692	3865
2693	3272
2695	2919
2696	2882
2697	3337
2697	3955
2697	4079
2700	3713
2704	3942
2706	3029
2707	3274
2709	2822
2709	3740
2711	3444
2713	3825
2718	3696
2718	4429
2719	3666
2721	2782
2722	3720
2727	4378
2730	2917
2731	3071
2731	3344
2732	3849
2733	3660
2734	3581
2734	4143
2735	4134
2738	4155
2739	4029
2740	4403
2742	2973
2743	4002
2744	2790
2745	2792
2745	2851
2747	3648
2747	3846
2748	3910
2752	4424
2754	3640
2754	3819
2756	3296
2756	3695
2758	2778
2758	4076
2759	3622
2759	4464
2760	2915
2760	2990
2762	3672
2764	4204
2765	3997
2765	4082
2765	4094
2772	4424
2776	3131
2777	3832
2778	4112
2778	4163
2780	4143
2781	3064
2781	3326
2782	4147
2783	4185
2784	4322
2785	3884
2789	3287
2790	2900
2790	4354
2793	4048
2796	3336
2797	3093
2797	3826
2797	4030
2799	3982
2801	4000
2802	3408
2805	3392
2806	3961
2807	4238
2808	3001
2808	3544
2809	3321
2810	3293
2810	3833
2811	4070
2813	3014
2813	3710
2817	3137
2821	4097
2823	3667
2825	2958
2825	2995
2826	4014
2828	3211
2830	3726
2834	3441
2834	4411
2836	3381
2836	4074
2837	3225
2837	3235
2837	3970
2842	3168
2845	3009
2847	2953
2847	3166
2853	3181
2854	3135
2857	4427
2866	4083
2868	3141
2876	3075
2876	3174
2878	3458
2878	4370
2879	3524
2879	3721
2886	3521
2889	3787
2890	3759
2892	3510
2892	3781
2894	3966
2897	3477
2897	4411
2898	3204
2898	3816
2899	3754
2900	3681
2900	4358
2901	4257
2903	3371
2904	3000
2906	3589
2907	3077
2908	3262
2908	3975
2909	3203
2911	3269
2913	3831
2915	3965
2916	4328
2916	4435
2919	3304
2921	2963
2921	4468
2925	3104
2928	3014
2930	3319
2934	3842
2936	3179
2937	4445
2939	3070
2940	4086
2942	2945
2942	3487
2942	4270
2945	3586
2952	3253
2957	4495
2958	3601
2960	3979
2961	3684
2961	3832
2961	4273
2964	4179
2967	4024
2968	2977
2968	4118
2969	3580
2970	3400
2971	3387
2975	3509
2975	3778
2976	3185
2976	3446
2977	3091
2977	4419
2978	3680
2981	3417
2982	3114
2990	3416
2995	4126
2996	3212
2997	3305
3007	3041
3008	3487
3008	4088
3009	3984
3012	3727
3013	4490
3016	3615
3017	3353
3017	3434
3019	3085
3020	3138
3021	3866
3021	4276
3023	4067
3024	3498
3025	3626
3031	4095
3031	4377
3032	3993
3034	4023
3036	3536
3041	3585
3044	4016
3048	3117
3048	3482
3049	3947
3050	3928
3052	3588
3052	3971
3055	3694
3060	3894
3062	3107
3066	3407
3070	3850
3071	3178
3071	3966
3071	4260
3074	3548
3074	4264
3076	4336
3079	3393
3083	3577
3086	3598
3086	4303
3090	3431
3090	3834
3090	4425
3091	3672
3092	4020
3098	3463
3098	3665
3098	4056
3099	4470
3100	4476
3102	3263
3104	3492
3104	4041
3116	3697
3117	3620
3117	4311
3120	3256
3120	3734
3120	3923
3120	4192
3127	3804
3132	3520
3133	3544
3135	3239
3138	3310
3138	4126
3141	3451
3145	3222
3145	3765
3150	3167
3151	3166
3151	3820
3152	4272
3156	3673
3157	3618
3157	4186
3162	3594
3163	3546
3163	3890
3164	3597
3165	4201
3166	4305
3168	3549
3171	4073
3173	3504
3177	3774
3178	3433
3181	3437
3181	3636
3181	3916
3186	3241
3189	4231
3196	4345
3198	4333
3199	3914
3200	3762
3202	3342
3206	3362
3206	3872
3207	3729
3208	3392
3208	3802
3214	4271
3218	3767
3218	4395
3226	4215
3232	3682
3232	3792
3233	3679
3233	4044
3237	4108
3237	4458
3241	3935
3243	4449
3246	4122
3252	4115
3252	4388
3255	3620
3256	3313
3256	4245
3257	3281
3257	4475
3264	3480
3264	3666
3264	4005
3267	3309
3268	3431
3270	4365
3273	3807
3274	3785
3274	4038
3274	4428
3275	3400
3282	3989
3286	3655
3287	3623
3287	4164
3287	4332
3288	3308
3288	3641
3292	4375
3296	4082
3298	3544
3303	3604
3314	4069
3317	4426
3321	3720
3324	4256
3328	4170
3330	3765
3335	3742
3336	4396
3338	3806
3339	3837
3340	4040
3342	3587
3346	4248
3348	3745
3350	4266
3350	4497
3351	4415
3352	4226
3353	4441
3356	3417
3357	3689
3359	3954
3362	3541
3365	3569
3365	3920
3369	3539
3373	3738
3373	4117
3375	3678
3380	3558
3390	4388
3392	3590
3392	3656
3394	3552
3398	3925
3400	4061
3403	3750
3403	4297
3407	4156
3412	3440
3413	4135
3414	4375
3417	3959
3419	4247
3422	3770
3423	4065
3425	4124
3428	3535
3431	3664
3435	4483
3435	4491
3436	3783
3437	3725
3437	3792
3438	3944
3440	4334
3442	3491
3442	4160
3443	3643
3445	3789
3446	3746
3448	4168
3457	3512
3458	3871
3458	3981
3463	3931
3463	4047
3470	3673
3471	4293
3473	4138
3478	4494
3480	3547
3480	3577
3483	3695
3483	4140
3483	4223
3486	3613
3489	3756
3490	4106
3496	4165
3500	4009
3501	4287
3504	3743
3511	3939
3511	4478
3512	3701
3512	4072
3513	4436
3515	3924
3516	4317
3517	3636
3519	4214
3520	3666
3524	4246
3525	4233
3529	4208
3533	3654
3533	3722
3540	4452
3555	3758
3556	4298
3557	3882
3558	4186
3562	3593
3562	4136
3566	3845
3568	3650
3572	4240
3574	3839
3574	4452
3585	4035
3586	3867
3590	3686
3593	4159
3594	4313
3600	4401
3601	3671
3601	4117
3601	4367
3606	3935
3606	4032
3608	3829
3608	3994
3612	4263
3617	4219
3621	4148
3622	4110
3636	3854
3638	4191
3644	3937
3649	3715
3650	3940
3656	4291
3662	4089
3664	4457
3666	4057
3673	3965
3683	3744
3687	3804
3695	3966
3695	4073
3702	4098
3712	4057
3712	4129
3716	3949
3716	4073
3723	3761
3723	3893
3730	4283
3730	4337
3753	4182
3756	4061
3765	3797
3767	4463
3769	3856
3769	4299
3778	3953
3788	4475
3791	4341
3792	4038
3804	4283
3812	3819
3813	4144
3817	4274
3823	4203
3832	3994
3833	4019
3839	4224
3845	3991
3848	4348
3850	4179
3851	4488
3877	4172
3880	4022
3884	4262
3885	4235
3887	4386
3890	3980
3893	3957
3893	4318
3898	4162
3900	4025
3914	4395
3916	4001
3922	4327
3923	4171
3931	4332
3935	4198
3936	3976
3937	4056
3939	4118
3939	4174
3956	4278
3957	4376
3963	4123
3977	4313
3987	4059
3990	4381
3991	4405
3998	4302
4007	4027
4013	4022
4015	4209
4021	4037
4021	4345
4022	4460
4023	4203
4039	4045
4053	4210
4056	4412
4065	4081
4072	4306
4074	4409
4091	4353
4092	4201
4095	4151
4097	4210
4102	4337
4106	4116
4108	4199
4116	4356
4143	4268
4162	4196
4165	4221
4167	4369
4205	4484
4215	4251
4215	4372
4230	4384
4234	4304
4270	4489
4284	4301
4288	4480
4304	4397
4317	4329
4336	4374
4360	4380
4438	4447
4444	4447
