1	2
1	3
1	4
1	5
1	6
1	7
1	8
1	10
1	12
1	13
1	16
1	22
1	26
1	27
1	53
1	61
1	92
1	102
1	142
1	146
1	167
1	212
1	221
1	222
1	260
1	264
1	549
1	688
1	1094
1	1618
1	2583
1	2992
1	3674
1	3961
2	3
2	4
2	5
2	6
2	7
2	8
2	11
2	14
2	22
2	24
2	30
2	52
2	63
2	65
2	68
2	71
2	93
2	102
2	109
2	292
2	726
2	1120
3	4
3	5
3	6
3	7
3	8
3	9
3	14
3	22
3	38
3	81
3	104
3	135
3	184
3	223
3	233
3	3175
3	3724
4	5
4	6
4	7
4	8
4	16
4	19
4	20
4	33
4	49
4	84
4	104
4	107
4	155
4	160
4	203
4	339
4	875
4	1151
4	1331
4	1563
5	6
5	7
5	8
5	12
5	17
5	23
5	60
5	64
5	76
5	86
5	95
5	111
5	133
5	167
5	329
5	424
5	1071
5	1384
5	1668
5	1917
5	2024
5	2218
5	3058
5	3127
6	7
6	8
6	21
6	28
6	37
6	52
6	65
6	180
6	253
6	275
6	277
6	282
6	291
6	296
6	322
6	363
6	511
6	827
6	871
6	1354
6	1672
6	2411
6	2417
6	3398
7	8
7	9
7	17
7	18
7	20
7	21
7	41
7	49
7	55
7	200
7	275
7	354
7	428
7	477
7	594
7	714
7	1056
7	1087
7	1322
7	1570
7	2155
7	2457
7	2477
7	2858
7	2923
7	3928
8	24
8	31
8	47
8	51
8	70
8	92
8	104
8	132
8	182
8	1148
8	1582
8	1681
8	3223
8	3575
9	10
9	11
9	13
9	34
9	47
9	58
9	64
9	105
9	214
9	229
9	303
9	337
9	865
9	953
9	1382
9	1392
9	2222
10	15
10	27
10	29
10	44
10	67
10	103
10	140
10	1063
10	1296
10	1939
10	2636
10	3065
10	3233
11	28
11	40
11	69
11	72
11	86
11	130
11	196
11	505
11	513
11	541
11	638
11	752
11	802
11	1359
11	2032
11	2269
11	2670
12	19
12	35
12	40
12	163
12	410
12	501
12	2698
12	3817
13	15
13	18
13	43
13	46
13	93
13	148
13	172
13	248
13	301
13	305
13	387
13	519
13	589
13	1116
13	1205
14	23
14	37
14	38
14	41
14	95
14	150
14	197
14	238
14	325
14	571
14	603
14	812
14	1159
14	2469
14	2891
15	62
15	77
15	209
15	342
15	1103
15	1151
15	1827
16	26
16	32
16	66
16	122
16	162
16	223
16	693
16	1437
16	2449
16	3539
17	25
17	36
17	43
17	257
17	1396
17	2703
18	24
18	29
18	32
18	58
18	67
18	88
18	176
18	776
18	1243
18	1849
19	21
19	33
19	91
19	569
19	613
19	1264
19	3447
20	39
20	55
20	101
20	119
20	352
20	564
20	699
20	1516
20	1732
20	2045
20	2290
21	25
21	54
21	56
21	238
21	258
21	289
21	306
21	761
21	1152
21	1738
22	118
22	155
22	160
22	431
22	462
22	474
22	524
22	671
22	695
22	794
22	1515
22	2715
22	3154
23	97
23	144
23	385
23	765
23	1828
24	30
24	35
24	50
24	71
24	106
24	213
24	526
24	908
24	1270
24	1391
24	1489
24	2410
25	42
25	79
25	90
25	264
25	456
25	828
25	863
25	2064
25	2957
26	45
26	57
26	92
26	99
26	143
26	172
26	483
26	780
27	31
27	54
27	105
27	163
27	810
27	991
27	1168
27	1434
27	2988
27	3768
28	120
28	139
28	197
28	367
28	481
28	545
28	880
28	1627
28	2116
28	2528
28	3157
28	3748
28	3808
29	78
29	80
29	116
29	123
29	234
29	892
29	959
29	999
29	1183
29	1217
29	3307
30	34
30	50
30	72
30	83
30	180
30	183
30	299
30	2426
30	2964
31	39
31	232
31	255
31	403
31	669
31	675
31	1272
31	1613
31	1782
31	1787
31	1965
31	3305
31	3615
32	60
32	129
32	203
32	405
32	578
32	1210
32	1463
32	2262
33	36
33	45
33	132
33	148
33	251
33	333
33	338
33	2800
34	42
34	100
34	269
34	286
34	472
34	889
34	1091
34	1750
34	2174
35	48
35	51
35	61
35	85
35	89
35	150
35	198
35	365
35	522
35	617
35	1124
35	1250
35	1870
35	2247
35	2775
35	2890
36	54
36	122
36	151
36	158
36	162
36	164
36	166
36	335
36	553
36	921
36	981
36	1000
37	73
37	204
37	224
37	426
37	550
37	686
37	1323
38	53
38	78
38	175
38	178
38	390
38	1670
38	3143
38	3161
38	3267
39	73
39	150
39	179
39	200
39	415
39	626
39	899
40	168
40	249
40	289
40	1162
40	1311
40	1802
40	2224
41	46
41	88
41	414
41	451
41	498
41	1621
41	1657
41	2714
42	44
42	69
42	91
42	224
42	551
42	760
42	878
42	1836
42	1847
43	66
43	76
43	118
43	136
43	153
43	211
43	220
43	557
43	658
43	739
43	2192
43	2482
44	74
44	153
44	175
44	411
44	1984
44	2589
44	2599
45	187
45	305
45	311
45	685
45	1343
46	59
46	110
46	145
46	242
46	495
46	734
46	768
46	1132
46	1363
46	1524
46	1579
46	2547
47	48
47	70
47	140
47	149
47	213
47	438
47	659
47	1237
47	1886
47	2206
47	2248
47	2252
47	3125
47	3663
48	56
48	80
48	85
48	138
48	157
48	287
48	461
48	624
48	701
48	710
48	825
48	1111
48	1951
48	2743
48	3391
49	59
49	75
49	227
49	280
49	290
49	331
49	1096
49	1113
49	1479
49	1580
49	3324
50	106
50	305
50	355
50	897
50	1348
50	1501
50	1943
50	2568
50	3334
51	114
51	356
51	457
51	1211
52	82
52	116
52	144
52	147
52	503
52	1814
52	1941
52	2872
53	57
53	212
53	395
53	767
53	889
53	2260
53	2422
53	3732
54	63
54	96
54	110
54	260
54	413
54	521
54	1064
54	1101
54	2626
55	68
55	74
55	90
55	264
55	272
55	367
55	602
55	700
56	84
56	87
56	161
56	458
56	465
56	509
56	700
56	1175
56	1962
57	120
57	127
57	272
57	956
57	1490
57	3706
57	3945
58	184
58	684
58	962
58	1635
58	2566
59	125
59	215
59	300
59	451
59	466
59	684
59	1011
59	1120
59	1632
59	2327
59	2932
60	107
60	159
60	179
60	198
60	240
60	278
60	279
60	304
60	611
60	877
60	931
60	1258
60	2733
60	2877
60	3403
61	62
61	108
61	145
61	199
61	623
61	835
61	958
61	1886
61	1923
61	2027
61	3417
62	109
62	189
62	294
62	434
62	448
62	1841
62	2779
63	89
63	146
63	267
63	368
63	1184
63	1462
63	1592
63	2266
63	2802
63	3283
63	3581
64	109
64	231
64	243
64	755
64	1356
64	1907
64	3582
65	77
65	96
65	134
65	158
65	351
65	520
65	590
65	777
65	1107
65	2960
65	3478
66	124
66	164
66	316
66	319
66	385
66	2390
66	2924
66	3358
66	3638
67	103
67	242
67	292
67	440
67	637
67	2298
67	2346
67	3301
68	262
68	394
68	449
68	1939
68	2986
69	75
69	98
69	291
69	408
69	510
69	920
69	2544
70	185
70	218
70	297
70	404
70	866
70	1089
70	2413
70	2584
71	99
71	108
71	480
71	621
71	1015
71	1174
71	1571
71	3471
72	133
72	444
72	542
72	1306
72	3125
73	166
73	168
73	531
73	821
73	845
73	1997
73	2613
73	3022
74	98
74	129
74	769
74	1514
74	2058
74	2337
74	2768
74	3480
75	207
75	345
75	503
75	1175
75	2153
75	2325
75	3727
76	79
76	81
76	97
76	131
76	156
76	1050
76	1900
76	2053
76	2054
76	2462
77	100
77	154
77	513
77	2094
77	3308
77	3888
78	82
78	111
78	136
78	515
78	524
78	987
78	1177
78	1412
78	2435
78	2744
78	2844
78	3092
79	117
79	186
79	192
79	297
79	447
79	453
79	488
79	890
79	928
79	1066
79	1290
79	1310
79	1542
79	1914
80	127
80	232
80	341
80	581
80	640
80	833
80	1161
80	2052
80	3147
81	101
81	142
81	174
81	217
81	246
81	458
81	691
81	738
81	1054
81	1326
82	83
82	165
82	338
82	647
82	943
82	2417
82	2610
82	2690
82	3396
83	93
83	170
83	192
83	294
83	335
83	476
83	547
83	582
83	1014
83	1795
84	131
84	165
84	320
84	387
84	775
84	882
84	935
84	1473
84	1560
84	1809
84	3284
85	87
85	277
85	288
85	801
85	1199
85	1542
85	1951
85	2355
86	117
86	121
86	214
86	317
86	630
86	778
86	871
86	1983
87	154
87	220
87	251
87	366
87	486
87	744
87	1774
87	2172
87	2205
87	2253
88	94
88	187
88	629
88	630
88	947
88	2246
88	2406
88	2575
89	216
89	257
89	396
89	731
89	789
89	1088
89	2174
90	126
90	271
90	321
90	382
90	530
90	715
90	1325
90	1896
91	109
91	115
91	205
91	327
91	361
91	560
91	666
91	763
91	1098
91	1720
91	2073
91	2453
91	3708
92	119
92	157
92	163
92	678
92	749
92	1301
92	2011
93	94
93	113
93	188
93	245
93	416
93	468
93	782
93	1378
94	128
94	210
94	236
94	285
94	396
94	592
94	1737
94	1873
94	1974
95	112
95	194
95	680
95	1022
95	1035
95	1829
96	137
96	138
96	146
96	208
96	492
96	506
96	1320
96	1427
96	3531
97	125
97	206
97	443
97	1455
97	2050
97	2108
97	3593
98	208
98	572
98	3605
99	135
99	211
99	215
99	233
99	252
99	427
100	128
100	134
100	148
100	177
100	459
100	864
100	2261
100	2818
100	3949
101	182
101	592
101	902
101	1410
101	1631
101	1699
101	1824
101	3129
102	287
102	366
102	797
102	949
102	1869
102	2990
103	256
103	347
103	429
103	896
103	1246
103	3795
103	3914
104	113
104	115
104	141
104	228
104	296
104	363
104	473
104	565
104	898
104	2401
105	188
105	225
105	234
105	344
105	417
105	531
105	1389
105	1464
105	1616
105	1636
105	3035
106	124
106	201
106	258
106	278
106	891
107	169
107	174
107	245
107	374
107	417
107	489
107	574
107	628
107	1160
107	1224
108	123
108	235
108	402
108	435
108	883
108	1453
109	112
109	342
109	379
109	750
109	984
109	1156
109	1266
109	1966
109	2297
109	2599
109	3154
109	3487
110	176
110	178
110	186
110	302
110	381
110	474
110	843
110	1664
110	2826
110	2895
110	3270
110	3602
111	244
111	263
111	476
111	732
111	775
111	910
111	1680
112	265
112	555
112	637
112	903
112	1670
113	114
113	156
113	261
113	284
113	357
113	362
113	429
113	653
113	1179
113	1295
113	1297
113	1482
113	2061
113	3739
114	121
114	137
114	152
114	240
114	306
114	734
114	1318
114	1608
115	193
115	423
115	532
115	876
116	126
116	143
116	219
116	364
116	712
116	723
116	1239
117	181
117	191
117	195
117	205
117	319
117	792
117	1989
117	2286
118	217
118	295
118	540
118	1352
118	2602
119	308
119	454
119	570
119	756
119	816
119	924
119	1098
119	1486
119	1906
119	2412
120	235
120	411
120	619
120	2383
121	378
121	409
121	495
121	629
121	869
121	939
121	985
121	1180
121	2415
121	3955
122	130
122	303
122	371
122	373
122	381
122	399
122	655
122	1176
122	1219
122	2003
122	2359
122	3748
123	3204
124	229
124	266
124	285
124	395
124	447
124	679
124	807
124	1927
124	2643
124	2914
124	3577
125	217
125	249
125	358
125	391
125	702
125	1383
125	3506
126	449
126	496
126	839
126	3169
127	293
127	459
127	527
127	605
127	1144
127	1334
128	146
128	183
128	365
128	567
128	663
128	1126
128	1595
128	3246
128	3597
128	3898
129	236
129	259
129	274
129	510
129	2604
129	2883
130	329
130	389
130	523
130	681
130	719
130	1273
130	1314
130	2583
131	230
131	314
131	366
131	379
131	1023
131	1349
131	1590
131	1985
131	2362
131	2848
131	2863
131	3810
132	150
132	160
132	282
132	298
132	334
132	468
132	2745
133	190
133	210
133	216
133	226
133	281
133	1410
133	1504
133	2382
134	141
134	151
134	330
134	397
134	448
134	674
134	751
134	785
134	1559
134	1609
134	2164
134	2550
134	2933
135	139
135	177
135	190
135	283
135	327
135	353
135	407
135	550
135	847
135	1899
135	3624
136	345
136	348
136	409
136	587
136	828
136	857
136	2951
136	3047
136	3200
136	3210
137	241
137	322
137	943
137	1046
137	1292
138	281
138	424
138	692
138	874
138	1432
138	1661
138	2488
139	325
139	398
139	576
139	2402
139	2748
139	3367
140	159
140	522
140	665
140	1005
140	1117
140	1520
141	196
141	248
141	575
141	656
141	851
141	1191
141	3187
142	149
142	152
142	171
142	189
142	382
142	561
142	1120
142	1159
142	1842
142	3319
142	3393
143	202
143	460
143	1213
143	1801
143	2312
143	3141
144	169
144	268
144	383
144	499
144	593
144	757
144	1110
144	2167
144	3117
145	207
145	209
146	147
146	195
146	301
146	303
146	388
146	737
146	947
146	977
146	1004
146	1123
146	1327
146	3173
146	3373
147	188
147	309
147	321
147	384
147	436
147	2970
147	3265
148	221
148	293
148	371
148	1054
148	1255
148	2210
148	2399
149	299
149	437
149	746
149	1077
149	1358
149	2091
149	2477
149	3243
150	204
150	259
150	288
150	311
150	387
150	391
150	446
150	591
150	641
150	1107
150	1526
150	2779
151	161
151	360
151	432
151	514
151	905
151	1178
152	189
152	380
152	425
152	915
152	998
153	350
153	994
153	1160
154	199
154	332
154	490
154	598
154	603
154	688
154	696
154	852
154	909
154	1117
155	173
155	632
155	950
155	1337
155	2669
155	2856
155	3213
156	239
156	390
156	471
156	487
156	600
156	1004
156	1683
156	2371
156	3155
156	3415
156	3665
157	244
157	654
157	1242
157	1500
158	2517
158	2948
159	313
159	335
159	506
159	566
159	1157
159	1328
159	1497
159	1762
159	2221
159	2581
160	170
160	344
160	461
160	488
160	647
160	705
160	1066
160	1711
160	1714
161	225
161	230
161	359
161	517
161	634
161	1709
162	610
162	2765
163	226
163	609
163	1281
163	1286
163	2795
163	3565
164	218
164	469
164	992
164	1598
164	1767
165	250
165	470
165	1009
165	1076
165	1484
165	3111
166	401
166	748
166	1601
166	2589
167	171
167	179
167	310
167	333
167	830
167	831
168	173
168	852
168	975
168	1131
168	1372
168	2555
168	2727
169	201
169	426
169	633
169	1294
169	1882
169	3783
170	194
170	499
170	535
170	1052
170	1320
170	3325
171	188
171	202
171	246
171	346
171	840
171	1043
171	1756
171	2152
171	2830
172	256
172	370
172	1123
172	1512
172	3350
173	320
173	324
173	394
173	644
173	748
173	1055
173	1173
173	3610
174	191
174	219
174	649
174	713
174	1436
174	1975
174	2113
175	656
175	728
175	1264
175	1296
175	2007
175	2891
176	199
176	227
176	392
176	514
176	520
176	2125
176	2205
176	2339
176	3938
177	254
177	262
177	346
177	759
177	1623
177	2398
178	284
178	816
179	181
179	308
179	354
179	375
179	397
179	1003
179	1293
179	1645
179	2168
179	3064
180	989
180	1058
181	206
181	247
181	314
181	591
181	607
181	650
182	185
182	436
182	1225
182	2192
183	307
183	953
183	1073
183	2076
184	303
184	367
184	672
184	2042
184	2251
184	2945
185	307
185	316
185	491
185	840
185	1150
185	1617
186	250
186	328
186	753
186	1072
186	1594
186	1726
187	457
187	685
187	771
187	913
187	1443
187	1750
187	2086
187	2564
187	2875
187	3324
187	3420
187	3756
188	239
188	387
188	972
188	1443
188	2525
189	404
189	738
189	742
189	814
189	1873
189	2259
189	2987
189	3379
189	3908
190	193
190	357
190	611
190	686
190	1488
190	1817
191	419
191	533
191	736
191	1771
191	2072
192	237
192	315
192	326
192	421
193	266
193	356
193	552
193	661
193	839
193	858
193	1764
193	1800
193	3675
194	255
194	855
194	926
194	1590
194	2243
194	2715
194	3361
195	270
195	805
195	937
195	1008
195	1065
195	2754
195	3250
195	3851
196	3294
197	252
197	484
197	698
198	1026
198	1131
198	1227
198	2017
198	2806
199	724
199	796
199	829
199	893
199	915
199	1373
199	1566
199	1725
199	1843
199	2232
199	3800
200	280
200	362
200	536
200	590
200	993
200	1166
200	1666
200	2090
200	2584
200	2931
201	326
201	594
201	1759
201	2863
201	2871
202	376
202	379
202	942
202	2185
203	570
203	758
203	2439
204	1368
204	1593
204	1700
204	2401
204	2790
205	431
205	627
205	638
205	1202
206	212
206	398
206	445
206	580
206	764
206	824
206	1195
206	1350
206	3367
207	243
207	270
207	561
207	670
207	879
207	1032
207	1508
207	2024
208	804
208	1153
208	1164
209	260
209	349
209	388
209	2163
209	3522
209	3798
210	373
210	1181
210	1805
210	2683
210	2820
210	3646
211	329
211	358
211	552
211	901
211	1209
211	1336
211	2437
211	2677
211	2696
212	253
212	660
212	666
212	708
212	776
212	918
212	1070
212	2140
212	2285
213	318
213	369
213	797
213	2033
213	3968
214	237
214	376
214	464
214	469
214	1120
214	1621
214	1648
214	1804
214	2718
215	247
215	493
215	2190
215	3964
216	254
216	265
216	337
216	400
216	526
216	610
216	793
216	1126
216	1252
216	1948
216	3044
217	309
217	439
217	963
217	974
217	1304
218	231
218	318
218	418
218	761
218	1511
218	1698
218	2994
219	222
219	608
219	1492
219	1513
219	2974
220	420
220	844
220	878
220	923
220	931
220	1890
221	604
221	979
221	1839
221	3464
222	264
222	788
222	1872
222	3512
223	228
223	443
223	740
223	1156
223	1423
224	241
224	406
224	691
224	1074
224	1264
224	1779
225	283
225	300
225	2774
226	802
226	1136
226	2548
226	3976
227	415
227	1200
227	1235
227	1460
227	1971
227	2066
227	2608
227	2730
228	310
228	1298
228	3790
229	276
229	554
229	1037
229	1197
229	1837
230	653
230	709
230	986
230	1082
230	1187
230	3083
231	279
231	791
231	3579
232	261
232	377
232	383
232	716
232	2115
232	2268
233	412
233	512
233	719
233	809
233	1363
233	1517
233	1828
234	340
234	480
234	1599
234	1808
234	1897
234	2397
234	2913
235	501
235	2179
235	2335
235	2721
235	3235
235	3784
235	3943
236	269
236	276
236	1532
236	3032
237	632
237	1949
238	304
238	355
238	505
238	1532
238	3250
238	3752
239	273
239	623
239	745
239	1038
239	2434
239	3834
240	347
240	372
240	430
240	774
240	1049
240	1236
240	1884
240	2070
240	2260
241	263
241	538
241	860
241	1905
241	2867
242	680
242	708
242	825
242	951
242	1005
242	1572
242	3504
243	340
243	467
243	482
243	2180
244	268
244	286
244	446
244	795
244	814
244	1171
244	1638
244	2267
245	596
245	670
246	271
246	295
246	575
246	954
247	353
247	438
247	773
247	1261
247	1280
247	2033
247	3336
247	3576
247	3639
248	412
248	646
248	891
248	1063
249	664
249	2150
249	2263
250	293
250	442
250	1185
250	3623
250	3826
251	323
251	341
251	398
251	650
251	787
251	2415
251	2616
252	290
252	663
252	973
252	1095
252	1451
252	2793
253	356
253	370
253	372
253	539
253	710
253	804
254	267
254	368
254	573
254	726
254	1407
254	1799
255	618
255	757
255	1165
255	2816
256	428
256	518
256	1155
256	1269
256	1375
256	2279
256	3927
257	471
257	1106
257	1226
257	2119
258	313
258	430
258	677
258	838
258	2308
258	3556
258	3802
259	523
259	996
259	1315
259	2458
259	2714
260	433
260	475
260	1092
260	1347
260	2457
260	2591
260	2993
261	936
261	2108
261	2733
262	317
262	399
262	963
262	1036
262	1263
262	2501
263	274
263	783
263	1137
263	2300
263	3170
263	3203
263	3244
264	414
264	529
264	620
264	668
264	942
264	960
264	2044
264	3812
265	336
265	643
265	2320
266	372
266	489
266	614
266	651
266	3884
267	423
267	919
267	1259
267	2525
267	2596
268	312
268	537
268	541
268	775
268	888
268	1753
268	2427
269	273
269	293
269	754
269	1079
269	1698
269	2521
269	3727
270	1335
270	2768
271	343
271	386
271	528
271	662
271	899
271	2091
272	463
272	834
272	1248
272	1593
273	704
273	982
273	1025
273	2013
273	3861
274	302
274	330
274	349
274	352
274	697
274	778
274	859
274	988
274	1132
274	2197
275	334
275	485
275	690
275	753
275	1115
275	1413
275	2049
275	3430
276	351
276	361
276	790
277	315
277	324
277	487
277	3856
278	704
278	1182
278	2131
278	2694
279	339
279	445
279	585
279	1716
279	3374
280	811
280	1533
280	2395
281	1042
281	1522
282	343
282	1610
282	1891
282	2319
283	586
283	690
283	1291
283	1597
284	604
284	1253
284	2978
284	3731
285	547
285	628
285	768
285	3070
285	3578
286	876
286	918
286	1366
286	1611
286	1835
286	3436
286	3456
287	405
287	485
287	884
287	2450
288	359
288	466
288	1637
288	3231
288	3444
289	450
289	711
289	890
289	972
289	1106
289	2406
290	422
290	1467
290	1862
290	2675
291	332
291	400
291	434
291	651
291	735
291	1251
291	1932
292	377
292	488
292	563
292	1314
292	1961
293	384
293	425
293	450
293	3414
293	3625
294	483
294	737
294	759
294	1288
294	2253
295	534
295	635
295	1642
295	2021
295	2104
295	3297
296	298
296	1887
296	1948
297	544
297	2490
297	3368
297	3915
298	336
298	631
298	1213
298	1265
298	2702
299	312
299	331
299	934
299	1020
300	728
300	1219
300	1731
301	303
301	1142
301	2890
302	375
302	601
302	779
302	792
302	1309
302	3341
303	749
303	2598
304	350
304	720
304	836
304	1017
304	2102
304	2390
304	2833
305	640
305	965
305	1004
305	1444
305	1928
305	1964
306	398
306	472
306	494
306	597
306	1210
306	3101
307	379
307	602
307	646
307	1425
307	1465
307	2184
307	2252
307	2586
307	3464
308	478
308	612
308	687
308	1227
308	1643
308	2284
308	3234
309	540
309	1419
309	1638
309	3386
310	374
310	1047
310	1072
310	1643
311	1899
311	2389
311	2630
312	2006
312	2377
312	2416
312	3356
312	3846
313	2026
313	3514
314	323
314	494
314	858
314	930
314	2582
314	2628
315	887
315	2275
315	2328
315	2549
315	2769
316	548
316	567
316	583
316	1234
317	1129
317	1746
317	2283
317	2294
317	2328
317	2676
317	2846
317	3555
318	1555
318	1958
318	2418
318	2932
319	386
319	634
319	1201
319	1600
319	2512
319	2986
319	3433
320	389
320	548
320	1477
320	3001
320	3122
321	497
321	662
321	900
321	1366
321	1576
321	2679
321	3207
321	3878
322	1360
322	1933
323	328
323	439
323	787
323	1423
323	3496
324	416
324	649
324	912
324	970
324	2273
324	2610
324	3141
324	3433
325	1399
325	3733
326	402
326	1216
326	1986
326	2107
327	360
327	403
327	512
327	1443
327	1852
328	744
328	997
328	3474
328	3782
328	3872
329	673
329	944
329	1439
329	1978
329	2130
330	348
330	409
330	473
330	1162
330	2637
331	464
331	500
331	643
331	1024
331	1203
331	1551
332	467
332	922
332	2288
333	456
333	615
333	766
333	1860
333	2830
333	2969
333	3549
334	378
334	393
334	435
334	445
334	596
334	832
334	2128
334	2353
334	3641
334	3664
335	551
335	731
335	810
335	1303
335	1633
335	2157
335	2399
335	2811
336	355
336	617
336	720
336	1919
336	2543
337	607
337	1030
337	1869
338	549
338	3792
339	1819
339	3001
340	508
340	926
340	1663
340	3304
341	693
341	906
341	1061
341	1684
341	1687
341	1847
341	2035
341	2710
342	739
342	989
342	1067
342	1188
342	1727
342	3231
342	3271
342	3428
342	3470
343	528
343	2429
343	3140
344	507
344	508
344	1075
344	1221
344	1476
345	730
345	2143
346	917
346	1164
346	1509
346	1746
346	1844
346	1859
346	1973
346	2127
347	441
348	437
348	546
349	453
349	455
349	523
349	615
349	682
349	1474
349	1578
349	1874
349	1979
349	2929
350	454
350	493
350	1315
350	1432
350	2119
350	2660
351	462
351	1158
351	1247
351	2256
351	2274
351	3114
352	1963
352	3865
353	1166
353	2772
353	2985
354	564
354	642
354	1395
354	2157
354	2587
355	2915
356	509
356	1044
356	1928
356	3257
357	819
357	1173
357	1613
357	2378
358	595
358	1146
358	1436
358	3214
359	402
359	1078
359	1556
360	1585
360	2754
361	364
361	460
361	1018
361	1170
361	1258
362	421
362	636
362	1085
362	1444
362	2481
362	2972
363	955
363	1604
363	1734
363	1880
363	3051
364	380
364	1408
364	3426
364	3493
365	413
365	452
365	1192
366	488
366	532
366	541
366	2544
367	433
367	486
367	577
367	827
367	1387
367	3194
367	3494
368	369
368	2236
368	2672
369	556
369	589
369	798
369	867
369	1573
369	3106
370	1059
370	1225
370	1466
371	392
371	799
371	830
371	1007
371	1342
371	3944
372	410
372	556
372	694
372	706
372	1166
372	1614
372	1839
372	2482
372	2505
373	660
373	1083
373	1475
373	3850
374	497
374	1081
374	2058
374	2315
374	2407
374	3500
375	521
375	530
375	1827
375	2075
375	2086
375	3255
375	3316
376	1039
376	1633
376	2422
377	584
377	1426
378	401
378	504
378	760
378	1053
378	1658
378	2062
378	2569
379	625
379	952
379	1477
379	2487
379	2504
379	2837
380	491
380	516
380	543
380	872
380	1206
380	1250
380	2122
380	2595
380	3899
381	762
381	1201
381	1729
381	2667
381	3239
382	559
382	1367
382	2422
382	2915
382	3037
383	408
383	422
383	475
383	575
383	1435
383	2635
383	3542
384	406
384	479
384	586
384	808
384	1043
384	1388
384	1398
384	1940
384	2037
385	608
385	850
385	1133
385	2099
385	2154
385	3670
386	758
386	774
386	1090
386	1496
386	1903
387	572
387	1023
387	1981
388	444
388	727
388	1575
388	1665
388	2059
388	3139
389	577
389	657
389	966
389	1040
389	1177
389	1667
389	1859
390	432
391	393
391	1084
391	1248
392	440
392	504
392	525
392	1103
392	1268
392	2495
393	419
393	968
394	612
394	875
394	1276
394	1401
394	1825
395	794
395	1271
395	1502
395	1788
395	2056
395	2227
396	470
396	817
396	832
396	1001
396	1130
396	1760
396	2068
396	2873
396	3320
397	527
397	557
397	689
397	1377
397	2980
398	419
398	507
398	558
398	990
398	1161
398	1207
399	1449
399	1506
399	1537
399	1564
399	2069
399	2819
399	3090
400	409
400	742
401	580
401	1057
401	2752
402	465
402	498
402	937
402	1080
402	1240
402	1243
402	1767
402	2106
402	3584
402	3770
403	407
403	1207
403	1822
403	2194
404	835
404	1634
404	1714
404	2470
404	3708
405	477
405	1976
405	2471
406	442
406	940
406	1655
407	418
407	420
407	1146
407	1486
407	1889
407	2094
407	3050
407	3691
408	551
408	601
408	925
408	1015
408	1583
408	2344
408	2868
409	929
409	1657
409	2593
409	2682
409	3890
410	502
410	732
410	1266
410	1321
410	1603
410	3518
411	1333
411	1339
411	2892
412	553
412	566
412	709
412	1672
412	1927
412	2092
412	2542
412	3364
412	3981
413	484
413	583
413	1062
413	1977
413	2217
413	3273
414	1048
414	1274
414	1562
414	2955
415	1102
415	1821
415	2392
416	821
416	834
416	847
416	1558
416	2146
416	2760
417	490
417	609
417	625
417	1190
417	1610
417	1815
417	3397
418	641
418	882
418	1519
418	1895
418	2250
418	3283
419	894
419	1282
419	2794
419	2959
419	3486
420	463
420	581
420	1926
421	481
421	515
421	941
421	989
421	1427
422	479
422	576
422	614
422	822
422	1584
422	3494
423	441
423	933
423	946
423	1073
423	1369
423	1726
423	2731
423	2746
423	2761
423	3658
424	460
424	563
424	809
424	1027
424	1042
424	1229
424	1721
424	1937
424	2004
424	3774
425	427
425	568
426	492
426	667
427	745
427	1185
427	1591
428	862
428	1214
428	2109
428	2609
429	796
429	853
429	869
430	743
430	1090
430	1737
430	3859
430	3977
432	579
432	588
432	721
432	1069
432	1100
432	1897
432	2908
432	3335
432	3713
433	534
433	799
433	1050
433	2085
433	2792
433	3689
434	1472
434	1807
434	2120
434	2827
435	826
435	864
435	1130
435	1231
435	1547
436	729
436	886
436	930
436	1409
436	1509
436	1555
436	3922
437	516
437	1614
437	2374
437	2540
437	3217
438	455
438	542
438	741
438	966
438	1367
438	1982
439	752
439	756
439	1871
439	2838
440	558
440	703
440	873
440	2087
441	800
442	2075
442	2673
443	579
443	707
443	764
443	949
443	1400
444	452
444	1781
444	2022
444	2038
445	609
445	696
445	769
445	1149
445	1529
445	1909
445	2408
446	785
446	1394
446	2900
446	3495
446	3971
447	533
447	626
447	924
447	3540
448	3888
449	511
449	945
449	3601
450	496
450	1713
450	3396
450	3545
451	502
451	639
451	735
451	1260
451	1412
452	1651
452	2864
452	3070
453	1829
453	2785
454	669
454	673
454	1029
454	3260
454	3287
455	517
455	587
455	860
456	535
456	1100
456	1405
456	1739
457	537
457	702
457	808
457	849
457	1269
457	1407
458	928
458	1025
458	1125
458	1612
459	1682
460	619
460	841
461	529
461	675
461	870
461	1402
461	2996
461	3139
462	478
462	597
462	822
462	863
462	1223
462	2811
463	717
463	781
463	940
463	962
463	3003
463	3373
463	3533
463	3849
464	1149
464	3199
464	3498
465	894
465	1404
466	3622
467	907
467	1354
467	1674
467	2978
468	622
468	819
468	1228
468	1478
468	1602
468	1694
468	2132
468	3600
469	718
469	1630
469	1660
469	3635
470	571
470	671
470	733
470	846
470	856
470	1336
471	554
471	624
471	730
471	781
471	875
471	1863
471	1979
471	2389
472	1120
472	1541
472	1849
472	2228
472	2943
473	635
474	952
474	1516
474	1959
474	2958
475	545
475	697
475	1791
475	2852
476	672
476	948
476	2444
476	2911
477	482
477	2318
477	3243
477	3900
478	546
478	1059
478	3085
479	938
479	1776
479	1894
479	2403
479	3327
480	555
480	1223
480	1439
480	2384
480	2608
480	3504
481	525
481	775
481	895
481	2023
482	980
483	562
483	642
483	645
483	1538
483	1818
483	1947
483	3103
484	648
484	755
484	824
484	1594
484	1801
484	1916
484	2527
484	2750
484	3866
485	1079
485	2502
485	2897
485	3484
486	678
486	898
486	2300
486	2883
487	616
487	1440
487	3437
488	644
488	662
488	747
488	951
488	995
488	1176
488	1919
488	2606
489	1001
489	1867
490	1628
491	1748
491	1773
491	1920
491	2695
492	2011
493	538
493	1908
493	2135
493	2254
494	1055
494	1820
494	3429
494	3581
494	3730
495	536
495	1069
495	1502
495	3127
496	1193
497	504
497	1297
497	2874
497	3063
498	500
498	1415
498	2660
499	585
499	621
499	1704
499	2553
500	519
500	820
500	1288
500	1364
500	3718
501	573
501	595
501	883
501	1154
501	1533
501	2517
501	3026
501	3811
502	705
502	786
503	771
503	1165
503	1316
503	2069
503	2124
503	2332
503	2605
503	3819
504	543
504	559
504	636
504	1154
504	2560
505	710
505	1125
505	1156
505	1527
505	1732
505	3432
505	3918
506	683
506	910
506	1381
506	3312
507	1036
507	1232
507	1234
507	2366
507	2814
508	562
508	767
508	979
508	1214
508	2146
509	584
509	717
509	1978
509	2054
510	1153
510	1196
510	1756
511	667
511	1620
511	2656
512	599
512	655
512	1368
512	2310
512	2878
513	1878
513	2047
513	3240
514	3757
514	3764
515	518
515	682
515	692
515	1785
515	1818
515	1848
515	2088
515	3591
515	3972
516	806
516	943
516	2322
517	605
517	932
517	1813
517	2577
518	791
518	818
518	929
518	1105
519	633
519	679
519	1138
519	1414
519	2273
520	606
520	1032
520	3857
521	616
521	750
521	762
521	1447
521	1568
521	1705
521	1722
521	2535
521	2539
522	591
522	1238
522	2707
522	3162
523	877
523	1456
523	1491
523	1603
523	1998
523	2358
523	2538
523	2636
524	539
524	3323
525	676
525	1147
525	1831
525	2886
525	3282
526	560
526	1744
526	1937
526	2169
526	2909
526	3441
527	2183
528	1071
528	1861
528	3487
530	668
530	1115
530	1431
530	1752
530	1874
530	3238
531	2146
531	2702
531	3436
532	544
532	747
532	2335
533	613
533	663
533	806
533	868
533	1300
533	1586
534	2504
535	565
535	658
535	1102
535	1678
536	746
536	1942
536	2402
536	3082
537	639
537	1198
537	2592
537	2983
537	3027
537	3961
538	622
538	923
538	1268
538	1559
538	1692
538	1820
538	2567
538	2688
538	3401
539	598
539	599
539	1745
539	2368
539	2705
540	880
540	1021
540	3751
541	1141
541	2155
541	2832
542	606
542	2734
543	613
543	1834
544	652
544	674
544	965
544	1284
544	1841
545	627
545	648
545	654
545	893
545	914
545	1038
546	699
546	1100
546	1226
546	1435
546	2947
547	1003
547	1329
547	1424
547	2087
548	677
548	1030
548	1086
549	933
549	1587
549	2175
550	786
550	2424
550	3105
551	578
551	664
551	676
551	845
551	1788
552	636
552	789
553	593
553	645
553	1092
553	1194
553	1416
553	1751
554	618
554	960
554	974
554	1313
554	2030
554	3491
555	701
555	2592
555	2640
556	1346
556	1778
556	1876
556	1892
556	2160
557	1438
557	2115
557	3654
558	770
558	3975
559	813
559	922
559	2082
559	2380
559	3581
559	3583
559	3605
560	568
560	736
560	1428
560	3268
561	782
561	1337
561	1563
562	1191
562	1783
562	2051
562	2578
562	2857
563	988
563	1038
563	1305
563	2107
563	2294
563	2296
563	3311
564	722
564	1027
564	1395
564	1617
565	665
565	842
565	2414
566	1014
566	1222
566	3007
566	3838
567	631
567	1691
568	569
568	754
568	919
568	927
568	1993
569	706
569	900
569	1062
569	1230
569	2732
570	1228
570	2694
571	582
571	813
571	2737
571	3278
571	3567
571	3654
571	3721
572	790
572	957
572	1801
572	2055
572	2171
572	2400
573	574
573	938
574	725
574	964
574	1113
574	1457
574	1816
575	927
575	2881
576	1256
576	1408
576	1521
576	1909
576	1995
576	2579
577	969
577	1186
577	2976
577	3306
578	600
578	1118
578	1346
578	1573
578	1634
579	2326
579	2716
580	848
580	1307
581	3214
582	826
582	1598
583	982
583	3185
583	3649
584	823
584	1808
584	2443
584	3172
584	3969
585	668
585	1525
585	2430
585	2460
586	2232
586	2433
586	3759
587	588
587	1857
587	2441
587	3383
589	1356
589	1855
590	3372
591	1094
591	1139
591	1662
591	2295
591	3592
592	1468
592	1812
592	2292
592	2309
592	3445
592	3825
593	2363
593	3229
594	1108
594	3623
595	1233
595	2327
595	2563
595	3086
595	3546
595	3640
595	3831
596	1091
596	1263
596	2181
596	2253
596	2782
597	2454
598	652
598	1851
599	1650
600	820
600	1033
601	626
601	1821
601	1853
601	1880
601	3037
602	1010
602	1253
602	1260
602	1422
602	2134
603	1067
603	1121
603	2636
603	3423
604	727
604	1962
604	2348
604	2928
604	3252
605	620
605	1019
605	1081
605	2464
606	1742
606	2156
606	3416
607	823
607	1048
607	2143
607	2530
607	3247
608	783
608	811
608	1134
608	1537
608	1957
608	3036
608	3129
609	712
609	1274
609	2445
610	861
610	1285
610	2139
610	2315
611	3257
611	3401
611	3980
612	659
612	1561
612	2957
613	954
613	1138
613	1305
614	1104
615	980
615	1141
615	1461
615	1925
615	2939
615	3263
615	3449
616	3722
617	981
617	2488
617	3221
618	815
618	857
618	2444
618	2888
619	694
619	711
619	955
620	1753
620	3073
620	3352
621	1875
622	770
622	3212
623	932
623	1145
623	1835
623	3486
624	1589
624	2855
624	3879
625	689
625	1109
625	1894
625	3566
626	880
626	967
626	1454
626	1577
626	1960
626	2062
626	2144
626	2576
627	1021
627	1498
627	1744
627	3713
628	698
628	1006
628	2278
629	763
629	1312
629	1843
630	718
630	2357
630	2566
631	1517
631	2034
631	3292
632	911
632	1380
632	1804
632	2013
633	1588
633	2431
633	2506
634	977
634	1060
634	3281
635	648
635	695
635	1049
635	1422
635	1669
635	2257
635	2267
636	1290
636	1958
637	741
637	751
637	2348
638	1154
638	1365
638	1724
639	648
639	934
639	1317
639	1654
639	2034
639	2356
639	3402
640	939
640	1076
641	982
641	1291
641	1707
641	1789
641	1918
641	1990
642	818
642	853
642	1379
643	1296
643	1332
643	3092
644	884
644	895
644	896
644	993
644	1029
644	1473
644	3809
645	661
645	1068
646	1854
647	714
647	803
647	3461
648	707
648	936
648	1319
648	1876
648	2575
648	3172
649	787
649	892
649	987
649	2277
650	657
650	1145
650	1454
650	1464
650	1611
650	2326
650	3455
651	1850
651	3019
651	3447
651	3595
652	723
652	725
653	916
653	2050
654	1051
654	1307
654	1757
654	2159
654	2739
654	3021
654	3468
655	1591
656	1326
656	1339
656	1636
656	1797
656	1904
656	2138
656	2451
657	854
657	1678
657	1799
657	2966
657	3753
658	683
658	893
658	1261
658	1791
658	3350
659	681
659	2040
659	2198
660	1872
661	1240
661	1789
661	2618
662	829
662	925
662	3449
663	800
663	1287
663	1289
663	2197
663	3800
664	1343
664	1382
664	1485
664	3219
664	3321
665	1442
665	2280
665	2653
665	2775
665	3177
666	724
666	1040
666	1083
666	1404
666	2783
666	3351
667	716
667	881
667	1519
667	2922
668	766
668	2478
668	3202
669	996
669	1077
669	2600
669	3891
670	1607
670	1717
670	1731
670	2394
670	3462
671	673
671	740
671	1902
671	2791
672	1480
672	1645
672	2507
672	2628
672	3558
673	1202
673	1393
673	2381
673	3320
674	703
675	733
675	1041
675	3649
676	687
676	1963
676	3608
677	975
677	1572
678	1044
678	1557
678	2351
679	803
679	1031
679	1729
679	2116
679	3333
679	3994
680	1019
680	1233
680	3441
681	914
682	867
682	1877
683	793
683	1140
683	1257
683	2788
684	1116
684	1211
684	2141
684	3030
685	795
685	1379
685	1491
685	1583
685	1724
685	2199
685	3264
686	849
686	1627
686	1815
687	2949
688	1383
688	1622
688	1960
688	2681
688	2790
689	1277
689	1311
689	1387
690	870
690	1118
690	1455
690	3095
690	3554
691	772
691	1231
691	1483
691	1760
691	2196
691	2255
691	3598
692	1302
692	1905
692	3110
692	3848
693	807
693	1846
693	2340
694	809
694	973
694	1397
694	1561
694	1677
694	3434
695	843
695	1546
695	3734
696	698
696	998
696	1301
697	2492
698	961
698	3590
698	3999
699	2311
699	2719
700	2208
700	2571
700	3024
700	3135
701	3018
702	761
702	976
702	1245
702	1402
703	805
703	1134
703	1474
703	1671
703	1863
703	2083
703	3687
704	714
704	3590
705	721
705	798
705	1372
705	1710
705	2202
705	3011
705	3906
706	968
706	1801
706	3427
707	713
707	715
707	784
707	2472
708	722
708	777
708	885
708	2231
709	946
709	1031
709	1421
709	3185
709	3291
709	3963
710	3634
710	3838
711	1566
711	2237
711	3465
711	3986
712	861
712	1064
713	1070
713	1124
713	1893
713	2468
713	2649
713	3391
714	935
714	992
714	1506
714	1512
715	1047
715	1220
715	1285
715	2071
715	3074
716	1218
716	1482
716	3638
717	1349
717	1469
717	1822
717	2455
718	1357
718	2493
718	3105
719	779
719	2040
719	2910
719	3492
720	846
720	1403
720	2732
720	2896
720	3700
721	1358
721	2122
722	1677
722	2082
722	2332
722	3984
723	862
723	1395
723	1667
724	1855
724	2370
724	3150
725	3533
725	3892
726	3271
726	3437
727	729
727	772
727	1074
727	1188
727	2269
727	3226
727	3821
728	822
728	1944
729	1273
729	1345
729	2816
730	997
730	1009
730	2496
730	3489
731	765
731	851
731	1097
731	1184
731	2172
731	2308
731	2650
731	2661
732	812
732	985
732	2134
732	2294
732	2501
732	3587
733	743
733	983
733	1122
733	3398
733	3592
734	784
734	1259
734	1712
734	1988
735	1034
735	1399
735	1543
736	2093
736	3894
737	788
737	1447
738	941
738	1487
739	2296
739	3563
740	1798
740	3688
741	850
742	1278
742	1441
742	1606
742	1662
742	1779
742	2292
743	1093
743	1260
744	1299
744	1600
744	2242
744	3005
744	3648
745	1424
745	1765
745	2095
745	3281
746	1035
746	2522
746	3451
747	1266
747	1971
747	3410
748	1324
748	1330
748	1429
748	1470
748	1595
748	2408
748	3340
749	838
749	1976
749	2138
749	2195
749	2567
749	2803
750	1105
750	1418
750	3221
751	1010
751	1890
751	2105
752	1690
752	3435
752	3967
753	956
754	808
754	856
754	2120
755	1169
755	2202
755	2691
755	2983
756	2792
757	1311
757	2289
758	844
758	1515
758	2111
759	901
759	1013
759	1024
759	1037
759	1504
760	815
760	1110
760	1648
760	2201
760	3936
761	874
761	1453
761	1468
761	1570
761	1646
761	3639
761	3734
762	773
762	2780
762	3008
763	920
763	1513
763	1922
763	2244
763	2551
763	3143
763	3692
764	769
764	1245
764	1252
764	1497
764	2808
765	1335
765	1935
765	2365
765	2487
765	2968
765	3573
766	983
766	1099
766	1141
766	1792
766	3118
766	3413
767	780
767	1785
768	1759
768	2622
768	2740
769	876
769	1362
769	1973
769	2869
770	1619
770	2977
771	917
771	1679
771	2300
771	3171
772	833
772	1114
772	1312
772	3326
773	872
773	967
773	1813
773	1850
774	1300
774	2020
775	1333
775	1378
776	957
776	1039
776	1983
776	3124
777	1587
777	1870
778	964
778	969
778	2449
778	3371
778	3530
779	827
779	2148
780	1128
780	1524
780	2976
780	3067
780	3276
781	909
781	1135
781	1921
781	2017
781	2203
781	3315
782	1212
782	1241
782	1496
782	1655
782	1930
782	3170
783	1280
783	1707
783	2509
783	2556
783	3968
784	1163
784	1340
784	1460
784	2638
785	3459
786	855
786	897
786	1867
786	2322
786	3716
787	1662
787	1830
787	3035
788	825
788	888
788	916
788	3244
788	3576
789	1534
789	2114
789	2607
790	1013
790	1811
791	1972
791	2499
792	854
792	1328
792	1975
793	902
793	976
793	1007
793	1192
793	1554
793	3033
793	3118
793	3499
794	970
794	1763
794	1937
794	2133
794	2562
794	2662
795	865
795	1196
795	1564
795	1858
795	1900
795	2803
796	1535
796	1552
797	990
797	1569
797	2377
797	3711
797	3904
798	957
798	2793
799	801
799	950
799	2680
800	1020
800	1186
800	1206
800	1446
800	1765
800	3153
801	905
801	1361
801	1917
801	2030
802	2520
803	978
803	1377
804	817
804	2865
805	1313
805	1768
805	2009
805	3440
806	909
806	1244
806	1706
806	3133
807	1216
807	1626
807	1628
807	2137
807	2186
807	2420
807	3338
808	881
808	1969
808	2215
808	3095
808	3189
809	1325
809	1706
809	1775
809	1860
809	2813
809	3513
810	837
810	2343
810	2671
810	3198
810	3204
810	3784
811	836
811	837
811	984
811	1011
811	1045
811	1265
812	1352
812	3242
812	3676
813	1695
813	3244
813	3297
813	3348
813	3977
814	991
814	1026
814	3284
815	1195
815	2484
816	1017
816	1518
817	3923
818	842
818	1041
818	3982
819	904
819	2483
820	1051
820	1420
820	2828
820	3343
820	3833
821	885
821	1237
822	926
822	1353
822	1652
823	2354
823	3302
823	3631
823	3921
824	1217
824	1624
824	1715
824	2475
824	2615
824	2933
825	1275
825	1508
826	831
826	1741
827	3168
828	2568
829	1481
829	2121
829	2236
830	879
830	1099
830	1605
830	1844
830	2376
830	2945
830	3331
832	1317
832	2838
832	2966
832	3761
832	3854
833	859
833	866
834	841
834	1283
835	2203
835	3659
836	1401
836	1722
836	2505
837	1080
837	2054
838	1448
838	2432
838	3006
838	3773
839	907
839	2620
839	2771
840	959
840	3644
841	1338
841	2330
841	2526
841	3747
842	1476
843	848
843	886
843	1620
844	2743
844	3909
846	994
846	1635
847	1140
847	1740
847	2766
849	2627
850	1913
851	1456
851	2227
851	2295
851	2316
851	2843
851	3954
852	908
852	1251
853	1006
853	1046
853	1272
853	1596
853	2861
853	3332
854	1233
854	1281
854	2117
854	3344
854	3672
855	1167
855	1229
855	1331
855	3271
856	873
856	903
856	1114
856	1144
856	1875
856	2916
857	1649
857	1696
857	2167
857	3946
858	911
858	1061
858	1170
858	2405
859	868
859	1675
859	2362
859	2524
860	1089
860	1119
860	1733
860	2589
860	3444
860	3483
861	944
861	1016
861	1299
861	1581
861	1649
862	1112
862	3564
862	3789
863	1060
863	2123
863	2396
863	2503
863	2569
863	2706
863	3180
864	2365
864	3016
865	2339
865	2496
865	3987
866	887
866	904
866	1256
866	1357
866	1864
867	1068
867	1246
867	1530
867	1811
867	3306
868	1085
868	1194
868	3497
868	3830
869	1121
869	2841
870	912
870	1580
870	2097
870	2699
871	2041
872	1505
872	2541
872	3987
873	994
873	1257
873	2965
874	971
874	1334
874	1575
875	1127
875	1919
876	1675
876	2898
877	1918
877	2778
877	3142
877	3328
878	1167
878	1536
878	1704
879	913
879	999
879	1428
879	1621
879	2403
879	2873
879	3154
880	1157
880	1518
880	1868
880	2184
881	2573
882	906
882	1054
883	1413
883	1471
883	1701
883	2804
884	2372
884	2470
885	1128
885	3937
886	1133
886	1945
887	1218
887	1866
888	995
888	1487
888	2709
888	3287
889	1087
889	2006
889	2090
889	2741
890	921
890	2028
890	3788
891	1373
891	2127
892	1935
892	2668
893	1053
893	2084
893	2329
893	2360
893	3871
894	1208
894	2181
894	2297
894	2397
894	3438
895	1101
895	1567
895	1664
895	2404
896	1093
896	1348
896	1682
896	1981
896	2536
897	1179
897	3109
898	1507
898	2410
898	2804
899	2557
899	3818
900	993
900	1782
901	1112
902	1028
902	1249
902	1323
902	1354
902	3425
902	3466
902	3683
903	1230
903	1452
903	3335
904	1056
904	2956
905	1865
906	1988
906	2002
906	3316
906	3979
907	1012
907	1052
907	1277
907	2217
907	2607
907	2759
908	958
908	2387
908	3096
909	1549
909	2479
909	3013
911	1550
911	2240
911	3547
912	1565
912	2114
912	2263
913	1016
913	1095
913	1586
913	2231
913	2698
914	948
914	2345
915	1143
915	1498
915	1507
915	2138
915	2379
915	2719
915	3140
915	3952
916	1018
916	1058
916	3560
917	945
917	1002
917	1304
917	2191
917	3351
918	1244
918	2026
918	2049
918	2084
918	2350
919	1205
919	1293
919	1781
919	2562
920	1697
920	2230
920	2464
920	3382
920	3632
921	2447
921	3551
923	1150
923	1197
923	2456
923	2821
924	2590
924	2984
924	3463
924	3578
925	1239
925	1945
925	3031
926	3704
927	1289
927	3135
927	3690
928	1390
928	2063
928	3002
928	3475
929	3014
929	3051
929	3499
930	978
930	2736
930	3374
931	1182
931	1490
931	2208
931	3018
931	3065
931	3523
931	3610
932	1137
932	3569
933	1323
933	1381
933	2766
933	3443
933	3474
933	3942
934	1389
934	2880
934	3454
935	1012
935	1215
935	2025
936	2201
936	2685
936	2749
937	1169
937	2700
937	3426
938	1199
938	2271
938	3799
939	1501
939	2200
939	2981
939	3673
940	3851
941	1380
941	3930
942	1109
942	1666
942	2475
942	3012
942	3170
942	3806
943	1001
943	1283
943	2367
943	2558
944	1408
944	3057
944	3978
945	1711
945	1763
945	2990
945	3381
947	1148
947	1495
948	1108
948	3259
948	3516
950	1390
950	1550
950	2150
951	1136
951	2421
951	2507
952	1178
952	2814
952	3006
952	3020
953	2849
954	1392
955	1034
955	1793
955	2720
955	3955
956	961
957	1663
957	3009
958	1204
958	1279
958	1292
958	1958
958	2096
958	2536
959	971
959	1028
959	1255
959	2023
959	2824
960	1111
960	1330
960	3176
960	3544
960	3917
961	986
961	1353
961	2057
961	3045
961	3381
962	1078
962	1171
962	3346
963	1745
963	1806
963	2196
964	1220
964	2656
965	1045
965	2673
967	1002
967	1467
967	2211
967	3645
968	1208
968	1267
968	2699
968	2726
968	2753
968	2991
968	3793
969	1097
969	1129
969	3611
969	3852
970	1327
970	3973
971	1362
971	1396
971	1597
971	2073
972	1554
972	1601
972	2055
972	2071
972	2338
974	1238
974	1471
974	2265
975	1346
975	1647
975	2347
976	1222
976	1400
976	1955
976	3916
977	1262
977	1862
977	3010
978	1625
978	2682
978	3002
978	3356
978	3541
978	3880
979	1155
979	1446
979	2223
979	2310
980	1235
980	1798
981	1086
981	3047
982	993
982	1075
982	1457
982	1807
982	2220
982	3458
982	3636
982	3689
983	1347
983	2159
984	1371
986	1521
986	3829
987	1629
987	2926
987	3519
988	1122
988	2007
988	2672
988	3025
988	3940
989	1143
989	2262
989	2307
989	2413
989	2500
989	2658
990	1465
990	1856
990	1949
990	3707
991	1000
992	1384
992	1689
992	2846
992	3427
993	2266
993	3028
994	2256
994	2941
994	2972
995	1119
995	1376
995	1545
995	2817
996	1359
996	1903
996	2999
996	3957
997	1183
997	1278
997	2849
998	1450
998	1463
998	2935
998	3004
998	3148
998	3728
999	1057
999	1870
999	1965
999	2305
999	3004
999	3116
1000	3045
1000	3482
1000	3929
1001	2190
1001	2902
1001	3435
1002	1008
1002	1588
1002	1895
1002	2074
1002	2763
1002	3966
1003	1147
1003	3553
1004	1022
1004	1475
1004	1984
1005	1344
1006	1398
1006	2021
1007	1082
1007	3339
1008	1096
1008	2467
1009	2691
1009	2943
1009	3555
1010	2268
1010	2338
1010	2375
1012	1710
1012	2418
1012	3046
1012	3050
1012	3974
1013	1987
1014	1065
1014	1679
1014	1832
1014	2701
1015	1735
1015	2254
1016	1127
1016	2981
1017	1420
1017	1773
1017	2478
1018	1999
1018	2962
1018	3062
1019	1364
1019	1485
1019	1825
1019	1896
1019	2514
1019	3737
1020	1690
1020	1768
1020	2472
1020	2986
1020	3779
1021	1798
1021	2553
1021	3481
1022	1033
1023	2321
1023	3134
1023	3317
1023	3857
1024	1181
1024	1397
1024	1469
1024	1547
1024	2748
1024	3582
1025	1885
1025	2133
1025	3124
1026	1691
1026	3078
1027	1757
1027	3472
1028	1987
1028	2941
1029	1180
1029	1316
1029	2281
1029	2301
1029	2938
1029	2983
1030	1819
1030	2737
1030	3102
1031	1254
1031	1599
1031	1978
1031	2068
1031	2656
1031	2760
1032	2431
1032	3524
1033	1728
1033	1770
1033	2303
1034	1187
1034	1241
1034	1680
1034	2103
1035	1104
1036	1345
1036	2489
1037	2154
1037	2270
1037	2633
1038	1084
1038	1695
1040	1747
1040	2032
1040	2425
1041	1440
1042	1650
1042	1699
1042	3253
1043	1784
1043	2123
1044	1629
1044	1709
1044	2305
1045	2022
1045	2039
1045	2469
1045	2614
1045	2705
1046	1848
1047	1200
1047	1374
1048	1302
1048	1393
1048	1562
1048	2176
1049	1403
1049	2331
1049	3077
1049	3712
1050	1351
1050	1538
1051	2918
1051	3251
1052	1660
1053	1500
1053	1868
1053	3751
1053	3814
1054	1212
1054	1396
1054	1513
1055	1938
1055	2394
1055	2762
1056	1858
1056	2234
1057	1796
1059	1189
1059	1461
1059	2083
1059	3925
1060	1701
1060	3025
1062	1254
1062	1637
1062	1693
1062	1743
1062	2323
1063	1309
1063	1451
1063	1910
1063	2948
1063	3158
1064	1585
1064	2801
1065	2228
1066	1536
1066	2014
1066	2557
1067	1567
1068	1142
1068	1275
1068	2577
1068	3561
1069	2304
1069	2480
1070	1433
1070	2177
1070	2626
1070	2712
1070	3535
1071	1712
1071	1721
1071	3926
1072	1777
1072	2177
1073	1503
1073	2727
1073	2971
1073	3119
1074	1955
1075	2235
1076	1174
1076	1232
1076	2088
1077	2289
1078	1308
1078	2286
1079	2276
1079	2553
1079	3661
1081	1434
1081	2424
1082	1163
1082	1734
1082	3061
1082	3973
1083	1193
1083	2060
1083	2287
1083	3329
1084	1338
1084	1758
1084	2738
1085	1088
1085	1321
1085	1967
1085	2161
1085	2317
1085	2971
1085	3789
1086	1135
1086	3937
1087	1236
1087	1885
1087	3108
1088	1747
1089	1488
1089	2927
1089	3323
1090	1549
1090	2946
1091	1797
1091	2873
1092	2183
1092	2283
1092	2786
1092	3360
1093	1204
1093	1571
1093	1668
1093	1792
1093	2399
1093	3483
1094	2924
1095	1466
1095	1528
1096	1602
1096	1968
1097	1483
1097	1523
1097	1806
1097	3267
1098	1913
1098	1967
1098	3969
1099	2045
1099	2737
1099	2847
1100	3827
1101	2059
1101	3133
1102	2652
1103	1168
1103	1308
1103	1615
1103	2789
1103	3052
1104	1152
1104	1683
1104	2178
1105	2565
1106	1661
1106	1662
1107	1172
1107	2066
1107	2077
1109	2239
1109	3454
1110	1539
1110	1946
1111	1431
1112	1286
1112	1437
1112	2581
1112	3583
1113	2647
1114	1530
1114	1735
1114	2052
1115	1644
1115	3254
1116	1956
1116	2071
1116	3000
1116	3704
1117	1642
1118	1450
1118	2092
1119	1730
1119	1891
1119	2357
1119	3411
1120	1287
1120	1844
1120	1934
1120	3465
1120	3795
1121	2125
1123	1249
1123	1644
1123	2213
1123	3846
1123	3920
1124	1837
1124	1930
1124	2807
1124	2867
1125	1295
1125	1596
1125	2721
1125	3824
1126	1310
1126	1834
1126	3149
1127	1221
1128	2844
1129	2242
1129	2454
1130	1426
1130	2153
1130	2188
1130	3071
1131	1158
1131	3378
1131	3633
1132	1619
1132	1794
1132	3644
1133	1209
1133	1284
1133	1351
1133	2028
1133	2367
1134	1632
1134	1904
1134	1956
1134	1991
1135	1203
1135	1612
1135	2809
1136	2696
1136	2733
1137	1294
1137	1840
1137	1936
1137	2131
1137	2409
1137	3144
1138	1139
1138	1452
1138	3415
1139	1172
1139	2182
1139	2755
1140	3392
1141	2260
1141	2473
1141	3277
1141	3451
1142	1189
1142	1242
1142	1386
1143	1332
1143	1803
1143	2903
1144	1525
1145	2851
1145	2926
1145	3165
1146	2758
1146	3206
1147	2142
1147	2193
1147	2865
1147	3380
1147	3847
1148	2168
1148	3526
1149	1889
1149	2029
1149	3368
1149	3799
1150	1994
1150	2158
1150	2561
1151	1228
1151	2916
1151	3066
1151	3645
1152	1458
1152	2306
1152	2743
1152	2950
1152	3081
1153	2480
1153	3353
1154	1484
1154	3770
1155	1996
1156	1522
1156	1814
1156	2516
1156	2531
1157	2334
1157	2485
1158	1654
1158	2207
1159	1720
1159	1749
1160	2363
1161	1646
1161	2079
1161	2789
1161	3820
1162	1625
1162	1772
1162	1883
1162	3786
1163	1318
1163	1990
1163	3543
1164	1840
1164	2744
1164	2993
1165	2617
1165	3100
1166	1411
1166	1690
1166	3120
1166	3409
1167	1430
1167	1882
1167	3879
1168	1190
1168	1198
1168	1324
1169	1385
1169	1658
1169	1954
1169	2074
1169	2118
1169	2940
1169	2949
1170	1262
1170	1271
1170	2216
1170	2299
1171	1796
1171	2245
1171	2369
1171	3305
1172	1624
1173	1344
1173	1702
1173	2185
1174	1419
1174	1908
1174	3780
1175	2533
1175	3490
1176	2212
1176	2235
1176	3354
1176	3909
1177	1947
1177	1982
1177	2012
1177	2096
1177	2260
1177	2376
1178	1353
1178	2875
1179	2051
1179	3919
1180	2098
1180	2225
1180	2564
1181	1247
1181	1937
1181	2063
1181	3757
1182	1224
1182	1441
1182	1571
1182	1615
1182	3610
1183	1276
1183	1887
1183	1991
1184	1215
1184	1329
1184	1977
1184	2151
1185	1952
1185	2213
1185	2484
1185	2606
1186	3010
1187	1607
1187	1758
1187	2336
1187	2589
1187	2651
1187	3358
1188	1736
1188	2204
1188	2781
1189	1543
1189	2412
1189	2644
1190	2741
1191	1449
1192	3406
1193	1956
1193	2372
1193	3571
1194	1780
1194	1972
1194	2479
1195	2971
1195	3285
1196	1553
1196	1733
1196	3832
1197	1700
1197	1777
1198	3388
1199	2511
1199	2882
1199	3617
1199	3668
1200	1270
1200	1784
1200	2700
1200	3093
1200	3293
1201	2149
1201	2388
1201	2627
1202	1787
1202	3199
1202	3625
1204	1371
1204	1932
1204	1980
1204	3958
1205	1370
1205	2430
1205	2720
1205	3843
1206	1673
1207	2359
1207	2629
1207	3656
1208	1229
1208	2351
1208	3078
1208	3630
1208	3982
1209	1462
1209	2497
1210	1786
1210	2535
1210	3304
1211	3887
1212	2264
1213	1553
1214	1417
1214	1477
1214	3228
1214	3865
1215	1529
1215	3484
1215	3813
1216	2005
1216	3633
1217	1279
1217	2224
1218	1769
1218	2144
1218	2862
1218	3462
1219	3935
1220	1394
1220	2042
1220	3076
1221	1267
1221	1430
1221	1823
1221	2445
1221	3055
1221	3693
1222	2010
1222	3127
1223	1360
1223	1361
1223	1445
1224	2251
1224	2955
1224	3102
1225	1898
1226	1341
1226	1461
1226	1831
1226	1911
1227	1854
1227	2139
1227	3457
1227	3675
1227	3781
1229	3553
1230	1306
1230	2378
1230	3575
1231	1579
1231	2537
1232	1341
1232	1830
1232	2343
1232	3914
1233	1400
1233	1778
1233	1846
1233	3791
1234	1653
1234	2039
1234	3895
1235	1432
1235	1514
1236	1433
1236	1481
1236	3904
1237	1852
1237	2419
1237	3452
1238	1503
1238	1569
1238	2632
1238	2810
1238	2983
1239	3570
1240	1826
1241	3924
1242	1520
1242	2000
1242	3074
1242	3563
1243	1544
1244	1681
1244	2510
1244	3146
1245	1790
1245	3404
1246	1970
1247	1406
1247	1442
1247	2770
1248	1557
1248	2387
1248	2884
1248	3622
1249	1386
1249	1649
1250	1499
1250	2067
1250	2077
1250	3412
1250	3537
1251	1616
1251	2859
1251	3113
1252	1448
1252	2779
1252	2800
1253	1391
1253	1406
1253	1931
1253	2004
1253	3257
1253	3995
1256	1260
1256	2828
1257	2215
1257	2428
1258	2246
1259	1534
1259	2774
1260	2366
1260	2574
1261	1303
1262	1838
1263	2659
1265	1479
1266	1319
1266	3784
1267	1713
1267	3330
1267	3503
1267	3840
1268	1674
1268	2540
1268	3997
1269	1922
1269	2211
1270	1762
1270	2169
1270	2950
1271	3132
1272	1342
1272	1901
1273	1282
1273	2806
1273	3869
1274	1460
1274	1943
1274	2048
1274	3023
1276	1425
1276	2942
1276	3620
1277	2619
1277	3994
1278	1494
1278	2452
1278	2798
1279	1685
1280	1298
1280	1540
1280	1568
1281	1552
1281	1933
1281	1953
1282	1762
1282	2483
1283	1856
1283	3088
1283	3515
1284	1686
1284	2319
1284	3179
1284	3764
1285	1369
1285	1671
1285	3309
1286	1374
1286	3811
1286	3824
1287	1388
1287	1510
1287	3409
1288	2187
1289	2170
1289	2546
1289	2783
1289	3177
1290	1370
1290	1409
1290	3905
1291	1528
1291	1940
1291	2359
1292	2304
1292	3113
1292	3931
1293	2466
1293	2622
1294	1565
1294	1884
1294	2420
1294	3339
1295	1416
1295	2416
1296	1795
1297	1322
1297	2161
1297	2395
1297	2527
1297	2674
1297	3678
1298	1651
1298	1656
1299	1421
1299	1426
1299	1608
1299	3741
1299	3910
1301	1355
1301	3191
1302	1415
1302	1506
1302	3089
1302	3794
1303	1375
1303	1535
1304	1833
1304	3652
1305	1492
1305	3260
1306	3993
1307	1429
1307	1540
1309	3075
1309	3896
1310	1340
1310	1445
1310	2080
1310	2456
1311	1425
1311	1541
1311	2053
1311	2476
1312	1495
1312	3809
1313	1438
1313	1987
1313	2349
1313	3310
1314	1556
1314	2352
1316	1767
1316	2433
1316	2663
1317	1686
1317	1901
1317	3117
1317	3887
1318	2106
1318	2408
1318	3476
1319	2421
1320	1623
1321	1355
1321	3059
1322	2464
1323	1376
1323	1443
1323	1844
1323	2085
1323	2561
1323	2576
1324	1365
1324	1417
1324	1694
1324	2234
1325	2170
1326	1385
1326	1743
1326	3675
1327	1395
1327	1493
1327	2671
1327	3773
1328	1634
1328	1936
1328	1974
1328	2015
1328	2434
1328	2886
1329	3998
1330	1865
1331	1492
1331	1508
1331	2005
1331	3551
1333	2259
1333	3144
1334	1526
1334	3974
1335	2571
1335	3862
1336	3659
1338	1994
1339	1996
1340	1794
1340	2065
1340	2582
1340	3452
1340	3543
1340	3787
1341	1458
1341	1577
1341	2012
1341	3421
1342	2081
1342	2685
1343	1676
1343	2554
1343	3028
1343	3388
1343	3812
1344	1350
1344	1493
1344	1505
1344	1638
1344	3198
1344	3580
1345	1411
1345	1758
1345	1812
1345	3363
1346	2384
1346	3087
1346	3717
1347	1405
1347	2048
1347	3603
1348	1684
1348	3718
1349	1702
1349	2654
1350	1510
1350	2156
1351	1892
1352	1878
1352	3116
1353	2423
1353	2521
1354	1578
1354	1946
1354	2025
1354	2565
1354	2986
1355	1718
1355	2010
1355	2903
1355	2982
1355	3837
1356	3085
1357	1626
1357	1810
1357	2100
1357	2226
1357	3671
1358	1608
1358	3130
1359	2529
1362	1478
1362	2282
1362	2879
1362	3044
1364	1676
1364	3182
1364	3817
1365	1816
1365	3094
1367	1703
1367	1883
1369	2249
1370	1576
1370	1582
1370	3166
1371	1687
1371	3467
1372	3265
1372	3781
1374	1489
1374	1494
1374	2818
1375	1653
1377	1545
1377	3779
1378	2186
1379	1845
1379	2594
1379	2899
1379	3365
1381	2438
1381	2623
1382	1527
1383	3230
1384	2524
1384	3125
1385	1929
1385	3996
1386	1881
1386	2371
1387	1769
1387	2611
1387	2634
1388	2064
1388	3228
1389	1711
1389	2061
1389	3371
1389	3566
1389	3703
1390	1499
1390	2683
1391	1920
1391	1926
1391	3710
1392	2324
1392	3212
1392	3543
1393	2641
1394	3546
1395	2772
1396	1604
1396	1708
1396	3628
1397	1894
1397	2973
1397	3208
1398	2612
1398	2860
1398	3115
1398	3173
1399	1723
1399	1872
1399	2975
1400	1622
1403	1761
1404	2910
1404	2988
1405	1998
1407	1414
1408	1551
1408	1877
1408	2729
1408	3390
1409	1560
1409	1755
1411	2003
1411	2388
1411	2942
1413	1418
1413	1459
1413	1523
1413	1715
1413	2635
1414	1954
1414	2570
1414	2713
1414	3171
1415	1472
1415	3463
1415	3651
1416	1915
1416	2405
1417	2489
1418	3642
1418	3927
1419	2209
1419	3919
1420	1696
1420	2280
1421	1470
1421	2220
1421	2510
1421	2590
1421	3379
1421	3488
1422	2248
1423	1802
1423	3769
1424	1480
1424	2459
1425	2084
1425	2383
1425	2729
1425	2893
1426	2020
1426	3326
1427	1697
1427	1838
1427	3060
1427	3642
1428	2018
1428	2506
1428	3245
1428	3345
1429	3216
1430	1688
1430	1924
1430	2318
1430	2777
1430	2799
1431	1730
1431	1916
1431	1975
1431	2014
1431	3210
1432	1459
1432	2106
1434	2725
1434	3280
1435	1723
1435	2313
1436	1764
1436	1888
1436	2725
1436	2999
1437	3038
1438	2166
1438	3079
1438	3247
1439	1999
1439	3090
1439	3434
1440	3202
1441	1539
1441	3876
1442	1546
1442	2973
1443	1725
1443	1883
1445	1558
1445	2008
1445	2602
1446	1737
1446	2834
1448	1641
1448	3681
1448	3723
1449	1589
1449	3819
1450	2494
1450	3780
1451	2275
1451	3130
1453	1618
1453	3375
1454	2189
1454	3782
1455	1845
1455	3929
1456	1546
1456	2165
1456	2306
1456	2636
1456	2813
1456	2970
1457	2687
1457	3012
1457	3959
1458	1639
1458	2386
1458	3032
1459	1545
1459	1980
1459	2285
1459	3641
1459	3714
1460	1531
1460	2498
1461	3511
1462	1511
1463	3121
1464	3531
1466	2531
1466	3333
1466	3382
1466	3744
1467	1997
1467	2218
1467	3502
1467	3836
1468	2008
1468	3900
1469	3197
1469	3806
1470	1719
1470	2519
1471	1659
1472	1605
1472	2588
1472	2589
1472	3209
1472	3868
1474	2659
1474	2987
1475	2706
1475	3857
1477	2461
1477	3084
1478	1741
1478	1766
1478	2552
1478	3340
1479	1716
1479	1786
1479	1971
1480	1717
1480	3043
1481	1592
1481	1810
1482	1902
1482	2880
1482	3395
1482	3403
1483	2149
1483	2459
1485	2080
1485	2199
1485	3087
1486	3984
1487	1574
1487	2240
1489	2928
1490	1771
1490	2192
1490	2323
1490	3123
1491	1851
1493	1775
1493	2632
1493	3676
1494	2953
1494	3186
1495	1793
1496	2409
1497	2239
1497	2247
1498	3598
1498	3921
1500	2016
1501	3691
1501	3855
1502	3313
1503	1681
1503	2866
1503	3099
1503	3910
1504	1668
1504	3194
1505	2036
1505	2375
1505	2593
1505	2968
1506	1781
1506	2321
1507	3033
1507	3481
1507	3619
1508	2448
1509	1971
1509	3975
1510	1879
1511	2035
1511	2921
1511	3613
1512	1531
1512	1548
1512	2451
1512	2645
1512	3924
1513	1748
1513	2822
1513	3069
1514	1720
1514	1992
1515	1545
1515	2337
1516	1544
1516	1986
1516	2690
1516	3319
1519	1755
1519	2212
1519	2385
1519	2958
1519	3258
1520	2346
1522	3315
1523	1708
1523	1803
1523	3112
1524	1630
1524	1742
1525	1688
1525	2325
1525	2523
1525	3635
1527	2375
1527	3149
1527	3225
1528	1621
1528	2219
1529	3237
1529	3894
1530	1647
1531	2171
1532	2373
1533	3211
1534	1993
1534	2515
1535	1690
1535	1961
1535	3999
1536	1548
1536	2773
1536	3600
1538	1692
1538	1738
1538	2689
1538	3878
1539	2869
1540	2839
1541	1754
1541	3828
1542	1842
1542	2906
1543	2229
1543	2301
1544	2539
1544	2692
1544	3262
1546	1832
1546	2861
1547	2731
1547	2952
1548	3109
1548	3552
1549	2036
1549	3646
1550	1761
1550	3754
1551	1883
1551	3114
1551	3184
1552	1783
1552	3547
1554	2216
1555	3366
1557	1606
1557	2158
1557	2244
1557	2249
1557	2279
1558	3097
1559	1581
1559	3070
1560	2711
1560	2836
1561	2532
1561	3711
1562	3537
1563	2784
1563	3262
1564	1609
1564	2770
1565	1584
1565	2000
1565	3439
1565	3755
1566	2785
1566	3470
1567	2079
1567	2121
1568	2016
1569	1641
1569	1739
1569	2047
1569	2664
1570	1931
1570	2739
1570	2979
1570	3560
1571	2427
1571	2601
1571	3872
1572	2617
1573	1574
1573	3184
1574	2178
1574	3138
1574	3557
1575	1995
1575	2855
1576	1934
1576	2241
1577	1640
1577	2099
1577	2320
1577	3715
1578	2137
1578	3510
1580	2432
1580	2639
1580	2724
1580	3178
1580	3849
1582	1891
1582	1964
1582	3818
1583	1652
1583	3616
1584	1907
1584	2180
1586	1705
1586	2757
1586	3375
1587	3679
1588	2291
1588	2408
1588	3196
1589	1640
1589	1665
1589	1740
1589	1752
1589	2238
1590	1673
1590	2129
1590	2975
1590	3965
1591	2067
1591	2841
1591	3629
1592	2697
1593	3013
1593	3327
1594	1901
1594	1985
1594	2920
1594	2934
1594	3073
1595	2112
1596	1957
1597	1800
1597	2953
1597	2974
1601	1718
1601	1881
1602	2056
1603	1659
1604	2233
1604	2317
1605	3156
1605	3643
1606	2136
1607	2333
1607	2726
1607	3229
1607	3238
1608	1693
1608	2345
1608	2443
1608	2495
1609	2018
1610	1938
1610	2152
1610	2605
1610	3029
1610	3215
1610	3701
1611	1826
1611	2368
1612	1751
1612	2638
1612	2642
1613	2894
1614	1639
1614	1805
1615	3777
1615	3943
1616	2334
1616	3000
1617	1966
1617	3342
1618	1728
1618	1950
1619	2638
1620	1893
1620	3076
1621	1656
1621	3595
1621	3875
1622	2173
1622	3179
1623	3460
1623	3842
1625	1631
1625	2823
1625	2960
1625	2995
1626	2637
1626	3288
1626	3787
1627	2142
1627	2148
1627	2767
1627	2936
1627	3152
1628	2971
1629	2029
1630	2209
1630	2520
1631	1689
1631	3425
1632	3870
1633	1754
1633	1861
1634	2711
1634	2747
1635	2002
1635	3192
1635	3279
1635	3309
1635	3638
1636	2572
1636	3196
1637	1911
1638	1857
1638	2710
1638	3745
1639	2723
1639	3511
1640	2214
1641	2117
1641	2712
1641	3802
1642	2641
1643	1853
1643	3270
1643	3726
1643	3932
1644	2831
1644	3709
1645	2763
1646	1757
1646	3063
1647	1719
1647	1912
1648	2817
1649	1685
1649	2102
1649	2815
1649	3008
1650	3163
1650	3768
1651	2896
1652	1823
1652	3314
1652	3362
1652	3891
1653	1970
1654	1703
1654	2113
1654	2713
1654	2722
1655	1772
1655	1780
1655	3637
1656	2570
1657	2238
1658	2908
1658	3200
1658	3769
1659	1940
1659	2747
1659	3507
1661	1766
1661	2533
1661	3671
1662	1669
1662	3015
1662	3219
1662	3366
1663	2448
1663	2757
1664	2089
1665	1774
1666	3110
1667	3400
1669	2419
1669	2467
1669	3405
1670	2574
1671	2453
1671	2559
1671	2936
1672	2717
1674	2809
1674	3325
1675	3948
1676	3195
1677	3022
1677	3268
1679	1912
1679	2223
1679	2358
1679	2528
1679	3137
1680	1870
1680	3402
1681	2126
1682	2822
1683	1940
1683	3774
1685	1789
1685	3453
1686	2541
1686	2786
1686	3515
1687	1790
1687	3831
1688	2676
1688	3897
1689	3088
1690	1776
1691	2503
1692	2820
1692	2983
1693	3406
1693	3525
1694	2145
1695	3132
1696	1727
1696	1736
1696	1749
1696	2019
1697	1824
1697	2414
1698	2309
1698	2842
1698	3446
1699	2132
1699	3377
1701	1809
1701	2353
1701	3101
1702	2221
1703	1930
1703	2163
1704	2031
1704	2767
1704	2936
1704	3336
1705	2761
1706	2330
1706	2463
1706	2824
1707	2735
1708	2101
1709	2037
1709	3717
1710	3431
1711	2022
1711	2271
1711	2558
1712	2361
1712	2771
1712	3124
1712	3338
1713	1989
1714	2623
1715	3899
1716	2858
1716	2925
1717	3840
1718	3206
1719	2089
1721	3104
1722	2386
1722	2578
1723	2104
1723	2356
1724	2076
1724	2314
1724	2723
1724	3030
1724	3808
1725	3190
1726	1910
1726	2556
1726	3512
1727	1770
1727	3392
1728	2624
1729	1923
1729	3014
1729	3164
1730	1942
1730	2759
1730	3482
1730	3850
1731	3056
1731	3372
1731	3457
1731	3618
1731	3725
1733	1757
1734	3455
1735	2429
1735	2963
1736	2871
1736	3532
1737	2176
1737	2303
1737	2391
1737	2618
1738	3019
1739	2070
1740	2108
1740	2537
1740	3689
1741	3637
1741	3734
1743	2024
1743	2428
1744	2258
1745	2071
1745	2110
1745	2112
1745	3484
1746	2001
1747	2257
1747	2278
1748	1883
1748	2147
1748	2631
1749	2458
1749	3181
1750	2019
1750	2087
1750	2788
1750	3924
1751	3467
1751	3868
1753	1952
1753	3420
1755	2015
1755	2450
1755	2471
1755	3068
1755	3341
1756	1929
1756	3389
1756	3517
1757	3318
1757	3534
1757	3911
1758	1944
1758	2651
1758	3692
1759	2812
1761	1817
1761	2252
1761	3053
1763	3970
1764	3062
1765	2740
1765	3192
1769	1781
1769	2379
1769	3069
1770	1968
1770	2078
1770	2532
1770	3805
1771	3763
1772	3039
1773	2208
1773	2287
1773	3164
1773	3313
1773	3643
1774	2293
1774	2758
1774	2894
1774	3662
1775	1866
1775	2563
1775	3941
1776	2200
1776	2669
1776	3407
1777	2372
1777	2444
1777	2621
1777	2947
1777	3216
1777	3407
1778	2245
1778	2502
1778	3699
1779	2934
1779	3334
1781	1787
1781	3453
1782	1959
1783	1833
1783	3486
1783	3666
1785	1801
1785	3963
1786	2241
1786	2633
1787	2210
1787	3496
1787	3921
1788	1950
1788	2994
1789	2663
1791	3119
1792	2692
1792	3347
1793	2276
1793	2654
1793	3294
1793	3422
1794	2446
1794	3519
1796	2243
1796	3173
1796	3829
1797	2208
1798	1871
1799	2724
1800	1953
1800	2750
1800	3932
1801	2307
1801	3151
1801	3720
1806	2437
1806	2716
1807	2492
1808	2265
1808	2391
1809	2166
1809	2514
1809	3684
1810	2630
1810	2853
1811	3227
1812	2614
1813	3683
1814	2802
1814	3342
1815	2374
1815	3892
1815	3991
1816	1937
1816	2827
1818	2906
1821	2081
1821	2657
1821	3607
1823	1924
1823	3589
1823	3827
1824	2131
1824	2474
1824	2624
1825	2385
1825	3344
1825	3843
1827	2043
1829	2188
1829	2887
1830	3307
1830	3421
1831	2193
1831	2398
1831	3217
1832	1836
1835	2313
1837	1914
1837	1915
1837	2440
1837	3478
1837	3746
1838	3663
1841	2548
1844	2179
1844	2649
1844	2837
1844	2937
1844	3007
1844	3256
1844	3523
1846	2001
1847	3150
1848	1992
1849	2281
1849	2603
1849	2794
1850	2207
1850	3657
1851	1906
1851	3376
1852	3147
1852	3266
1852	3772
1853	2229
1854	3626
1854	3697
1856	2355
1857	1864
1857	3807
1857	3822
1858	3897
1859	2645
1859	2678
1859	2964
1859	3160
1859	3195
1859	3390
1861	1958
1862	2638
1863	2007
1864	2393
1865	2588
1865	2829
1866	2044
1867	2493
1869	2111
1870	2937
1871	3709
1872	1879
1872	2697
1873	2238
1874	3749
1875	1898
1875	1941
1875	2461
1875	3033
1876	2693
1876	2717
1876	3972
1877	3251
1877	3387
1878	2778
1878	2899
1878	2930
1879	2336
1879	2463
1880	2703
1881	3447
1882	3400
1883	3742
1884	2065
1884	2342
1884	2704
1884	3248
1885	2264
1886	2233
1886	2335
1886	2476
1886	2967
1886	3418
1886	3946
1887	1888
1888	2509
1888	2646
1888	3241
1889	2650
1889	3383
1890	2145
1890	3604
1891	3153
1892	2847
1894	2237
1895	2835
1895	3591
1895	3753
1896	3361
1897	2198
1897	2407
1897	3538
1898	2585
1898	3194
1900	2442
1900	3938
1901	2518
1902	3509
1903	2057
1903	2341
1904	2316
1904	3431
1905	2342
1907	3408
1908	2619
1908	3758
1909	2100
1910	3992
1911	2940
1914	2165
1914	2270
1915	2708
1916	1925
1916	2098
1917	2899
1918	2274
1919	2435
1919	2730
1919	3902
1920	1921
1921	3801
1922	3841
1924	2265
1924	3529
1925	2794
1926	2284
1926	3155
1927	3275
1928	2151
1928	3495
1929	2046
1929	2244
1929	2573
1930	2225
1930	2331
1931	2646
1931	3568
1933	2136
1933	2314
1933	2854
1934	2909
1934	3222
1934	3634
1935	2124
1935	3103
1936	2961
1936	3083
1937	2686
1938	3386
1939	3188
1940	2688
1941	2776
1943	3536
1944	2666
1944	3749
1946	2027
1947	2485
1948	3830
1949	3157
1950	2447
1951	2109
1951	3694
1951	3776
1953	2656
1954	1978
1954	2194
1954	3089
1955	2896
1955	3606
1956	2522
1956	2559
1956	3049
1956	3244
1956	3722
1957	1969
1957	2130
1957	2347
1957	2545
1957	2670
1958	2009
1958	2261
1959	2587
1959	3913
1959	3935
1961	2043
1961	2848
1964	2350
1964	3100
1964	3181
1965	2046
1967	3048
1968	3224
1970	2272
1972	2105
1972	3225
1972	3987
1973	3408
1974	3167
1974	3394
1975	2110
1975	2173
1975	2555
1975	2769
1976	2513
1976	2639
1976	2961
1976	3521
1976	3858
1976	3912
1977	2250
1977	2905
1978	2041
1979	2756
1979	2852
1980	2707
1980	2797
1981	2529
1981	2598
1981	3236
1982	2128
1984	2925
1985	2884
1985	3559
1986	2907
1986	3588
1986	3922
1987	2591
1987	3505
1988	2031
1988	2129
1989	3653
1990	2214
1991	2097
1991	3311
1991	3489
1991	3625
1991	3699
1992	2668
1994	2490
1994	2868
1995	2637
1995	3263
1995	3556
1996	2491
1996	2839
1997	2178
1998	2497
2003	2140
2003	2311
2003	3507
2005	2423
2006	2954
2007	2038
2009	2141
2009	3121
2010	3360
2010	3473
2011	3466
2011	3983
2012	2543
2012	3043
2012	3365
2013	2547
2014	2777
2014	3266
2015	2436
2015	2922
2015	3622
2016	2799
2017	2078
2017	3232
2017	3369
2018	2160
2018	2634
2019	2393
2020	3041
2023	2219
2023	2302
2025	2618
2026	2381
2027	2312
2027	3072
2027	3587
2028	2834
2028	2919
2029	2373
2029	3673
2030	3276
2031	3191
2031	3193
2032	2204
2032	3020
2033	3126
2034	2299
2034	2708
2034	3412
2036	3687
2037	2060
2037	3359
2037	3572
2037	3608
2037	3903
2038	2118
2038	2931
2039	2095
2039	2147
2039	3447
2040	2361
2042	2995
2044	3183
2046	3303
2048	2523
2049	2103
2049	2755
2049	2963
2050	2885
2050	3667
2051	2282
2051	2798
2054	2952
2056	2951
2056	3296
2056	3985
2057	2296
2059	2162
2059	2534
2059	2812
2060	2072
2062	3647
2064	3027
2064	3282
2065	2226
2065	2969
2066	2465
2066	3024
2067	2333
2067	3926
2068	2101
2069	3852
2070	2394
2070	3145
2071	2675
2072	2187
2074	3378
2074	3617
2074	3761
2075	3548
2075	3886
2076	2258
2078	2486
2079	3648
2080	3568
2081	2126
2083	2093
2083	2164
2083	3655
2084	3201
2085	2380
2086	2652
2086	3166
2088	2604
2089	3052
2090	2781
2091	2382
2093	2647
2093	3888
2094	2706
2095	2206
2095	3525
2095	3885
2096	2291
2096	2959
2096	3165
2096	3384
2096	3945
2099	3109
2100	3897
2101	2687
2101	2810
2102	2341
2103	3077
2103	3964
2105	3203
2105	3586
2106	3071
2106	3125
2106	3522
2107	3960
2108	2917
2108	3017
2109	2272
2109	3310
2109	3599
2111	3016
2111	3545
2113	2162
2114	2549
2114	3064
2114	3778
2115	2764
2116	3916
2117	2255
2117	2889
2119	3430
2121	2665
2121	2681
2122	2597
2122	3520
2122	3875
2124	2135
2124	2340
2125	2175
2125	3536
2126	3091
2127	2832
2128	3131
2130	2657
2131	2438
2132	3432
2133	2182
2134	3876
2134	3958
2135	2579
2136	3208
2136	3917
2137	3569
2138	2625
2139	2464
2139	2831
2139	3160
2140	3527
2141	2189
2141	3056
2142	3503
2142	3738
2143	2354
2143	2426
2143	2515
2143	3493
2144	3759
2145	3084
2146	3840
2149	2324
2150	3988
2151	3397
2154	3665
2155	3696
2156	2644
2156	3338
2157	3355
2157	3529
2160	2466
2161	3174
2162	3245
2163	2486
2163	3130
2163	3609
2167	2329
2169	2992
2170	2360
2170	2815
2170	3652
2170	3966
2171	2621
2171	2753
2172	2938
2172	3362
2172	3698
2174	3197
2175	3725
2176	3337
2177	2892
2178	2293
2178	2977
2179	3048
2179	3389
2180	2306
2180	3609
2181	3274
2182	2298
2184	2425
2184	2560
2185	2895
2186	2636
2186	2654
2187	2648
2187	2695
2187	3702
2189	2442
2189	2878
2190	2191
2190	2597
2191	2195
2191	3983
2192	3285
2192	3625
2194	2580
2194	2829
2195	2513
2195	3611
2195	3796
2197	2595
2198	2643
2199	2981
2200	3528
2201	2446
2202	2396
2204	2499
2204	3021
2204	3492
2205	3438
2207	2631
2208	2223
2208	2655
2208	3980
2210	3066
2211	2795
2213	2787
2213	2967
2214	2222
2215	3167
2216	3505
2217	3834
2217	3988
2218	3716
2219	2302
2219	3485
2220	3046
2221	2508
2222	2230
2223	2677
2226	2462
2226	3034
2226	3236
2229	3735
2230	3312
2230	3627
2232	2877
2232	2887
2233	2564
2236	2686
2236	2705
2236	2776
2237	2352
2237	2872
2237	3034
2238	3180
2239	2288
2239	2777
2239	2920
2239	3289
2240	3446
2243	3460
2244	3702
2246	3640
2246	3791
2247	3701
2248	2369
2248	2706
2248	2722
2249	2277
2249	2534
2249	3705
2251	3854
2252	2752
2253	2359
2254	2408
2254	2440
2254	2796
2254	3589
2255	3122
2256	3985
2257	3260
2257	3508
2257	3666
2258	2985
2259	2400
2260	3599
2261	2801
2261	2835
2262	2642
2262	3685
2264	2545
2264	3775
2265	2290
2265	2989
2266	2773
2266	2823
2267	3125
2267	3289
2268	2364
2268	2439
2268	2962
2269	3890
2269	3903
2270	3820
2271	2732
2271	2819
2272	2836
2274	3742
2275	2392
2275	3821
2277	3220
2280	2615
2280	2921
2281	2512
2281	2526
2284	2709
2284	3137
2284	3524
2285	2840
2285	3686
2286	4000
2288	2473
2288	3494
2289	2370
2289	2665
2289	2935
2290	2344
2290	3011
2290	3686
2291	2349
2291	2944
2291	2998
2291	3049
2292	2465
2292	2552
2294	2364
2294	2611
2294	3038
2295	2751
2295	3261
2300	2404
2302	3072
2303	3790
2304	3516
2304	3796
2306	3668
2308	2914
2308	3719
2309	3036
2309	3557
2310	2436
2310	2594
2310	2850
2310	3235
2311	2728
2312	3220
2312	3477
2313	2699
2313	2898
2313	3227
2313	3337
2314	2468
2314	3003
2317	2662
2317	3665
2318	3777
2319	2889
2319	2905
2322	2580
2323	2500
2323	2638
2323	2826
2324	3989
2325	3746
2327	3075
2329	3290
2329	3354
2330	2944
2330	3357
2331	3126
2334	3317
2334	3725
2335	3896
2336	2687
2337	2879
2338	2451
2339	3448
2340	2441
2340	3023
2341	3786
2344	2862
2345	3657
2346	2678
2347	3272
2348	2542
2349	2718
2350	3053
2350	3218
2351	2736
2351	3040
2354	3976
2355	2538
2355	2562
2355	3015
2355	3527
2357	2518
2357	2600
2357	3965
2358	3187
2358	3332
2359	2840
2360	2742
2360	3291
2360	3514
2360	3853
2362	2474
2363	2996
2363	3218
2364	3472
2364	3912
2365	3081
2365	3240
2366	3870
2366	3889
2367	2546
2368	2494
2368	3473
2368	3697
2369	3364
2370	3862
2371	2658
2372	3163
2373	3815
2374	3279
2377	3745
2378	2452
2378	2491
2380	3295
2381	3864
2382	3772
2387	2550
2389	2411
2390	3330
2390	3370
2390	3990
2391	2625
2393	2572
2393	2856
2394	3844
2395	2965
2395	3792
2397	3705
2397	3883
2398	2596
2398	3203
2402	2511
2403	2765
2406	2554
2406	3215
2407	2618
2407	3173
2408	2585
2408	3518
2408	3584
2412	2612
2413	3040
2414	2516
2414	3405
2415	2825
2416	2460
2417	3418
2419	2530
2421	2821
2422	2913
2423	2455
2423	3549
2424	3242
2424	3918
2425	3253
2427	3061
2427	3156
2427	3723
2428	3241
2428	3867
2429	3510
2430	2666
2430	2787
2430	3714
2431	3562
2432	2815
2433	2508
2435	3506
2436	2843
2437	3620
2438	3596
2440	3059
2440	3286
2442	3740
2444	3359
2446	3882
2447	3107
2447	3660
2450	2481
2451	2954
2451	3491
2454	3934
2455	3954
2456	3680
2457	2519
2457	2912
2457	3939
2457	3950
2458	3585
2459	3684
2460	3479
2461	2609
2461	2735
2464	2689
2464	3120
2464	3152
2465	2661
2465	2780
2467	2991
2468	3060
2469	3729
2474	3982
2475	2716
2476	3785
2477	2904
2479	2601
2480	2870
2480	3434
2480	3737
2482	2851
2482	3296
2483	2498
2483	2734
2485	2813
2486	3193
2487	3729
2490	3579
2491	3067
2492	3677
2497	3615
2498	3627
2500	3015
2500	3201
2500	3740
2501	2667
2504	3679
2505	2516
2506	3721
2507	3189
2507	3632
2507	3845
2508	3385
2508	3797
2509	2599
2509	2917
2509	3054
2509	3259
2509	3300
2509	3353
2510	2521
2510	2551
2511	2603
2513	2979
2513	3559
2515	3670
2516	3318
2518	2620
2520	2728
2522	3258
2522	3322
2525	2693
2525	3404
2525	3558
2527	3532
2528	3237
2528	3534
2529	2885
2529	3941
2530	3106
2530	3304
2531	2679
2531	2720
2532	3619
2533	2653
2533	3664
2536	2648
2538	2629
2540	2758
2540	3299
2540	3450
2541	2701
2544	2586
2545	2704
2548	3606
2549	3744
2549	3752
2550	3442
2551	3111
2551	3277
2553	2684
2553	2706
2554	2613
2555	2919
2556	3328
2558	2808
2560	3763
2561	2655
2561	2664
2562	2901
2563	2576
2564	2825
2564	2911
2564	3097
2564	3614
2567	2576
2568	3414
2570	2751
2573	3442
2574	3355
2575	3520
2576	3347
2576	3698
2577	3115
2577	3613
2577	3867
2578	2936
2579	3767
2581	3422
2583	3182
2586	2805
2586	2918
2589	3822
2590	2762
2590	3298
2591	2640
2591	3766
2597	2745
2597	3209
2598	3302
2603	3160
2604	2833
2604	3873
2605	2616
2606	3230
2606	3632
2609	2805
2610	2901
2611	2882
2612	3682
2613	2684
2617	2680
2617	2984
2619	3574
2620	2796
2621	3183
2621	3807
2628	3257
2633	2645
2633	3026
2634	3417
2634	3621
2636	3082
2637	3123
2639	2842
2640	3548
2644	3298
2645	3264
2647	2807
2648	2897
2648	3411
2651	2863
2651	2939
2651	3248
2652	3893
2653	2923
2654	3205
2657	2946
2657	3205
2659	2797
2660	3207
2661	2854
2661	2876
2661	3416
2661	3577
2662	3234
2662	3278
2663	3685
2666	3539
2666	3735
2667	2674
2667	3108
2669	3947
2670	3440
2673	3031
2674	3343
2674	3952
2676	3058
2676	3146
2676	3874
2677	2864
2678	3861
2679	2902
2679	3458
2680	3042
2681	3322
2684	3893
2686	3848
2687	3661
2689	3112
2689	3288
2691	3693
2693	2746
2693	3308
2694	3224
2694	3303
2695	2907
2695	3621
2696	2888
2697	2756
2697	3667
2698	3186
2698	3816
2701	3098
2703	2840
2704	3293
2706	2997
2709	3883
2710	2716
2710	2742
2711	3029
2712	3853
2713	2870
2713	3877
2716	2845
2716	2850
2716	3057
2716	3710
2718	3944
2719	2853
2720	2904
2720	3758
2721	3443
2724	2857
2726	2845
2727	3042
2729	3024
2731	3256
2732	2738
2732	3158
2733	3841
2734	2791
2734	2859
2734	2982
2734	3630
2734	3950
2736	3607
2736	3826
2736	3948
2737	3131
2738	3055
2738	3160
2740	2910
2742	2749
2742	3299
2745	3888
2747	2764
2747	3176
2748	3091
2751	3387
2751	3865
2756	3254
2756	3775
2758	2881
2758	3502
2758	3736
2758	3798
2764	2956
2765	2784
2767	3080
2767	3674
2768	3286
2769	3009
2770	3142
2773	2860
2775	3136
2777	2782
2777	3152
2778	3213
2779	2866
2781	3116
2781	3616
2782	2874
2783	2912
2784	3603
2787	2927
2787	3911
2788	3823
2789	3845
2794	3695
2796	3190
2797	3363
2799	3039
2800	3384
2804	3419
2805	3688
2805	3767
2806	2900
2807	2929
2809	3933
2817	3459
2820	3855
2821	3017
2822	3624
2823	3151
2825	3331
2825	3625
2826	3485
2828	3564
2828	3864
2833	3500
2835	2989
2836	3908
2837	3078
2837	3188
2837	3839
2840	3093
2844	3232
2845	3169
2851	3681
2854	3760
2857	3290
2860	2876
2863	3159
2864	3226
2864	3669
2865	2980
2867	3255
2868	2893
2870	3275
2873	3395
2875	3699
2876	3804
2877	3419
2884	3498
2884	3646
2885	3898
2894	3080
2896	3280
2897	3233
2898	3428
2899	3168
2899	3858
2902	3501
2904	3394
2905	3134
2909	2930
2911	3445
2912	3079
2914	3329
2915	3370
2916	3574
2917	3686
2918	3760
2919	3068
2919	3882
2920	3726
2922	3175
2923	3586
2926	3424
2928	3572
2935	3746
2936	3131
2937	3098
2939	3429
2941	3960
2944	3128
2948	3732
2949	3246
2950	3953
2952	3357
2955	3501
2961	3829
2967	2998
2967	3349
2967	3535
2968	3352
2969	3956
2970	3321
2971	3107
2972	3086
2973	2997
2977	3490
2977	3771
2978	3404
2980	3041
2981	3348
2984	3019
2986	3863
2987	3380
2990	3550
2990	3706
2990	3803
2991	3594
2992	3005
2992	3468
2993	3905
2994	3923
2996	3145
2996	3946
2999	3104
2999	3454
2999	3957
3001	3148
3007	3099
3010	3801
3012	3902
3015	3968
3018	3385
3021	3962
3024	3295
3025	3128
3025	3776
3028	3933
3029	3094
3030	3793
3031	3508
3033	3718
3034	3136
3035	3162
3038	3562
3043	3869
3044	3860
3046	3054
3047	3526
3048	3731
3050	3604
3050	3810
3052	3480
3054	3178
3057	3211
3057	3588
3058	3702
3058	3978
3061	3771
3062	3096
3064	3947
3069	3762
3072	3300
3076	3672
3077	3349
3082	3261
3082	3836
3083	3885
3087	3886
3089	3269
3093	3530
3094	3316
3094	3626
3096	3152
3103	3631
3108	3469
3110	3694
3112	3239
3112	3580
3113	3161
3113	3785
3115	3770
3118	3271
3119	3138
3121	3585
3121	3734
3123	3252
3123	3393
3125	3593
3126	3159
3127	3629
3128	3767
3129	3249
3130	3346
3130	3655
3132	3377
3136	3602
3136	3915
3138	3292
3142	3481
3143	3174
3146	3223
3147	3222
3149	3547
3167	3913
3168	3750
3169	3650
3172	3797
3174	3272
3176	3362
3181	3682
3181	3907
3183	3475
3185	3413
3185	3805
3194	3269
3195	3314
3195	3715
3196	3696
3197	3570
3198	3410
3199	3249
3203	3375
3207	3274
3212	3766
3223	3423
3225	3538
3237	3424
3238	3690
3240	3733
3240	3778
3242	3678
3243	3571
3245	3565
3247	3992
3249	3706
3254	3601
3254	3940
3257	3967
3258	3376
3260	3273
3263	3513
3264	3936
3267	3399
3270	3517
3272	3877
3274	3713
3280	3301
3286	3669
3291	3312
3292	3477
3292	3743
3305	3369
3306	3612
3308	3471
3311	3596
3312	3509
3313	3934
3315	3856
3318	3345
3320	3399
3321	3476
3322	3544
3325	3756
3327	3765
3328	3816
3329	3612
3330	3951
3332	3894
3333	3658
3335	3488
3335	3755
3335	3859
3337	3628
3337	3739
3341	3660
3343	3942
3344	3528
3344	3813
3347	3450
3347	3571
3348	3371
3350	3986
3355	3618
3357	3604
3361	3448
3365	3456
3365	3461
3365	3814
3366	3486
3372	3469
3375	3552
3376	3750
3376	3847
3377	3649
3381	3891
3385	4000
3397	3479
3398	3439
3400	3874
3403	3651
3408	3956
3409	3815
3410	3656
3416	3880
3417	3497
3421	3901
3422	3550
3433	3597
3436	3907
3437	3613
3441	3765
3441	3962
3444	3541
3447	3979
3452	3554
3452	3930
3454	3540
3454	3707
3458	3824
3460	3997
3462	3614
3463	3728
3469	3653
3471	3650
3471	3680
3472	3561
3472	3594
3475	3881
3477	3636
3482	3738
3482	3996
3483	3995
3488	3703
3491	3828
3494	3762
3495	3599
3496	3809
3496	3871
3497	3925
3501	3823
3512	3542
3512	3743
3514	3521
3515	3741
3521	3747
3528	3567
3531	3987
3541	3931
3542	3839
3546	3946
3550	3712
3552	3647
3552	3804
3560	3675
3571	3573
3571	3803
3573	3632
3574	3895
3575	3695
3577	3860
3579	3662
3584	3949
3585	3890
3587	3983
3592	3598
3597	3730
3602	3971
3614	3844
3618	3981
3624	3783
3642	3837
3644	3677
3646	3884
3665	3719
3671	3991
3672	3993
3680	3724
3681	3700
3688	3833
3698	3842
3700	3959
3704	3794
3711	3825
3715	3720
3720	3736
3727	3754
3729	3863
3764	3835
3766	3866
3774	3889
3778	3840
3784	3788
3794	3990
3797	3832
3798	3920
3804	3835
3807	3906
3811	3901
3812	3951
3829	3873
3851	3970
3858	3928
3875	3881
3890	3939
3908	3953
3959	3998
3977	3989
