1	2
1	3
1	4
1	5
1	7
1	25
1	41
1	112
1	182
1	271
1	525
1	530
1	663
1	876
1	1132
1	1260
1	1330
1	1335
1	1357
1	1500
1	2040
2	3
2	4
2	5
2	13
2	31
2	35
2	41
2	51
2	60
2	80
2	104
2	153
2	159
2	228
2	385
2	817
2	827
2	1209
2	3096
2	3283
3	4
3	5
3	6
3	12
3	17
3	21
3	25
3	45
3	102
3	211
3	405
3	644
3	1385
3	1583
3	2359
3	2517
4	5
4	8
4	10
4	12
4	13
4	18
4	22
4	23
4	28
4	33
4	49
4	61
4	185
4	278
4	300
4	315
4	551
4	575
4	704
4	803
4	1188
4	1632
4	2050
4	2358
4	3103
5	6
5	9
5	12
5	14
5	39
5	44
5	151
5	161
5	235
5	434
5	548
5	967
5	1133
5	1596
5	1705
5	1741
5	1989
5	4080
6	13
6	16
6	46
6	84
6	86
6	103
6	163
6	210
6	646
6	924
6	962
6	1231
6	2125
7	75
7	327
7	505
7	629
7	745
7	4297
7	4443
8	41
8	401
8	758
8	1193
9	11
9	20
9	24
9	121
9	280
9	553
9	653
9	1298
9	1448
9	1860
9	2093
9	2600
10	15
10	34
10	50
10	66
10	449
10	1036
10	1108
10	1293
10	4274
11	91
11	213
11	619
11	816
11	1261
11	3242
11	4083
12	13
12	32
12	147
12	261
12	292
12	361
12	521
12	824
12	1128
12	1569
12	2385
12	2995
12	3411
12	3846
12	3884
12	4033
13	16
13	18
13	26
13	181
13	199
13	447
13	627
13	814
13	850
13	2951
14	29
14	362
14	1265
15	1759
15	3806
16	27
16	36
16	72
16	120
16	141
16	177
16	218
16	257
16	389
16	406
16	1609
16	2386
16	2800
17	38
17	55
17	138
17	162
17	165
17	192
17	247
18	19
18	48
18	610
18	2475
18	3985
19	69
19	140
19	3466
19	4444
20	54
20	98
20	249
20	572
20	1063
20	1137
20	1365
20	3093
20	3268
20	4168
21	45
21	64
21	68
21	92
21	134
21	460
21	1028
22	49
22	85
22	164
22	291
22	344
22	1403
23	37
23	132
23	147
23	1690
23	2435
24	60
24	107
24	122
24	178
24	288
24	326
24	1308
24	1609
25	30
25	87
25	169
25	343
25	441
25	3615
26	49
26	63
26	235
26	1878
26	2936
27	101
27	190
28	32
28	511
28	949
28	1968
28	3382
29	67
29	124
29	221
29	491
29	710
29	1060
29	3855
30	56
30	820
30	961
30	1125
30	2506
31	43
31	48
31	305
31	1017
31	1283
31	2875
32	52
32	58
32	89
32	232
32	991
32	1303
33	65
33	156
33	219
33	274
33	312
33	389
33	575
33	706
33	742
33	1348
34	40
34	59
34	74
34	81
34	251
34	2250
35	193
36	42
36	252
36	583
36	2836
37	70
37	99
37	857
37	1431
37	1602
38	69
38	131
38	158
38	563
38	566
38	2327
38	2504
38	2826
39	88
39	581
39	1972
40	58
40	94
40	185
40	267
40	523
40	573
40	1745
40	3797
40	3860
41	47
41	71
41	81
41	219
41	234
41	451
41	486
41	612
41	1266
42	53
42	174
42	339
42	708
42	1077
42	1614
43	106
43	978
43	1877
43	2803
44	157
44	170
44	191
44	526
44	798
44	827
44	1427
45	76
45	133
45	172
45	334
45	463
45	1280
45	1406
45	4461
46	499
46	851
46	1091
46	2190
46	3091
47	812
48	144
48	246
48	330
48	525
48	669
48	2429
48	2810
48	3355
49	62
49	80
49	93
49	133
49	182
49	212
49	258
49	278
49	291
49	323
49	606
49	1250
49	1513
49	1519
49	1658
49	1858
49	2135
49	2546
49	2986
49	4191
50	57
50	390
50	2427
50	3539
51	139
51	185
51	319
51	418
51	530
51	1379
52	84
52	503
52	1260
52	1932
52	2222
53	634
53	699
54	209
54	492
54	1141
55	141
55	3725
56	60
56	97
56	130
56	250
56	385
56	1268
56	2284
57	100
57	134
57	1533
58	69
58	90
58	96
58	129
58	143
58	1450
58	2795
58	3864
59	211
59	901
59	2351
59	3573
60	73
60	171
60	176
60	237
60	243
60	399
60	404
60	551
60	1177
60	1248
61	683
61	1067
61	1478
61	1485
62	85
62	128
62	488
62	3155
63	83
63	111
63	146
63	188
63	367
63	468
63	502
63	1145
63	3568
64	180
64	260
64	1442
64	2168
65	82
65	132
65	477
66	299
66	304
66	589
66	993
66	1396
66	2271
66	3524
67	142
67	161
67	336
67	1360
67	1411
67	1415
67	3602
68	123
68	379
68	1633
68	3021
69	78
69	136
69	400
69	959
69	971
69	1222
69	1367
69	2278
69	2672
69	3775
70	512
70	609
70	734
71	76
71	107
71	244
71	270
71	568
71	1568
71	4044
72	351
72	495
72	2005
72	3964
72	4087
73	95
73	228
73	264
73	359
73	388
73	457
73	678
74	717
74	763
74	1926
74	2156
74	2181
74	3187
75	132
75	830
75	1973
76	77
76	79
76	190
76	515
76	1185
76	1346
76	2536
76	2546
76	2779
76	3434
77	120
77	215
77	373
77	516
78	387
78	679
78	1039
79	155
79	171
79	256
79	2260
79	2326
80	642
80	2213
80	2361
80	2594
80	2864
81	97
81	126
81	202
81	208
81	236
81	962
81	2536
81	2654
81	2960
81	3245
82	112
82	433
82	2206
82	2724
83	110
83	129
83	345
83	476
83	626
83	627
83	874
83	934
83	1352
83	1437
83	1563
84	108
84	116
84	119
84	150
84	230
84	276
84	343
84	751
84	1118
84	1245
85	219
85	360
85	415
85	987
85	1128
85	1148
85	4407
86	435
86	1330
87	152
87	204
87	262
87	293
87	456
87	881
87	1597
87	2080
87	4203
88	953
89	113
89	450
89	842
89	864
89	1893
89	4370
90	118
90	145
90	167
90	233
90	279
90	3469
91	105
91	203
91	277
92	159
92	3928
93	2514
94	115
94	127
94	238
94	645
94	664
94	1426
95	125
95	309
95	728
96	184
96	205
96	564
96	2029
96	4216
97	173
97	226
97	243
97	792
97	884
97	1587
97	3236
97	4048
98	117
98	702
98	2786
98	3332
99	301
99	328
99	485
99	1428
99	1525
99	1579
99	3576
100	195
100	760
100	785
100	1349
100	2054
100	2580
101	114
101	148
101	161
101	813
101	1274
101	1887
102	229
102	467
102	936
102	977
102	3150
103	1301
103	3868
104	268
104	532
104	840
104	1532
104	1783
104	2067
104	3453
105	266
105	671
105	2279
106	109
106	137
106	424
106	2008
106	2245
107	317
107	891
107	1896
107	2220
107	3717
107	4428
108	678
108	1313
108	1550
109	197
109	254
109	625
109	1664
110	197
110	2062
110	3101
110	3622
111	621
111	1134
111	1671
111	2562
111	3863
112	1096
112	1482
112	1970
112	4268
112	4447
113	251
113	640
113	800
113	1753
113	1977
114	175
114	718
114	1424
114	2767
115	320
115	1750
115	2251
115	3880
116	208
116	296
116	338
116	372
117	133
117	186
117	384
117	787
117	1917
117	4045
118	166
118	217
118	240
118	380
118	395
118	673
118	1166
118	1789
118	1809
118	2046
118	3522
118	4125
119	135
119	263
119	431
119	793
119	1392
119	1780
120	419
120	494
120	1421
120	1434
120	1790
121	194
121	525
121	1660
122	197
122	378
123	876
124	277
124	376
124	2473
126	489
127	576
127	861
127	4224
128	781
128	909
128	2617
129	136
129	146
129	214
129	797
130	207
130	316
130	346
130	349
130	557
130	596
130	1342
130	1479
130	1874
130	4079
131	633
131	1590
131	1727
131	3589
131	4317
132	182
132	199
132	333
132	334
132	862
132	1198
132	1835
132	2814
132	3095
132	4223
133	321
133	657
133	985
133	3552
134	154
134	164
134	248
134	617
134	1628
134	1767
134	3311
134	3614
135	237
135	857
135	1400
136	360
136	478
136	841
136	1720
136	1873
136	2864
137	775
137	3254
138	239
138	429
138	2272
139	150
139	408
139	595
139	984
140	313
140	428
141	233
141	255
141	452
141	681
141	2725
142	193
142	341
142	1054
143	149
143	187
143	778
143	1701
143	1962
143	2070
144	4255
145	168
145	278
145	1011
145	2471
146	219
146	541
146	782
146	832
146	2199
147	171
147	275
147	303
147	313
147	543
147	2639
147	4035
148	552
148	687
148	1384
149	160
149	265
149	329
149	381
149	594
149	1229
150	2156
150	2873
150	3156
150	3399
151	200
151	442
151	637
151	2553
152	467
152	2670
152	2834
153	2384
154	420
154	536
155	755
155	3813
155	3865
156	292
156	1540
157	198
157	283
157	3025
157	3782
158	981
158	1019
158	3997
159	242
159	876
159	1013
159	2377
159	2456
160	1360
160	2398
161	183
161	206
161	412
161	636
161	1153
161	1167
161	1469
161	1937
161	4037
162	227
162	357
162	535
162	669
162	810
163	225
163	496
163	946
163	1079
164	170
164	295
164	307
164	311
164	350
165	179
165	201
165	220
165	1300
165	2173
166	305
166	890
166	1119
168	223
168	253
168	410
168	425
168	586
168	661
168	859
168	1017
168	1059
168	2884
168	3106
169	216
169	703
169	1573
169	1649
169	1967
169	3108
170	257
170	414
170	497
170	1143
171	178
171	324
171	391
171	470
171	1275
171	1694
171	2722
171	3833
172	550
172	3924
173	507
173	741
174	398
174	577
174	1033
174	1297
174	2626
174	3233
175	1919
176	575
176	981
176	1777
176	3140
176	3429
177	421
177	2479
178	878
178	902
178	1131
178	1389
178	3224
179	185
179	427
179	1204
179	2221
179	3060
180	277
180	601
180	1094
181	804
181	2212
181	3624
181	3993
182	287
182	318
182	652
182	748
182	761
182	2460
183	196
183	369
183	510
183	1494
184	286
184	761
184	768
184	1037
184	1739
184	2878
185	351
185	619
185	620
185	1418
185	1921
185	2187
186	298
186	323
186	484
186	889
186	1284
186	3193
187	189
187	1118
187	1172
187	1418
187	1821
187	2641
187	3629
188	290
188	626
188	2568
189	231
189	340
189	731
189	1353
189	1801
190	361
190	455
190	1533
190	1586
190	1985
190	2025
190	2399
190	2436
190	2539
190	2982
191	222
191	1666
191	3289
192	462
192	677
192	1157
192	2408
192	2771
193	729
193	3541
193	4069
194	504
194	2636
194	3261
195	988
196	482
196	490
196	580
196	1129
197	245
197	581
197	743
197	1388
197	1484
197	1539
197	2224
198	520
198	680
198	1056
199	431
199	685
199	818
199	1200
199	1338
199	4012
199	4175
200	277
200	449
200	2096
200	2321
200	2415
201	737
201	1913
201	2172
202	491
202	539
202	565
202	618
202	2352
202	3074
203	487
203	495
203	2041
203	2107
204	449
204	1006
205	453
205	630
205	1839
205	2104
205	2629
205	3162
205	3516
205	4393
206	1806
207	461
207	823
207	2123
207	2711
208	386
208	654
208	963
208	973
208	1500
208	1535
208	2789
209	1808
209	2191
210	284
210	723
210	1189
210	1574
211	350
211	629
211	1748
211	1831
211	2181
211	2774
211	3037
212	354
214	314
214	466
214	968
214	1429
215	291
215	423
215	709
215	2175
216	363
216	454
216	608
216	1047
217	365
217	855
217	1104
217	1397
217	2667
217	3168
218	224
218	1327
218	2376
219	612
219	780
219	1098
219	1345
219	1777
219	2829
220	1577
221	300
221	611
221	836
221	986
221	2195
222	947
222	1123
222	1918
223	402
223	471
223	4004
224	322
224	477
224	4352
225	958
225	1053
227	302
227	682
227	759
227	920
227	1208
227	1295
228	473
228	896
228	1228
228	1231
228	2800
228	3432
228	3817
229	277
229	1029
229	1606
229	2102
229	2324
229	2715
229	3239
230	2133
230	2323
230	2742
230	2909
231	251
231	310
231	1553
231	2313
231	2571
232	639
232	1920
233	924
233	1412
233	1582
233	1802
234	261
234	272
234	770
234	923
234	1069
235	379
235	566
235	588
235	604
235	1636
235	2011
236	324
236	364
236	3460
236	3646
236	4101
237	352
237	512
237	918
237	1405
237	2843
237	2926
238	317
238	790
238	3114
239	241
239	459
239	528
240	323
240	333
240	444
240	542
240	2026
240	2622
240	3136
241	658
241	662
241	1085
241	1351
241	1452
241	1622
241	2769
241	3672
242	472
242	910
243	269
243	578
243	2519
243	3120
243	3808
244	1960
245	285
245	534
245	3273
245	3489
246	273
246	500
246	641
246	844
246	920
246	1092
246	2449
246	2595
247	1706
247	4056
248	1617
248	2552
249	422
249	574
249	1246
250	1026
250	4339
250	4478
251	361
251	363
251	392
251	731
251	1539
251	1924
251	2454
251	3164
252	790
252	858
252	3432
252	3619
253	1259
253	1261
253	2487
254	259
254	347
254	544
254	697
254	900
254	1843
255	565
255	677
255	698
256	281
256	722
257	1477
257	1520
257	2678
258	915
259	355
259	726
259	2501
260	479
261	286
261	599
261	1051
261	1571
261	2881
262	2655
263	469
263	507
263	782
263	1566
264	337
264	1104
264	2227
265	311
265	318
265	610
265	1443
265	2368
266	1901
266	3280
267	569
267	1587
267	1797
268	1601
268	1938
268	1948
268	3596
269	828
269	843
270	531
270	735
270	904
270	1020
270	1766
270	4391
271	592
271	641
271	1106
271	1561
271	2155
271	3218
271	3563
272	297
272	445
272	493
272	870
272	1027
273	2276
273	2495
274	283
274	518
274	1810
275	308
275	1375
275	3338
276	458
276	1367
276	2702
276	4066
277	282
277	294
277	496
277	784
277	1003
277	1132
277	2256
277	4261
278	348
278	353
278	530
278	546
278	691
278	695
278	843
278	1642
278	2505
278	2633
279	781
279	3211
279	3647
280	432
280	1257
280	1375
281	289
281	569
281	2307
282	413
282	516
282	856
282	916
282	2121
282	2816
282	3094
283	686
283	789
283	2094
283	3134
283	3793
284	795
285	713
285	985
285	1440
286	530
286	648
286	692
286	1227
286	1407
286	1664
286	2268
286	3290
286	4060
287	438
287	2584
287	2690
288	377
288	3885
289	437
289	443
289	696
290	315
290	930
291	955
291	1449
291	2389
292	689
292	741
292	846
292	945
292	995
292	1972
292	3454
293	2388
293	2447
294	438
294	2915
294	2992
295	331
295	3109
295	4302
296	335
296	578
296	1070
296	2889
297	727
298	939
298	3763
299	306
299	358
299	940
299	1089
300	439
300	3474
301	305
301	991
301	2985
301	3350
302	2364
303	517
303	1814
303	2844
304	989
304	2158
304	2482
304	4190
305	325
305	375
305	615
305	2169
305	2808
306	1238
306	1309
306	3742
307	2907
308	366
308	2161
308	2489
309	397
309	949
309	1998
309	2969
309	4380
310	1368
310	1985
310	3632
311	994
311	1195
311	2429
312	1489
312	1515
313	324
313	1782
313	2332
313	2476
314	694
314	3925
315	985
315	1073
315	1218
315	2343
316	421
316	464
316	480
316	514
316	809
316	914
317	1224
317	2933
317	3699
318	976
318	1827
318	4451
319	736
319	1302
319	1404
319	2896
320	2595
320	3588
321	370
321	1735
322	720
322	1009
322	1607
323	478
323	742
323	880
323	956
323	998
323	1111
323	1611
323	2560
323	2945
323	3197
323	3274
323	3509
324	334
324	356
324	1185
324	1447
324	1458
325	393
325	1035
325	1261
325	1512
326	332
326	1207
326	4383
327	1648
327	3648
328	489
328	616
328	669
328	831
328	1172
328	1773
328	2650
330	403
330	440
330	780
330	824
330	3990
331	533
331	1198
331	1715
331	3747
332	396
332	850
333	426
333	467
333	522
333	803
333	1030
333	1154
333	1401
333	1873
333	2541
333	3901
333	3954
334	496
334	507
334	1150
334	1782
334	3423
335	1017
335	3060
336	527
336	630
336	1202
336	3895
337	389
338	508
338	537
338	955
338	1281
339	1435
339	1490
340	342
340	868
340	1971
340	3562
341	502
341	2577
341	3800
342	555
342	757
342	873
342	1116
342	1404
342	1937
342	2731
343	394
343	2332
344	368
344	888
344	2084
344	2508
345	1059
345	1107
345	2045
345	2074
345	2372
345	3504
346	714
346	3832
347	382
347	446
347	2042
347	2602
348	779
348	949
348	1258
349	417
349	501
349	1113
350	560
350	893
350	1390
350	2841
350	3237
350	4168
350	4222
351	438
351	730
351	1090
351	1186
351	2543
351	2569
351	3744
351	4489
353	1681
353	2214
353	2870
353	2943
354	1855
354	3667
354	3995
355	1369
355	2520
356	411
356	804
356	3726
357	2530
357	3577
358	557
358	2036
358	4150
359	817
359	1965
359	1977
359	4151
360	430
360	545
360	911
360	925
360	1358
360	2053
360	2119
360	2916
360	3413
360	4258
361	401
361	626
361	854
361	1012
361	1106
361	2018
361	2134
361	2966
361	4276
362	385
362	638
362	693
362	1959
363	1188
363	1527
363	3514
363	3773
363	4161
365	524
365	3157
365	4397
365	4404
366	571
366	1227
367	649
367	1815
367	4249
368	371
368	385
368	1865
369	1904
370	467
370	701
371	374
371	409
372	1046
372	1370
373	672
373	844
373	1549
373	3721
374	375
374	505
375	467
375	1168
375	1939
376	933
376	2021
376	2500
376	2799
377	815
377	937
378	1562
378	1811
378	2891
378	3130
379	853
379	2076
379	2804
380	438
380	1833
380	2823
380	4093
381	383
381	932
381	935
381	1322
381	2229
381	2344
381	3127
382	1001
382	1038
382	1701
383	947
383	1276
383	1503
383	1846
384	1317
384	2254
385	509
385	733
385	999
385	1030
385	1105
385	1165
385	1337
385	1945
385	2050
385	2502
385	3208
385	3948
386	1064
386	1075
386	1669
387	1061
387	1203
388	530
388	762
388	2603
389	641
389	1085
389	1206
389	2073
389	2677
389	3429
390	739
390	1636
390	3426
391	1159
391	3371
392	416
392	3023
392	3807
393	436
393	1152
394	622
394	926
394	1799
394	2928
395	538
395	3690
396	3658
396	3864
397	942
397	1228
397	2721
398	750
398	2582
398	2969
399	566
400	792
400	1704
400	2412
401	1251
401	1616
401	2652
402	590
402	631
402	774
402	2797
403	777
403	3686
404	2598
405	765
405	1099
405	3057
405	3186
406	407
406	997
406	1419
407	744
407	1147
407	3735
408	506
408	597
409	849
409	852
409	931
409	1944
409	3821
410	1201
410	1946
410	2015
411	491
411	607
411	673
411	1030
411	1655
412	749
413	475
413	1456
413	4050
414	1233
414	2502
415	3134
416	483
416	508
416	1288
417	2607
417	4070
418	478
418	558
418	598
418	1174
418	2521
418	2555
418	2885
418	3040
420	559
420	1124
420	1249
420	1712
421	810
422	448
422	819
422	1685
422	1693
422	1737
423	1021
423	1699
424	623
424	1700
425	1057
425	1114
425	1169
425	2728
426	585
426	972
427	446
427	764
427	3821
429	1038
429	1359
430	754
430	2126
431	1008
431	3417
431	3812
432	562
432	867
432	1738
432	2798
433	465
433	1247
434	517
434	4465
435	1049
436	741
436	854
436	1307
436	2257
436	3471
437	615
437	1269
437	3020
438	656
438	938
438	1014
438	1294
438	2670
438	3111
439	669
439	871
439	2310
440	1084
440	3161
441	605
441	993
441	2195
441	3797
442	845
442	1180
443	519
443	1977
443	3525
443	4363
444	1267
444	1975
445	602
445	683
445	1044
445	1791
445	2109
445	2818
445	3173
446	1642
446	4176
447	474
447	3384
448	776
448	3196
449	891
449	999
449	1019
449	1243
449	2818
449	3474
450	2240
450	3611
451	801
451	802
451	1139
451	1346
452	616
452	882
452	1189
454	632
454	1212
454	3284
455	670
455	1004
455	1131
455	1148
455	1394
455	1667
455	2750
457	3761
458	593
458	3039
459	2645
460	922
460	1018
460	1466
460	2788
460	4077
461	481
461	1636
461	1645
461	3288
462	887
462	1241
462	4359
463	750
463	1146
463	1242
463	1545
463	3332
464	863
464	1620
464	3442
464	3559
465	501
465	1269
465	2008
465	2839
466	979
466	1481
467	529
467	600
467	1812
467	1907
467	2127
467	2590
467	2803
467	2950
467	3330
468	613
468	1016
468	2795
468	3077
468	3554
468	3701
469	796
469	826
469	1343
469	2816
470	1341
470	1923
470	2322
470	4312
471	606
471	808
471	1085
471	1445
472	746
472	1372
472	3676
473	688
473	1181
473	3202
474	1637
476	540
476	1337
476	1340
477	947
477	1101
477	2358
477	2413
477	3488
478	1372
478	4006
479	547
479	628
479	1456
480	579
480	1448
480	2391
481	824
481	1381
481	2828
482	1639
482	2762
483	2022
483	2897
484	570
484	1769
484	2157
484	3241
485	1186
485	2437
487	561
487	578
487	1304
488	2998
488	4200
488	4395
489	1457
490	1492
490	4437
491	556
491	1236
492	3094
492	4054
493	498
493	567
493	886
493	1053
493	1065
493	1873
494	2360
495	513
495	635
495	1252
495	1277
495	1316
495	1595
495	2816
496	1551
497	892
497	907
497	1672
498	1259
498	4129
499	668
499	985
499	2966
500	674
500	1542
501	833
501	1891
501	2811
501	3177
502	587
502	2332
503	2863
503	4261
504	3544
504	4073
505	1025
505	1792
506	1575
506	1763
507	655
507	1299
507	2462
508	1477
508	1536
508	4132
509	844
509	2017
510	1413
510	4005
511	1909
512	747
512	1055
512	3622
512	4115
513	844
513	1376
513	1880
513	2477
513	3627
514	1051
514	2129
514	4062
515	549
515	852
515	1454
515	2407
516	826
516	969
516	2586
517	2027
517	2785
518	2687
519	898
519	1694
520	982
520	1978
520	3843
521	3190
522	614
522	1346
523	624
523	2962
523	4154
524	1142
524	2616
525	752
525	3794
526	1554
526	2315
526	4387
527	554
527	584
528	1225
529	733
529	2193
529	2997
530	653
530	676
530	1134
530	1307
530	2083
530	2576
530	3435
531	2708
531	3311
532	878
532	1694
532	1944
532	3565
533	1631
533	2113
534	715
534	1030
534	1447
534	1965
535	1407
535	2280
536	1156
536	3864
537	771
537	1438
537	2420
537	3423
538	1132
539	591
539	3844
540	3028
541	825
541	835
541	837
541	1260
541	1570
541	2292
541	4195
541	4290
542	1677
543	692
543	1277
545	2249
546	1103
546	2551
547	659
547	908
547	1373
547	1657
547	1689
547	1778
548	843
548	1720
548	1767
549	1331
549	2006
549	3398
550	705
550	993
551	893
551	3463
551	3753
552	2153
552	3558
553	1211
553	1659
553	2748
554	2821
554	3929
555	1109
555	1576
555	1721
555	2032
556	1779
556	3785
557	2335
558	1619
558	2574
559	1313
560	660
560	903
560	1062
561	794
561	1278
561	1765
562	2977
562	3000
563	2006
563	3051
564	1585
564	2253
564	3064
564	4320
565	603
565	1087
565	1996
565	4381
566	749
566	1184
566	1638
567	647
567	927
567	1867
568	1163
568	1199
569	930
569	1955
570	647
570	869
570	1323
571	585
571	1086
571	3492
572	1593
572	3826
572	4078
573	1244
573	4469
574	791
575	589
575	1116
575	1296
575	3267
576	749
576	1040
577	585
577	667
577	1498
578	2003
579	885
579	1024
579	4092
580	582
580	941
580	1095
581	635
581	684
581	749
581	788
582	895
582	3759
583	844
584	1963
584	2689
585	643
585	848
585	919
585	1758
585	3166
585	3322
586	643
587	716
587	2047
587	3718
588	1361
588	1683
589	1076
589	1136
589	2032
589	2059
589	2236
590	675
590	1102
590	1146
590	2847
590	3838
591	1196
591	1333
592	1149
592	1649
592	2324
592	2949
593	650
593	4470
594	1205
594	1501
594	3271
596	711
596	1872
596	2399
597	3270
598	2149
599	911
599	1007
600	821
600	2517
601	1221
601	2416
602	1016
602	1045
602	1534
602	2570
602	2858
602	3235
603	3195
605	4262
606	2020
606	2446
608	673
608	952
609	2462
609	4393
610	1388
610	4240
610	4298
611	2055
612	724
612	2077
612	2373
612	2705
612	4244
614	1850
614	1931
614	1937
614	2592
615	998
615	1618
615	1776
615	1997
616	651
616	732
616	948
616	1472
617	2227
617	2416
619	1879
619	2153
620	747
620	1262
620	3381
621	1777
621	2692
622	3719
622	4241
623	1393
623	1933
624	993
624	3085
625	1467
626	718
626	924
626	1798
626	2431
627	657
627	665
627	3294
628	789
628	1480
628	1981
629	707
629	891
629	906
629	1419
629	1702
629	2439
629	4292
630	851
630	1078
631	712
631	1320
631	1647
631	2399
632	2082
632	2292
632	2816
632	3022
633	4250
634	1386
634	3792
635	1285
635	1344
635	1957
635	2419
637	756
637	1713
637	2463
638	783
638	993
638	1131
638	1858
639	1364
640	1526
640	1606
640	1747
640	2486
641	666
641	1009
641	1015
641	1048
641	1102
641	4045
642	1287
642	2234
642	3436
642	4090
643	709
643	788
643	1979
643	2581
643	2758
643	3472
644	1216
645	1080
645	1416
645	1676
645	2685
646	2955
647	999
647	1134
647	4466
648	1770
648	1878
648	1884
648	2768
648	3343
649	1208
649	3220
650	715
650	899
650	1188
650	3546
650	4465
651	983
651	1566
652	4260
653	3339
654	872
654	4382
655	1377
655	3920
655	4191
657	1290
657	1463
657	1467
657	1555
657	2672
658	1234
658	3366
658	4173
659	2203
659	3311
659	4058
660	2204
661	700
661	769
661	1164
661	1436
662	778
662	2962
662	3101
662	4491
663	2095
663	2114
664	695
665	960
665	1598
666	721
666	766
667	2677
667	3605
667	4470
668	2829
669	1776
669	1903
669	2009
669	2284
669	2804
669	2899
669	4055
670	2697
670	3214
670	3397
671	811
671	897
671	3424
671	3907
672	1178
672	1466
672	1764
672	1896
672	1939
672	2412
673	1907
673	2358
673	4027
674	1743
674	2064
674	2518
675	719
675	1559
676	773
676	804
676	1511
676	2766
677	980
677	3420
678	914
678	1115
678	1192
678	2751
680	1413
680	2037
680	3554
681	1883
682	690
682	2325
683	883
683	1144
683	1155
683	1858
684	738
685	822
685	870
685	1588
686	1031
686	1223
686	4275
687	1043
687	1081
687	2980
688	1718
688	3352
689	1832
689	2205
689	3011
689	3679
689	3890
690	806
690	1013
690	1582
691	990
691	1409
691	4272
692	1099
692	1538
692	1944
692	2545
692	4313
693	803
693	1135
693	4168
694	1047
694	2353
694	4348
695	984
695	1745
697	1946
698	1154
699	1652
699	2242
699	2660
699	3673
700	1109
700	1842
701	725
701	974
701	1023
701	4427
702	1414
703	753
704	1843
704	3386
706	1417
706	1494
707	1286
707	3607
708	1610
708	2210
708	2666
708	2967
709	843
709	1191
709	1825
709	2196
709	2239
709	3098
709	3141
710	3100
710	4459
711	950
711	1984
712	853
713	1151
713	2257
713	3458
715	1098
716	1401
716	1720
716	2048
718	1009
718	1122
719	772
719	2996
719	3450
720	1509
720	2853
721	1897
721	2572
722	2068
723	1215
723	1679
723	4030
725	911
725	1601
727	740
728	900
728	957
728	2997
729	2273
729	2274
730	1430
731	801
731	2716
732	992
733	1611
733	2764
733	2934
734	1255
735	745
735	834
735	4066
736	786
737	2989
738	4439
739	1856
739	2217
740	1018
740	1325
741	891
741	905
741	1217
741	1525
741	1890
742	2122
742	2256
742	2681
742	2983
743	767
743	789
743	875
743	2564
744	3329
745	805
745	1038
745	3802
745	4329
746	829
746	1488
746	2886
746	3253
746	4232
747	1581
747	1684
747	2184
747	2236
747	4411
748	965
748	1810
748	2657
748	2787
749	877
749	1118
749	1732
749	2303
749	3016
750	1050
750	1558
750	1593
751	4257
752	1505
753	860
753	1886
754	1034
755	1336
755	1663
755	3269
756	1042
756	3053
756	3475
758	2974
758	3843
759	2806
760	879
761	866
761	1187
761	1854
762	838
762	1280
764	928
764	1318
764	1716
764	3520
765	1564
765	3444
767	2534
767	4001
769	1601
769	1752
769	2290
770	1206
770	1721
770	1994
771	969
771	2001
772	2444
772	3042
774	2118
774	3586
775	799
775	3973
776	807
777	4168
778	1122
778	1771
779	2559
780	978
780	1260
780	1907
780	2007
781	847
781	1010
781	3353
782	1662
782	2291
783	3713
784	1848
784	1861
784	2412
784	2999
785	1541
785	2719
785	3255
786	2058
788	1820
789	1097
789	1314
789	1812
789	3684
789	4147
789	4247
790	929
790	1465
790	2108
790	3099
790	3365
791	1499
791	1729
792	1508
793	1459
793	2235
793	2357
794	892
794	1788
794	2753
795	1514
795	2127
796	920
796	1339
796	1557
796	2970
796	3053
797	3893
799	1464
801	1197
801	2794
801	3062
803	810
803	1746
803	3556
803	3991
804	912
804	1004
804	1162
804	1176
804	2033
804	2954
804	3131
804	3370
805	1347
805	2199
805	2641
805	3113
806	2379
806	2755
806	3847
807	1226
807	3272
808	2189
808	3776
809	945
809	1408
809	2747
809	3877
810	954
810	1111
810	3373
812	1425
812	3282
813	1986
814	975
814	2633
815	2317
815	2589
815	2669
816	1939
817	1039
817	4208
819	894
819	1126
819	1944
820	956
820	1259
821	866
821	1235
822	1812
822	3995
823	1088
823	1786
824	1090
824	1348
824	1502
824	1556
824	3041
824	4000
825	2285
825	3702
826	917
826	2927
827	4205
827	4420
828	1110
828	1591
828	1630
829	935
829	2835
829	4047
830	2637
830	3849
830	4332
831	2147
832	1230
832	1264
832	1719
833	2558
834	2310
835	839
835	1613
836	944
836	1292
836	2647
837	1010
837	2428
837	2912
837	3685
838	1066
838	1526
838	2479
838	2564
838	2615
839	1418
839	1995
839	2243
839	2573
839	4075
841	1653
842	2060
843	1022
843	1130
843	1261
843	1474
843	1974
843	2913
843	4025
843	4358
844	994
844	1908
844	2759
844	4485
844	4488
844	4499
846	1158
846	1272
846	2034
846	2464
847	3734
848	3337
850	1175
850	2185
850	2757
851	1537
851	1667
852	1667
852	2635
853	996
853	1705
854	1219
854	1432
854	1471
854	1868
854	3567
855	865
855	1044
856	1112
856	1170
857	1664
857	3587
858	2125
858	2369
860	1157
861	2882
861	3032
862	951
862	1732
862	2910
863	2459
863	2698
864	1271
864	1524
865	1001
865	3680
865	4194
866	1809
866	1892
868	3035
870	943
870	1237
870	2526
871	4151
872	2160
875	1352
875	1976
876	1439
877	1910
878	2120
878	4476
879	1728
879	1830
879	2319
880	994
880	1315
881	913
881	2542
881	4472
882	1005
882	2922
884	1182
884	2827
884	2941
884	4422
885	1041
885	1291
885	1907
885	3422
886	894
886	1750
886	1969
886	3707
887	1420
887	2200
887	4186
888	1589
888	1641
888	1675
888	1705
889	1298
890	981
891	921
891	967
891	1214
891	1708
891	2235
891	2515
891	2516
891	2840
891	3994
892	1582
892	3573
893	1493
893	2162
894	1443
894	1594
894	4072
894	4127
897	1000
897	4171
898	1388
898	2910
898	3730
899	1107
899	1279
899	4196
901	1461
901	1898
901	1920
901	2448
901	3942
902	1072
902	3058
903	4145
904	3973
905	1083
905	1681
905	1869
905	2784
906	967
906	1082
906	2860
907	3319
908	3377
909	1298
909	3362
909	4193
910	3026
911	1621
912	1191
912	3070
913	2488
914	1001
914	1285
914	1757
914	2174
914	2246
915	1733
915	1816
915	3842
917	2512
917	4432
918	2984
919	1127
919	2822
920	1254
920	1380
920	2217
920	2575
921	1270
921	1355
921	2581
921	3096
922	1849
923	968
923	3636
924	1162
924	1416
924	2180
924	2423
924	3497
924	4278
925	2139
926	1504
926	1604
927	2349
928	2577
930	1636
930	2073
931	1980
932	3084
934	1982
934	2968
935	1058
935	1328
935	2425
935	3302
935	3721
936	2136
937	2106
937	3669
938	1029
938	3918
938	4446
939	1866
941	1272
942	970
943	1121
943	2035
944	2283
945	1138
945	2184
945	3278
946	1179
946	1517
947	1990
947	2573
947	3190
948	1915
948	2008
948	3427
948	3639
948	3836
949	1010
949	3176
949	4192
950	1530
951	966
951	2032
952	2347
953	1109
953	1552
954	1002
955	1093
955	2071
955	3410
956	1922
957	4382
958	969
958	2026
958	2661
959	1902
960	1232
961	1137
961	3743
962	4310
963	964
963	965
963	1241
963	2517
963	3160
964	2770
965	1451
965	1516
965	2779
966	2668
967	993
967	1999
967	2947
967	3530
967	3825
967	4290
967	4351
968	1065
968	1171
968	1696
968	3172
968	3327
969	3733
970	2215
971	2554
971	4143
972	1240
972	2144
972	3276
973	1009
973	1400
973	1487
973	3962
973	4408
974	4112
975	1102
976	1120
976	2503
977	1381
977	2383
977	3353
978	998
978	1012
978	1836
978	1978
978	2078
978	2161
978	3465
979	1805
980	3328
980	3560
981	1071
981	2426
981	3206
982	3829
983	3749
984	1384
984	3401
985	1140
985	1218
985	1324
985	1391
985	1652
985	1718
985	1827
985	2724
985	4388
986	2676
986	4455
987	1772
987	2726
988	1762
988	2069
988	4190
989	1321
990	4004
990	4448
991	2048
992	3047
992	3741
993	1100
993	1551
993	1567
993	2632
993	2975
994	1218
994	1332
994	1496
994	1929
994	2375
994	3871
995	3291
995	3405
996	1512
996	2117
996	3408
997	1074
997	1714
997	1722
997	1935
998	999
998	1253
998	1695
998	1744
998	2041
998	2793
998	3031
998	4185
999	1678
999	1898
999	2168
999	2527
999	2548
999	2729
999	4123
1000	3822
1002	3081
1002	3445
1003	1032
1003	2284
1003	2908
1003	3192
1004	1280
1004	1888
1004	1956
1004	2640
1004	3049
1005	2720
1006	1881
1007	1334
1007	1875
1008	1644
1008	3709
1009	1531
1009	1544
1009	1861
1009	2734
1009	2854
1009	3087
1009	4105
1010	4251
1011	1486
1011	1582
1012	2002
1012	2188
1012	3504
1013	1200
1013	2807
1014	1472
1014	2683
1015	1352
1016	1346
1016	1477
1016	3628
1017	1802
1017	2634
1017	3125
1017	3192
1018	1148
1018	1595
1018	1624
1019	3694
1023	2697
1024	1644
1024	2328
1024	3203
1025	1841
1025	3342
1025	3774
1025	3847
1026	1210
1026	3686
1027	3999
1028	1052
1028	1362
1028	2067
1028	3474
1030	1216
1030	1787
1030	2259
1030	3913
1032	1269
1033	1832
1033	2653
1033	4179
1034	1035
1034	3395
1034	3899
1035	1309
1035	1365
1035	2225
1036	2394
1037	1183
1037	1634
1037	1703
1037	1751
1037	3104
1037	3934
1038	2078
1038	3912
1038	4091
1038	4295
1039	1300
1039	1328
1040	1736
1041	1692
1041	2852
1043	2049
1043	3495
1044	1273
1044	2280
1045	2893
1045	3841
1047	1213
1047	2181
1047	2618
1047	3751
1048	1239
1048	1356
1049	2817
1050	1987
1051	1506
1051	3532
1053	1800
1053	4234
1054	1240
1054	1734
1054	2269
1054	2728
1056	2900
1056	4287
1057	3054
1057	4004
1059	1310
1059	1368
1059	3897
1060	1294
1061	2289
1062	1236
1062	1764
1063	3582
1063	3642
1064	1876
1064	3376
1065	2278
1066	1654
1067	1068
1067	4282
1068	1483
1068	1533
1068	2137
1068	2712
1068	3009
1068	4102
1070	2710
1070	4366
1071	2178
1071	2187
1071	2856
1071	4064
1072	1803
1072	3100
1074	3478
1075	4094
1076	1578
1076	1664
1076	2258
1076	4314
1077	2533
1077	2683
1078	1954
1078	2339
1078	4407
1079	1627
1079	1644
1079	3402
1079	3815
1080	1312
1081	1379
1081	2845
1083	1497
1084	3829
1085	1605
1085	1645
1085	3153
1085	3514
1086	1926
1086	2214
1086	2507
1088	1410
1088	1818
1089	2628
1090	1853
1092	1232
1092	1625
1092	2686
1093	1366
1094	1363
1094	2183
1095	3915
1095	4397
1096	1102
1096	2177
1096	2708
1097	3464
1099	2285
1099	2718
1100	1749
1100	2020
1100	2470
1100	2642
1100	3331
1101	1478
1101	1884
1101	2087
1101	3591
1102	2804
1102	2871
1102	3590
1103	3433
1104	1161
1104	3028
1104	3429
1105	3128
1105	3542
1105	3941
1106	1173
1106	1190
1106	1418
1106	1847
1106	2236
1106	3156
1107	1812
1107	2051
1107	2179
1107	3999
1108	1844
1108	2101
1108	2968
1109	2119
1109	4185
1110	1535
1110	4476
1111	1117
1111	1440
1111	2959
1112	2332
1112	3311
1113	1137
1113	1220
1114	2777
1114	3323
1115	1626
1115	1656
1115	3124
1116	1397
1116	4426
1117	1682
1117	4460
1118	1740
1118	1749
1118	1762
1118	2095
1118	2323
1118	3372
1118	3974
1119	3230
1120	1194
1120	1250
1120	3118
1121	1378
1122	1552
1122	2223
1122	2336
1122	3628
1124	2749
1124	3122
1124	3801
1125	1940
1125	2870
1125	3515
1126	2281
1127	2108
1128	1826
1129	1282
1129	3072
1130	3841
1130	4216
1131	2972
1132	1608
1132	1715
1132	3147
1132	3921
1133	4133
1134	1213
1134	2339
1134	2568
1134	3104
1135	2186
1135	2380
1135	4236
1136	1418
1136	4030
1137	2111
1137	3935
1138	2883
1139	1160
1139	1168
1140	3664
1141	1395
1141	3459
1142	1727
1142	1885
1142	3391
1142	4391
1143	1263
1143	3158
1144	1380
1144	2510
1144	3262
1145	2597
1146	1316
1146	1494
1146	1993
1147	1592
1147	2153
1148	3867
1149	3345
1149	4070
1150	2355
1150	3561
1150	4198
1151	1623
1151	3637
1152	2008
1152	3100
1153	3848
1154	1523
1154	3283
1155	2331
1157	1317
1157	3213
1158	1495
1158	2013
1158	4248
1160	1905
1160	2247
1160	2846
1162	1479
1162	1493
1162	2466
1162	3204
1165	1382
1165	3486
1166	1311
1166	2085
1166	2334
1168	2455
1169	2630
1169	2827
1170	2311
1171	1794
1171	4157
1177	1290
1177	1518
1177	1754
1177	1817
1177	2442
1178	1371
1179	2097
1180	1890
1180	2243
1180	4304
1181	1951
1181	2890
1182	2220
1183	1828
1185	1966
1185	2063
1185	2155
1185	2267
1185	2295
1185	2981
1186	1942
1186	3143
1187	4007
1188	4308
1188	4343
1189	1661
1189	2265
1189	2468
1190	1723
1190	1871
1190	2524
1191	1314
1194	1244
1194	2176
1194	4126
1195	1580
1195	1721
1195	4182
1195	4496
1196	1537
1196	2400
1197	2403
1197	3474
1198	2270
1198	2300
1198	3527
1198	4417
1200	2373
1200	4086
1200	4262
1201	2262
1201	4329
1203	1256
1203	1402
1203	2075
1203	3103
1204	1992
1204	2938
1204	4030
1206	1635
1207	2217
1207	3263
1207	3765
1208	2236
1208	4327
1209	4199
1210	4299
1211	1823
1212	3904
1213	1470
1213	1523
1213	1546
1213	2449
1213	2988
1215	1433
1216	2311
1217	3526
1218	1674
1218	3413
1218	3786
1218	4228
1219	1398
1219	2583
1220	3364
1221	3070
1222	1916
1222	2776
1223	2308
1223	3081
1224	2163
1225	1473
1225	3485
1225	3946
1226	1306
1226	3247
1227	1767
1227	2348
1227	3580
1228	3212
1229	1845
1229	2038
1229	2619
1230	2339
1230	2381
1231	1363
1231	1441
1231	1507
1231	1824
1231	2700
1233	1760
1234	3117
1236	1853
1236	2171
1237	3878
1238	1675
1238	1947
1239	2887
1239	3232
1239	4342
1240	2115
1240	3019
1240	3812
1240	4134
1240	4428
1244	2457
1247	1900
1248	1522
1248	2138
1248	2799
1248	4151
1249	1510
1249	4273
1250	1673
1250	1958
1250	2663
1253	4067
1254	1444
1256	2140
1257	1289
1257	2000
1257	2523
1257	3617
1258	1329
1258	1609
1258	4412
1259	1536
1259	1548
1259	2826
1259	4453
1260	1360
1260	2277
1260	2631
1261	1513
1261	1587
1261	1732
1261	1755
1261	1882
1261	3315
1262	1500
1262	2536
1263	1840
1264	1319
1264	1629
1265	3609
1266	1468
1267	1460
1268	1326
1269	1399
1269	1543
1269	2827
1269	2839
1270	1804
1270	2221
1271	2077
1272	2299
1272	2841
1273	1305
1273	1545
1273	2040
1273	2209
1274	1522
1274	3606
1275	3446
1276	2445
1276	2703
1276	3326
1277	1436
1277	1476
1277	2162
1278	2130
1279	3010
1279	3429
1280	4006
1281	2865
1282	1768
1283	2658
1283	3268
1283	4265
1284	1643
1284	2452
1284	2496
1285	1774
1285	2147
1285	3275
1287	1482
1288	1619
1288	2803
1288	3163
1289	3997
1290	1650
1290	2098
1292	2943
1293	1354
1294	2903
1296	1380
1296	1707
1297	1698
1297	1709
1298	1829
1298	3066
1299	2282
1300	1584
1300	1784
1300	1988
1300	2973
1300	4209
1301	1422
1301	3708
1302	3008
1302	4350
1303	1350
1304	1688
1304	2131
1305	1717
1306	3071
1306	3099
1307	1666
1307	2151
1308	1687
1308	2342
1309	1551
1309	1762
1310	3046
1310	3181
1312	1926
1313	1374
1313	1642
1313	2273
1313	3572
1314	2717
1315	2152
1316	1393
1316	1864
1316	1886
1316	3092
1317	1822
1320	2648
1320	2827
1320	3875
1321	1348
1321	2088
1321	3107
1322	1791
1323	1418
1323	1906
1324	4390
1325	1724
1325	1922
1327	2194
1327	2674
1328	1387
1329	2179
1329	2964
1329	4399
1330	2103
1330	3614
1330	4400
1331	1453
1331	1560
1332	3399
1333	2077
1333	2481
1334	2802
1335	4042
1336	1605
1337	2198
1337	2345
1337	3648
1338	1925
1338	3371
1339	3385
1339	4185
1340	3326
1341	2559
1341	2754
1342	1819
1342	2323
1343	2285
1344	2850
1344	3067
1345	2012
1345	2714
1345	2856
1346	1516
1346	1572
1346	2158
1346	2343
1346	3207
1346	4267
1348	1761
1348	1790
1348	2119
1349	1670
1349	2418
1350	1580
1350	2081
1351	1781
1351	2872
1351	3132
1352	2191
1352	2795
1353	3227
1355	1895
1355	2211
1356	2310
1356	3387
1358	2218
1360	1991
1360	2165
1360	3001
1360	3443
1360	4018
1361	2411
1361	4162
1362	1462
1366	3384
1367	2279
1367	3078
1369	2263
1370	2934
1371	2197
1371	3792
1371	4097
1372	1475
1372	1974
1373	1953
1373	2338
1373	4096
1374	1825
1375	2542
1375	2544
1375	3134
1375	3182
1376	3722
1377	2748
1377	4212
1378	1383
1378	2141
1378	3850
1379	2095
1380	1603
1380	2110
1380	2547
1380	2557
1380	2652
1380	2993
1381	3243
1382	1852
1382	2374
1383	2337
1383	3840
1384	1835
1387	2312
1387	3508
1388	1501
1388	1573
1388	1612
1388	1749
1388	2099
1388	2134
1388	4353
1389	3100
1391	2696
1391	3034
1393	1429
1393	2241
1394	1859
1394	3137
1394	3861
1396	1866
1396	3923
1397	1955
1397	2421
1398	2608
1398	3431
1398	3907
1399	1675
1399	2923
1399	3967
1400	2079
1400	2165
1400	3056
1400	3179
1401	2249
1401	2402
1401	4272
1402	3279
1402	3363
1402	4306
1402	4422
1403	2665
1404	1705
1404	1749
1404	2341
1404	2454
1404	3579
1404	3767
1406	1777
1406	3520
1407	1486
1407	2797
1408	1832
1409	4250
1410	3789
1411	2314
1412	1455
1412	1686
1412	3446
1412	4031
1413	1491
1414	2339
1414	2832
1414	3066
1416	1853
1416	2302
1417	1668
1417	3208
1418	1423
1418	2527
1418	2783
1418	2898
1419	1615
1419	2047
1419	2918
1419	3736
1419	3942
1419	4454
1420	3534
1423	2332
1425	2513
1429	1547
1430	2169
1431	2733
1432	1809
1432	1828
1432	3663
1432	4385
1433	1775
1433	1914
1433	1964
1433	2225
1434	1834
1436	2772
1439	1599
1439	4471
1440	3852
1441	4170
1442	3696
1444	1446
1444	3986
1445	1950
1446	1600
1446	3956
1447	1934
1447	1937
1447	2838
1448	2599
1449	1756
1450	3079
1450	4010
1451	1855
1451	2987
1452	1656
1452	2358
1453	2148
1453	4475
1454	1648
1456	1529
1457	1538
1458	2156
1458	3035
1460	1575
1460	3102
1460	3880
1461	1691
1462	2319
1462	3366
1462	3760
1463	2224
1463	2546
1463	3479
1465	2828
1466	1816
1466	2511
1466	3868
1467	1469
1467	1500
1468	1709
1468	2066
1469	3006
1469	3012
1471	2318
1471	3752
1473	3440
1473	4032
1474	2230
1474	2744
1475	2357
1475	3015
1477	1863
1478	2911
1479	1528
1479	2356
1479	2953
1479	3257
1480	2031
1481	2537
1482	1733
1483	3358
1484	3257
1486	1785
1486	2519
1487	3151
1488	3273
1488	3292
1489	2662
1490	1635
1490	2801
1491	2976
1492	2478
1493	1501
1493	3473
1495	1521
1495	2010
1495	3889
1498	4041
1499	1646
1499	2741
1500	2770
1501	1540
1501	1607
1501	3591
1501	3861
1505	2529
1505	3004
1505	3108
1505	3693
1506	2727
1508	2111
1508	3063
1509	3550
1511	2405
1512	2565
1512	2930
1513	1625
1515	3129
1516	3973
1518	2451
1518	2613
1518	3409
1520	4024
1520	4296
1521	4048
1521	4250
1522	3035
1522	4189
1523	4070
1524	1862
1524	3381
1525	3075
1525	3245
1526	1989
1526	1999
1526	3825
1529	2220
1529	3255
1529	3979
1530	1930
1530	2791
1531	2644
1532	1631
1533	2159
1534	1807
1534	4289
1535	2188
1535	4319
1536	2252
1536	3148
1536	3294
1536	3714
1536	3803
1537	1733
1537	1782
1537	2382
1537	4253
1538	1983
1538	3099
1539	2371
1539	2746
1540	2091
1541	1549
1542	2435
1542	3295
1543	1640
1543	2100
1543	2438
1543	3116
1545	1552
1545	3483
1548	1565
1548	2007
1549	2105
1549	2457
1549	2549
1549	2963
1551	2105
1552	2700
1553	1723
1553	2123
1553	3119
1554	3266
1555	1749
1556	2624
1556	4131
1557	2493
1557	2948
1557	3112
1557	4065
1558	3387
1559	2773
1560	2215
1560	2287
1561	1690
1561	1851
1561	4232
1562	2333
1563	1617
1565	2041
1567	3660
1569	2474
1569	2916
1569	4155
1570	3876
1571	2375
1572	2151
1573	1584
1573	1699
1574	3820
1574	4342
1575	4434
1577	2469
1577	2649
1577	2770
1578	3301
1578	4276
1581	2037
1581	2166
1582	2236
1582	3065
1584	1651
1584	1749
1584	1961
1584	2643
1584	2723
1584	3340
1585	2030
1586	3521
1586	3711
1587	2061
1587	2266
1588	2437
1588	4098
1589	2603
1590	3579
1591	1710
1591	2484
1591	3249
1592	3827
1593	1680
1593	1934
1593	2028
1593	2146
1593	2854
1593	3949
1594	3372
1595	2044
1595	2826
1595	3438
1595	3930
1598	2245
1601	2310
1602	3802
1602	4011
1603	3044
1603	3256
1604	2043
1605	2494
1605	2706
1606	1782
1607	2056
1607	2169
1607	3107
1609	1866
1609	3514
1609	4468
1611	2659
1613	2170
1613	2593
1613	3142
1614	1731
1614	4082
1615	2610
1616	2057
1616	2392
1617	2375
1617	3578
1617	3608
1618	3370
1619	2655
1619	3410
1620	2246
1622	1665
1622	3703
1623	2065
1623	2379
1623	2387
1623	2679
1623	3996
1624	3910
1627	2288
1629	1793
1629	3345
1631	1880
1632	2422
1634	4477
1636	1695
1636	2412
1636	2746
1638	2116
1638	3072
1639	2019
1639	2208
1641	3030
1641	3529
1643	2201
1643	3138
1644	2194
1644	2880
1644	3018
1645	2032
1645	3091
1645	3275
1645	4425
1646	2132
1646	2611
1646	2682
1647	2298
1648	3518
1649	1951
1651	2330
1652	2516
1652	3147
1652	3828
1652	4254
1652	4266
1653	4401
1654	2090
1655	4396
1656	2018
1656	2264
1659	1972
1659	2383
1659	3074
1659	3299
1660	2024
1661	1899
1661	2924
1663	2301
1663	2648
1664	1730
1664	1936
1664	2233
1664	3237
1666	1922
1666	2346
1666	3730
1667	3135
1667	4124
1668	1888
1668	3579
1671	3439
1671	4217
1672	1809
1672	3930
1674	2082
1674	4050
1675	4079
1676	1912
1676	2691
1677	2128
1678	1911
1679	1697
1679	1903
1679	2441
1679	3298
1679	3593
1680	2307
1680	4039
1683	3004
1685	4053
1685	4463
1688	1742
1689	2072
1690	1795
1690	2004
1690	2735
1690	3725
1691	1711
1691	4252
1692	2569
1693	2978
1693	4464
1694	1943
1694	2737
1694	3645
1696	1725
1696	3050
1696	3691
1697	3314
1697	3325
1697	4137
1698	1953
1698	2309
1698	2529
1698	3346
1699	3246
1699	3649
1700	1838
1700	2036
1700	3053
1701	3944
1702	2075
1703	2612
1704	1894
1705	2296
1705	2914
1705	4047
1706	2833
1707	2688
1708	1941
1708	2554
1708	3443
1709	4195
1711	2404
1712	2568
1712	3683
1713	3720
1713	3847
1713	4065
1713	4277
1716	2853
1716	4057
1717	1726
1718	3610
1720	1974
1720	2150
1720	3256
1720	3484
1721	2950
1721	3152
1722	3692
1723	1955
1723	2546
1723	2848
1725	2475
1725	4487
1727	3896
1728	2549
1728	3525
1730	1844
1730	3657
1732	1852
1732	3092
1732	3252
1733	3083
1734	3769
1735	3313
1736	3530
1738	2657
1739	1879
1741	2467
1741	3454
1741	4259
1741	4421
1744	3414
1745	3077
1745	4232
1746	2511
1746	3601
1747	2238
1748	1877
1749	2340
1749	2516
1749	2624
1749	2792
1749	3061
1749	3585
1749	4149
1750	2192
1750	3036
1750	3555
1750	3843
1751	1796
1751	3624
1752	2228
1752	2304
1752	2410
1752	2515
1754	1892
1754	2285
1755	1887
1756	2039
1756	4312
1757	2671
1757	4369
1758	2867
1758	3090
1758	3811
1759	2550
1759	3618
1761	1766
1761	3721
1762	2395
1764	2086
1765	2320
1765	2796
1766	3816
1767	3170
1767	3952
1768	2202
1768	2942
1768	3198
1768	3260
1769	3443
1769	4291
1770	2330
1770	2732
1771	2971
1774	2656
1774	2921
1774	3411
1779	2839
1780	2632
1781	4440
1782	1898
1782	2092
1782	3120
1782	4360
1783	2544
1786	3348
1786	3503
1787	3264
1787	3706
1789	1923
1789	2763
1790	3007
1790	3355
1791	1952
1791	2245
1792	2401
1792	2443
1792	2819
1796	2465
1797	3703
1797	3788
1802	2752
1804	2349
1805	3110
1805	3654
1806	3886
1806	4120
1807	3536
1809	3511
1809	3634
1810	4379
1811	1857
1812	1813
1812	2244
1812	3375
1812	3789
1812	3880
1813	2640
1814	3393
1815	2454
1815	2820
1816	2297
1816	3206
1817	3403
1820	2014
1820	2937
1821	1889
1822	1928
1822	2640
1823	1904
1823	3229
1824	2498
1824	2563
1824	2672
1824	3553
1824	4373
1825	2235
1825	3365
1827	3668
1829	2207
1829	3294
1830	4112
1832	2991
1832	3392
1834	3870
1835	1837
1837	3072
1837	4022
1838	3731
1839	3184
1839	4438
1840	4067
1841	2261
1841	2601
1841	3936
1841	4430
1842	4111
1843	1943
1843	2064
1843	3768
1844	2285
1844	3689
1845	2226
1846	2492
1846	4487
1847	2027
1847	3304
1848	3105
1848	3574
1849	1870
1850	3770
1852	3383
1853	2145
1854	1875
1854	2701
1855	2275
1855	3542
1856	4115
1857	2920
1857	3487
1858	2830
1859	1949
1859	3036
1860	3704
1861	2237
1862	2089
1863	4106
1864	2025
1864	3557
1865	2216
1865	2539
1866	3532
1866	3988
1867	2096
1867	2569
1868	2124
1868	4012
1868	4447
1869	2430
1869	2606
1870	4305
1871	2042
1872	2596
1872	3086
1872	3390
1873	1960
1875	4168
1877	4497
1878	2486
1878	4433
1879	3451
1880	2926
1880	3919
1881	3841
1882	2932
1883	1921
1883	2981
1884	2884
1885	3174
1885	3228
1886	2017
1886	3957
1886	4226
1886	4311
1887	2305
1888	2251
1889	2252
1891	2215
1892	2366
1892	2697
1892	3945
1895	4315
1896	2126
1897	2979
1897	3080
1898	3304
1898	3942
1898	4394
1899	2485
1900	3033
1901	3380
1902	2431
1903	2102
1903	2836
1904	3219
1906	1927
1906	2306
1906	4424
1907	3499
1907	4203
1913	2480
1913	3335
1914	2517
1915	4013
1916	4466
1917	3511
1917	4489
1918	2578
1918	4288
1919	3477
1919	3501
1920	1990
1920	2433
1920	2522
1922	2746
1922	4286
1923	2143
1923	2381
1923	3250
1923	3457
1923	3965
1925	2461
1925	3334
1925	4237
1930	3640
1930	4253
1931	2050
1931	3984
1932	2868
1934	2917
1937	2831
1937	4195
1938	2423
1939	2052
1939	2365
1939	2440
1939	3326
1939	3816
1940	3302
1941	2481
1941	2673
1943	3315
1944	2221
1944	2390
1944	2892
1944	3165
1944	4009
1944	4204
1946	2370
1946	2511
1946	2684
1947	3496
1951	2050
1951	2765
1952	2790
1952	3346
1953	2393
1953	4165
1954	2499
1954	2587
1955	2097
1955	3791
1957	2472
1957	3772
1958	3677
1959	2840
1960	2956
1960	3076
1960	3370
1962	2182
1962	2217
1962	4480
1964	2103
1966	2112
1966	3223
1967	2925
1968	2627
1968	2919
1968	3342
1968	4211
1971	3309
1972	2904
1972	3937
1973	3675
1974	2532
1974	2911
1974	3746
1975	2049
1977	3699
1977	3997
1978	3092
1979	2023
1980	3443
1982	2016
1983	3146
1984	2293
1987	2164
1987	3511
1991	2877
1991	3799
1994	2876
1994	4393
1995	2233
1995	3784
1996	2362
1996	3115
1999	2321
1999	2448
2000	2773
2000	3381
2002	2649
2002	3324
2003	2855
2004	3212
2004	3300
2006	2528
2007	2275
2007	2906
2008	4414
2009	2491
2009	3583
2012	3055
2012	3198
2015	2316
2015	2585
2019	3947
2020	2055
2020	3078
2021	4264
2022	2367
2024	2730
2024	4342
2025	2154
2026	2409
2026	4262
2027	2373
2028	3687
2030	3922
2031	2453
2031	3953
2032	3548
2032	3613
2033	3507
2035	2794
2035	4375
2036	3510
2038	3013
2042	2345
2042	3191
2044	2206
2044	2851
2045	2773
2045	2824
2046	3745
2047	3413
2047	3999
2049	2444
2049	2943
2049	2990
2050	3244
2050	3775
2050	4166
2050	4498
2051	2354
2051	2815
2051	3251
2052	3351
2053	2706
2054	2665
2055	4495
2059	2142
2061	2538
2062	3248
2064	2414
2064	3121
2065	3481
2068	3464
2069	2236
2070	2120
2071	2248
2071	2740
2073	2228
2075	3047
2076	2579
2076	3149
2076	3891
2076	3966
2076	4122
2077	3623
2077	4210
2077	4316
2078	2127
2078	2167
2078	4432
2079	3940
2080	2286
2081	2609
2082	2567
2082	2591
2082	2982
2082	3287
2082	3710
2083	3330
2083	3416
2085	2111
2089	3482
2090	3500
2092	2704
2092	4408
2093	4318
2093	4320
2094	2231
2094	2232
2095	2286
2096	2271
2096	3073
2096	4485
2098	2902
2099	2450
2101	2119
2101	2588
2101	2614
2102	3616
2103	2888
2103	3881
2103	4345
2107	2219
2109	2414
2109	4238
2110	2505
2113	2470
2114	3219
2115	2841
2116	2301
2116	4113
2118	3216
2119	2478
2119	2531
2119	3113
2119	3406
2119	4495
2123	4161
2123	4456
2124	2927
2124	3656
2124	3862
2125	2284
2125	3388
2126	2267
2127	2879
2127	3169
2128	2866
2132	3154
2133	2294
2134	3205
2134	3727
2135	3483
2136	2255
2137	2397
2137	3035
2137	3977
2139	3360
2140	3200
2141	2805
2141	3954
2142	4197
2143	2460
2145	2491
2145	3732
2145	4146
2147	3209
2147	4482
2148	2775
2149	3549
2149	3720
2151	3999
2153	2842
2154	4319
2155	2333
2155	3169
2156	3493
2157	2225
2158	3060
2158	3628
2159	3361
2159	4049
2161	2395
2162	2816
2165	2462
2165	3262
2168	3883
2170	2490
2170	2837
2170	3856
2170	4330
2172	2378
2172	2395
2172	4280
2174	3169
2175	3285
2176	3333
2177	3133
2179	4109
2181	2476
2184	3127
2184	3376
2185	4324
2187	2882
2187	3804
2190	4172
2194	2605
2195	3057
2196	2257
2198	4018
2199	4216
2200	2359
2200	4035
2202	2292
2202	4219
2203	2565
2204	2382
2205	3392
2206	4333
2211	2329
2211	3452
2212	3853
2215	2417
2216	2952
2216	3571
2217	3903
2218	3421
2221	2563
2221	3418
2221	4117
2223	3823
2223	3905
2223	4256
2223	4434
2224	2690
2225	2804
2225	3575
2226	4409
2227	2434
2227	3843
2229	3290
2232	3303
2233	2350
2234	2483
2234	2809
2234	4071
2235	2363
2235	2861
2235	3902
2236	3460
2239	2965
2240	2424
2241	4136
2243	2614
2246	4017
2249	3688
2249	4371
2251	3917
2252	3492
2253	4186
2255	2525
2255	3369
2257	2432
2257	3549
2258	2396
2261	2604
2263	3215
2264	2564
2264	2603
2265	3451
2266	2709
2266	2901
2266	4374
2267	3074
2268	3728
2272	3480
2273	3700
2274	2992
2275	4396
2276	2297
2276	3113
2278	3176
2280	4285
2282	2993
2284	3163
2285	2540
2285	4245
2285	4409
2286	3128
2286	4423
2287	3201
2287	3961
2289	2646
2290	3176
2291	4314
2292	2429
2293	2699
2295	2372
2295	4144
2296	3238
2296	3978
2297	3002
2302	3412
2304	2869
2305	3914
2305	4158
2306	4012
2307	2905
2310	3097
2310	3471
2311	2695
2312	4406
2313	4493
2315	2564
2315	3059
2316	2507
2316	2509
2316	2694
2316	3400
2317	3764
2321	2874
2321	3082
2323	2826
2323	2903
2323	3520
2324	2535
2332	2833
2333	3447
2333	4004
2333	4204
2334	3666
2336	4130
2339	3064
2339	4173
2343	2591
2343	3995
2345	2941
2345	3705
2345	4435
2347	3662
2347	4053
2349	3199
2349	3449
2351	3194
2352	3088
2355	2707
2358	2743
2358	3779
2358	4177
2358	4462
2359	4397
2361	2946
2362	2454
2363	3438
2365	2736
2369	2573
2369	2944
2369	3857
2370	3038
2371	2497
2373	2739
2373	2942
2373	3379
2373	3472
2374	2406
2376	3072
2376	3370
2379	2489
2379	2556
2379	2561
2379	3306
2380	4169
2381	3478
2387	2449
2387	4099
2387	4336
2391	3598
2391	4217
2391	4221
2393	2939
2395	2958
2395	2960
2396	2713
2398	2680
2400	2638
2401	3281
2401	3409
2402	3506
2402	4061
2403	3014
2405	2526
2405	3937
2406	3347
2409	3149
2411	2954
2414	2614
2415	3117
2418	2458
2418	3809
2418	4159
2420	2894
2420	2991
2422	2802
2422	2807
2422	3005
2423	2765
2425	2859
2425	4306
2427	2459
2427	4076
2428	4316
2429	2911
2429	3413
2430	3658
2431	2620
2431	3189
2432	4015
2432	4034
2433	2494
2433	2782
2435	3123
2436	4294
2437	2575
2438	3293
2438	4207
2439	3531
2439	4303
2448	3047
2449	3175
2451	4029
2453	2761
2454	2625
2454	2798
2454	2862
2455	2456
2457	2524
2458	3467
2459	3409
2460	2563
2462	3003
2462	3908
2463	2664
2464	4183
2472	2781
2472	3381
2473	3665
2474	4261
2475	2704
2475	4413
2476	3120
2478	2931
2481	4341
2482	2690
2483	3451
2485	3357
2485	4108
2486	2849
2486	4271
2487	3476
2490	3154
2491	3283
2493	3771
2501	4232
2502	2756
2505	2648
2505	2675
2505	3336
2505	3670
2506	2921
2506	3728
2507	2651
2507	4021
2508	2745
2508	3425
2508	3498
2512	3407
2513	3126
2516	2578
2516	3370
2516	4301
2517	2846
2517	4022
2519	2566
2520	3781
2520	3971
2522	2693
2522	3494
2524	2818
2524	3880
2527	4016
2529	3342
2530	2778
2534	3321
2535	4318
2539	2700
2540	4010
2544	3641
2546	2825
2546	3756
2548	2859
2548	2892
2550	2834
2551	3704
2553	3894
2557	3716
2557	4036
2559	3361
2561	2700
2561	3295
2562	4210
2563	2925
2564	2966
2564	3221
2564	3528
2564	3854
2565	3028
2566	2941
2567	3887
2568	2643
2568	3258
2569	3750
2569	4225
2570	2895
2571	3017
2571	4022
2572	2621
2572	3520
2573	3271
2573	3630
2573	3700
2574	3659
2576	2623
2580	2970
2580	4140
2582	4074
2582	4142
2582	4331
2590	3402
2591	3181
2593	3560
2593	3968
2595	2940
2599	3620
2606	2825
2606	3715
2607	3859
2608	3853
2610	3378
2611	4323
2612	3643
2613	3072
2614	3528
2614	3739
2616	2738
2617	3354
2618	3783
2618	3796
2620	3434
2623	3814
2627	3144
2628	4119
2631	2898
2631	3866
2634	2760
2635	4284
2636	3622
2637	2835
2640	3381
2640	3726
2640	4218
2643	3593
2644	4003
2644	4205
2647	4468
2648	3416
2648	4177
2649	3259
2652	3472
2655	3052
2659	3307
2659	3994
2661	4335
2662	3938
2663	2695
2663	3445
2663	3564
2663	3623
2665	4139
2667	3273
2669	3234
2669	4148
2670	2809
2670	3004
2671	3344
2671	4121
2672	2767
2673	2952
2673	3621
2674	3543
2675	2895
2675	2957
2676	3655
2678	3614
2679	3183
2679	4402
2680	3398
2682	2836
2682	3265
2683	4051
2686	3068
2687	4019
2687	4307
2689	3939
2692	3805
2693	3405
2697	3167
2698	3758
2700	3265
2700	3369
2701	2994
2701	3491
2702	4064
2703	3819
2704	3271
2705	2812
2706	2813
2706	3430
2707	3368
2720	4067
2721	3437
2725	3635
2726	3983
2727	3626
2729	4327
2731	3900
2732	2772
2736	4096
2737	2780
2737	3432
2739	3173
2742	3092
2746	2818
2746	2825
2746	3751
2747	4473
2748	3617
2748	3880
2752	3045
2756	2931
2759	3258
2760	3446
2765	4199
2765	4354
2772	3569
2774	2873
2774	4206
2779	4308
2779	4442
2780	4128
2781	3027
2784	3975
2784	4483
2786	3048
2794	3240
2795	3312
2798	2866
2798	2961
2798	3171
2798	4349
2800	2962
2802	4398
2803	3470
2804	3241
2804	3950
2804	4009
2805	3297
2805	4433
2807	3970
2808	4388
2809	2857
2811	3748
2814	4107
2815	3535
2816	3028
2816	3901
2820	3595
2820	3954
2825	3409
2825	3463
2825	3577
2825	3767
2826	3224
2826	3804
2827	4237
2828	4337
2828	4379
2832	3729
2835	2849
2836	4075
2836	4229
2837	3231
2838	3277
2838	3919
2840	3302
2840	4266
2846	3376
2847	4011
2848	3286
2849	3888
2853	3462
2854	3031
2855	3959
2856	2957
2857	3684
2858	4068
2861	4281
2864	3952
2866	3927
2867	3000
2873	3599
2873	4318
2874	3839
2881	4364
2884	3175
2884	3311
2884	3911
2889	4023
2894	4235
2899	3841
2899	4384
2906	3305
2907	3960
2908	3043
2910	3210
2911	3511
2912	2986
2912	3519
2912	4364
2913	3029
2915	2929
2916	3809
2916	4414
2920	3309
2922	3024
2926	3837
2926	3867
2927	2935
2927	3497
2928	3515
2929	3419
2931	4220
2933	3217
2935	3979
2936	3705
2939	3012
2941	3468
2942	4046
2943	3503
2945	2952
2946	3695
2946	3851
2947	3703
2949	4467
2950	3320
2950	3505
2950	3613
2951	3777
2951	4104
2952	3831
2953	3661
2954	3317
2954	4032
2956	4178
2957	3932
2957	4002
2957	4437
2962	4293
2966	3031
2966	3681
2967	3998
2975	3835
2976	3178
2982	4249
2985	3922
2987	3818
2990	3188
2991	4457
2993	4202
2995	3230
2996	3795
2997	4468
3002	3310
3007	3069
3009	3597
3012	4270
3013	3180
3014	4233
3017	4357
3021	3594
3025	4188
3028	3676
3029	3089
3032	3225
3032	3316
3033	3813
3035	4426
3042	3676
3042	3728
3042	3773
3043	3892
3044	3415
3046	3712
3047	4362
3049	4138
3050	3833
3051	3394
3051	4110
3052	3185
3053	4413
3054	4227
3057	4085
3059	3738
3060	3285
3060	3644
3061	3786
3063	3152
3064	3423
3064	4020
3068	3512
3070	3740
3070	4392
3072	3744
3073	3982
3079	3757
3081	3139
3081	3341
3081	4153
3083	4356
3085	3149
3089	4241
3090	4057
3091	4186
3092	3978
3093	3584
3098	3456
3098	4346
3100	3698
3101	3176
3101	3428
3101	3872
3103	3145
3103	3872
3104	3159
3105	4295
3108	3845
3110	3241
3111	3578
3117	4180
3118	3600
3124	3359
3124	3906
3125	3517
3125	3653
3128	4161
3132	3909
3132	4356
3134	4014
3134	4066
3137	3151
3137	3226
3142	4008
3151	3271
3159	4038
3160	3402
3162	3371
3163	3631
3165	3663
3169	4446
3169	4456
3173	3766
3177	3592
3182	3396
3184	3790
3185	3448
3186	4428
3188	4393
3190	3750
3191	3222
3192	3295
3192	4059
3192	4118
3194	4181
3202	3581
3207	4231
3208	3615
3210	3588
3215	4481
3221	3976
3224	3616
3227	3992
3231	3551
3231	4089
3233	3356
3234	4355
3236	3374
3238	3404
3241	4313
3244	3455
3246	3762
3247	3308
3248	3389
3248	4052
3250	3943
3251	4415
3253	3504
3253	3523
3253	3935
3253	4351
3257	3793
3259	4063
3261	4411
3262	4294
3263	3367
3263	3445
3263	3633
3273	4195
3278	3972
3279	3908
3279	4012
3280	3787
3283	3490
3283	3590
3285	3545
3288	3566
3289	3318
3290	3538
3291	3946
3293	3980
3294	3296
3294	4349
3295	3962
3296	4152
3299	3896
3299	4142
3299	4164
3302	3945
3311	3456
3311	3537
3311	3638
3311	4494
3315	3754
3317	3725
3322	3461
3322	4100
3323	3898
3323	4045
3326	3513
3329	4243
3330	3942
3332	4022
3347	3349
3352	3684
3353	4088
3354	3830
3357	4414
3360	3533
3362	3540
3365	3590
3365	3940
3365	4218
3366	3547
3366	3908
3368	4220
3371	3429
3371	3570
3371	4410
3374	4328
3377	3441
3377	3954
3378	3504
3381	3710
3381	3723
3384	3505
3384	3994
3389	4066
3390	3652
3393	4107
3394	4365
3396	4267
3399	4380
3404	3502
3407	4201
3408	3798
3408	4449
3411	3604
3411	4436
3412	4458
3413	3525
3414	4386
3417	3755
3420	3546
3420	4028
3421	4299
3425	4325
3429	4365
3431	4466
3432	3737
3436	4347
3437	4230
3439	3997
3443	3809
3443	4090
3446	4085
3450	3481
3451	3985
3454	3818
3455	3634
3457	3699
3461	4263
3462	3883
3464	3625
3467	3958
3471	3884
3475	3754
3488	3824
3490	3846
3490	4065
3492	4322
3494	3989
3499	3674
3500	3780
3501	3754
3503	3745
3504	3743
3504	3826
3508	3946
3510	4149
3511	3983
3511	4081
3515	3650
3515	4019
3525	3641
3527	3750
3528	4443
3545	3682
3545	3697
3545	4026
3549	3867
3555	3680
3562	3603
3564	4163
3570	4416
3576	4095
3592	3612
3592	4070
3592	4289
3593	4367
3593	4378
3598	3847
3615	3724
3616	3678
3616	3916
3618	3858
3622	3916
3623	4363
3627	3926
3628	3651
3628	4364
3634	3882
3634	4156
3635	3671
3639	4445
3643	4103
3644	3873
3644	3874
3649	3899
3652	3987
3653	3879
3653	3969
3659	4167
3662	4500
3673	3727
3675	4319
3679	3933
3684	4006
3687	3739
3697	3778
3697	4326
3699	4318
3700	3869
3700	4007
3700	4405
3706	3750
3713	3802
3713	4011
3715	3834
3721	3810
3721	4273
3728	4299
3729	4376
3738	4019
3739	3917
3750	4116
3750	4190
3750	4274
3753	4049
3754	4085
3766	3828
3768	4479
3783	4490
3788	4040
3813	3948
3818	4232
3823	4084
3830	4452
3833	3963
3833	4184
3843	4187
3860	4135
3860	4350
3872	4165
3875	4489
3876	3981
3879	4309
3880	4273
3885	3920
3888	3931
3889	4500
3890	3955
3896	4303
3900	4038
3900	4485
3902	4484
3907	4230
3908	4456
3921	4174
3923	3951
3923	4300
3927	4403
3935	4367
3942	3950
3942	4497
3947	4244
3950	4012
3955	4114
3957	4468
3970	4049
3973	4325
3982	4377
4000	4410
4002	4279
4004	4324
4006	4271
4007	4364
4009	4160
4011	4301
4011	4404
4012	4014
4030	4043
4038	4405
4042	4418
4042	4432
4053	4141
4071	4431
4081	4209
4085	4492
4094	4269
4099	4213
4099	4453
4101	4372
4118	4239
4121	4413
4169	4321
4178	4219
4182	4450
4184	4246
4186	4380
4188	4334
4196	4340
4196	4441
4205	4242
4211	4214
4212	4215
4219	4337
4219	4411
4224	4498
4254	4429
4272	4283
4289	4361
4291	4420
4293	4469
4294	4368
4312	4355
4314	4419
4320	4344
4328	4451
4329	4338
4348	4389
4350	4426
4378	4474
4408	4457
4440	4465
4441	4486
