1	2
1	3
1	4
1	5
1	6
1	7
1	8
1	9
1	34
1	37
1	48
1	68
1	103
1	183
1	208
1	340
1	536
1	575
1	800
1	849
1	933
1	1037
1	1082
1	2311
1	3468
1	3530
1	3904
2	3
2	4
2	5
2	6
2	7
2	8
2	9
2	19
2	24
2	26
2	27
2	77
2	101
2	109
2	116
2	134
2	185
2	204
2	225
2	235
2	270
2	300
2	369
2	390
2	466
2	638
2	1219
2	1630
2	1703
2	2038
2	2211
2	2794
3	4
3	5
3	6
3	7
3	8
3	9
3	11
3	29
3	33
3	35
3	97
3	123
3	180
3	236
3	265
3	296
3	337
3	387
3	512
3	660
3	667
3	885
3	890
3	1068
3	1069
3	1129
3	1137
3	1223
3	1323
3	1708
3	2006
3	2113
3	2677
3	3493
4	5
4	6
4	7
4	8
4	9
4	15
4	16
4	30
4	47
4	106
4	124
4	136
4	145
4	154
4	163
4	182
4	214
4	321
4	443
4	463
4	801
4	807
4	880
4	1093
4	1460
4	1603
4	1902
4	2288
4	2804
4	3004
4	3456
4	3808
5	6
5	7
5	8
5	9
5	11
5	12
5	27
5	28
5	29
5	32
5	44
5	45
5	47
5	52
5	56
5	58
5	80
5	118
5	124
5	165
5	168
5	181
5	256
5	446
5	471
5	475
5	541
5	556
5	767
5	897
5	1013
5	1392
5	1658
5	2048
5	3017
5	3399
6	7
6	8
6	9
6	15
6	21
6	24
6	33
6	34
6	38
6	52
6	103
6	109
6	110
6	131
6	238
6	253
6	264
6	375
6	393
6	675
6	717
6	725
6	1231
6	1325
6	1911
6	2064
6	2918
6	2924
6	3675
6	3987
7	8
7	9
7	10
7	12
7	14
7	27
7	58
7	59
7	62
7	70
7	83
7	99
7	134
7	176
7	185
7	331
7	333
7	451
7	460
7	577
7	883
7	994
7	1043
7	1160
7	1469
7	1545
7	1642
7	1664
7	2241
7	2258
7	2636
7	3367
8	9
8	22
8	29
8	34
8	37
8	61
8	92
8	94
8	130
8	177
8	183
8	200
8	226
8	297
8	407
8	433
8	557
8	669
8	708
8	848
8	1483
8	1881
8	2033
8	2087
8	2510
8	3732
9	25
9	38
9	48
9	51
9	127
9	132
9	149
9	173
9	210
9	214
9	230
9	322
9	448
9	483
9	919
9	1266
9	1733
9	1807
9	2206
9	3331
9	3535
10	18
10	23
10	63
10	228
10	605
11	13
11	30
11	31
11	42
11	87
11	189
11	195
11	463
11	575
11	2254
11	2375
11	2634
12	126
12	235
12	242
12	982
12	1024
12	1104
12	1115
12	2086
12	2310
13	41
13	153
13	217
13	470
14	85
14	580
14	1811
14	3392
15	44
15	205
15	347
15	498
15	1966
16	17
16	2012
16	3071
17	54
17	55
17	218
17	240
17	255
17	1351
17	2220
18	20
18	67
18	79
18	90
18	379
18	1670
18	2490
19	39
19	64
19	102
19	114
19	300
19	443
19	477
19	565
19	3241
19	3929
20	105
20	232
20	363
20	1611
21	125
21	131
21	1009
21	1235
21	2334
22	96
22	326
23	550
23	2628
23	3970
24	46
24	48
24	51
24	58
24	107
24	215
24	225
24	2221
24	2816
25	1645
25	2262
25	2541
26	36
26	150
26	159
26	311
26	541
26	790
26	814
26	2585
27	56
27	102
27	113
27	596
27	1323
27	1470
27	2477
27	2687
27	2705
28	34
28	245
28	312
28	962
29	75
29	291
29	802
29	1015
29	1653
29	2075
29	2361
29	3214
30	40
30	267
30	277
30	310
30	434
30	591
30	1966
30	2890
31	86
31	121
31	178
31	769
31	1061
31	1104
31	1161
31	3250
32	87
32	88
32	207
33	50
33	55
33	78
33	169
33	176
33	256
33	1157
33	1302
33	1896
33	3231
33	3884
34	95
34	153
34	220
34	487
34	641
34	877
34	1298
34	1546
34	3230
35	40
35	673
35	791
35	2284
35	2300
35	3711
36	89
36	135
37	72
37	268
37	755
37	1819
37	3027
38	58
38	119
38	183
38	198
38	598
38	651
38	879
38	1374
38	2530
38	2909
39	359
39	3582
40	43
40	61
40	1576
40	1933
41	53
41	216
41	241
41	261
41	433
41	728
41	1199
41	1469
42	147
43	299
43	1292
43	1379
44	115
44	175
44	331
44	461
44	2214
45	48
45	522
45	1277
45	1683
45	1718
45	3254
46	73
46	155
46	604
46	732
47	57
47	84
47	111
47	120
47	171
47	358
47	610
47	900
47	956
47	1205
47	1648
48	49
48	221
48	655
48	928
48	1170
48	1777
48	2147
48	2670
49	93
49	213
49	385
49	421
49	480
49	706
49	3824
50	64
50	252
50	438
50	2200
51	156
51	1403
51	1840
51	2757
51	3402
52	117
52	247
52	273
52	294
52	434
52	490
52	1747
53	162
53	571
53	642
54	60
54	553
54	619
54	691
54	3609
55	255
55	373
55	512
55	518
55	842
56	76
56	130
56	311
56	587
56	597
56	3566
57	65
57	77
57	260
57	3902
58	94
58	116
58	137
58	165
58	361
58	536
58	1058
58	1083
58	1275
58	1378
58	1861
59	143
59	520
59	812
59	1491
60	69
60	82
60	202
60	374
60	504
60	658
60	843
60	3758
61	66
61	184
61	188
61	197
61	315
61	547
61	661
61	1506
61	1709
61	2952
61	3067
62	157
62	199
62	363
62	377
62	489
62	637
62	799
62	1632
62	2392
63	98
63	308
63	417
63	656
63	856
63	1875
64	285
64	1225
65	1459
65	1517
65	1856
65	2444
66	91
66	131
66	142
66	1812
66	1937
66	2808
67	566
67	647
67	920
67	3603
67	3754
68	71
68	74
68	81
68	108
68	295
68	1058
68	1164
68	3713
69	101
69	227
69	653
69	752
69	1134
70	139
70	160
70	805
70	928
71	164
71	179
71	369
71	1048
71	2339
72	170
72	197
72	546
72	1138
72	1154
72	1899
73	305
73	440
73	476
73	796
73	1271
73	2151
74	383
74	476
74	974
74	3075
75	104
75	246
75	425
75	506
76	188
76	1853
76	2045
77	198
77	200
77	219
77	402
77	879
77	1189
77	1345
77	1879
77	2096
77	3135
78	186
78	194
78	1449
78	1768
79	122
79	172
79	179
79	697
79	1385
79	1439
79	3561
80	334
80	3873
81	129
81	282
81	906
81	1197
81	1270
81	2797
82	163
82	254
82	1875
82	2537
82	2681
83	92
83	112
83	828
84	405
84	495
85	144
85	214
85	223
85	2138
86	194
86	259
86	976
86	1016
86	1068
86	1423
86	1980
87	353
87	1165
87	2196
88	100
88	128
88	245
88	738
88	2468
89	138
89	211
89	2599
89	3037
89	3237
90	127
91	561
91	573
91	965
91	1993
91	3505
91	3871
92	189
92	590
92	2492
93	234
93	337
93	357
93	857
93	1111
93	3964
94	220
94	266
94	290
94	653
94	2492
95	222
95	1034
95	1317
95	1915
95	2466
95	2661
96	291
96	309
96	339
96	1050
96	2215
98	1065
98	1913
98	2354
98	3384
98	3720
99	208
99	313
100	151
100	474
100	910
100	1173
100	2208
100	2357
101	255
101	258
101	621
102	196
102	791
102	1662
102	1724
103	284
103	371
103	2434
104	371
104	581
104	743
104	988
105	290
105	548
105	612
105	1528
105	1908
107	546
107	1561
108	270
108	315
108	1963
108	2039
109	161
109	264
109	286
109	3038
109	3243
110	257
110	941
110	1045
110	1456
110	2136
110	3897
111	145
111	328
111	514
111	2817
112	408
112	602
112	1765
113	226
113	1307
113	1575
113	1586
113	1752
114	248
114	249
114	271
114	825
115	268
115	275
115	316
115	1258
116	158
116	306
116	355
116	627
116	1722
117	243
118	167
118	698
118	1019
118	2575
119	298
119	768
119	1076
119	1332
119	2127
119	2427
119	3715
120	303
120	349
120	370
120	885
120	2758
121	303
121	530
121	670
121	2269
121	2288
121	2475
122	124
122	133
122	842
122	2991
123	423
123	621
123	1074
123	1734
123	2381
124	262
124	1444
124	1763
125	148
125	1294
125	2426
125	3589
126	1955
126	2538
127	335
127	558
127	675
127	710
127	1703
127	1743
127	1786
127	2914
127	2930
127	3680
128	419
128	721
128	1418
128	2963
129	367
129	666
129	702
129	782
129	3349
130	177
130	287
130	729
130	1665
130	2186
130	2230
130	2708
131	174
131	201
131	259
131	366
131	545
131	606
131	609
131	1272
131	1416
131	1668
131	2505
131	2918
131	2922
131	3580
132	146
132	188
132	264
132	509
132	782
132	3828
133	447
133	1363
133	3848
134	140
134	206
134	1042
134	1118
134	1461
135	610
135	890
135	975
135	1534
135	1824
136	272
136	288
136	350
136	593
136	1735
137	411
137	585
137	1726
138	177
138	866
138	889
138	1092
138	1355
138	3533
139	664
139	801
140	141
140	424
140	501
140	1209
140	1584
141	966
141	1401
141	1473
142	548
143	659
143	925
143	1081
143	1219
143	1516
143	3647
143	3807
144	193
144	2608
144	3337
145	166
145	233
145	317
145	570
145	1109
145	1729
145	2618
145	3026
147	152
147	269
147	352
147	1731
148	280
148	719
149	263
149	921
149	1428
149	2790
150	190
150	236
150	756
150	1890
151	376
151	449
151	705
151	1058
151	1922
152	3518
153	162
153	292
153	318
153	433
153	500
153	1115
153	2008
153	3084
154	397
154	718
154	724
154	1529
155	673
155	782
155	2496
155	2612
155	3735
156	260
156	472
156	1091
157	557
157	1356
157	1567
157	2480
158	290
158	431
158	1127
158	1254
158	1852
159	375
159	3573
160	212
160	576
160	597
160	1485
160	3509
161	162
161	1124
161	2035
161	2316
162	174
162	525
162	1628
162	1692
162	3292
163	300
163	643
163	693
163	846
163	894
163	944
163	1099
164	886
164	1210
165	456
165	1964
165	2031
165	2988
166	535
166	639
166	2484
166	3005
167	174
167	191
167	632
167	901
167	1236
167	2536
167	2966
168	344
169	320
169	569
169	1605
169	1920
170	270
170	841
171	1041
171	1116
171	3958
172	196
172	327
172	3252
173	205
173	274
173	726
173	1306
173	1574
174	276
174	361
174	864
174	922
174	1287
174	1704
174	3766
176	676
176	689
176	820
176	931
176	1157
176	1190
176	3051
177	2015
177	2220
177	2253
177	2811
177	3303
177	3882
178	493
178	1030
178	2834
178	2924
179	736
179	1099
180	187
180	244
180	603
180	1457
180	3165
180	3683
181	289
181	565
181	1525
181	2801
181	2863
182	549
182	2228
183	426
183	455
183	1595
183	2675
184	473
184	1568
184	2558
185	216
185	297
185	319
185	1122
185	1372
185	1782
185	2021
185	3943
186	681
186	1846
186	1969
186	1992
186	3989
187	366
187	2807
188	196
188	216
188	224
188	247
188	926
188	1088
188	3827
188	3940
189	192
189	277
189	375
189	608
189	1311
189	2449
189	3701
190	739
190	2328
190	2727
191	203
191	356
191	463
191	484
191	494
191	775
191	1413
191	2607
192	225
192	1093
192	1561
194	324
194	518
195	3972
196	266
196	307
196	844
196	1362
196	2335
196	2803
197	318
197	780
197	1226
197	1728
197	3520
197	3583
198	357
198	430
198	505
198	705
198	861
198	1431
198	1953
199	991
199	1380
199	2391
201	336
201	341
201	777
201	1057
201	2222
201	3927
202	229
202	439
203	409
203	655
203	972
204	343
204	455
204	615
204	1108
204	3978
205	329
205	601
205	854
205	932
205	1303
205	1607
205	3681
206	231
206	276
206	539
206	1176
207	537
207	559
207	901
207	3074
208	209
208	242
208	255
208	532
208	1009
208	1447
208	3732
209	436
209	556
209	676
209	3268
210	323
210	370
210	3510
210	3747
211	1373
212	385
212	674
212	686
212	711
212	853
212	1297
212	1304
212	2071
213	507
213	1860
214	304
214	385
214	416
214	458
214	582
214	792
214	1072
214	1255
214	1460
214	1462
214	1796
214	2430
214	2686
214	3774
215	278
215	297
215	531
215	1379
215	1481
215	1849
216	259
216	412
216	782
216	1429
216	1733
217	239
218	1102
218	1114
218	1755
218	2759
218	3171
219	572
219	1339
220	594
220	879
220	1062
220	1064
220	3227
220	3947
221	389
221	993
221	2470
221	3041
222	668
222	1498
222	2055
222	2260
222	2487
224	480
224	671
224	895
224	1423
224	2353
225	302
225	362
225	368
225	378
225	458
225	491
225	738
225	911
225	1067
226	342
226	383
226	420
226	785
226	2466
226	2890
226	2903
227	971
227	1519
227	3759
228	562
228	926
228	1467
228	1699
228	3980
229	266
229	330
229	354
229	629
229	699
230	1288
230	1713
230	1739
231	240
231	575
231	1453
231	1662
231	3285
232	240
232	1394
233	1139
233	1202
233	1284
234	315
234	1273
235	360
235	1193
235	1638
235	1781
235	2413
236	237
236	406
236	504
236	541
236	841
236	2378
236	2705
236	3449
237	786
237	1440
237	3506
238	392
238	478
238	709
238	2453
238	2762
239	250
239	401
239	778
239	999
239	1925
240	384
240	391
240	442
240	1162
240	1334
240	1374
240	3918
241	251
241	363
241	380
241	529
241	767
241	3570
242	268
242	643
242	973
242	2226
243	1434
243	2230
243	2700
244	1330
245	292
245	452
245	513
247	457
247	1728
247	2840
247	3422
248	797
248	801
248	2216
249	930
250	735
250	986
250	1950
250	2159
250	2337
250	2892
251	1975
251	2206
251	2247
252	467
252	1208
252	1914
253	279
253	633
253	653
253	1528
253	3057
254	929
254	1492
254	1536
254	2233
254	2678
255	574
255	735
255	804
255	1133
255	1660
255	1751
255	2099
255	2205
255	2213
255	3401
255	3529
256	324
256	419
256	678
256	1147
256	2760
256	2905
257	568
257	1958
258	332
258	496
258	788
258	2473
259	909
259	935
259	1303
259	2655
260	602
260	766
260	1278
260	2835
260	3390
261	583
262	281
262	307
262	569
262	2640
264	345
264	538
264	657
264	905
264	1167
264	1906
264	1982
264	2168
264	2834
265	400
265	511
265	1576
266	283
266	368
266	1313
266	1316
266	1679
267	748
267	3960
268	301
268	346
268	506
268	3218
268	3645
269	860
269	916
269	2726
269	3896
270	527
270	651
270	852
270	1936
270	2805
271	914
271	1994
271	2730
272	2515
273	357
274	1451
275	388
275	469
275	842
275	3010
276	410
276	464
276	3550
277	338
277	607
277	797
277	938
277	3226
278	286
278	293
278	808
279	811
279	960
279	968
279	2706
279	3771
281	631
281	812
281	3855
282	365
282	663
282	1810
282	2047
282	3016
282	3390
283	745
283	1700
283	1931
283	2511
283	3269
284	422
285	937
285	3897
286	381
286	382
286	398
286	456
286	1001
286	1487
286	1943
286	2287
287	906
287	2537
289	703
289	1186
289	1684
289	2721
290	331
290	466
290	1035
290	1473
290	2009
290	3915
291	661
291	1192
291	1283
291	3218
292	340
292	485
292	552
292	1020
293	325
293	584
293	1301
293	3261
294	321
294	977
295	837
295	1883
295	2708
295	3511
296	400
296	1364
296	1583
296	2716
297	311
297	370
297	403
297	595
297	1976
297	2542
297	2713
297	3259
297	3671
298	1454
298	2784
299	318
299	564
299	664
300	481
300	810
300	1194
300	1757
300	1996
300	2586
301	1321
301	1461
302	474
302	1060
302	2218
302	2584
303	426
303	502
303	1135
303	2356
303	3017
303	3122
303	3849
304	314
304	588
304	3757
304	3759
305	394
305	978
305	1008
305	1647
305	3221
306	2653
306	3606
307	526
307	1500
307	2363
308	372
308	832
308	1550
308	1921
308	2165
309	468
309	1114
309	2517
309	2975
309	3325
310	672
310	1341
310	1730
311	351
311	636
311	648
311	955
311	1723
311	2637
311	2879
311	3348
314	1377
314	1430
314	1463
315	652
315	1059
315	1816
315	3298
315	3791
316	1511
317	2042
318	814
318	846
318	2974
319	2234
319	3215
320	364
320	429
320	3020
320	3380
321	410
321	445
321	644
321	1388
321	1904
322	399
322	630
323	538
323	781
323	1074
323	1113
323	1787
324	1146
324	1274
324	1345
325	465
325	1053
325	2292
327	794
327	939
327	3405
328	371
328	413
328	417
328	434
328	1002
328	1905
329	1353
329	1740
329	2180
329	3608
330	2659
331	774
331	1592
331	2079
331	2388
331	3425
332	626
332	745
332	1229
332	1409
332	1843
332	2662
333	480
333	1064
333	1455
333	1585
333	3176
334	1505
335	516
335	955
335	1662
335	3454
336	488
337	591
337	981
337	1212
338	368
338	700
338	940
338	1422
339	1705
339	3719
339	3731
340	404
340	1171
340	1297
340	1372
341	444
341	515
341	539
341	834
341	927
341	1387
342	348
342	707
342	731
342	1564
342	2188
343	482
343	1218
343	3373
344	889
344	1089
344	1926
345	821
345	2361
345	2646
346	1573
346	3013
347	1540
348	1766
349	544
349	1143
349	3942
350	508
350	945
350	1614
350	1962
351	437
351	480
351	1923
352	1882
352	3892
353	3630
354	761
354	862
355	695
355	1602
355	2001
355	3979
356	1426
356	2174
357	526
357	618
357	1616
357	3288
358	434
358	1272
358	1368
358	2688
359	414
359	426
359	1748
359	2938
359	3220
359	3685
360	600
360	1773
360	2104
361	386
361	435
361	454
361	606
361	613
361	1923
361	2725
361	3487
362	675
362	1073
362	2331
363	988
363	1262
363	1395
363	2304
364	902
365	1274
365	1680
366	441
366	640
366	693
366	980
366	2784
367	740
367	744
367	1900
368	1120
368	2401
368	2513
369	385
369	557
369	760
369	1409
369	3567
369	3844
370	418
370	648
370	999
370	1079
370	1299
370	2721
370	3189
371	533
371	1420
371	1604
371	1606
371	1809
371	2617
372	2219
372	2731
373	903
373	1984
373	2458
374	411
374	3521
375	380
375	530
375	1820
375	1823
375	3245
376	479
376	499
377	1535
377	1891
377	2318
378	395
378	2314
379	567
380	501
380	636
380	745
380	1018
380	1265
380	1579
380	3057
380	3579
381	1016
381	1136
381	2821
382	829
382	2982
383	492
384	692
384	1570
385	711
385	1954
385	2257
385	2609
385	3118
385	3751
386	417
386	2676
387	823
387	1094
387	1572
387	3091
387	3284
388	1172
389	1414
389	1817
389	2115
390	747
390	1232
390	1291
391	415
391	462
392	620
392	2411
392	3279
393	396
393	1039
394	765
394	873
394	2037
394	2070
394	2518
394	2534
394	2948
395	859
395	988
395	1140
396	583
396	646
396	1036
396	1360
396	3988
397	612
397	745
397	2473
398	830
399	564
399	3164
400	428
400	483
400	688
400	690
400	950
400	1589
400	1606
400	2158
400	3322
401	625
401	655
401	2204
401	3364
402	2384
402	2714
402	3464
403	1055
403	1233
403	1813
404	986
404	3862
405	705
405	785
405	795
405	844
405	855
405	1324
405	2546
405	3656
406	483
406	609
406	1337
406	2383
406	2644
407	874
408	486
408	517
408	525
408	1035
408	2944
409	432
409	616
409	654
409	1090
409	1624
409	1721
409	2216
411	785
412	1687
412	1790
413	880
414	974
414	1240
414	1694
415	1216
415	2902
416	451
416	555
416	635
416	959
416	3063
417	628
417	858
417	1114
417	3585
417	3975
418	450
418	1398
419	613
419	869
419	1155
419	1443
419	3059
419	3154
419	3365
420	519
420	623
420	1502
421	749
421	1276
422	427
422	579
422	611
422	954
422	995
422	1227
424	662
424	944
424	947
424	1066
425	618
426	453
426	550
426	839
426	1830
426	2097
429	887
430	1253
431	991
431	1264
431	2568
432	736
432	1052
432	2715
433	2061
433	2065
433	2380
433	3105
433	3529
434	514
434	1078
434	1086
434	1204
434	1553
434	3267
435	1660
436	559
436	614
436	816
436	2017
437	578
438	1675
439	677
439	1004
440	726
440	1198
440	2127
441	2380
441	2930
442	1287
442	2725
442	3238
443	457
443	526
443	558
443	563
443	570
444	1301
445	497
445	1103
445	1539
445	1907
445	3159
446	1959
446	2116
447	621
447	1433
448	3500
449	503
449	892
449	951
450	1970
450	2533
450	2739
451	779
451	2142
451	2556
451	3446
452	704
452	1396
453	1166
454	459
454	737
454	1214
455	1024
455	1660
455	2419
455	3025
455	3236
456	2976
456	3226
457	1043
457	1466
457	1475
457	2266
457	2559
458	713
458	1965
458	2569
458	3201
458	3471
459	599
459	2287
459	2452
459	3787
460	934
460	1211
460	1671
461	479
461	1504
462	722
463	993
463	1021
463	2485
463	2594
464	1070
464	1071
465	760
465	3393
466	1646
466	1784
466	2294
466	3820
467	1350
468	1359
468	2303
469	540
469	543
470	3096
471	793
471	1980
471	2378
472	475
472	1309
472	1547
473	613
473	744
473	815
473	1007
473	1488
473	3531
474	896
474	987
475	758
475	1194
475	1450
475	3380
475	3877
476	523
476	1503
477	751
477	1105
477	2583
478	593
479	510
479	756
479	3597
480	687
480	1006
480	1107
480	1424
480	2067
481	596
481	1003
481	1617
481	2103
482	651
482	701
482	3679
483	532
483	609
483	1577
484	1193
485	2932
485	3313
486	560
486	892
487	3096
488	650
488	696
488	3019
489	1437
490	1118
490	1174
490	2063
490	3264
491	1047
491	1232
491	2286
491	2393
491	2446
492	510
492	523
492	712
493	2994
493	3272
494	727
494	784
494	1086
494	1814
494	2690
494	2843
495	528
495	992
496	3080
497	712
497	871
497	1863
497	3318
498	542
498	1295
498	1764
498	2565
498	3955
499	524
499	577
499	746
500	1704
501	3843
502	684
502	1083
502	2058
503	521
503	854
503	868
503	1296
504	551
505	1346
505	1543
505	1553
506	871
506	1183
506	1274
506	1578
506	2529
506	3306
507	530
508	2249
508	3244
510	1109
510	1501
510	1783
510	1841
510	3036
510	3572
511	1274
512	1167
513	809
515	776
515	1422
515	1544
515	3014
516	622
516	822
516	1221
516	3628
517	761
517	1041
518	1736
519	693
519	754
519	2683
520	1866
521	2013
521	2421
521	2883
522	580
522	754
522	1112
522	1616
522	1727
523	3065
523	3375
524	764
524	938
524	961
524	2150
524	2374
525	831
525	1152
525	1315
525	1908
525	3327
526	664
526	698
526	3868
527	586
527	1754
527	3776
529	3832
530	680
530	1026
530	1093
530	1118
530	1257
530	1561
530	2334
530	2852
530	3108
531	1307
531	3867
532	534
532	3332
533	2982
534	1129
535	1832
536	762
536	955
536	1352
536	2270
536	3465
537	855
537	1677
537	2852
538	1049
538	1215
538	2799
538	3401
539	558
539	3799
539	3804
540	734
541	685
541	793
541	1342
541	1510
541	1562
541	3229
542	1027
543	1217
543	2312
544	554
544	694
544	3054
545	1149
545	1268
545	2239
545	2799
546	1408
546	1564
546	1923
547	863
547	1804
547	2125
547	2194
548	2029
548	3054
550	664
550	3595
551	1379
552	681
552	881
554	2886
555	602
555	1722
556	880
556	1080
556	2251
556	2808
556	3780
557	634
557	833
557	936
557	1381
557	1756
557	3276
558	959
558	1930
558	2303
558	2410
559	789
559	1419
559	1664
559	2225
559	2515
561	2737
562	943
562	2404
562	2847
562	3957
563	1486
563	1760
564	1367
564	1741
565	1103
565	1224
565	2206
565	2348
565	3745
566	1044
566	1096
567	1179
567	1655
567	2532
567	3455
568	907
569	715
569	1274
569	1319
569	1635
569	2965
569	3000
570	697
570	896
571	1535
571	1597
571	1897
571	2396
572	682
572	1165
572	3881
573	911
573	1375
573	2456
573	3543
574	1308
575	2124
575	2900
576	589
577	2362
578	1029
578	1479
578	1706
579	2081
579	2875
579	3756
580	3158
580	3578
581	1248
582	1333
583	1059
583	1187
583	1402
585	2305
585	3598
587	1142
588	592
588	2156
589	679
589	1016
589	1101
589	1361
589	2111
589	2482
589	3013
590	1822
591	672
591	744
591	1033
591	3205
591	3302
592	770
592	826
592	2162
593	964
593	3862
594	1256
595	624
596	838
597	807
597	946
597	1286
597	1642
597	2517
597	2535
599	782
599	1162
600	1100
601	617
601	762
601	1280
602	630
602	636
602	705
602	769
602	1213
602	2013
603	1753
603	1795
603	3345
604	648
604	993
604	2414
604	3240
605	1206
605	3149
605	3496
606	614
606	1406
606	1565
607	917
608	2368
608	2844
609	783
609	1209
609	1503
609	1778
610	1100
611	750
611	1285
611	2134
611	2566
612	707
612	796
613	875
613	1098
613	2361
613	2960
614	766
614	1261
614	1552
614	1964
615	1048
616	723
617	968
617	2665
617	3513
618	966
618	2572
618	2970
619	1848
619	3422
619	3784
620	1861
620	1887
620	3990
621	1552
621	1669
621	2101
621	2606
622	797
623	755
623	2515
623	3976
624	1556
624	2119
625	1358
625	3019
626	3396
628	645
628	764
629	996
629	2293
629	3217
630	1080
630	1761
630	2489
631	742
631	2162
631	2531
632	899
632	948
632	1409
632	1636
632	1767
632	3219
633	1407
633	2605
634	1711
634	2956
635	1064
635	2942
635	2987
636	813
636	1074
636	1589
636	1681
636	1825
637	1780
638	944
638	3890
639	721
639	974
639	1099
639	1411
639	2593
640	1593
640	2507
641	835
641	1940
641	3490
642	649
642	3464
642	3935
643	1595
643	2442
645	827
645	1075
645	3315
645	3437
646	898
646	952
646	2155
646	2617
648	730
648	878
648	3845
650	1313
650	1337
650	2052
651	753
651	865
651	1038
651	1056
651	1106
651	1656
651	2388
651	2951
653	814
653	1252
653	1663
653	3334
654	972
654	2226
655	1181
655	1815
655	3133
657	665
657	772
657	1259
657	3841
658	759
658	865
658	1382
658	1621
659	2041
660	763
661	911
661	2674
662	1025
662	1126
662	2781
663	968
664	933
664	1183
665	2388
665	3900
666	2332
667	771
667	1168
667	3558
668	3263
670	847
672	683
672	851
673	1751
674	716
674	757
674	870
674	2617
674	2877
674	3268
674	3505
675	3435
676	791
676	872
676	1048
676	1614
676	1678
676	1979
677	818
677	2729
677	3617
678	997
678	2373
679	1643
679	2170
679	2576
680	1389
680	1791
681	1356
681	1477
681	3063
682	1697
682	2076
682	2175
682	2699
683	2560
684	2629
684	3400
685	2651
686	926
687	705
688	2976
688	3023
688	3033
690	720
690	1410
690	2478
692	1595
692	2771
692	3888
693	714
693	994
693	1293
693	1985
693	2775
693	3161
693	3404
695	1014
696	773
696	804
696	1127
697	913
697	2692
697	2862
698	1095
698	1203
698	2582
699	836
699	998
699	1347
699	1561
700	2085
700	3810
701	733
701	3349
702	741
702	919
702	1905
702	2180
703	840
703	970
703	3662
704	795
704	1384
705	765
705	1183
705	1720
705	2143
705	2834
705	3174
705	3203
706	1336
706	2194
707	2031
707	3225
708	2658
709	819
709	1263
709	2233
710	812
711	975
711	1376
712	734
712	883
712	993
713	923
713	1010
713	3945
714	893
715	1889
715	2403
717	1499
717	1811
717	2806
718	803
718	1672
718	3267
719	888
719	1633
719	3666
720	852
720	986
721	850
721	872
721	1205
721	1219
721	2620
721	2727
722	1006
722	3723
724	2230
725	1366
725	1469
725	2165
726	752
726	798
726	882
726	2091
726	3366
727	1612
727	1623
727	1965
727	2722
727	2889
727	3492
728	1387
728	1803
728	3532
730	918
730	1521
731	754
731	957
731	1709
731	2311
733	2509
734	884
734	908
735	1239
736	1786
736	2007
737	787
738	1115
738	1445
738	2832
738	3443
739	743
739	765
739	861
740	2003
740	3386
741	1021
741	2093
742	2508
744	1794
744	2459
744	2555
744	3562
745	1437
745	1493
746	1195
746	1732
747	2701
748	989
748	3191
749	2123
751	891
751	2086
751	2399
751	2406
751	3015
752	867
753	806
753	1056
753	2204
753	2313
755	1871
755	2689
756	1153
756	1493
756	2137
756	2461
757	2622
757	3441
758	3694
759	1011
760	983
760	1246
760	2975
761	1249
761	2388
762	824
762	1836
763	2428
764	891
764	1583
764	1686
764	3391
765	1083
765	1156
765	1428
765	1590
765	1848
765	2101
765	2754
766	2623
766	3299
767	1054
767	1302
767	1553
767	3998
770	3513
771	1085
771	1195
771	1201
771	1583
771	3616
771	3848
772	1673
775	2418
775	2563
776	1175
776	2022
777	2997
777	3122
778	2646
779	1806
780	2373
780	2672
782	807
782	932
782	2143
782	2563
782	3212
782	3236
784	2232
785	973
785	1598
785	1841
785	1964
785	2035
785	2176
788	3082
788	3158
790	1627
791	796
791	876
791	958
792	1446
792	2764
792	2946
793	1861
793	2767
794	1004
794	2144
794	2187
794	2535
795	817
795	1234
795	1716
795	2749
795	3901
796	1978
796	2395
797	1025
798	845
798	2166
798	2646
799	925
799	1401
799	1560
800	1873
800	2893
800	3713
801	2303
801	3107
802	1719
802	3749
803	1739
804	1288
804	1426
804	1985
805	2185
807	1129
807	1650
807	1660
807	2506
807	3113
808	2891
808	3708
809	2435
809	2589
809	3546
810	1474
811	840
811	1898
811	3786
812	1267
812	2371
812	3078
813	1130
813	1182
813	1973
814	1026
814	1914
814	1989
814	2437
814	2820
816	2172
817	820
818	1275
820	1942
820	2001
821	3478
822	925
822	1903
823	904
825	1877
825	2120
825	3062
826	1466
827	3515
828	1538
828	1732
828	2408
829	1565
829	1929
831	1637
832	2153
833	990
833	1049
834	1169
835	1157
836	1960
837	1514
837	2922
838	924
838	2556
838	2964
839	2426
839	2919
840	912
841	1151
841	1178
841	1412
841	1876
841	1893
842	974
842	3198
842	3210
843	1855
844	2604
844	2712
845	1269
845	2564
846	1363
846	3247
846	3291
846	3447
847	1301
847	2141
848	1004
848	1522
848	2547
850	907
850	2654
850	3591
851	1709
852	1038
852	2921
853	1746
853	3663
854	3748
855	875
855	1022
855	2880
855	3003
856	1371
857	1238
857	1576
857	1639
857	2154
857	3055
858	1314
858	1318
858	2231
859	2267
859	3249
860	1125
862	1771
862	2943
863	2364
863	3121
865	1015
865	3475
866	1472
868	2252
868	3056
869	1328
869	3153
870	3376
870	3722
871	1011
871	1128
871	2371
872	2281
873	1063
873	1563
873	3557
874	1163
874	2628
875	2304
875	2307
876	979
876	1935
876	3893
877	953
877	963
877	3276
878	2011
878	2395
878	2409
879	988
879	1490
879	3039
879	3494
880	1121
880	1442
880	1634
880	2082
880	2094
880	3409
880	3994
882	1028
882	1973
882	2786
884	1180
885	3632
886	1150
886	1814
887	1297
887	1788
887	2257
889	984
889	1159
889	1589
889	2351
890	991
890	1252
890	2046
890	3576
891	3052
891	3446
892	1896
892	2027
893	942
893	1191
893	1696
893	2441
894	1141
894	1144
894	1559
895	1789
895	3599
895	3753
896	1005
896	1119
896	1533
896	2056
897	1945
897	2977
899	1464
899	1466
899	1620
900	915
901	963
901	1365
901	1849
902	985
902	1798
903	3500
904	1222
905	1083
905	1961
906	1805
906	1874
906	2107
907	1626
907	2330
907	3542
909	1017
909	1145
910	1725
911	1312
911	1438
911	1679
911	1914
911	3568
912	1049
912	2030
912	2322
913	1115
913	2479
913	2938
914	2818
914	2885
915	949
915	2111
916	1370
916	1572
917	932
917	1241
917	1750
918	2326
919	2711
919	3051
920	3100
921	1577
921	2937
921	2947
924	1279
924	3527
925	1558
925	2267
925	3851
926	1649
926	2378
926	2650
927	967
927	1878
927	3923
928	1391
928	1590
928	1610
931	969
931	1515
931	1917
931	2324
932	1618
933	1004
934	1596
934	2040
936	1754
937	1772
938	984
938	1400
938	1441
939	1759
939	2763
940	1088
941	2671
944	1710
944	2255
944	2876
944	3070
944	3423
945	3464
945	3775
946	3095
947	3444
949	1513
949	2358
949	2802
949	3387
951	1185
951	1322
951	1801
955	1032
955	1744
955	1815
956	1046
956	1957
956	2274
957	3076
959	3274
960	1190
960	1479
960	3262
961	1305
961	2769
961	3049
961	3380
963	1405
963	1846
963	2058
966	1738
966	2735
967	1685
968	1512
968	1591
968	1669
969	1174
969	1416
971	1031
971	1969
972	2045
974	1127
974	1240
974	1512
974	1523
974	1548
974	3494
974	3780
975	1845
975	1870
975	2457
975	2785
975	3039
975	3419
976	2191
977	1530
977	1679
977	1940
978	3337
978	3910
979	2981
980	3752
981	1023
981	2962
982	1310
982	1663
983	2551
985	1239
985	1349
985	2323
985	2939
985	2993
985	3433
986	1040
986	1051
986	1602
986	1784
986	1849
986	2960
987	1791
987	2542
987	3031
988	1587
988	2002
988	2632
988	2648
989	2073
990	3605
991	1012
991	2824
992	1985
993	1027
993	1036
993	2200
993	2236
993	2367
994	1035
994	1247
994	1520
994	1983
996	1251
996	1320
996	2503
997	1599
997	1703
997	2245
998	1097
998	1159
998	1581
998	1797
999	1000
999	2231
999	3276
1000	3668
1002	1351
1002	2724
1003	1149
1004	1110
1004	1469
1004	2118
1004	3089
1005	1580
1007	1158
1007	1723
1008	1278
1008	1368
1009	1928
1009	2002
1010	2750
1011	1260
1011	2113
1011	2322
1011	3205
1012	1840
1012	2370
1014	2236
1014	3430
1016	1149
1016	1401
1016	3869
1018	1146
1018	1338
1019	1131
1019	1329
1019	2561
1020	2899
1020	3295
1021	1939
1021	2548
1023	2587
1024	2078
1024	3741
1025	2050
1025	3256
1026	1331
1027	2157
1028	1132
1028	1880
1028	2005
1029	2272
1030	1436
1033	3032
1034	1303
1034	2423
1034	3252
1035	1386
1035	1682
1035	3179
1035	3987
1036	1682
1036	2399
1036	3924
1037	2213
1038	3963
1040	2985
1041	3119
1042	2798
1042	3706
1043	1333
1043	1614
1043	1654
1043	2411
1043	2869
1045	1335
1046	1862
1046	2550
1046	3115
1047	1244
1047	1952
1047	2217
1047	3089
1047	3547
1048	1990
1048	2738
1048	3769
1048	3783
1049	1770
1049	2068
1050	1084
1050	1339
1050	2967
1052	1087
1052	1289
1053	1327
1054	1184
1054	2163
1055	1148
1055	3084
1055	3361
1056	1077
1056	1996
1057	3651
1058	1412
1058	2279
1059	1200
1059	1438
1059	3617
1060	1476
1060	2204
1061	3763
1061	3982
1062	1531
1063	1776
1063	2476
1064	2989
1064	3662
1065	1393
1065	2069
1066	3736
1067	1582
1068	1120
1068	1901
1070	2325
1071	1463
1072	2174
1072	2619
1073	3385
1074	1120
1074	3939
1075	1154
1075	1509
1075	1968
1075	3170
1075	3488
1076	1243
1076	3898
1077	2092
1078	1831
1079	1188
1079	1414
1081	1123
1082	1855
1082	3594
1083	2098
1083	2878
1084	1390
1084	1479
1085	1110
1086	1236
1086	1340
1086	2297
1086	3619
1087	1595
1087	2073
1087	2528
1087	3745
1088	1117
1088	1641
1089	2016
1090	2499
1091	1986
1091	2882
1092	1230
1092	1770
1092	2439
1092	3941
1093	2564
1093	3516
1094	1429
1094	1947
1097	1742
1097	1894
1097	3983
1098	1571
1098	2491
1099	1114
1099	1988
1099	2023
1099	2112
1100	2113
1100	2244
1103	1204
1103	1697
1105	3783
1106	1417
1106	1848
1106	2189
1106	2545
1107	1404
1107	1656
1107	1981
1107	3142
1108	1228
1108	1524
1108	3289
1111	3842
1113	1242
1113	2023
1113	2495
1113	3083
1113	3612
1114	1315
1114	1415
1114	1932
1114	2827
1114	3305
1114	3547
1115	1527
1115	2554
1115	3451
1117	1792
1117	3131
1117	3908
1118	1161
1118	2262
1118	2814
1118	3679
1119	1641
1120	1919
1121	2996
1121	3744
1121	3766
1122	1348
1123	2089
1123	2243
1123	2329
1123	3103
1124	1197
1125	1489
1126	1177
1126	2936
1127	1792
1127	1858
1127	1900
1127	2394
1127	3255
1127	3267
1128	1938
1129	2637
1130	1282
1131	1245
1131	1770
1132	2827
1133	1281
1133	2157
1133	2427
1135	2314
1136	2955
1139	1220
1139	1429
1140	1747
1140	2478
1140	3514
1140	3961
1141	1250
1141	1322
1141	3474
1142	2207
1142	2583
1145	2969
1146	1298
1146	1337
1147	1236
1147	1603
1147	2259
1148	1484
1149	1369
1149	1532
1149	1661
1150	2629
1151	1834
1152	1288
1152	1829
1153	3937
1154	1543
1154	1830
1155	1404
1155	1421
1155	1613
1156	1508
1157	1660
1157	1793
1157	1885
1157	2066
1157	2083
1157	2407
1157	2510
1158	3801
1159	1554
1160	3067
1161	2187
1161	3439
1162	1823
1162	3653
1163	1892
1163	3497
1164	1471
1164	2263
1164	2958
1166	2106
1166	2128
1167	1899
1167	2427
1167	3999
1168	1337
1168	1354
1168	1989
1168	2289
1168	3339
1168	3954
1170	1196
1172	2095
1172	3186
1173	1991
1174	1322
1175	1757
1175	3184
1176	1489
1176	1693
1177	1850
1178	1207
1180	1527
1181	2146
1181	2410
1181	2736
1182	1237
1182	1625
1182	2122
1183	1225
1183	1300
1183	2666
1183	2668
1184	1357
1187	2906
1187	2908
1187	3020
1188	1837
1188	2235
1188	3177
1190	1426
1190	2431
1190	2571
1191	1910
1192	1644
1192	1706
1193	2285
1193	3695
1194	1793
1194	2072
1194	3495
1196	1641
1197	2336
1197	3296
1198	1590
1198	1753
1198	2342
1198	2816
1198	3962
1199	1428
1200	1454
1200	1468
1200	1495
1200	1723
1200	3058
1201	1897
1201	2275
1203	1396
1204	3428
1205	2278
1206	3928
1207	1609
1208	2013
1208	2181
1208	2352
1209	1260
1211	1652
1211	3311
1212	1676
1212	2373
1213	1340
1213	2169
1213	3856
1214	1326
1216	1599
1216	2505
1216	3462
1217	1396
1217	2934
1217	2958
1217	3578
1219	1542
1219	2697
1219	3552
1219	3842
1220	1652
1222	3459
1222	3773
1223	2372
1223	3270
1225	1465
1225	2508
1226	1397
1226	1759
1226	2268
1227	1396
1229	2182
1229	2184
1230	3642
1232	2492
1233	3196
1235	1802
1236	1572
1236	2085
1237	1289
1238	1425
1238	1601
1238	2930
1239	1714
1240	1290
1241	1551
1243	2618
1244	1762
1245	3326
1246	1927
1247	1619
1247	2036
1248	2796
1249	1932
1250	1695
1250	3907
1251	1343
1252	1824
1252	2280
1252	2637
1254	3996
1255	3800
1256	1380
1257	1340
1257	3580
1257	3734
1259	1272
1259	1401
1259	2267
1260	2336
1261	1344
1261	1526
1262	2745
1262	2794
1264	3350
1265	1869
1265	2644
1265	3420
1266	1971
1266	3764
1267	2925
1267	3611
1269	1691
1271	1432
1271	3508
1272	1383
1272	3917
1274	2369
1274	3098
1274	3766
1276	1617
1276	3070
1276	3150
1277	3144
1278	3328
1280	2298
1280	3476
1281	2341
1282	1972
1282	2343
1282	3868
1283	2346
1283	3585
1284	2098
1284	2923
1286	2306
1286	2865
1287	2096
1287	3494
1287	3842
1288	1422
1288	1907
1288	2836
1288	3106
1288	3615
1289	2575
1290	1629
1290	1835
1290	1900
1290	1941
1290	2872
1292	2880
1293	3352
1294	1399
1295	3068
1296	2295
1298	3278
1300	1844
1300	2108
1301	1342
1301	1389
1301	1667
1301	2388
1301	3078
1301	3662
1302	1674
1302	2353
1302	2915
1303	1374
1303	1600
1305	2600
1306	1868
1307	2444
1308	1562
1308	3697
1308	3862
1309	2261
1310	1717
1312	1452
1312	2375
1313	1401
1313	1594
1313	1730
1313	1769
1315	1470
1315	2240
1315	3253
1315	3524
1316	3725
1317	1862
1320	3379
1320	3472
1321	3129
1322	1867
1322	2696
1322	2942
1323	2069
1323	3410
1324	2887
1325	2896
1326	2405
1327	3906
1328	2959
1330	1688
1330	3190
1331	2167
1333	1555
1333	2578
1334	1923
1336	1806
1336	3564
1337	2474
1340	1537
1340	3593
1341	2882
1343	1918
1345	2698
1346	1448
1346	1847
1346	2670
1347	2000
1347	2061
1347	2397
1347	3825
1348	1479
1348	2950
1349	1631
1349	3155
1351	1692
1351	3759
1352	1893
1352	2941
1352	3464
1353	3058
1354	3073
1354	3614
1355	1745
1355	3999
1356	1826
1357	1618
1358	3364
1359	1482
1359	3046
1360	1435
1363	2825
1363	3276
1365	1821
1365	1921
1365	2149
1366	1461
1366	3388
1367	2498
1367	2729
1368	1749
1368	2192
1369	2099
1369	2521
1370	1839
1371	1702
1374	1803
1374	2242
1375	2349
1375	2795
1376	1785
1376	2223
1377	2049
1377	2775
1378	1427
1378	2359
1379	1458
1379	1886
1379	2967
1380	1659
1380	3498
1380	3890
1382	2664
1387	1846
1388	1541
1389	2766
1390	2670
1393	3624
1393	3774
1394	3286
1395	1478
1395	2390
1396	1545
1396	2598
1396	3118
1397	2179
1398	2317
1398	2870
1398	3180
1399	2900
1399	3184
1400	1535
1401	2455
1401	3087
1402	1820
1404	1480
1404	1518
1404	3354
1405	1934
1405	2652
1406	1838
1406	2366
1407	2301
1407	3953
1408	1569
1409	3321
1411	1925
1411	3913
1412	2074
1413	1793
1413	1808
1414	3881
1415	2667
1416	1547
1417	3768
1418	3824
1419	3132
1420	2519
1420	3891
1421	3282
1422	1553
1422	2432
1422	3479
1423	2760
1425	1557
1425	2332
1425	2350
1426	1966
1426	2046
1426	2574
1426	3119
1427	3676
1428	2045
1429	1800
1429	2220
1429	2663
1431	2165
1432	1769
1435	1570
1437	2053
1437	2105
1437	3309
1437	3440
1437	3468
1438	1948
1438	2034
1439	2335
1440	2090
1440	3728
1442	1496
1442	2210
1442	3718
1447	1589
1447	3587
1449	1657
1449	3927
1452	1827
1453	3567
1454	2386
1454	3072
1454	3717
1455	2199
1455	2685
1456	1690
1457	3283
1459	3525
1460	2466
1460	3117
1461	2020
1461	2309
1461	3765
1461	3883
1462	2060
1463	1494
1463	2177
1464	1489
1465	1622
1465	2922
1466	1497
1466	1620
1467	3090
1468	2543
1469	1507
1469	3254
1473	3281
1473	3367
1474	1851
1475	1640
1475	2765
1476	1995
1477	1701
1477	1709
1477	2377
1477	3376
1479	2051
1479	3611
1480	1549
1481	1615
1481	2597
1483	3294
1485	3127
1485	3341
1487	1588
1487	2071
1487	3106
1488	2065
1489	1651
1489	1698
1489	1884
1489	1982
1490	1786
1492	2935
1492	3933
1493	2379
1493	3048
1493	3669
1493	3753
1495	1689
1495	2392
1496	2625
1496	3636
1497	1854
1497	2912
1498	2519
1500	2019
1501	1916
1501	2255
1503	2628
1506	1800
1506	1956
1507	2527
1509	1865
1509	3394
1511	1608
1511	3541
1511	3743
1512	3579
1513	1744
1513	2840
1517	2562
1521	2164
1522	2540
1524	2842
1524	3263
1525	1650
1525	2183
1525	2743
1528	3626
1531	1774
1532	1898
1534	2315
1535	1773
1535	3078
1535	3118
1538	1602
1538	3294
1539	1633
1539	2682
1540	1566
1540	1756
1541	3875
1542	1666
1542	2340
1543	2173
1545	2018
1545	2624
1545	3232
1546	1706
1548	1989
1548	3370
1548	3517
1549	2514
1550	2871
1550	2963
1552	2467
1552	2755
1552	3258
1553	1877
1553	3274
1553	3450
1553	3545
1553	3665
1553	3968
1556	2043
1556	2224
1556	2444
1556	3069
1556	3289
1557	2256
1557	2264
1558	2088
1558	2723
1559	2048
1560	2062
1561	3047
1562	2132
1563	2917
1563	3173
1564	2793
1565	1652
1565	2114
1565	3401
1566	3242
1567	2463
1568	2596
1568	2836
1568	3507
1569	2130
1569	3847
1570	2703
1570	3358
1571	2365
1572	1703
1572	1803
1576	1678
1576	2569
1577	2059
1577	2925
1577	3228
1577	3360
1577	3556
1578	2197
1579	2101
1579	3278
1582	1754
1582	1833
1582	3168
1582	3730
1585	2282
1585	2940
1585	3007
1585	3710
1587	2793
1589	1954
1589	1974
1589	3030
1589	3463
1590	3438
1591	2400
1591	2591
1592	2542
1593	2077
1593	3043
1595	1796
1595	2820
1595	2900
1595	3419
1596	2043
1596	3130
1598	1989
1598	2691
1598	2849
1598	3756
1598	3905
1599	2770
1600	2747
1600	3017
1601	2010
1602	2319
1602	3817
1603	1695
1603	1872
1603	3260
1604	2081
1604	3188
1605	1779
1605	2109
1606	2248
1607	2026
1609	1679
1609	2229
1609	2768
1609	3032
1610	2927
1611	1909
1612	3804
1613	2004
1613	3586
1614	1930
1614	2045
1614	2120
1614	2121
1616	2161
1617	1733
1617	3971
1618	2465
1618	3069
1618	3089
1618	3861
1619	2751
1622	3245
1622	3343
1623	1775
1623	2412
1623	3077
1624	3657
1625	2720
1625	3596
1631	2588
1632	3901
1633	1715
1633	2057
1633	2315
1635	2570
1635	3012
1636	3426
1638	1668
1638	2783
1638	3418
1640	2246
1640	3457
1641	1737
1641	1951
1641	3156
1642	2996
1643	1679
1644	2610
1648	2411
1648	2740
1650	2160
1650	3124
1652	2250
1653	2709
1654	2614
1656	2858
1658	1865
1658	2135
1660	2090
1660	2226
1660	2316
1660	2443
1660	3134
1660	3450
1661	2424
1661	2590
1661	3835
1662	3439
1662	3689
1663	1840
1663	2633
1663	3324
1665	1949
1667	3836
1668	3500
1669	3481
1669	3864
1669	3965
1670	2103
1670	2660
1672	3403
1672	3592
1673	2501
1673	2526
1675	1712
1679	2143
1679	2626
1679	2659
1679	2744
1679	2805
1679	3107
1680	2265
1682	1912
1684	3125
1684	3995
1686	2014
1687	1707
1688	2024
1689	2658
1692	2294
1695	1784
1695	1897
1696	3109
1696	3545
1696	3649
1700	3039
1701	2126
1701	2673
1701	2708
1701	2757
1702	1796
1702	2896
1702	3544
1703	2813
1705	2713
1705	2726
1705	3358
1707	1777
1707	3408
1708	2941
1709	3020
1709	3485
1711	1799
1711	3501
1714	2741
1715	1758
1717	3333
1717	3932
1718	2462
1721	3950
1722	2527
1723	1818
1723	2101
1723	2265
1723	3201
1726	2717
1726	3744
1726	3766
1727	2850
1728	1842
1730	2581
1733	2468
1733	3226
1733	3844
1734	2828
1735	1859
1735	2579
1739	2411
1739	2627
1739	2776
1740	2649
1740	3317
1741	2847
1742	3984
1744	1925
1745	2573
1746	2033
1746	2971
1746	3638
1747	2185
1748	1874
1748	2032
1748	2707
1748	2851
1748	3064
1749	3271
1750	3044
1751	2203
1752	3394
1753	3685
1754	3899
1755	1828
1755	3031
1757	3552
1757	3605
1758	2202
1759	1987
1759	2227
1761	3966
1762	2659
1763	3782
1764	2549
1764	3370
1764	3581
1768	3199
1768	3689
1769	1857
1769	1960
1770	2552
1771	2866
1772	1967
1772	2239
1772	2345
1773	1919
1773	2298
1773	3526
1776	1977
1778	2545
1778	3018
1779	3189
1782	2148
1782	3648
1782	3885
1784	2109
1784	2178
1784	2493
1785	2107
1786	2291
1786	2332
1786	3751
1790	1888
1790	2195
1791	2433
1791	2793
1791	3120
1792	1879
1793	2198
1793	2881
1793	3019
1795	2704
1796	1846
1798	3251
1800	2102
1800	2866
1801	2195
1801	3097
1803	2628
1804	2591
1804	2800
1805	3926
1806	2025
1806	3011
1808	2694
1809	2040
1811	3629
1812	2028
1812	2109
1813	2378
1814	2101
1815	3273
1817	2916
1819	2592
1820	2962
1821	2491
1821	2832
1822	2728
1823	1943
1823	2171
1823	2250
1825	1864
1826	2379
1829	3401
1830	2523
1830	2945
1830	3339
1830	3716
1831	2336
1832	3891
1834	3166
1835	3726
1836	2283
1837	2277
1838	2129
1838	2695
1839	2327
1839	3666
1840	1943
1842	1879
1842	2528
1843	1946
1843	1976
1843	3780
1845	1895
1846	2238
1846	2941
1846	3936
1847	2139
1847	2897
1847	2984
1848	1858
1848	2081
1848	2719
1848	3475
1849	2225
1849	3447
1849	3974
1852	3062
1852	3264
1853	1930
1853	2789
1853	3209
1853	3705
1853	3860
1854	3463
1855	3406
1855	3655
1856	3620
1857	2497
1858	2777
1859	3452
1860	2857
1861	2174
1861	2417
1861	3265
1862	3657
1864	2520
1864	3243
1866	3555
1867	2782
1867	3362
1869	1974
1870	2669
1871	2209
1871	2780
1871	2860
1873	3210
1875	3340
1876	2774
1876	3145
1877	2319
1877	3878
1878	2110
1879	2455
1879	2799
1880	3689
1883	2355
1883	3062
1883	3822
1884	2093
1884	3798
1885	2647
1885	2900
1886	2334
1888	2212
1888	2279
1891	1915
1891	1976
1891	2302
1893	2271
1893	2344
1895	3499
1896	1996
1896	2538
1897	1911
1897	2852
1898	2757
1899	2070
1901	2054
1903	3239
1904	2193
1904	2422
1905	2105
1906	3658
1907	2270
1907	2513
1908	2299
1908	2659
1915	2978
1917	1924
1917	2358
1917	3618
1919	2053
1921	2117
1921	2395
1922	2033
1923	1944
1923	2525
1923	3933
1924	2084
1924	2398
1926	1997
1927	2580
1930	2080
1930	3693
1932	2769
1933	2779
1933	3793
1933	3862
1934	3831
1935	2765
1937	2266
1937	2551
1939	3694
1940	2646
1940	2679
1941	2064
1942	3477
1948	2278
1948	2320
1948	3197
1950	2471
1952	2133
1953	2856
1954	1998
1954	3094
1955	3042
1956	3141
1959	3290
1960	2746
1960	3086
1960	3667
1961	2578
1962	2265
1964	3611
1965	3111
1965	3348
1965	3675
1966	3448
1969	3712
1971	2290
1973	2415
1974	3964
1975	2968
1976	2579
1976	3106
1977	3224
1977	3519
1978	2494
1978	3297
1980	3625
1983	2110
1983	3796
1985	3357
1985	3489
1985	3770
1986	2481
1987	1999
1987	2553
1987	3946
1988	2733
1990	3935
1993	2846
1994	2044
1994	3449
1996	2837
1996	3779
1998	2787
1999	2100
1999	2642
2000	2702
2002	3607
2003	3470
2004	3137
2004	3278
2005	3819
2006	3389
2007	2131
2013	2839
2013	3304
2014	2190
2015	2873
2016	2472
2019	2067
2019	2201
2020	2486
2024	2569
2024	2813
2024	3678
2027	2638
2027	3215
2029	3850
2030	2754
2030	3415
2032	3166
2033	2297
2036	2895
2036	3691
2037	2904
2039	2425
2040	3078
2042	2450
2043	2407
2045	2299
2045	2951
2049	3081
2051	2947
2052	3006
2052	3079
2052	3338
2053	2268
2054	2297
2054	3675
2055	2152
2055	3666
2055	3726
2057	2602
2058	2419
2058	3034
2058	3372
2060	2273
2061	3031
2062	2237
2062	2884
2063	2347
2063	3675
2064	2413
2064	2992
2064	3008
2064	3308
2064	3771
2068	3192
2069	2142
2069	2855
2070	2438
2070	2483
2070	2907
2071	2469
2071	3818
2073	2158
2073	2620
2073	2764
2076	3554
2077	3502
2079	2445
2080	2752
2080	3093
2081	2102
2081	2611
2081	3148
2084	2780
2084	3147
2085	2859
2085	3088
2087	2140
2094	2621
2095	2852
2096	3446
2097	2639
2100	3106
2101	3694
2103	3123
2103	3598
2106	2680
2107	2874
2108	2281
2108	2693
2109	2139
2111	2172
2114	2488
2114	3534
2114	3859
2115	3146
2116	3422
2117	3385
2121	3207
2121	3584
2125	2539
2125	3724
2127	3104
2127	3246
2132	2928
2133	2819
2134	2922
2136	2557
2136	3922
2139	2615
2139	2944
2139	3143
2139	3480
2139	3954
2140	3790
2141	3417
2142	2145
2142	2236
2142	2864
2144	2338
2144	2886
2145	2788
2145	3627
2150	3536
2152	2537
2153	2382
2153	2657
2156	3329
2156	3467
2157	2454
2157	3248
2157	3703
2161	2168
2161	2624
2162	2244
2162	2898
2166	3045
2167	2913
2170	3814
2172	2577
2172	3686
2173	2225
2174	3319
2175	2389
2175	3896
2176	3061
2177	3228
2177	3376
2180	2182
2180	2429
2181	2684
2184	3208
2185	2773
2186	3742
2186	3805
2187	2948
2188	2296
2188	3322
2189	3977
2194	2522
2194	2636
2194	3483
2201	3030
2205	3673
2206	2308
2207	2893
2208	2949
2212	2386
2213	3193
2214	3092
2216	2830
2219	2333
2220	2255
2220	2778
2222	3555
2223	2360
2225	3473
2226	2507
2229	3042
2230	2820
2230	3821
2231	3234
2231	3528
2233	3424
2236	3099
2238	3185
2238	3981
2239	2595
2242	2636
2242	3424
2243	2830
2245	3003
2248	2601
2251	3085
2252	3021
2253	2276
2255	2759
2258	2866
2258	3211
2258	3902
2259	2332
2259	2464
2259	3692
2262	2514
2262	3233
2265	2402
2266	2356
2266	2524
2266	2537
2268	2781
2269	3866
2271	3894
2272	2711
2273	2710
2278	2824
2278	3890
2282	2502
2282	2981
2282	3040
2283	2389
2283	2742
2285	3827
2288	2746
2289	2401
2291	3363
2292	2436
2293	2544
2293	2772
2293	3250
2295	3114
2295	3601
2296	2321
2296	2641
2296	3416
2296	3791
2298	2658
2299	2590
2302	2582
2303	3492
2303	3595
2303	3600
2304	2615
2304	2761
2304	3118
2309	2698
2311	3627
2312	3066
2315	3504
2316	2593
2316	3264
2316	3646
2317	2484
2319	2814
2321	3852
2322	2639
2322	3776
2323	2504
2325	2376
2326	3679
2328	3686
2329	2985
2329	3335
2332	2829
2333	3054
2334	2978
2339	2911
2339	3700
2340	3035
2342	3300
2342	3790
2345	3617
2346	2771
2346	3746
2348	2753
2348	3466
2350	2872
2352	2447
2353	3167
2355	2460
2355	2645
2355	2995
2356	2971
2358	2385
2358	2437
2358	3110
2358	3938
2359	3762
2360	2567
2360	2879
2363	2698
2363	2773
2363	3872
2365	2440
2365	2838
2365	3139
2366	3013
2367	2617
2368	3956
2370	2598
2370	2920
2373	2809
2374	3177
2375	2387
2375	2859
2375	3371
2376	2604
2376	3453
2376	3744
2376	3830
2378	2696
2378	3026
2378	3173
2379	3323
2381	2505
2381	2748
2388	3062
2389	3082
2389	3445
2390	2416
2390	2420
2390	2732
2392	3181
2392	3973
2393	3158
2394	2512
2395	3163
2396	2613
2399	3914
2400	2910
2400	3378
2403	2500
2404	3156
2407	2542
2407	3158
2409	3316
2409	3656
2410	2830
2411	2738
2411	2746
2411	3862
2412	2812
2412	2854
2412	3792
2416	2448
2417	2633
2419	3113
2420	2896
2423	3912
2424	2792
2424	3496
2425	3809
2426	3779
2428	2635
2431	2905
2431	3511
2434	3603
2436	3760
2437	2451
2437	3256
2438	2516
2439	3172
2441	2979
2442	3538
2445	3481
2447	3205
2448	3309
2449	3672
2451	3992
2452	2630
2455	2944
2456	3112
2457	2643
2458	2938
2458	3795
2459	3050
2459	3778
2461	3556
2462	2833
2463	2868
2466	2998
2466	3264
2467	3313
2468	2756
2468	2990
2468	3986
2469	2969
2469	3029
2471	2881
2474	3575
2479	3431
2479	3436
2480	3381
2484	3739
2486	3315
2487	2831
2489	2603
2489	2734
2498	3685
2499	3152
2501	3223
2505	3834
2507	2616
2511	3162
2515	2722
2515	3138
2516	2961
2522	3151
2525	3287
2527	3347
2528	3918
2529	3969
2531	3827
2532	3789
2534	3216
2535	2848
2538	3248
2539	3022
2540	3641
2547	3305
2547	3464
2553	2624
2554	3826
2556	3899
2556	3924
2557	3356
2558	2625
2559	2631
2563	2674
2564	3003
2564	3602
2566	3206
2566	3573
2569	3574
2571	3930
2572	2574
2574	3967
2575	3370
2580	4000
2590	2656
2590	3029
2590	3320
2590	3613
2590	3852
2591	3947
2594	3772
2598	3790
2599	3060
2603	2985
2603	3785
2605	2845
2607	2960
2607	3644
2611	2853
2615	3115
2617	2901
2617	3219
2619	2722
2620	2765
2621	3667
2623	2972
2624	2628
2624	2815
2624	2951
2624	3214
2624	3823
2624	3913
2625	3314
2627	3160
2628	2810
2631	3905
2634	2981
2635	2978
2637	3443
2639	2798
2639	2953
2639	3968
2640	3202
2640	3553
2643	3633
2648	3648
2651	2898
2655	3002
2655	3520
2658	3628
2659	3623
2659	3891
2661	2826
2664	3493
2666	2794
2668	2718
2668	3482
2671	2846
2671	3761
2673	3409
2674	3788
2674	3823
2675	3432
2677	2861
2677	3634
2678	3404
2678	3407
2680	2888
2684	3948
2690	2986
2693	3053
2694	3661
2695	3346
2698	3566
2699	3714
2703	3101
2708	3427
2711	2822
2721	3316
2721	3781
2723	3635
2726	3919
2728	2931
2728	3545
2729	3713
2731	3348
2734	3365
2734	3600
2736	2808
2737	3936
2740	3310
2743	3315
2744	2929
2744	3293
2745	3289
2745	3996
2746	3370
2746	3409
2748	2973
2748	3182
2749	3601
2754	2933
2754	3113
2755	2957
2760	3837
2762	2823
2772	3028
2773	3062
2777	3009
2778	3266
2779	2791
2780	3733
2781	3402
2782	2999
2783	3458
2784	3750
2787	3212
2787	3486
2794	3803
2794	3895
2796	3099
2798	3751
2800	2895
2802	3702
2813	2841
2813	3539
2814	3369
2816	3876
2822	3576
2824	3235
2828	2894
2830	3877
2832	2898
2836	3569
2837	3412
2838	3183
2840	3017
2840	3459
2842	3421
2845	3204
2846	3216
2847	2867
2847	3001
2847	3039
2849	3659
2850	3920
2851	3775
2851	3812
2852	3997
2853	3590
2856	3571
2859	3434
2866	3729
2872	3903
2873	3429
2875	3215
2875	3993
2884	2983
2888	3925
2889	2980
2890	3549
2892	3194
2894	3330
2899	3512
2900	3500
2902	2926
2902	3511
2914	3195
2916	2967
2918	3671
2925	3024
2926	3816
2931	3064
2938	3280
2940	3395
2941	3126
2941	3275
2946	3238
2949	2954
2950	3157
2950	3428
2951	3178
2956	3136
2956	3348
2962	3879
2971	3579
2972	3610
2973	3169
2975	3604
2976	3257
2976	3775
2981	3112
2981	3438
2986	3058
2987	3450
2993	3051
2995	3243
3005	3175
3009	3382
3011	3565
3019	3934
3020	3845
3028	3686
3033	3288
3036	3484
3037	3102
3045	3307
3045	3709
3050	3058
3051	3397
3055	3099
3057	3116
3057	3631
3061	3476
3064	3704
3071	3086
3073	3187
3075	3094
3078	3128
3078	3664
3079	3344
3079	3383
3083	3880
3083	3889
3090	3428
3093	3398
3094	3106
3095	3128
3096	3197
3097	3200
3104	3991
3109	3359
3114	3213
3118	3242
3124	3368
3127	3140
3127	3654
3128	3484
3128	3969
3133	3342
3142	3742
3144	3911
3147	3355
3149	3454
3149	3523
3150	3846
3154	3222
3155	3559
3157	3548
3157	3664
3158	3877
3158	3922
3162	3312
3163	3944
3167	3537
3168	3351
3168	3414
3168	3540
3170	3511
3171	3442
3174	3931
3175	3374
3176	3916
3177	3894
3179	3245
3179	3865
3181	3469
3183	3874
3188	3765
3191	3631
3197	3727
3202	3907
3212	3461
3215	3560
3221	3277
3223	3382
3225	3759
3229	3777
3236	3850
3237	3470
3237	3844
3243	3821
3243	3907
3243	3927
3244	3802
3245	3301
3245	3370
3268	3860
3271	3737
3272	3377
3272	3411
3272	3839
3275	3353
3276	3459
3276	3670
3277	3893
3280	3806
3281	3563
3281	3949
3286	3965
3298	3460
3300	3413
3309	3336
3315	3362
3315	3491
3325	3767
3329	3688
3331	3677
3337	3621
3345	3552
3346	3684
3350	3622
3358	3694
3367	3870
3369	3875
3372	3721
3373	3503
3375	3633
3381	3829
3387	3656
3388	3424
3402	3577
3403	3550
3418	3640
3423	3952
3427	3643
3435	3853
3442	3884
3443	3738
3444	3707
3445	3773
3447	3652
3449	3696
3449	3751
3449	3794
3456	3464
3456	3901
3459	3463
3461	3634
3461	3810
3463	3690
3464	3753
3470	3833
3471	3797
3473	3909
3476	3698
3482	3740
3488	3660
3493	3810
3496	3682
3500	3588
3504	3528
3508	3843
3510	3823
3515	3951
3517	3665
3521	3522
3521	3637
3524	3776
3526	3863
3528	3687
3541	3699
3545	3551
3545	3601
3551	3755
3557	3674
3560	3868
3565	3639
3570	3918
3576	3995
3584	3838
3586	3995
3590	3890
3625	3650
3642	3960
3643	3886
3644	3815
3652	3840
3655	3820
3657	3860
3664	3690
3681	3954
3695	3924
3700	3936
3725	3744
3734	3854
3745	3813
3751	3921
3755	3811
3762	3766
3765	3974
3770	3884
3773	3928
3786	3887
3804	3818
3815	3858
3823	3857
3837	3959
3842	3985
3853	3984
3927	3965
