1	2
1	3
1	4
1	5
1	6
1	7
1	8
1	11
1	12
1	60
1	62
1	89
1	150
1	165
1	417
1	506
1	546
1	720
1	1216
1	1576
1	1954
2	3
2	4
2	5
2	6
2	7
2	8
2	10
2	17
2	18
2	30
2	33
2	53
2	132
2	140
2	191
2	519
2	544
2	616
2	671
2	780
2	786
2	796
2	1423
2	3136
2	4016
2	4159
3	4
3	5
3	6
3	7
3	8
3	20
3	22
3	26
3	33
3	34
3	38
3	42
3	43
3	48
3	55
3	60
3	62
3	113
3	184
3	206
3	207
3	255
3	256
3	636
3	781
3	1410
3	2336
3	2627
3	4248
4	5
4	6
4	7
4	8
4	11
4	14
4	16
4	20
4	75
4	88
4	139
4	180
4	210
4	240
4	276
4	297
4	333
4	657
4	668
4	688
4	982
4	1088
4	2393
4	2484
5	6
5	7
5	8
5	9
5	19
5	24
5	29
5	38
5	41
5	103
5	133
5	283
5	1098
5	1342
5	1365
5	1978
5	3396
5	3677
5	3760
5	4003
6	7
6	8
6	10
6	12
6	14
6	15
6	23
6	28
6	74
6	82
6	213
6	237
6	701
6	995
6	1069
6	1574
6	1741
6	1843
6	2693
6	3169
7	8
7	9
7	13
7	16
7	23
7	37
7	75
7	87
7	100
7	114
7	136
7	137
7	169
7	433
7	597
7	773
7	1146
7	1455
7	2077
7	3165
7	3166
7	3227
8	23
8	48
8	59
8	80
8	265
8	355
8	423
8	454
8	542
8	616
8	682
8	1155
8	1509
8	1572
8	1689
8	1860
8	2095
8	2405
8	3830
9	12
9	13
9	87
9	183
9	239
9	418
9	421
9	731
9	1274
9	1614
9	1621
9	3091
9	3861
10	15
10	32
10	44
10	59
10	62
10	99
10	146
10	175
10	950
10	1005
10	1484
10	2315
10	3930
11	18
11	22
11	35
11	45
11	121
11	288
11	567
11	691
11	1123
11	1427
12	22
12	28
12	36
12	40
12	50
12	56
12	84
12	88
12	114
12	205
12	264
12	348
12	422
12	1390
12	1692
12	1865
12	2555
12	3112
12	4025
13	19
13	21
13	66
13	256
13	1133
13	1812
14	17
14	44
14	54
14	64
14	67
14	76
14	97
14	117
14	135
14	361
14	861
15	21
15	36
15	46
15	81
15	86
15	95
15	114
15	132
15	596
15	601
15	842
15	1056
15	1514
15	2476
15	3514
16	34
16	47
16	155
16	410
16	438
16	507
16	705
16	1689
16	1937
16	1968
16	3415
16	4382
17	27
17	31
17	57
17	58
17	69
17	73
17	174
17	185
17	336
17	511
17	535
17	1168
17	2038
17	3700
17	4157
18	41
18	71
18	104
18	268
18	390
18	787
18	804
18	1775
18	3388
18	4339
19	25
19	26
19	27
19	82
19	185
19	250
19	314
19	447
19	1029
20	25
20	78
20	109
20	207
20	338
20	518
20	2820
21	24
21	32
21	79
21	126
21	137
21	232
21	295
21	370
21	564
21	712
21	780
21	1771
21	3210
22	58
22	63
22	68
22	145
22	150
22	232
22	320
22	456
22	468
22	806
22	1138
22	1244
22	1558
22	1893
22	1954
22	3664
23	31
23	96
23	124
23	215
23	407
23	476
23	1220
23	1338
23	1345
23	4189
24	30
24	93
24	131
24	134
24	193
24	326
24	964
24	1307
24	1520
24	1619
24	3717
25	37
25	49
25	184
25	302
25	322
25	2112
25	3316
25	3350
25	3361
26	29
26	35
26	39
26	48
26	74
26	92
26	116
26	267
26	400
26	651
26	656
26	1388
26	1430
26	3678
27	98
27	130
27	148
27	730
27	790
27	1569
27	2673
27	2965
27	2979
27	3569
27	3896
28	35
28	52
28	53
28	67
28	68
28	101
28	269
28	288
28	300
28	335
28	496
28	666
28	758
28	1234
28	1449
28	2339
28	2520
28	2745
28	2904
28	3008
28	3381
29	51
29	54
29	61
29	89
29	107
29	129
29	235
29	457
29	1650
29	1762
29	2130
29	3089
29	3099
29	3160
30	40
30	202
30	274
30	382
30	848
30	1454
30	2703
31	51
31	111
31	561
31	643
31	1033
31	1126
31	1736
31	3275
31	3517
32	42
32	43
32	108
32	160
32	164
32	242
32	429
32	677
32	729
32	750
32	853
32	2115
33	119
33	157
33	3730
33	3934
34	264
34	283
34	2268
34	3318
35	65
35	85
35	424
35	697
35	705
35	970
36	149
36	156
36	258
36	633
37	39
37	70
37	234
37	585
37	801
37	1369
37	1461
37	1779
38	106
38	128
38	147
38	514
38	1037
38	1117
38	1749
38	2006
38	2712
38	4415
39	46
39	142
39	400
39	406
39	502
39	540
39	565
39	1126
39	1235
39	1281
39	1718
39	2512
40	49
40	55
40	214
40	262
40	267
40	273
40	623
40	664
40	985
40	1431
40	1710
40	1766
40	2946
41	50
41	100
41	134
41	222
41	922
41	2003
41	2184
42	52
42	63
42	77
42	101
42	178
42	192
42	217
42	295
42	500
42	706
42	908
42	2256
42	2739
43	45
43	79
43	96
43	120
43	206
43	359
43	582
43	598
43	849
43	1269
43	1733
44	47
44	61
44	85
44	92
44	104
44	112
44	167
44	217
44	243
44	316
44	381
44	399
44	404
44	423
44	538
44	1031
45	65
45	98
45	102
45	151
45	172
45	508
45	1051
45	1400
45	2237
45	2826
45	3656
45	3747
46	244
46	473
46	1083
46	1317
46	1968
46	3721
47	71
47	112
47	119
47	226
47	399
47	524
47	532
47	1249
47	1667
47	1767
47	2475
48	56
48	64
48	73
48	83
48	93
48	112
48	121
48	179
48	222
48	415
48	677
48	860
48	1154
48	1453
48	1682
48	1917
48	3673
49	110
49	123
49	146
49	1152
49	1200
49	1509
49	3240
49	3938
49	4076
50	77
50	109
50	161
50	186
50	425
50	2465
50	2862
50	2997
50	3755
50	3961
50	4486
51	72
51	141
51	497
51	564
51	998
51	1021
51	1044
51	1318
51	1406
51	3442
51	3551
52	70
52	86
52	107
52	173
52	235
52	334
52	716
52	2761
52	3466
53	3069
53	3914
54	69
54	76
54	158
54	178
54	198
54	233
54	238
54	321
54	367
54	2365
54	4369
55	90
55	125
55	291
55	296
55	298
55	360
55	467
55	735
55	1324
55	1400
55	2314
55	2422
55	4360
56	57
56	221
56	236
56	1851
56	3391
56	3800
57	585
57	588
57	773
57	2398
57	3586
57	4103
58	106
58	223
58	359
58	388
58	659
58	735
58	892
58	1451
58	1704
58	2010
58	2808
58	2853
58	3611
59	80
59	103
59	309
59	550
59	627
59	649
59	843
59	1311
59	1373
60	105
60	114
60	212
60	267
60	323
60	625
60	1936
60	4217
60	4385
61	83
61	91
61	97
61	145
61	195
61	311
61	1433
61	1853
61	4122
62	66
62	94
62	117
62	163
62	193
62	209
62	343
62	355
62	710
62	876
62	922
63	87
63	127
63	321
63	358
63	366
63	438
63	530
63	1132
63	1532
63	2975
64	157
64	546
64	716
64	736
64	3127
65	94
65	149
65	305
65	345
65	932
65	1971
65	3453
66	77
66	153
66	156
66	182
66	216
66	339
66	701
66	1791
66	2978
67	84
67	167
67	395
67	521
67	612
67	1300
67	1512
67	2126
67	2276
67	2837
68	72
68	90
68	187
68	419
68	575
68	3021
68	3357
68	3598
69	88
69	154
69	324
69	366
69	528
69	953
69	2710
69	2871
69	3953
70	129
70	201
70	731
70	913
70	1137
70	1187
70	3128
71	694
71	1035
71	1369
71	2380
71	2399
71	3584
72	78
72	81
72	102
72	199
72	491
72	647
72	1089
72	1227
72	1765
72	2219
72	2226
72	3201
73	131
73	182
73	354
73	520
73	1091
73	1210
73	1374
74	82
74	219
74	225
74	248
74	522
74	1022
74	1252
74	2036
74	2290
74	3729
74	4040
75	174
75	191
75	512
75	814
75	1458
75	1660
75	1808
75	1904
76	220
76	259
76	1361
76	3875
77	154
77	171
77	231
77	243
77	356
77	656
77	1348
77	2609
77	2938
77	3373
78	137
78	257
78	569
78	708
78	869
78	1670
78	1844
79	203
79	464
79	1236
79	1327
79	1625
79	1648
79	2442
79	3198
80	108
80	136
80	209
80	239
80	389
80	631
80	1529
80	1831
80	2895
80	3629
81	148
81	487
81	783
82	132
82	176
82	241
82	259
82	292
82	607
82	1414
82	3283
83	179
83	671
83	1797
83	3288
83	3380
84	95
84	99
84	111
84	133
84	180
84	204
84	384
84	499
84	567
84	1009
84	1720
84	1961
84	2512
84	3330
84	4191
85	120
85	249
85	537
85	555
85	1437
85	1482
85	2420
86	91
86	124
86	325
86	971
86	2543
87	104
87	159
87	185
87	245
87	290
87	339
87	739
87	848
87	948
87	1677
87	1893
88	158
88	200
88	257
88	449
88	458
88	777
88	943
88	1357
88	2236
89	241
89	301
89	663
89	828
89	1560
89	2832
89	3352
89	3772
90	118
90	362
90	386
90	499
90	641
90	644
90	2559
90	3064
91	162
91	181
91	810
91	1256
91	2383
92	115
92	227
92	1075
92	1575
92	1957
92	3661
92	3858
93	140
93	141
93	166
93	266
93	433
93	455
93	1633
93	1869
93	3757
94	193
94	213
94	290
94	640
94	851
94	3151
94	4196
95	163
95	230
95	432
95	941
95	1382
96	105
96	115
96	142
96	166
96	300
96	469
96	493
96	552
96	769
96	817
96	945
96	1040
97	138
97	199
97	377
97	576
97	930
97	1095
97	1253
97	3647
97	4306
97	4356
98	112
98	189
98	196
98	331
98	407
98	414
98	620
98	621
98	1319
98	1556
98	2624
98	2879
98	3068
99	113
99	188
99	266
99	377
99	633
99	1000
99	2456
99	3413
99	3804
99	3909
100	127
100	152
100	238
100	452
100	526
100	624
100	686
100	849
100	3915
101	273
101	277
101	525
101	1603
101	1959
101	3032
101	3483
101	3965
101	4215
102	116
102	247
102	457
102	571
102	639
102	886
102	1197
102	1690
103	200
103	268
103	320
103	505
103	830
103	2454
103	2514
103	2797
103	3450
104	122
104	130
104	139
104	160
104	204
104	291
104	471
104	599
104	3627
104	3916
104	4351
105	110
105	118
105	122
105	123
105	128
105	177
105	312
105	478
105	746
106	527
106	601
106	917
106	1755
106	3582
107	365
107	544
107	756
107	2432
107	3749
107	4357
108	143
108	147
108	334
108	461
108	522
108	786
108	904
108	1344
108	1884
108	2086
109	138
109	155
109	168
109	192
109	459
109	528
109	699
109	2123
109	2900
109	2989
110	393
110	643
110	1114
110	1460
110	2283
110	2732
110	2846
110	3697
111	208
111	2149
112	135
112	165
112	183
112	245
112	255
112	263
112	268
112	341
112	349
112	1846
112	2427
112	2886
112	4270
113	126
113	144
113	188
113	265
113	492
114	143
114	271
114	304
114	1733
114	4313
115	209
115	248
115	274
115	693
115	935
115	1465
115	2179
115	3566
116	176
116	1616
117	125
117	144
117	181
117	337
117	474
117	769
118	244
118	246
118	441
118	479
118	1417
118	1848
118	1867
119	423
119	670
119	1743
119	3224
119	3239
120	159
120	303
120	327
120	540
120	1352
120	2968
120	3153
121	294
121	309
121	350
121	368
121	655
121	680
121	1728
121	2952
121	3108
122	153
122	229
122	646
122	1148
122	3605
123	170
123	307
123	361
123	375
123	1181
123	1338
123	1487
123	2258
123	3896
124	363
124	2177
124	2403
124	2405
124	2988
124	4064
125	218
125	306
125	379
125	906
125	2811
126	346
126	1628
126	1911
126	3134
127	172
127	187
127	271
127	486
127	2295
127	2299
127	2605
127	3574
128	144
128	211
128	219
128	280
128	813
128	1099
128	1582
128	2118
128	3878
128	4255
129	383
129	444
129	448
129	844
129	1167
129	1252
129	2259
130	151
130	162
130	197
130	363
130	523
130	684
130	2127
130	4441
131	570
131	974
131	991
131	1128
132	146
132	407
132	445
132	485
132	791
132	1507
132	1703
132	2321
133	175
133	410
133	907
133	911
133	1301
133	1668
133	4163
134	280
134	1011
134	4147
135	164
135	169
135	197
135	224
135	588
135	692
135	2574
136	384
136	483
136	722
136	828
136	1061
136	1124
136	2827
136	3347
137	294
137	1438
137	1632
137	1789
137	4064
138	426
138	500
138	841
138	1049
138	1190
138	1294
138	2707
139	168
139	287
139	315
139	326
139	453
139	1229
139	1436
139	1536
139	1544
140	170
140	186
140	299
140	451
140	608
140	1579
140	1967
140	2038
140	2450
140	2891
140	3828
141	518
141	587
141	637
141	650
141	674
141	2206
141	2525
141	2968
141	3034
141	3405
141	4405
142	272
142	436
142	452
142	1162
142	1328
142	3664
143	224
143	246
143	362
143	539
143	723
143	1217
144	230
144	1003
144	1170
144	1250
144	1304
144	1655
144	3123
144	4008
145	423
145	531
145	566
145	1102
145	1603
145	2877
146	171
146	664
146	1081
147	152
147	351
147	459
147	767
147	1926
148	173
148	190
148	225
148	314
148	371
148	462
148	481
148	1452
148	2516
148	2746
148	3171
148	4127
149	190
149	210
149	422
149	893
149	1147
149	1178
149	1209
149	1570
149	1960
149	2357
150	161
150	195
150	558
150	855
150	996
150	1280
150	1784
150	2118
150	2166
150	3015
151	342
151	348
151	426
151	781
151	972
151	1169
151	1447
151	1696
151	1739
151	2521
152	184
152	218
152	513
152	545
152	560
152	907
152	915
152	1223
153	341
153	443
153	551
153	650
153	993
153	2092
154	187
154	194
154	489
154	535
154	1571
154	1886
154	2288
154	2572
155	260
155	344
155	584
155	2011
155	3344
156	250
156	359
156	376
156	570
156	1303
156	2838
156	3568
157	260
157	347
157	1317
157	2930
157	3857
158	205
158	252
158	275
158	409
158	574
158	632
158	648
158	1144
158	1162
159	194
159	196
159	201
159	226
159	254
159	497
159	563
159	640
159	887
159	915
159	1325
159	1413
159	1984
159	2087
159	2377
160	760
160	1024
160	1504
160	1832
160	2662
160	4479
161	184
161	376
161	479
161	583
161	1097
161	2882
161	2993
162	371
162	537
162	1201
162	2680
163	198
163	762
163	981
163	3082
164	253
164	285
164	553
164	586
164	738
164	816
164	2145
164	2328
164	2734
164	3531
165	180
165	318
165	352
165	401
165	2889
166	177
166	311
166	455
166	572
166	602
166	663
166	882
166	911
166	956
166	1398
166	2075
166	2203
167	297
167	329
167	469
167	1089
167	1163
167	1797
167	2186
168	1923
168	2209
168	2881
168	3300
169	1113
170	293
170	303
170	304
170	338
170	353
170	768
170	788
170	815
170	1039
170	1248
170	3568
170	3933
170	4262
171	223
171	237
171	285
171	308
171	383
171	905
171	1301
171	1402
171	1963
171	4479
172	228
172	249
172	364
172	456
172	942
172	1521
173	229
173	340
173	378
173	379
173	631
173	776
173	2557
173	4026
174	604
174	752
174	1322
174	1428
174	2081
174	3058
174	3601
174	4259
175	240
175	386
175	724
175	844
175	1074
175	2942
176	562
176	1139
176	1354
176	2735
176	4412
177	269
177	1151
177	1587
177	4340
178	281
178	533
178	591
178	939
178	947
178	1445
178	2074
179	282
179	440
179	4111
180	275
180	279
180	832
180	1184
180	1575
180	3240
181	212
181	216
181	262
181	351
181	1108
181	1561
181	2238
181	2404
181	3695
182	208
182	259
182	998
182	3528
182	4398
183	226
183	292
183	354
183	877
183	1808
183	3096
184	296
184	322
184	445
184	498
184	625
184	785
184	2935
184	3683
185	242
185	319
185	397
185	844
185	1098
185	3109
186	378
186	523
186	1092
186	1334
186	1591
186	1943
186	2858
187	214
187	251
187	312
187	442
187	810
187	885
187	1237
187	3013
188	189
188	381
188	437
188	590
188	1553
188	1821
188	2930
188	3044
188	3243
188	4211
189	211
189	319
189	431
189	439
189	478
189	549
189	721
189	1224
189	1723
189	1916
189	2225
189	4352
190	220
190	514
190	535
190	603
190	1226
190	2568
191	401
191	437
191	1421
191	4484
192	289
192	350
192	404
192	1043
193	236
193	313
193	346
193	434
193	704
193	834
193	3593
194	277
194	413
194	473
194	557
194	743
194	1285
194	2640
194	2658
194	3831
195	203
195	364
195	1164
195	1228
195	1515
195	3098
195	3252
196	278
196	609
196	1785
196	2153
196	2902
196	3295
196	3919
197	202
197	215
197	462
197	594
197	614
197	3810
198	284
198	453
198	1271
199	774
199	1464
199	1538
199	1596
199	2154
199	2193
199	2586
199	2622
199	4084
200	299
200	305
200	480
200	1092
200	1863
200	3983
201	233
201	258
201	580
201	916
201	2694
201	2792
201	3061
201	3511
202	237
202	254
202	286
202	335
202	345
202	1112
202	2298
202	3762
203	234
203	870
203	2384
203	3676
203	4241
204	332
204	759
204	811
204	920
204	957
204	1084
204	2825
204	3395
205	805
205	3905
205	4425
206	231
206	237
206	1351
207	324
207	709
207	729
207	2107
207	3548
208	221
208	251
208	310
208	533
208	821
208	902
208	1403
208	1629
208	2785
209	237
209	357
209	579
209	1474
209	1905
209	2758
209	3162
209	4036
210	429
210	475
210	955
210	1016
210	1048
210	1066
210	2579
210	2951
210	4157
211	247
211	304
211	341
211	863
211	1494
211	2306
211	3248
212	617
212	630
212	879
212	2273
213	228
213	302
213	402
213	760
213	979
213	1161
213	1925
213	2143
213	3538
213	4455
214	890
215	261
215	436
215	1859
215	2097
215	2637
215	2912
215	3067
215	4002
216	558
216	805
216	2440
216	3995
217	332
217	427
217	461
217	465
217	559
217	763
217	2672
217	3012
217	3713
218	372
218	435
218	447
218	597
218	898
218	950
218	986
218	1548
218	3602
219	1205
219	4485
220	265
220	416
220	597
220	602
220	1108
220	1147
220	1683
220	3398
220	4317
221	227
221	263
221	282
221	293
221	488
221	553
221	795
221	1198
221	1754
221	2478
221	2916
221	3791
222	488
222	530
222	617
222	658
222	1058
223	1082
223	1383
223	3152
223	3600
223	3719
223	4059
224	272
224	420
224	454
224	695
224	1117
224	2617
225	360
225	2396
226	327
226	506
227	313
227	399
227	501
227	1266
227	1534
227	1952
227	1970
227	2681
228	411
228	1076
228	2907
228	3395
229	2438
229	2713
229	4282
230	539
230	635
230	695
230	1931
230	2253
230	2516
231	250
231	301
231	328
231	603
231	2262
231	2310
231	2580
231	3340
231	4394
232	336
232	449
232	476
232	719
232	997
232	1480
232	2606
233	331
233	385
233	1847
233	2776
233	3560
233	3773
234	642
234	1307
234	3282
235	1184
235	1237
235	1834
235	3084
235	3793
236	253
236	281
236	403
236	1105
236	1490
236	2258
236	3833
237	265
237	279
237	812
237	1175
237	1756
237	1815
237	2016
237	2171
238	872
238	994
238	1190
239	268
239	276
239	391
239	515
239	564
239	801
239	1302
239	2078
239	2611
239	3835
240	468
240	516
240	997
240	1113
240	2599
240	3686
241	310
241	374
241	1042
241	2551
241	2899
242	551
242	794
242	2323
242	3377
243	261
243	405
243	699
243	832
243	1988
243	2049
244	390
244	392
244	536
244	645
244	847
244	857
244	1688
244	3948
244	4104
244	4466
245	323
245	2189
246	581
246	683
246	1075
246	1085
246	1135
246	1177
246	1930
246	2203
246	2381
246	2532
246	3707
247	782
247	1105
247	1234
247	2190
248	252
248	417
248	532
248	1121
248	2042
248	2796
248	2949
248	3510
249	298
249	463
249	607
249	628
249	2450
249	2694
249	3367
249	3914
249	3945
249	4226
250	921
250	2770
250	3346
251	270
251	405
251	770
251	930
251	1716
252	284
252	306
252	396
252	591
252	703
252	1158
252	1425
252	3215
253	270
253	278
253	428
253	706
253	1383
253	1485
253	2454
253	2642
253	2708
253	4425
254	286
254	567
254	669
254	827
254	1335
254	2316
254	2728
254	3271
255	707
256	395
256	971
256	1026
256	1703
256	1908
256	2961
256	3365
257	470
257	694
257	1196
257	1213
257	1290
257	1341
257	1425
258	335
258	684
258	865
258	1915
258	3073
259	463
259	556
259	675
259	717
259	1189
259	1993
260	873
260	944
260	2222
260	3736
261	446
261	1458
261	1475
262	515
262	577
262	627
263	289
263	349
263	419
263	1366
264	307
264	340
264	547
264	615
264	707
264	737
264	1467
264	3402
265	524
265	1242
265	1444
266	690
266	1123
266	1702
266	2492
266	3018
266	3109
266	3534
266	3555
267	317
267	460
267	597
267	856
267	947
267	2414
267	2864
268	341
268	527
268	755
268	1000
268	1814
268	1829
268	2830
268	4345
268	4378
269	329
269	771
269	2084
269	2604
270	365
270	408
270	1154
270	1637
270	3813
271	318
271	443
271	635
271	861
271	1160
271	1449
271	1722
272	325
272	464
272	734
272	889
272	1215
273	547
273	2839
273	3690
273	3892
274	356
274	509
274	541
274	868
274	1008
274	1243
274	1366
274	1998
274	2320
274	2654
274	3472
274	4411
275	1160
275	1270
275	1860
275	2012
276	730
276	901
276	1663
276	2059
276	2243
277	369
277	550
277	1167
277	2494
277	3065
277	3633
278	394
278	486
278	637
278	681
278	944
278	1818
278	3025
278	3939
278	4022
278	4067
279	374
279	884
279	1158
280	977
280	1971
280	2947
281	330
281	711
281	1128
281	2728
282	287
282	308
282	559
282	590
282	2033
283	444
283	471
283	487
283	1764
283	2168
284	475
284	482
284	1390
284	1634
284	2599
285	373
285	385
285	389
285	619
285	2819
285	3783
286	1477
286	2299
286	2303
287	678
287	936
287	1574
288	375
288	409
288	906
288	1107
288	1451
288	1549
288	2914
288	3301
288	3924
289	440
289	481
289	821
289	1950
290	406
290	3672
291	333
291	392
291	745
291	817
291	890
291	1069
291	1180
291	1242
291	1267
291	2039
291	2443
292	344
292	740
292	812
292	823
292	1905
292	3221
292	3437
292	3716
293	622
293	793
293	1565
293	2467
293	2836
294	460
294	569
294	803
294	1368
294	3037
295	373
295	477
295	632
295	753
295	800
295	1991
295	2265
295	2860
295	4254
295	4303
296	584
296	634
296	1087
296	1134
296	1206
296	1533
296	2648
297	330
297	717
297	819
297	1606
298	1380
299	992
299	1212
300	415
300	2778
300	3152
300	3273
301	342
301	503
301	681
301	863
301	1013
301	1027
301	3128
302	2873
302	3184
302	4071
303	317
303	337
303	1086
303	1803
303	4212
304	357
304	845
304	1005
304	1236
304	1534
304	2956
305	316
305	358
305	387
305	556
305	593
305	1492
305	1686
305	1887
305	2283
305	2853
305	4247
306	315
306	416
306	543
306	1784
306	1941
306	2411
306	3076
307	680
307	714
307	966
307	1176
308	666
308	918
308	1107
308	1504
308	1694
308	2411
308	2562
308	2761
308	3557
309	596
309	929
309	2601
310	502
310	503
310	761
310	2787
310	3375
310	4089
311	845
311	990
312	391
312	411
312	572
312	1440
312	1510
312	2472
312	3436
312	4366
313	589
313	892
313	1100
313	1666
313	1836
313	3407
314	477
314	491
314	495
314	1471
314	2326
315	368
315	382
315	513
315	1129
315	1306
315	1516
316	542
316	560
316	562
316	919
316	1058
316	1443
316	1713
316	3634
316	3981
316	4073
316	4328
317	347
317	541
317	718
317	1066
317	2656
318	749
318	794
318	960
318	1019
318	1261
318	1686
318	2093
318	2485
318	4095
319	480
319	578
319	669
319	1422
319	2906
319	4331
320	658
320	871
320	1513
320	1737
320	3178
321	614
321	826
321	862
321	1040
321	1587
321	2017
321	3689
322	655
322	691
322	1513
323	328
323	439
323	504
323	605
323	1411
323	1542
323	1666
323	1719
323	2937
324	420
324	431
324	692
324	1285
324	1500
324	1697
324	2000
325	620
325	1774
325	2183
325	4390
326	1222
326	2802
327	372
327	563
327	582
327	598
327	629
327	673
327	1288
327	2958
327	4159
328	388
328	1225
328	1741
328	3264
329	854
329	1478
329	1873
329	2769
329	2795
330	343
330	398
330	490
331	380
331	414
331	511
331	1142
331	1593
331	2108
331	4423
332	466
332	511
333	425
333	1042
333	2025
333	2076
334	565
334	973
334	1063
334	1403
334	1975
334	1981
335	370
335	581
335	807
335	916
335	2394
335	3174
336	353
336	393
336	604
336	1337
337	854
337	875
337	963
337	1145
337	2133
337	2657
338	768
338	832
338	1017
338	4040
339	352
339	365
339	467
339	472
339	490
339	492
339	608
339	2789
340	670
340	895
340	1342
340	1842
340	2155
340	2896
340	3053
340	3266
340	4118
341	506
341	1146
341	1223
341	1902
341	2220
341	2669
341	2772
341	2799
341	2926
341	2986
341	3790
341	4077
342	567
342	948
342	960
342	2938
342	4252
343	883
343	3517
344	904
344	976
344	1192
344	2065
345	554
345	3007
345	3952
346	927
347	676
347	757
347	774
347	1992
347	2061
348	546
348	574
348	594
348	792
348	978
348	1683
348	3016
348	3156
348	4228
348	4291
349	763
349	823
349	3388
350	548
350	708
350	966
350	2200
350	3658
351	369
351	508
352	2415
352	3494
352	4302
353	517
353	1149
353	2647
353	3950
354	727
354	1062
354	1230
354	1408
354	2020
354	2354
354	4113
355	587
355	1059
355	1146
355	1255
355	1573
356	732
356	1325
356	1744
356	3500
356	4218
357	702
357	983
357	1265
357	1705
357	1769
357	2094
358	1060
358	1959
358	2031
358	2707
358	2923
358	4108
359	367
359	580
359	961
359	1064
359	1469
359	4356
360	690
360	1084
360	1393
360	1921
360	3840
361	421
361	442
361	526
361	1025
361	1245
361	1407
361	2329
362	1017
362	2143
362	3225
363	897
363	926
363	967
363	1332
364	418
364	489
364	1003
364	1073
364	1623
364	2146
365	495
365	743
365	2131
365	2246
366	397
366	914
366	1073
366	1892
366	2133
366	3903
366	4055
367	408
367	450
367	764
367	1239
367	1370
367	1801
368	450
368	852
368	1121
368	1636
368	2634
369	402
369	435
369	740
369	1027
369	1559
369	1800
369	4455
370	398
370	546
370	659
370	3351
370	3552
370	4275
371	2124
372	756
372	1720
372	2625
372	3104
372	3646
372	3840
373	380
373	628
373	672
373	829
373	989
373	1583
373	1990
373	4148
373	4457
374	519
374	592
374	599
374	1225
374	1568
375	592
375	2743
375	4069
375	4110
376	394
376	901
376	2389
376	2542
376	3040
377	434
377	477
377	700
377	833
377	4342
378	555
378	751
378	1106
378	2204
379	2839
380	412
380	968
380	982
380	1619
380	1883
380	2094
380	2391
380	4421
381	594
381	751
381	962
381	1734
381	2043
381	3947
382	387
382	626
382	2196
382	2290
382	2524
383	403
383	769
383	855
383	1046
383	1922
383	2170
384	710
384	2155
385	648
385	682
385	757
385	1606
385	2137
385	2548
385	3784
386	1480
386	2526
387	619
387	868
387	1448
387	3094
388	3320
389	430
389	1093
389	2023
389	2353
389	2868
389	4115
390	909
390	1253
390	1702
390	3054
390	3992
391	615
391	1187
392	466
392	527
392	1106
392	1379
392	1459
392	1790
392	3659
392	3903
393	741
393	822
393	1940
393	3151
393	4010
394	482
394	617
394	636
394	1135
394	2157
394	2173
394	2320
394	3338
394	3509
394	3929
395	396
395	554
395	1183
395	1297
395	1379
395	1577
395	2278
395	3432
395	4176
396	451
396	815
396	1466
396	1654
397	639
397	661
397	785
398	552
398	1970
398	2834
398	3006
399	413
399	448
399	894
399	4222
399	4228
400	568
400	799
400	1501
400	1756
400	3048
400	3801
401	483
401	1564
401	2743
401	3522
402	611
402	2271
402	2671
403	790
403	931
403	1014
403	1658
403	1924
403	3063
403	4018
404	718
404	1184
404	2878
405	1026
405	1965
405	2354
405	2703
405	2989
406	521
406	534
406	634
406	1013
406	1530
406	1552
406	2495
407	1070
407	1371
407	1736
407	3856
407	3988
408	601
408	1935
409	1233
409	1274
409	2842
410	412
410	430
410	874
410	4317
411	804
411	3540
412	427
413	441
413	842
413	846
413	1796
413	2261
413	2501
413	3117
414	1204
414	1241
414	1319
414	1548
414	3219
414	4496
415	504
415	523
415	525
415	1242
415	2298
415	2545
415	3188
415	3504
415	3857
416	618
416	1276
416	1354
416	1535
416	1830
416	3245
416	3723
417	1434
417	1508
417	1612
417	3416
417	3842
417	4201
418	755
418	1324
418	2327
418	3786
419	432
419	609
419	629
419	797
419	879
419	2129
420	988
420	1174
420	1191
420	1589
420	2216
420	3079
420	3864
421	1018
422	424
422	561
422	606
422	974
422	3836
423	428
423	543
423	769
423	1182
423	1365
423	1503
423	1510
423	4363
424	616
424	630
424	1217
424	3168
424	3226
424	3611
424	4361
425	520
426	651
426	782
426	1676
426	1948
426	2592
426	2609
426	2823
426	3039
426	4122
427	534
427	1204
427	2042
428	613
428	702
428	839
428	896
429	529
429	792
429	1174
429	1638
430	458
430	594
430	754
430	1131
430	1148
430	1214
430	1477
430	2785
430	3261
430	3525
431	1479
431	1945
431	3492
431	4109
432	483
432	573
432	719
432	844
433	465
433	672
433	838
433	2240
434	501
434	803
434	1022
434	1109
434	1652
434	1995
434	3764
435	1360
435	1446
435	2961
435	4061
435	4466
436	646
436	703
436	835
436	1216
436	1555
436	1618
436	3503
436	3709
436	4332
437	724
437	1918
437	2161
438	494
438	752
438	1712
438	2100
438	2560
438	2904
439	1329
440	531
440	1572
440	2274
440	3069
441	2492
441	3766
441	4185
442	978
442	992
442	1065
442	1828
442	2934
443	470
443	498
443	952
443	1032
443	1176
443	1790
443	2227
443	3135
443	3374
443	4464
444	548
444	573
444	826
444	1538
444	3660
445	446
445	1940
445	3160
445	3852
446	990
446	2280
446	2616
446	3250
447	595
447	1024
447	3728
448	899
448	900
448	1392
448	2296
448	3075
449	520
449	545
449	1598
449	2203
449	3062
449	4143
450	722
450	2170
451	766
452	626
452	702
452	1996
452	3203
453	507
453	566
453	1191
453	3187
454	1852
454	2169
454	2462
454	3610
455	474
455	510
455	577
455	742
455	767
455	952
455	1802
455	1803
455	2953
455	3658
456	638
456	1229
456	2964
456	3134
457	484
457	606
457	662
457	1674
457	2052
458	459
458	2189
459	1035
459	1283
459	1585
460	798
460	843
460	897
460	1557
460	2096
460	2255
460	2387
461	484
461	947
461	1127
461	1246
461	2425
462	1960
462	2407
463	505
463	1072
463	2950
463	3098
463	3518
464	496
464	580
464	1103
464	1446
464	1592
464	2515
465	1041
465	1531
465	2012
465	2623
465	3858
466	549
466	1218
466	1468
466	1983
466	3443
467	652
467	1296
467	1321
467	1362
467	1374
467	1433
467	1540
467	2017
467	2111
467	2365
468	472
468	494
468	748
468	2205
469	493
469	2864
470	1418
470	1434
470	1947
470	2176
470	2227
470	2266
470	4387
471	782
471	800
471	822
471	1090
471	1901
471	3036
472	736
472	938
472	2843
473	485
473	507
473	745
473	764
473	1011
473	1320
474	837
474	2602
475	929
475	1824
475	1876
475	1912
475	3120
475	3502
475	3732
476	595
476	600
476	2398
476	2567
477	642
477	685
477	1208
477	4048
478	784
478	1534
478	2053
478	2500
478	3295
479	509
479	593
479	1527
479	1626
479	1672
479	3228
480	753
480	869
480	1050
481	877
481	1059
481	1129
481	1727
481	2521
481	3620
482	510
482	516
482	529
482	1195
482	2839
482	3973
483	512
483	662
483	1163
484	816
484	2744
484	3742
485	2181
486	747
486	957
486	969
486	1518
486	1899
486	2028
486	2894
486	2966
487	935
488	517
488	536
488	557
488	3286
489	618
489	1478
489	3695
490	1722
490	2385
490	2493
490	3893
490	4290
491	767
491	2006
491	2022
491	3647
491	3788
492	793
492	1151
492	1536
492	1580
492	1805
492	3177
492	3402
493	1356
493	2919
493	4324
494	2172
494	2349
494	4467
495	1145
495	1645
495	1757
495	2565
495	2624
496	1030
496	2070
496	2474
496	2544
497	507
497	586
497	924
497	1281
497	2646
498	578
498	3133
499	1965
500	820
500	1254
500	3312
501	675
501	813
501	1317
501	1516
501	4182
502	2487
502	3694
503	1146
503	1172
503	1273
503	2814
504	673
504	807
504	862
504	977
504	2216
504	3837
504	4229
505	912
505	1352
505	1641
506	2380
506	2734
507	564
507	611
507	975
507	1586
507	2199
508	738
508	759
508	1012
508	1395
508	1705
508	3499
509	972
509	1130
509	2305
509	2620
510	909
510	1566
510	2235
510	2686
511	622
511	925
511	1088
511	1222
512	665
512	744
512	1809
512	2235
512	2382
512	3277
512	3638
513	575
513	610
513	876
513	2846
513	4434
514	946
514	1410
514	2295
514	3191
514	4140
514	4315
515	775
515	1856
515	2088
515	2561
515	2725
516	3482
517	599
517	979
517	1735
517	1740
517	2045
518	568
518	1267
518	3525
519	579
520	600
520	679
520	809
520	840
520	847
520	1270
520	1555
520	1831
520	2721
520	2764
520	2849
520	3013
521	623
521	856
521	881
521	1441
521	2944
522	1577
522	2140
522	3644
523	538
523	589
524	870
524	1275
524	2201
524	3170
525	1221
525	1350
525	1407
525	1953
526	744
526	1660
526	1752
527	2131
527	2386
528	1638
528	2784
528	3247
528	3777
529	662
529	723
529	1067
529	2253
529	2315
529	3537
529	3759
530	2029
531	676
531	749
531	825
531	1521
531	2277
531	2359
532	576
532	2291
532	2498
532	2502
532	3826
533	652
533	928
533	1243
533	1463
533	1778
533	2901
534	816
534	1804
534	2307
534	3869
535	767
535	1203
535	1277
535	1549
536	1034
536	1628
536	2649
536	2741
536	3712
537	653
537	1547
537	2929
537	3270
537	4219
538	654
538	1498
538	1647
538	2302
538	2767
538	3147
539	653
539	726
539	1152
539	2750
539	3036
539	4092
540	1305
540	2727
540	4468
541	645
541	696
541	1057
541	1086
541	2359
541	2729
542	554
542	903
542	2104
542	2535
542	3084
543	866
543	4078
543	4432
544	838
544	951
544	3109
545	668
545	727
545	2225
546	823
546	1141
546	2163
547	687
547	991
547	3603
547	4435
548	1094
549	685
549	2265
549	3943
550	965
550	1680
550	1826
550	3211
550	4224
551	1886
551	2343
552	939
552	2164
552	4451
553	660
553	871
553	917
553	1125
553	2457
553	2459
553	3154
554	1649
554	1815
554	2312
554	3632
555	1166
555	1426
555	3721
556	571
556	2706
557	1408
557	3833
558	713
558	932
558	1608
558	2771
559	642
559	678
559	965
559	1051
559	2316
559	4052
560	689
560	2513
560	3045
560	3159
560	3750
560	4417
561	612
561	1871
561	3710
562	575
562	1207
562	1959
563	1095
563	1585
563	2777
563	3868
564	610
564	725
564	733
564	936
564	1166
565	963
565	3512
566	2121
567	783
567	796
567	831
567	2282
567	3102
567	3558
568	1186
568	1742
569	853
569	942
569	1760
569	2085
569	2920
570	583
570	1238
570	2468
571	762
571	1215
571	1938
571	3302
572	884
572	956
572	1667
573	667
573	1543
573	2282
573	2447
573	3028
574	698
574	1030
574	1275
574	3079
574	3380
574	3668
575	700
575	1037
575	1083
575	1758
575	1771
575	1823
575	4492
576	686
576	713
576	1012
576	1207
576	1596
576	1748
577	2379
577	3970
578	776
578	1378
578	1677
579	746
579	1401
579	1990
579	2310
579	2941
580	624
580	1828
580	3114
580	3507
580	4138
581	1851
581	2794
581	2967
582	878
582	2329
583	1165
583	1233
583	1646
583	1671
583	2425
584	674
584	1124
584	1440
584	2528
585	647
585	693
585	1594
586	638
586	860
586	900
586	1192
586	1202
586	1262
587	621
587	1353
587	3798
588	1798
588	2024
588	3195
588	4264
588	4407
588	4487
589	1361
589	1491
589	2490
590	993
590	4096
591	777
591	1693
591	3789
592	765
592	926
592	3953
593	665
593	837
593	1063
593	1924
593	3495
593	3811
594	605
594	1055
594	1070
594	1172
594	2032
594	2641
594	3974
595	859
595	2656
596	809
596	1044
596	1193
596	1421
596	2976
596	3408
597	644
597	938
597	1566
597	2305
597	2682
597	2686
597	2711
597	2849
598	2779
598	3058
599	1050
600	779
600	841
600	1619
600	1644
600	1871
600	3480
600	4105
601	2054
601	2337
601	2981
601	3309
601	3953
602	732
602	799
602	896
602	966
602	1157
602	2066
603	1188
603	1627
603	1742
603	2312
603	2860
604	696
604	2970
605	649
605	715
605	814
605	902
605	1278
605	1373
605	1590
606	1007
606	1016
606	1082
606	1240
606	1333
606	1455
606	1481
606	2197
606	2818
606	4215
607	1165
607	3853
607	4105
608	797
608	2089
608	3448
608	3477
609	613
609	1385
609	1635
610	804
610	1018
610	1503
610	2676
610	4308
611	1026
611	3505
611	3813
612	893
612	1254
612	2962
612	3830
613	761
613	850
613	1297
613	1624
613	2264
613	2430
613	2544
613	3333
613	3475
614	714
614	791
615	654
615	999
615	4443
616	782
616	867
616	1193
616	1934
616	2865
616	2890
617	683
617	867
617	2583
617	3550
617	4332
618	1602
618	2489
618	4376
619	2469
619	3793
620	725
620	1249
620	2885
621	657
621	1704
621	3786
622	1327
622	2523
622	3705
622	4405
623	1001
623	1120
623	1332
623	1661
623	1711
623	1753
623	2550
624	850
625	1287
625	1368
625	1992
625	4461
626	741
626	2064
626	2230
626	2641
626	3336
626	3463
627	1134
627	2029
627	3577
628	1251
628	1708
628	2522
628	3129
629	1514
629	1920
629	2948
630	661
630	689
630	891
630	2096
631	641
631	789
631	1104
631	1120
631	1726
631	2110
631	2635
631	2731
631	4369
632	1657
632	3158
632	4179
632	4400
633	1532
633	3488
633	3572
633	3807
634	715
634	734
634	865
634	984
634	1288
634	2168
634	2995
634	3800
635	959
635	1318
635	1495
635	2342
635	2372
635	2629
635	3387
636	1394
636	1939
636	4097
637	758
637	1646
638	1289
638	1493
638	3709
639	839
639	2898
639	4089
639	4289
640	874
640	2057
640	2423
640	4454
641	840
641	2001
641	2300
641	2825
641	3942
641	4464
642	748
642	1180
642	1213
642	1486
642	2936
642	3355
643	857
643	1427
643	1620
644	1644
644	1934
645	660
645	1122
645	1235
645	2508
646	1354
646	1964
646	2729
647	698
647	1372
647	1909
647	2040
647	2048
647	3557
648	704
648	721
649	1653
649	1893
649	2595
649	3854
650	709
650	779
650	836
650	985
650	1007
650	1118
650	1405
650	2690
650	2921
651	697
651	754
651	905
651	973
651	1878
651	4409
652	820
652	1573
652	1768
653	927
653	1015
653	2502
654	912
654	1068
654	1096
654	1813
654	2134
655	825
655	1020
655	1164
655	2156
655	2831
655	2971
656	1416
656	1717
656	1814
656	3642
657	934
657	1649
657	3491
658	667
658	728
658	852
658	1179
658	1262
658	1693
658	2090
658	2586
658	2844
659	818
659	1598
659	2742
659	3523
660	1623
660	2507
660	3276
661	1609
661	1629
661	1890
661	3821
662	673
662	3458
662	4415
663	928
663	2480
664	679
664	687
664	966
664	1642
664	1837
664	2498
664	3631
664	3740
665	2691
665	2850
665	3185
666	733
666	3870
667	688
667	949
667	2690
667	2977
668	1492
668	2651
669	824
669	1697
669	4212
670	887
670	988
670	1806
671	1367
671	1669
671	1933
671	2071
671	2406
672	802
672	894
672	1916
672	3553
672	4074
672	4426
673	934
673	1494
673	1783
673	3253
673	4195
674	958
674	1046
674	2247
674	3409
675	1330
675	1868
675	1973
675	2496
676	783
676	834
676	1221
676	1471
676	2751
676	4091
677	1177
677	1268
677	2119
677	3759
678	712
678	1173
678	1375
678	1715
678	2022
680	711
680	830
680	834
681	793
681	2542
681	3346
681	3827
682	778
682	878
682	1819
682	2246
682	3121
683	742
683	1247
683	2113
684	701
684	1671
684	3455
685	873
685	954
685	983
685	3195
686	864
686	2194
686	3264
687	726
687	1283
688	3501
689	3020
689	3324
690	931
690	3232
691	1150
691	1441
692	910
692	2403
692	3886
693	2460
693	3149
693	4308
694	833
694	853
694	1156
694	1759
694	2538
694	3020
695	2289
695	3110
695	3270
695	3884
696	976
696	1965
696	3785
697	798
697	1251
698	737
698	2062
698	2088
698	2394
698	2587
698	2817
698	3913
699	1674
699	2416
700	750
700	913
700	1080
700	1257
700	1655
700	2612
701	731
701	818
701	933
701	3131
702	941
702	1436
702	1581
702	1899
702	2233
702	3284
703	1175
703	1197
703	2917
703	2919
704	970
704	1397
704	1470
704	2804
705	864
705	1231
705	1525
705	1580
705	2341
705	3262
705	3467
706	720
706	1109
707	789
707	881
707	1010
707	1144
707	1501
707	1635
707	2174
707	3180
708	770
708	1087
708	1359
708	1925
708	2824
708	4362
709	858
709	975
709	1296
709	1326
709	1333
709	1595
710	739
710	811
710	910
710	1426
710	2202
710	2372
710	3925
711	1351
711	1805
711	2085
711	3807
712	1457
712	3484
712	4363
713	788
713	1038
713	1794
713	2248
713	4135
714	1868
714	2008
714	2060
714	2307
714	2876
714	4284
715	747
716	1795
717	1312
717	1777
717	4069
718	728
719	1156
719	1200
719	1256
719	2074
719	4033
720	1750
720	2573
721	994
721	1833
721	3700
721	4077
722	766
722	792
722	941
722	2711
722	2778
722	4483
723	925
723	975
723	1311
723	1479
724	1816
724	4066
724	4453
725	949
725	1360
725	2155
726	772
726	804
726	1052
726	1181
726	3345
727	954
727	1004
727	1036
727	2180
728	2527
728	2675
729	880
729	1290
729	1523
729	2202
729	2679
729	4045
730	784
730	831
730	1078
730	1101
730	2702
730	3463
730	4417
730	4477
731	792
731	829
731	1029
731	1382
731	3125
732	824
732	1219
732	2150
732	4234
733	919
733	1001
733	1019
733	1497
733	1906
733	2579
733	3798
734	946
734	1112
734	4471
735	1023
735	2461
735	4367
736	858
736	3235
736	4372
737	1171
737	1220
737	1910
738	940
738	1952
738	2668
739	1343
739	2751
739	3490
740	1099
740	1529
740	2632
741	835
741	1149
741	1685
741	1945
741	2505
742	778
742	866
742	1020
742	1149
742	1269
742	3665
743	771
743	846
743	937
743	1744
743	3572
745	783
745	1045
745	2226
745	2528
745	2665
745	3314
745	3547
746	1473
747	1153
747	1169
747	1782
747	1975
747	3725
747	4347
748	888
748	1064
748	1584
749	795
749	827
749	1009
749	1054
749	1295
749	1463
749	1827
749	3029
749	3354
749	4044
750	2041
750	2983
751	2063
751	2090
751	2333
751	2497
751	3255
751	4245
752	896
752	1286
752	1864
752	2413
752	4072
754	945
754	1068
754	1232
754	1442
754	1745
755	4013
756	1418
756	2894
757	772
757	1056
757	1259
757	1316
757	1327
757	1642
757	1951
757	2343
758	1047
758	1163
758	2887
759	765
759	937
759	969
759	1081
760	989
760	1844
761	1512
761	1799
761	1807
761	2477
761	3225
761	3803
762	895
762	1132
762	1946
762	3417
763	918
763	3953
764	787
765	1829
765	2783
766	802
766	882
766	1551
766	1880
766	2413
767	3454
768	981
768	1025
768	1185
768	1660
768	2245
768	3576
768	3684
769	816
769	1103
769	1280
769	1723
769	1932
769	2886
769	3769
769	4499
770	1310
770	2621
770	3968
771	775
771	819
771	870
771	1006
771	2597
771	3288
771	3787
772	806
772	984
772	1211
772	1344
773	1710
773	2467
773	3015
773	3765
774	1818
774	1906
774	2132
774	2182
774	2199
774	2715
775	967
775	1608
775	1737
776	1021
776	1304
776	1445
776	2701
776	3077
777	1482
777	1505
777	2696
777	2923
778	1008
778	1400
778	1878
778	2324
779	1386
781	1205
781	3940
782	806
782	808
782	1159
782	1737
782	2137
782	2905
782	3238
782	3292
783	1119
783	1994
783	2108
783	3294
783	3551
783	3830
783	4277
784	1067
784	1531
784	1891
784	1967
784	2360
784	2444
784	3348
785	1257
785	1839
785	1985
785	2719
785	3778
786	889
786	4163
787	968
787	1104
787	1661
787	1695
788	1218
788	2569
788	3011
789	1568
789	1719
789	2026
789	2499
790	851
790	2717
790	3498
791	1684
791	1846
791	3964
792	1150
792	1314
792	1653
792	1698
792	1752
792	2991
792	3238
792	3302
792	3357
793	1437
793	1611
793	1753
793	2333
794	1388
794	1516
794	3115
794	3544
795	1391
795	2389
795	2510
795	2584
795	2591
795	3340
795	3557
796	836
796	1248
796	1895
797	1327
797	1902
797	3468
797	4101
798	886
798	1279
798	1396
798	1488
798	2304
798	3576
798	3814
799	1002
799	1545
799	1990
799	2388
800	1061
800	2203
800	3228
801	808
801	987
801	1485
801	3654
802	891
803	903
803	1394
803	2968
803	4272
804	1258
804	1717
805	899
805	914
805	1163
805	1431
805	2035
805	2669
806	1542
806	1591
807	2208
807	3292
808	1153
809	1028
809	1761
809	2255
810	2004
810	2034
810	2517
810	2614
810	2913
810	3941
810	4381
811	1272
811	1791
811	2080
811	2086
811	2688
811	3834
811	4495
812	1353
812	2763
813	1057
813	1867
813	2589
814	923
814	1859
814	2364
814	2453
814	3692
815	1348
815	3836
816	1143
816	1216
816	1228
817	2431
817	4286
818	880
818	1002
818	1055
818	1202
818	2381
818	2603
819	898
819	1474
819	1546
819	1951
819	1974
820	933
820	1306
820	1321
820	2210
820	2858
820	3671
820	3734
821	832
821	3497
822	966
822	980
822	2007
822	3038
823	964
823	1358
823	1662
823	2332
823	2704
823	3704
824	1313
824	1553
824	3456
824	4354
825	1219
825	1238
826	1130
826	2128
827	2378
828	1408
828	1640
828	3746
828	3964
829	1523
829	1889
829	2719
829	2838
829	3955
829	4251
830	1143
830	1796
830	3421
831	1612
831	2004
831	4231
832	1141
832	1597
832	2188
832	2455
833	859
833	986
833	1078
833	3908
833	4010
834	961
834	1185
834	1206
834	2352
834	3704
835	2424
835	3947
836	2288
836	2617
836	3816
837	953
837	1500
837	1517
838	1031
838	1308
838	1894
838	2944
838	3904
838	3997
838	4131
839	1199
839	1208
839	1921
839	2249
839	2683
839	3172
840	1111
840	3126
840	4354
841	1194
841	3201
841	3747
842	868
842	1032
842	1155
842	1665
842	1996
842	2855
842	3526
843	1481
843	1841
844	889
844	995
844	2078
845	1133
845	1793
845	2117
845	2688
845	2722
845	4488
846	1211
846	3487
846	3882
846	4384
847	872
847	941
847	1142
847	2120
847	4233
848	1043
848	1305
849	1344
849	2281
849	3251
849	3281
849	3714
849	4278
850	1639
850	1942
850	2319
850	2376
850	2963
851	875
851	1140
851	1830
851	2611
851	3150
851	3962
851	4124
852	1210
852	2151
852	3315
853	1314
853	2476
853	2701
854	1052
854	1386
854	3593
854	4150
855	885
855	923
855	943
855	1526
855	2615
855	2739
855	3698
856	1852
856	1921
856	2439
857	908
858	1387
859	1900
859	1953
859	2142
859	2691
859	3305
859	4124
860	1159
860	1949
861	1091
861	1119
861	1182
861	1609
861	3981
862	1193
862	2195
863	959
863	968
863	2435
864	2366
865	888
865	3932
866	883
866	1363
866	1625
866	1672
866	4008
867	1909
867	2191
867	3850
867	4280
868	1812
868	2210
868	2939
869	921
869	3630
870	1085
870	1097
870	4253
871	992
871	3313
871	3554
872	2348
872	2715
872	3542
872	3828
873	1101
873	2127
873	4293
874	1045
875	2529
876	1607
876	2535
876	2758
876	3016
877	1412
877	1487
879	1315
879	4136
880	1272
880	1913
880	2002
880	2576
880	3403
880	3820
881	1122
881	1665
881	2069
881	2501
883	1327
883	1499
883	1858
883	2465
883	3181
884	3485
885	1053
885	1115
885	1415
885	1961
886	1062
886	2870
886	3001
887	1359
887	2659
888	2392
888	2803
888	2822
888	3416
888	3829
889	1564
889	1749
889	3688
890	2840
891	2670
891	3262
891	3291
891	4020
892	947
892	1085
892	1420
892	3113
894	1072
894	1714
895	924
895	2832
895	3316
896	1110
896	1277
896	1677
896	4024
897	1246
897	1699
898	2972
898	4063
899	1261
899	1339
899	2200
899	3155
899	3175
900	951
900	1292
900	1550
900	1566
900	2914
900	3643
901	3055
901	3739
902	1093
902	3745
902	4118
903	980
903	1470
903	2645
904	920
904	996
904	2030
904	2582
904	3963
904	4034
904	4292
905	2349
905	3000
905	3314
905	3655
905	4110
906	1595
906	1633
906	1762
906	1989
906	2332
907	1203
907	1415
907	1563
907	1864
907	2204
907	3322
908	1060
908	1079
908	1687
909	968
909	2578
909	2793
909	3715
909	3976
910	1371
910	1476
910	2160
912	2186
912	3165
912	4247
913	1226
913	1401
913	1527
913	2891
914	3000
914	3343
915	1034
915	1369
915	2049
915	2228
915	2658
915	3138
915	3832
916	996
916	1079
916	2467
916	2965
916	3680
917	1294
917	2297
917	2620
917	3064
917	4132
918	1616
918	1772
918	1833
919	1602
919	2215
919	2294
919	3362
920	2206
920	2241
920	2562
920	3044
920	4347
920	4399
921	1041
921	1116
921	1157
921	1389
921	1613
921	2541
921	2689
922	3354
923	2022
923	2871
924	1636
925	1114
925	1298
925	1541
925	1586
925	3701
926	2967
926	3576
926	3865
927	940
927	3054
928	1033
928	1195
929	2066
929	3753
930	1036
930	1464
930	2317
931	1076
931	1138
931	1877
931	2495
931	3969
931	4168
931	4388
932	986
932	1377
932	2116
932	2770
934	1838
935	1740
936	3244
936	3902
937	962
937	2687
937	3470
938	1186
939	1127
939	1194
939	1506
939	2653
940	2109
940	2655
940	3039
940	4060
941	1006
941	1100
941	4202
942	1028
942	1049
942	1125
942	1358
942	2321
943	1188
943	1581
944	1080
944	1250
944	1569
944	2289
944	2401
944	3943
945	1871
945	2322
945	2374
945	2570
945	3575
946	1354
946	1544
946	1755
947	955
947	1682
947	3751
948	1405
948	1759
949	958
949	1074
949	2453
950	1276
950	2384
950	3338
950	3348
950	3434
951	1857
951	2437
951	2705
952	1282
952	2166
953	1004
953	1116
954	2518
954	2629
954	3746
954	4246
955	3092
955	3982
956	1015
956	1699
956	1732
956	4090
957	987
957	1309
957	1698
957	2903
958	2070
958	2271
959	4478
961	1088
961	1168
962	1230
962	1586
962	2802
962	3895
963	1278
963	1578
963	1611
964	1772
964	3321
965	2223
965	2660
965	3308
965	3657
966	1038
966	1047
966	1292
966	1855
966	2180
966	2966
966	3496
966	3843
967	1839
967	2050
967	2916
968	1347
968	1392
968	1419
968	2419
968	3246
968	4178
969	1601
969	2339
970	1456
970	2038
970	2218
971	1014
971	1102
971	1131
971	1957
971	2267
972	1039
972	1231
972	1335
972	1615
972	1681
972	2379
973	1053
973	1199
973	4341
974	3118
975	1224
975	2592
975	4098
976	1010
976	1570
976	2008
976	2144
976	2331
977	1557
977	2439
977	3734
978	995
978	1387
978	1605
978	2067
978	2234
978	3672
979	999
979	2060
980	1409
980	2047
980	2920
981	1137
981	1393
981	3323
982	1189
982	2237
983	1986
983	2553
983	4101
983	4266
984	1656
985	2140
986	1926
986	1959
986	2037
986	4070
986	4072
987	1876
987	2340
987	2350
987	2540
987	3418
988	3034
989	1466
989	3035
991	1578
991	1842
991	2311
992	1090
992	1866
992	2618
992	4216
993	1359
993	1607
993	1731
993	1800
994	1914
995	1214
995	1495
995	2020
995	2171
995	2269
995	3278
995	4200
996	1049
996	1347
996	1977
996	4044
997	1023
997	1384
997	1768
997	2122
997	2344
997	2361
997	2957
997	3030
997	3812
997	4250
998	3443
999	1065
999	1367
999	1604
999	2660
999	4266
1000	1094
1000	1111
1000	2573
1000	2909
1000	2911
1001	2482
1002	1350
1002	1506
1002	2565
1002	3808
1002	4376
1002	4411
1003	1255
1003	1323
1003	1331
1004	1391
1004	2564
1004	2583
1004	2788
1005	1232
1005	2388
1005	2534
1006	2708
1007	2024
1007	3869
1008	2323
1008	2387
1008	3441
1009	1161
1009	1450
1009	1621
1009	1709
1009	1845
1009	4448
1010	1348
1010	2598
1010	2664
1010	3783
1011	1140
1011	1748
1011	2167
1012	3897
1012	4057
1013	1300
1013	2007
1014	1835
1014	2243
1014	3241
1015	1118
1015	1320
1015	3453
1016	1526
1016	1533
1016	2622
1016	3474
1017	1850
1017	2647
1017	2655
1018	1115
1018	1604
1018	1988
1018	3406
1018	4299
1019	1411
1019	1927
1019	3533
1019	3638
1019	3707
1019	4480
1020	1493
1020	2252
1020	4307
1021	1170
1021	2150
1022	1209
1022	1933
1022	3612
1023	1936
1023	2840
1023	3616
1024	1511
1024	2468
1024	3504
1024	3651
1024	4119
1025	1048
1025	2806
1026	1856
1026	1955
1027	4038
1028	1841
1029	1673
1029	3881
1029	3923
1030	1245
1030	1524
1030	2397
1030	3931
1031	1423
1031	2748
1031	4129
1032	1071
1032	1630
1032	2914
1032	3921
1033	1554
1033	2567
1033	2911
1034	1054
1034	1547
1034	2054
1034	2909
1034	4071
1035	1147
1035	3440
1035	3594
1036	2104
1036	2958
1036	4350
1037	1110
1037	1602
1037	2170
1037	2457
1038	2285
1038	2713
1039	2000
1039	3126
1040	1077
1040	4165
1041	1336
1041	1562
1041	2240
1041	2652
1041	3508
1042	2005
1042	2678
1042	2856
1043	1593
1043	2059
1043	2273
1043	2364
1043	2716
1044	1441
1044	1849
1044	2585
1044	4462
1045	1313
1045	1429
1045	3737
1046	1077
1046	2129
1046	2326
1046	2998
1046	3512
1046	4081
1046	4460
1047	1096
1047	2509
1047	2720
1047	2963
1047	3265
1048	1260
1048	1647
1048	1896
1048	2608
1049	1767
1049	3901
1049	4136
1050	1789
1050	1898
1050	2026
1050	2662
1050	2927
1050	4175
1051	1279
1051	3436
1052	1576
1052	2198
1052	3430
1052	4346
1053	2221
1054	1935
1055	1363
1055	2224
1055	3817
1056	1271
1056	2238
1056	3727
1057	3286
1058	1265
1058	1339
1058	1475
1058	1570
1059	1766
1059	1786
1059	2533
1060	1071
1060	1380
1060	3200
1061	1331
1061	1678
1062	1355
1062	3071
1062	3189
1062	3640
1063	1398
1063	4190
1064	1378
1064	2779
1064	3174
1064	3881
1064	4274
1065	1313
1065	1452
1065	1903
1066	1136
1066	2065
1066	2418
1066	3468
1067	1460
1068	3083
1068	3718
1069	1617
1069	4254
1069	4442
1070	1811
1070	2093
1070	2137
1070	3705
1071	1777
1072	1518
1072	1773
1073	1381
1073	1837
1073	3170
1074	1171
1074	1330
1074	1472
1074	2530
1074	2749
1074	3727
1074	3986
1074	4476
1075	1198
1076	1264
1076	4430
1078	1287
1078	1362
1078	1543
1078	2309
1078	2434
1079	1268
1079	2174
1079	3394
1080	1678
1080	1695
1080	1760
1080	1896
1080	3091
1080	3603
1081	1293
1081	1459
1082	2575
1082	2764
1082	4429
1083	1376
1083	1399
1083	1639
1084	1711
1084	2021
1085	1264
1085	1462
1085	1492
1085	1522
1086	1976
1087	1724
1087	2798
1088	1299
1088	2052
1088	4473
1089	2714
1089	3143
1090	1435
1090	2352
1090	3681
1091	1414
1091	1956
1091	2138
1091	2969
1091	3171
1092	1929
1092	2488
1093	3886
1093	3918
1095	1944
1095	2615
1096	2781
1096	4150
1097	2642
1098	1136
1098	1173
1098	2697
1099	1259
1099	1377
1099	2136
1099	2504
1099	3998
1099	4256
1100	2788
1100	3506
1101	1293
1101	1643
1101	1776
1101	3099
1101	3742
1101	3928
1101	4085
1101	4166
1102	1381
1102	1776
1102	2046
1102	4265
1104	4119
1104	4313
1106	1537
1106	1903
1106	2363
1107	1263
1107	1337
1107	1890
1107	2479
1107	3317
1108	1340
1108	1443
1108	1594
1108	1601
1108	1643
1108	1664
1108	2459
1109	1227
1109	1370
1109	1413
1109	2041
1109	2569
1110	1630
1110	3976
1111	1634
1111	2087
1113	1312
1113	3122
1113	3219
1114	1295
1114	1484
1114	2217
1115	1563
1115	1677
1115	2888
1116	1139
1116	2948
1117	1326
1118	2466
1118	4004
1118	4459
1120	1706
1121	1346
1121	2994
1122	1178
1122	1316
1122	2598
1122	4214
1123	2011
1123	2807
1123	3420
1124	1880
1124	2546
1125	1323
1125	1515
1125	1746
1126	1212
1126	1404
1126	1422
1126	1863
1126	2156
1126	2807
1126	3465
1126	4276
1127	1263
1127	1626
1127	3620
1127	3623
1127	3784
1128	1780
1128	1982
1128	2680
1129	3142
1129	3414
1130	1473
1130	1729
1130	3104
1130	4427
1131	1725
1131	2590
1131	3089
1131	4427
1132	1356
1132	3578
1132	3663
1133	1375
1133	1399
1133	1511
1133	1554
1133	1731
1133	3197
1134	2095
1134	2991
1135	1675
1135	1826
1137	1291
1137	3573
1138	2013
1138	2401
1138	2473
1138	3132
1139	1345
1139	1786
1139	1898
1139	2036
1139	2281
1140	1650
1140	2566
1140	3860
1141	1488
1141	2695
1141	4097
1142	2643
1143	1870
1143	3260
1143	4497
1144	1239
1144	3334
1144	4306
1145	1240
1145	1273
1145	1282
1145	1467
1145	2522
1145	3371
1146	1599
1146	2709
1146	4344
1147	1183
1147	1490
1147	1567
1147	1949
1147	2175
1147	4258
1147	4434
1149	1334
1149	1980
1150	3841
1151	1244
1152	2030
1152	4292
1153	1241
1153	1409
1153	1448
1153	2507
1153	3100
1153	3815
1153	3844
1154	1364
1154	1424
1154	3044
1154	3852
1155	1341
1155	1787
1155	1991
1155	2117
1155	2402
1156	1491
1156	1857
1156	3003
1156	3021
1156	3936
1156	4327
1157	3012
1158	1792
1158	3606
1158	3767
1159	4086
1160	2813
1160	3124
1160	3554
1161	2426
1161	3217
1162	2015
1162	2859
1162	4214
1163	1428
1163	1813
1163	2506
1163	2596
1164	1677
1164	2268
1165	1247
1165	3263
1165	3882
1166	1364
1166	1505
1166	1507
1166	2827
1167	1416
1167	1522
1167	1624
1167	1854
1167	2593
1167	3782
1168	1309
1168	1381
1168	2723
1168	3083
1168	3781
1168	3825
1169	1757
1170	1355
1171	1299
1171	1430
1171	1969
1173	1179
1173	1758
1173	1923
1173	2231
1174	2667
1175	1659
1175	4237
1176	2488
1176	2907
1177	1258
1177	1687
1177	1799
1177	3222
1178	1516
1178	2973
1178	4288
1179	1402
1180	1196
1180	1770
1181	2809
1182	2091
1182	3313
1183	1266
1183	1977
1183	3532
1183	4454
1184	1631
1184	2250
1185	1322
1185	1469
1185	1691
1185	3922
1186	1542
1186	1745
1186	2541
1187	2726
1187	2990
1187	3197
1187	4084
1188	1751
1188	3911
1189	1201
1189	1785
1189	2249
1189	2368
1189	4370
1190	1260
1190	1442
1190	1461
1190	1838
1190	2115
1190	2671
1190	2880
1190	3361
1190	3685
1191	1328
1191	1329
1191	1781
1191	3041
1191	3489
1192	1601
1192	2493
1192	2922
1193	1558
1193	1858
1193	3526
1193	4024
1194	1286
1194	1302
1194	1993
1194	2746
1194	3154
1194	3944
1194	4142
1195	1424
1195	2912
1196	1663
1196	1932
1197	1343
1197	1349
1197	3656
1198	1395
1199	1701
1199	2752
1201	1829
1201	2437
1201	2803
1201	2987
1202	1336
1202	2334
1202	3487
1203	1981
1203	3327
1203	4497
1204	3320
1204	3768
1205	1802
1205	1849
1205	1922
1206	1341
1206	2044
1206	2091
1207	1465
1207	1862
1207	2327
1207	3418
1207	3722
1208	3325
1208	3384
1208	4073
1209	3332
1209	3394
1210	1346
1210	1766
1210	2304
1210	2893
1210	3542
1211	3587
1211	3899
1212	1308
1212	1640
1212	1846
1212	2209
1212	2303
1212	2632
1212	3713
1212	4444
1213	1840
1213	2753
1213	4293
1214	1340
1214	1754
1214	2932
1215	1310
1216	2766
1217	1700
1217	1974
1217	3919
1218	3805
1219	1778
1219	2025
1219	4462
1220	1571
1220	1708
1222	3359
1222	4112
1223	2139
1223	2207
1223	2217
1224	2102
1225	3269
1226	1498
1226	1920
1226	3651
1227	1763
1227	1919
1227	2138
1228	1677
1228	1832
1229	1315
1229	4022
1230	1824
1230	4196
1231	1660
1231	2698
1232	1550
1232	2418
1232	4226
1233	1588
1233	1825
1233	2009
1233	3782
1233	4223
1234	2385
1234	2463
1235	3499
1235	3885
1236	1486
1236	3035
1236	3075
1237	1613
1237	3037
1237	3096
1238	1605
1238	3654
1239	1284
1239	2353
1239	2407
1240	2757
1240	3920
1241	2040
1242	1489
1242	1855
1242	3232
1243	1284
1243	2182
1243	4081
1244	2215
1245	1540
1245	3070
1245	3130
1246	1453
1246	1746
1247	1429
1247	2051
1248	1947
1248	3242
1248	3967
1248	4192
1249	2061
1249	3846
1250	1539
1250	1688
1250	2462
1250	4316
1251	1567
1251	2242
1251	2306
1251	2571
1252	1787
1252	2047
1252	2105
1252	3623
1253	1615
1254	1545
1254	1770
1255	2356
1255	2699
1255	4075
1256	1412
1256	3307
1256	4248
1257	1298
1257	1632
1257	2491
1257	2639
1258	2735
1258	3411
1258	3518
1258	3711
1259	1690
1259	1962
1259	1979
1260	1589
1261	1751
1261	1870
1261	1872
1261	4244
1261	4428
1262	1773
1262	1788
1262	4107
1263	2397
1263	4431
1264	1792
1264	2345
1264	3752
1265	1560
1265	1817
1265	1915
1265	3194
1265	4027
1265	4482
1266	2700
1266	3501
1267	1535
1267	1783
1267	2286
1267	3293
1267	3539
1268	1396
1268	1929
1268	2756
1268	2946
1268	3991
1269	1614
1269	2276
1270	2220
1270	2457
1270	4434
1271	1556
1271	1559
1271	1599
1271	4244
1272	1281
1272	1658
1272	1999
1272	2511
1272	3129
1273	1457
1273	1622
1273	2239
1273	4243
1274	1543
1274	2109
1274	3133
1275	1291
1275	1590
1276	1289
1276	1303
1277	2362
1277	3368
1277	3774
1277	4351
1278	1389
1278	1817
1278	2480
1278	3174
1278	3329
1278	3498
1279	1406
1279	2141
1279	3138
1280	1622
1280	4210
1281	2197
1281	2263
1281	2412
1281	3332
1281	3414
1281	3989
1281	4419
1282	1562
1282	2585
1283	1583
1283	1657
1283	2600
1284	3212
1286	1675
1286	2506
1286	2831
1286	4203
1287	1882
1287	1959
1287	2038
1287	4039
1288	1502
1288	1694
1288	1721
1288	2572
1288	3007
1288	3183
1289	1456
1289	2294
1289	2798
1289	4359
1290	1432
1290	1854
1290	3139
1291	1891
1292	2001
1292	2194
1292	3934
1292	3946
1293	2427
1294	2581
1294	2866
1294	3378
1294	3473
1295	1349
1295	1502
1295	2696
1295	2816
1295	3848
1296	1617
1296	1747
1296	1885
1296	1888
1296	2468
1296	3289
1297	1847
1298	1420
1298	2096
1299	2482
1301	1822
1302	1372
1302	2148
1302	3255
1303	3094
1304	1938
1304	2035
1304	2057
1304	2481
1305	3527
1306	1381
1306	2999
1306	4239
1308	1497
1308	1989
1308	3435
1308	3725
1309	2165
1309	2214
1309	2906
1309	3027
1310	2051
1310	2578
1310	2947
1312	2776
1312	2848
1314	1654
1314	4492
1315	1700
1315	3078
1315	3377
1315	3714
1315	3992
1315	4261
1316	1376
1316	1879
1316	1995
1317	2829
1317	3442
1317	3619
1318	2353
1318	3256
1318	3473
1319	4445
1320	1365
1321	2301
1322	1519
1322	3893
1322	4217
1323	1774
1323	3445
1323	3779
1324	2935
1325	1444
1325	2612
1325	2684
1325	3848
1325	4189
1326	2071
1326	3399
1327	1353
1327	3993
1328	1357
1328	1794
1328	2188
1328	2301
1328	3553
1328	3730
1329	3032
1329	4426
1330	2681
1330	4227
1331	1520
1332	3339
1333	1385
1333	1729
1334	1397
1336	3768
1336	4403
1338	2123
1339	1652
1339	2146
1340	1788
1340	2793
1340	2979
1340	3441
1341	1582
1341	3624
1342	1369
1342	2158
1342	3077
1343	1450
1343	2455
1343	2490
1343	3220
1344	2231
1345	2288
1345	4243
1346	1963
1346	1979
1346	2098
1346	2514
1346	3161
1346	3590
1347	1541
1347	1875
1347	4088
1348	2198
1349	1404
1349	3708
1350	1630
1350	2292
1350	2374
1350	2957
1350	3231
1350	3764
1351	1592
1351	1956
1351	2424
1352	1761
1352	1769
1352	2169
1352	3304
1353	2671
1355	2080
1355	2177
1355	2898
1356	1438
1356	2857
1356	3720
1357	2800
1357	3528
1358	2351
1358	2638
1358	2855
1359	1955
1359	2341
1359	3080
1359	3582
1361	1417
1361	2555
1361	3111
1361	3905
1361	4300
1363	1883
1363	2371
1363	3846
1363	3891
1364	1747
1364	2564
1365	2146
1365	3289
1366	2318
1366	3732
1367	1848
1367	1907
1367	2056
1367	2236
1367	2808
1368	3636
1369	1384
1369	2139
1369	2287
1371	2551
1372	3890
1372	4481
1373	2145
1373	2661
1373	3849
1374	2377
1374	4494
1375	4456
1376	1496
1376	2682
1376	3161
1377	1662
1377	2064
1377	4209
1378	1435
1378	2546
1378	3176
1378	4169
1380	2084
1381	1551
1381	1597
1381	2185
1381	2918
1381	3775
1381	3863
1382	4350
1383	1462
1383	1537
1383	1713
1383	1780
1383	1982
1383	2430
1384	1419
1384	1432
1385	1408
1385	1659
1385	2254
1385	2702
1385	4154
1387	1798
1388	2013
1388	2987
1388	3310
1388	3892
1389	1483
1390	3657
1391	2264
1391	3917
1392	1765
1392	1913
1392	2223
1392	3023
1392	3696
1393	1619
1393	1881
1393	2355
1393	3116
1393	3770
1394	2233
1395	2787
1395	3995
1396	1552
1396	2584
1396	3824
1396	4134
1397	1517
1397	1734
1397	2263
1397	3254
1397	3508
1398	1845
1398	1892
1398	2464
1398	2477
1398	2631
1398	3764
1399	1439
1399	2120
1400	2172
1400	2819
1400	3047
1401	2530
1401	3648
1402	1447
1402	1600
1402	1897
1402	2167
1402	4408
1403	1439
1403	3050
1403	4146
1404	1454
1404	1543
1404	2497
1404	2666
1404	3895
1404	4470
1405	2047
1405	3254
1405	3331
1406	1725
1406	2479
1407	1820
1407	2107
1407	3510
1408	1546
1408	2959
1408	3959
1408	4240
1409	1707
1409	2252
1409	3805
1409	3831
1409	4265
1410	1680
1410	1901
1411	4245
1413	1987
1413	3902
1415	1866
1415	1895
1415	2192
1416	1468
1416	1707
1416	1881
1416	2014
1417	1685
1417	3188
1418	3216
1418	3853
1420	1424
1420	1739
1420	2098
1420	4267
1421	1809
1421	2842
1421	3541
1422	3022
1422	4120
1422	4127
1423	3051
1423	3308
1424	2757
1424	3046
1424	4125
1425	1574
1425	1584
1425	1610
1425	1727
1425	2162
1425	2266
1425	4197
1426	1508
1426	1724
1426	2375
1426	2769
1426	2777
1428	2436
1428	4019
1429	1476
1429	2895
1429	3493
1430	1999
1432	1966
1432	2448
1432	2950
1433	2164
1433	4323
1434	2558
1434	3136
1435	1879
1435	3975
1435	4450
1436	1904
1436	2340
1436	2749
1436	2977
1436	3113
1437	1714
1437	1732
1437	2250
1437	3639
1439	2043
1440	2344
1440	3078
1441	1691
1441	2767
1442	3275
1442	3301
1443	2257
1443	2677
1443	2762
1444	2556
1444	4311
1445	1524
1445	2142
1447	2331
1447	3336
1448	1528
1448	2568
1449	2420
1449	2451
1449	2705
1449	3389
1450	1483
1450	1519
1450	1637
1450	1888
1450	3326
1451	2066
1451	2433
1451	2768
1451	4082
1453	1561
1453	1673
1453	1764
1453	3777
1453	4188
1455	2670
1455	2672
1456	1779
1456	3370
1456	3562
1457	2158
1457	2165
1457	3307
1458	2256
1458	3166
1458	3191
1458	4488
1459	1930
1459	3193
1459	4393
1460	1651
1460	2803
1460	3912
1460	4287
1460	4447
1461	2228
1462	1810
1462	2259
1462	3055
1463	3261
1464	1670
1464	2540
1464	2783
1464	2905
1464	3335
1464	3370
1464	4287
1464	4389
1464	4489
1465	2311
1465	2928
1466	1679
1466	3042
1467	1489
1467	3649
1467	4169
1468	1566
1468	1843
1468	3414
1468	3478
1469	1525
1469	3162
1469	3196
1470	3398
1470	4045
1471	1472
1473	2212
1473	3299
1473	3743
1475	1781
1476	1679
1476	4204
1478	2810
1478	2833
1480	1843
1480	3193
1480	4090
1481	3613
1482	1706
1482	3282
1482	3561
1484	1496
1484	2308
1484	3529
1485	1627
1485	1730
1486	4095
1487	3824
1488	2570
1488	3347
1488	3428
1489	1821
1489	1987
1489	3322
1489	4283
1489	4424
1490	1619
1490	2173
1490	3272
1491	1528
1491	1750
1491	3561
1491	4092
1491	4193
1492	1618
1493	1530
1493	1980
1494	3217
1495	1499
1495	1565
1496	3488
1496	3661
1498	2537
1498	3190
1499	1728
1499	2410
1499	2863
1499	3145
1500	2712
1501	2442
1501	2621
1502	2270
1502	2596
1502	2756
1504	3090
1504	3141
1504	4349
1505	2003
1505	2449
1505	2597
1505	3095
1506	1572
1506	2073
1506	3391
1506	3625
1506	4149
1507	3321
1508	1911
1508	3194
1508	3371
1509	2358
1510	1641
1510	2989
1510	3068
1510	4430
1511	2046
1511	2106
1511	3429
1511	3671
1511	4355
1512	2106
1512	2982
1512	3927
1513	1861
1513	2820
1513	4007
1514	2626
1514	2752
1514	3510
1515	1811
1516	2018
1516	2448
1516	3218
1516	4198
1517	2809
1517	3874
1518	2737
1519	2423
1519	2610
1520	4043
1520	4237
1521	1743
1521	4238
1522	1819
1522	1848
1522	1853
1523	1620
1523	1709
1523	2195
1524	2082
1524	3937
1526	3014
1526	3724
1527	1836
1527	2160
1527	2260
1527	2337
1528	1726
1528	1738
1528	2068
1528	3206
1530	4206
1530	4237
1531	3604
1532	2589
1532	2833
1532	3569
1533	2229
1533	2810
1536	1539
1536	2187
1537	1862
1537	3634
1538	2015
1538	4115
1538	4383
1539	1645
1539	2136
1539	2151
1539	3067
1540	1946
1540	4446
1541	2438
1542	3879
1544	3318
1545	1869
1545	2619
1545	3298
1545	3723
1546	2092
1546	3541
1546	3669
1547	2044
1547	2563
1548	1779
1548	1907
1548	2856
1548	3862
1548	4018
1549	1701
1549	1875
1549	1887
1549	3273
1549	3862
1550	1610
1550	3797
1551	1954
1551	3626
1552	2244
1552	2368
1552	3359
1553	1663
1554	1588
1554	2175
1554	2402
1554	2747
1554	2958
1555	1653
1556	2172
1556	3295
1556	4161
1557	2100
1557	2603
1557	3109
1557	3352
1557	3543
1558	1656
1558	2254
1558	3319
1559	3236
1560	1668
1560	1874
1561	3280
1563	1579
1563	3480
1564	3366
1565	1973
1566	2272
1566	3181
1566	3257
1566	4006
1570	2635
1570	3081
1571	2666
1571	3560
1572	3741
1573	4213
1574	1681
1574	2148
1574	4009
1576	2419
1576	2486
1576	4326
1577	2876
1577	3114
1577	3142
1577	3382
1578	2028
1578	2970
1579	3435
1580	2417
1581	1600
1581	1825
1582	3956
1583	2055
1583	2072
1583	2775
1583	3258
1583	4117
1584	3718
1584	3991
1585	1712
1585	2103
1585	2867
1586	2395
1586	2910
1586	2922
1586	3101
1587	1917
1587	3598
1588	3690
1588	4498
1589	2458
1589	2851
1590	2854
1591	2534
1592	1874
1593	2099
1593	3485
1595	3026
1597	1648
1597	1873
1597	4117
1599	2593
1599	2630
1600	1820
1600	1941
1600	1969
1600	2548
1601	1958
1601	3410
1602	2213
1602	3806
1603	2357
1603	2828
1604	1651
1604	2232
1606	2246
1606	3652
1606	3817
1606	4210
1607	2816
1607	3243
1607	4339
1608	2288
1608	2955
1608	3530
1608	3703
1609	2033
1609	3564
1609	3779
1609	3825
1610	2428
1610	3540
1610	3633
1610	3685
1610	4099
1611	1827
1612	1978
1612	2883
1612	3513
1613	2992
1614	2181
1614	3604
1614	4151
1615	2563
1615	3897
1616	1718
1617	2959
1617	4461
1618	1631
1618	2399
1618	3328
1619	2058
1619	2296
1619	2511
1619	3653
1620	1669
1620	2845
1621	1692
1621	2973
1621	4053
1622	1798
1622	2324
1622	2487
1622	3279
1623	2039
1623	4298
1624	2152
1624	2868
1624	3052
1626	2335
1626	3011
1626	3163
1627	1664
1628	2763
1628	3894
1629	1884
1629	2504
1629	2531
1629	3236
1631	1829
1631	1943
1631	2208
1631	2539
1631	4258
1632	1720
1632	1998
1633	3056
1633	3762
1633	4243
1634	1721
1634	1872
1635	2076
1635	2345
1635	2814
1635	4346
1636	3423
1636	3531
1638	2557
1638	3954
1639	3227
1641	2364
1641	4263
1642	1676
1642	2379
1642	2382
1642	3059
1643	3184
1643	3621
1644	1972
1645	1738
1646	2755
1647	3360
1647	4062
1648	1928
1649	2103
1649	3675
1649	4188
1650	2084
1650	2524
1651	2373
1651	2504
1651	3048
1652	2650
1652	3729
1653	1927
1653	1931
1653	3859
1653	4224
1654	1795
1654	2244
1654	3173
1654	3241
1654	3567
1655	1822
1655	1829
1655	2096
1655	2232
1656	2230
1656	3080
1657	1716
1657	1894
1657	2412
1657	2625
1658	4193
1659	3009
1660	1897
1660	3646
1661	2458
1661	2532
1661	2874
1661	2953
1662	2275
1662	2940
1662	3137
1663	3728
1666	2162
1666	2956
1666	4102
1667	2246
1667	2473
1667	2679
1667	3295
1667	3420
1668	1696
1668	2330
1669	3306
1669	4154
1670	1865
1670	1918
1671	1806
1672	2016
1672	2073
1675	1684
1675	2416
1676	2068
1676	2261
1676	2464
1676	3398
1678	2736
1678	2960
1678	4067
1680	1966
1680	1985
1680	3168
1681	2027
1681	2722
1681	3045
1681	3050
1681	4144
1682	2050
1683	2601
1685	2474
1685	2786
1685	3951
1686	2031
1686	2335
1686	3588
1686	4000
1687	2112
1687	4303
1688	2285
1689	1712
1689	1793
1689	3448
1689	3614
1690	1782
1690	1984
1690	2657
1690	2975
1691	2056
1691	2501
1691	3483
1692	2270
1693	4381
1694	1972
1694	3400
1695	2101
1695	2649
1696	2931
1697	1735
1697	2966
1697	2994
1698	2806
1699	2284
1700	3838
1701	2531
1701	3372
1701	3426
1701	4499
1702	2986
1703	2370
1704	2543
1704	3148
1704	3491
1705	2077
1706	2205
1707	3109
1708	2503
1708	2678
1708	3811
1709	2408
1709	2552
1709	3872
1710	1715
1710	1730
1711	1914
1711	1962
1711	2636
1713	2153
1713	2212
1714	2178
1715	3787
1716	3349
1717	2921
1717	2942
1718	4477
1719	2262
1719	3484
1719	3944
1719	4006
1720	2082
1720	2582
1720	3250
1720	3550
1722	1948
1722	3230
1723	2114
1723	2663
1723	2685
1724	1889
1724	2510
1724	4399
1725	2480
1725	3063
1725	3641
1725	4042
1726	2446
1726	3103
1726	4173
1727	2010
1727	3820
1728	2099
1728	2334
1728	4135
1729	1775
1730	1816
1730	3618
1731	2375
1731	2692
1731	3119
1732	2032
1732	4269
1733	2367
1733	2513
1734	2390
1734	2992
1734	4272
1737	1834
1738	1908
1738	2483
1739	2190
1739	2251
1741	2890
1741	4285
1742	2550
1743	1763
1743	2604
1743	3018
1743	3924
1744	2116
1744	2338
1745	3922
1747	2105
1747	2873
1747	2988
1748	2852
1749	4076
1752	2089
1752	2185
1752	2491
1752	2934
1753	1807
1753	1925
1753	1997
1754	2027
1755	3655
1756	1779
1757	2631
1758	1840
1758	2272
1758	4151
1759	2558
1759	3999
1760	3397
1760	3426
1760	4073
1761	2284
1761	2630
1761	3115
1762	2405
1764	2444
1764	3155
1765	4000
1766	3780
1766	4147
1766	4307
1767	2274
1767	3845
1767	3976
1768	2723
1768	3513
1769	1801
1769	2192
1769	2456
1770	1882
1770	3085
1771	3515
1773	1939
1773	2461
1773	3147
1773	4116
1775	2279
1775	4126
1776	1861
1776	3203
1776	3428
1776	3430
1776	4107
1777	2342
1777	4236
1777	4364
1779	3516
1779	3794
1779	3982
1779	4438
1780	2346
1782	3818
1783	2878
1783	3990
1784	2079
1784	2428
1784	3081
1785	3697
1786	2559
1786	4424
1787	1885
1787	2667
1787	3865
1788	2055
1788	2466
1789	1964
1789	3565
1790	2014
1790	2515
1791	2293
1792	3019
1792	3153
1792	3665
1792	4291
1793	4172
1794	2982
1796	2744
1797	2005
1797	2417
1797	3693
1798	2314
1798	2409
1798	4093
1799	1823
1799	1919
1799	2440
1799	3847
1800	3666
1801	2822
1801	2872
1802	1804
1802	2436
1802	2918
1802	3684
1803	1810
1803	2610
1803	4394
1804	3595
1806	2575
1807	4060
1808	4206
1809	2152
1809	3093
1811	1835
1812	4374
1813	4413
1814	2063
1815	2376
1815	2391
1816	2348
1816	3383
1817	1850
1819	2725
1819	2826
1820	1942
1820	1997
1820	2366
1820	3269
1820	4493
1821	2780
1821	3446
1821	3648
1821	4312
1822	2962
1822	3409
1822	4302
1823	2034
1823	2363
1824	2069
1824	2132
1824	2862
1826	2811
1826	3980
1827	2018
1827	4398
1828	1959
1828	2554
1828	3496
1828	4351
1829	2163
1830	2128
1830	2552
1831	2634
1833	2101
1833	3971
1834	2196
1834	4020
1835	1944
1835	4330
1836	2183
1836	3092
1837	3202
1837	4119
1838	2650
1839	2571
1839	3323
1839	3432
1840	1932
1840	2121
1840	3427
1842	2652
1843	1929
1843	2383
1843	3404
1844	1937
1844	2426
1844	2475
1844	2608
1844	2718
1846	1877
1846	3439
1847	2075
1847	2750
1847	4276
1847	4310
1848	2214
1850	3819
1851	1900
1851	2363
1851	2440
1851	2693
1851	2915
1851	3877
1852	3596
1852	4146
1853	2553
1853	2995
1854	2801
1854	2908
1855	3328
1856	2224
1856	2328
1856	2503
1857	2280
1857	2815
1857	4431
1857	4482
1858	3987
1859	2414
1859	2996
1859	3527
1860	2119
1860	4312
1863	3186
1865	3555
1865	4271
1866	2870
1867	2605
1867	3276
1868	2925
1868	3293
1868	3632
1868	3748
1869	2125
1869	2501
1869	3031
1870	2509
1870	4428
1871	4259
1872	2525
1873	2083
1873	2097
1873	2754
1873	3043
1873	3563
1874	2628
1874	2636
1874	3532
1874	3561
1874	3616
1875	4096
1876	3469
1877	2911
1877	3464
1878	1912
1878	2048
1878	2067
1878	2125
1878	2896
1878	3342
1879	3296
1880	2469
1880	3378
1881	2633
1882	2836
1882	3462
1884	2234
1884	2279
1885	2144
1885	2250
1885	3164
1886	2267
1886	2732
1886	3412
1886	3630
1886	3772
1886	4379
1887	2433
1889	2791
1889	3070
1889	3137
1889	3268
1890	2914
1891	1910
1891	3726
1892	4456
1894	2364
1895	2058
1896	2633
1896	4218
1897	2954
1898	2065
1898	2242
1898	2752
1898	3062
1900	2643
1900	4289
1901	2370
1901	3122
1902	2627
1902	4301
1903	2037
1903	2571
1903	4043
1904	2306
1905	2149
1905	3521
1906	1928
1906	2313
1906	3097
1906	3610
1907	3053
1907	3720
1909	1950
1909	2903
1910	2147
1910	2269
1910	2405
1910	2576
1911	3670
1911	4228
1912	2421
1912	3392
1912	4165
1913	3182
1913	3223
1913	4314
1914	3160
1914	3444
1915	1986
1915	2134
1915	3715
1916	2392
1916	2835
1916	4164
1917	2157
1917	2606
1917	3124
1918	3969
1920	2122
1920	3951
1920	4420
1921	2159
1921	2668
1921	3450
1922	2021
1922	2933
1923	2062
1923	2213
1923	2929
1923	3158
1924	3437
1924	4386
1926	2773
1927	2828
1929	3033
1929	4037
1930	2141
1930	2589
1931	2155
1932	2172
1932	2671
1933	1958
1934	1976
1935	2159
1935	2356
1935	2588
1935	2869
1935	3328
1936	3287
1937	2019
1937	3818
1938	2053
1938	2449
1938	2759
1938	3027
1938	3121
1939	2191
1939	2441
1940	2102
1940	2644
1940	3401
1941	2830
1942	2009
1942	4249
1943	3466
1944	2360
1946	3471
1947	2461
1948	3686
1948	4264
1949	3412
1950	3110
1950	4402
1951	3169
1951	4225
1951	4439
1952	2113
1952	4033
1952	4303
1953	2221
1954	3023
1955	2675
1955	3390
1955	3486
1957	3960
1958	3345
1959	2470
1959	2998
1959	3522
1960	2674
1960	3383
1960	4092
1961	2861
1962	1983
1962	2229
1963	2346
1963	3628
1963	4160
1964	2072
1964	2130
1965	2738
1965	3208
1966	2964
1966	3355
1966	4357
1967	2002
1967	2361
1968	2278
1968	3871
1969	2023
1969	2140
1969	2714
1969	3002
1969	3087
1969	3748
1970	2154
1970	2901
1972	3379
1973	4495
1974	3814
1975	2924
1977	2720
1980	2470
1981	2124
1981	2812
1981	3511
1982	4484
1983	3989
1984	2219
1984	2239
1985	2537
1987	2721
1987	4066
1988	2079
1989	2045
1990	2877
1990	4433
1991	1994
1991	2019
1991	3100
1993	4032
1995	2429
1995	3112
1995	3826
1996	2317
1996	3399
1997	2748
1997	3988
1997	4139
1998	3555
1998	4029
2000	3279
2000	4458
2001	3583
2002	2484
2003	3521
2005	2429
2005	2532
2005	3937
2006	2654
2006	4125
2008	2302
2009	2135
2010	2275
2011	2581
2011	2861
2011	3980
2012	2207
2012	3263
2012	3328
2013	2737
2013	3106
2013	3247
2014	2184
2016	2549
2017	2211
2017	3186
2018	2161
2018	2659
2018	3675
2020	2111
2020	2614
2020	2648
2021	2892
2021	3983
2022	2083
2022	2481
2023	2369
2024	3509
2024	3864
2026	3312
2026	3559
2027	2539
2027	2628
2027	3005
2028	3564
2029	2110
2030	3549
2031	2637
2031	3319
2031	3844
2032	2277
2033	3347
2033	3880
2036	2640
2037	2286
2037	3303
2038	2135
2038	3351
2038	4187
2039	2533
2039	2795
2039	2841
2039	4262
2040	3706
2041	3358
2042	2527
2042	3004
2043	2451
2043	2869
2046	3185
2046	3887
2046	4395
2047	2251
2047	4021
2050	2300
2050	3459
2051	2369
2051	3093
2052	2081
2052	2325
2052	2358
2052	2373
2052	3385
2053	3938
2053	4153
2054	3524
2054	3979
2055	3030
2056	3006
2057	3192
2058	3493
2059	2857
2060	3694
2060	4190
2061	2400
2062	2706
2062	2881
2062	4234
2062	4240
2063	2730
2063	3993
2064	2885
2064	2990
2064	3622
2064	3962
2064	4410
2065	2176
2065	3837
2066	2308
2066	3125
2066	3256
2066	3907
2068	3251
2068	4343
2068	4393
2069	2566
2069	4277
2070	3597
2071	4094
2072	2818
2072	2844
2073	2396
2073	2554
2073	2917
2073	3220
2076	2471
2077	2646
2077	3741
2079	2489
2079	2499
2079	2805
2079	3387
2081	2587
2082	2677
2084	2523
2084	2638
2085	2733
2085	3921
2086	2330
2086	2726
2086	4297
2087	3118
2087	3343
2087	3830
2090	4054
2094	3140
2095	4137
2096	2187
2096	2999
2096	3990
2097	2460
2099	3841
2100	2114
2101	2408
2101	3287
2101	3547
2102	3860
2103	2560
2104	2547
2105	2786
2105	3167
2105	3966
2106	4386
2107	3376
2108	2434
2108	2782
2108	3788
2109	4270
2110	4108
2111	4060
2111	4474
2112	2179
2112	2248
2112	3803
2113	2673
2113	4406
2114	2993
2114	3396
2115	4500
2116	3733
2116	4377
2117	2925
2118	2126
2118	2147
2118	4029
2120	2367
2121	2204
2121	3363
2122	2508
2122	2883
2124	3143
2125	2944
2125	3017
2125	3348
2125	3537
2126	2695
2127	3024
2129	2951
2129	3451
2129	3670
2131	4044
2131	4380
2132	3467
2132	3505
2132	3615
2133	2378
2133	3538
2134	2547
2136	2981
2136	3209
2137	2623
2137	4403
2138	2618
2138	4059
2139	3397
2139	3464
2140	2829
2140	2865
2140	3028
2140	3918
2141	2410
2143	2485
2143	3824
2143	4192
2144	4275
2145	2247
2145	3792
2146	4441
2146	4472
2147	2347
2147	2685
2147	3622
2148	3751
2149	3644
2149	4267
2150	4416
2151	4351
2152	2823
2152	4268
2153	2245
2153	2318
2153	3086
2153	3775
2153	3985
2154	4396
2155	4500
2156	2892
2156	3796
2158	2257
2158	2941
2158	3305
2159	4100
2160	2288
2160	3530
2161	2201
2161	2422
2161	2889
2161	3356
2161	3438
2162	2790
2162	4295
2163	2815
2164	2639
2164	4183
2166	2556
2166	2837
2167	4199
2169	3558
2170	3229
2171	2178
2171	3285
2171	3935
2171	3997
2171	4116
2172	3955
2173	2193
2174	2218
2174	4075
2175	2241
2175	2875
2175	3235
2177	4197
2178	2260
2179	2431
2179	4388
2182	3257
2182	3533
2182	3885
2184	2421
2184	2506
2184	3353
2185	2351
2185	2443
2185	3958
2187	2211
2187	3367
2187	3616
2187	3702
2187	3767
2190	2395
2190	2409
2191	3915
2193	2452
2195	3100
2195	4463
2196	2773
2197	2740
2197	3358
2197	3687
2199	2718
2199	4205
2200	3929
2200	4470
2201	3425
2203	3855
2204	3026
2205	3049
2206	4348
2207	2222
2207	2517
2207	3218
2208	3022
2208	4065
2208	4389
2209	2602
2209	4279
2209	4487
2210	3099
2211	2355
2211	2594
2211	3382
2212	3755
2212	3960
2213	2313
2213	3639
2214	2350
2214	2574
2214	3095
2214	3379
2214	3388
2215	2371
2215	2472
2218	3641
2219	2441
2219	3111
2220	2325
2220	2765
2220	3689
2220	3925
2221	2386
2221	3765
2224	3607
2225	3299
2225	3392
2225	4255
2226	2511
2226	2839
2228	2538
2228	3179
2229	2336
2229	2759
2229	3363
2229	4098
2229	4121
2230	4314
2230	4387
2231	2393
2231	3768
2232	2292
2232	3390
2232	3883
2233	3356
2233	3405
2234	2797
2236	4036
2237	2980
2238	3224
2238	4323
2239	3600
2240	2787
2240	3278
2241	2390
2241	2496
2241	3103
2241	3274
2241	3580
2242	3662
2243	2762
2243	3130
2243	3362
2243	4195
2244	2790
2244	3608
2244	4397
2245	2810
2245	2884
2246	2404
2246	4232
2246	4365
2247	3004
2248	2463
2249	3237
2250	3519
2251	2879
2252	2645
2253	4103
2255	4301
2256	2347
2256	2546
2258	4185
2260	2362
2260	2510
2261	2794
2262	2505
2263	4277
2264	2291
2264	3101
2265	4138
2266	2821
2266	3239
2266	3602
2266	3640
2267	3380
2268	2747
2269	2287
2269	2452
2269	2674
2269	2753
2269	4131
2270	4070
2271	2494
2271	4130
2272	2406
2272	3987
2273	2775
2273	4383
2274	2293
2274	3373
2274	3977
2275	2487
2276	2588
2276	4145
2277	2742
2277	3163
2277	4304
2278	3778
2279	2692
2279	3144
2280	3047
2280	3256
2281	2845
2281	4227
2283	2600
2283	3182
2283	3815
2284	3102
2284	4186
2285	2297
2285	2595
2286	2960
2286	4078
2287	3049
2287	3337
2287	3375
2287	3384
2288	3146
2289	3024
2290	2710
2292	2549
2292	2872
2292	3109
2293	2331
2293	3245
2293	3627
2294	2863
2295	3237
2295	4327
2296	3177
2296	4448
2297	2309
2297	2338
2297	3994
2297	4200
2298	2415
2300	2319
2300	3105
2302	3524
2302	4288
2303	4053
2305	3331
2305	3571
2306	3556
2306	4178
2307	2724
2307	4336
2308	3971
2309	2799
2310	2435
2311	2322
2311	3202
2313	2653
2314	2500
2315	2854
2317	3701
2317	4031
2319	3393
2319	4325
2320	2478
2320	2813
2321	2580
2323	3019
2323	4294
2325	2971
2326	2471
2326	2725
2326	3253
2326	3621
2327	2859
2328	3403
2328	3629
2328	3771
2329	2727
2329	3736
2330	4207
2331	4494
2332	3087
2333	3060
2333	3073
2334	2536
2334	2954
2335	3052
2336	3961
2337	2619
2337	2791
2339	4014
2341	3447
2341	3535
2341	4351
2342	2943
2343	2768
2344	3479
2344	4019
2346	2400
2346	2699
2348	4005
2349	3449
2349	4298
2350	3866
2351	4137
2352	2519
2353	2912
2353	3107
2353	3164
2353	3368
2354	2644
2354	2647
2354	2927
2355	2753
2355	2939
2356	3400
2356	4304
2358	2447
2358	2651
2358	2698
2358	2899
2358	4408
2361	4143
2362	2772
2363	2765
2363	2780
2363	3285
2363	4030
2365	3452
2365	3710
2365	3913
2366	2665
2366	3009
2367	3827
2369	3267
2369	3890
2370	3761
2372	2796
2372	3563
2373	2525
2374	3660
2375	3209
2376	2446
2376	2689
2376	3272
2378	3157
2378	3842
2379	2607
2379	2874
2379	3317
2380	3065
2381	2536
2382	2733
2383	2531
2384	3010
2384	3160
2384	3738
2384	4280
2385	2974
2385	4474
2386	3523
2387	2980
2387	4202
2388	3290
2388	3297
2388	3460
2389	2784
2391	3025
2391	3199
2391	3599
2392	4348
2393	3224
2394	3984
2395	2613
2395	2847
2395	2880
2396	3868
2399	2984
2401	4294
2404	2795
2406	2445
2406	3031
2406	3281
2407	4333
2408	2483
2408	3074
2408	3489
2408	3637
2411	2577
2414	3612
2416	2976
2417	4013
2418	2945
2418	3442
2419	2551
2419	2887
2419	3205
2420	2520
2422	2432
2422	2518
2422	2546
2422	3494
2422	3579
2423	2486
2423	2545
2423	3763
2425	4012
2426	2664
2426	3141
2426	3624
2426	4296
2430	3229
2431	2850
2434	2683
2435	3631
2435	3794
2436	2687
2437	2445
2437	3072
2437	3873
2439	3439
2439	3876
2439	4321
2441	3200
2441	3912
2442	4452
2443	3231
2447	2736
2447	3326
2448	2590
2448	4038
2450	2940
2450	2952
2450	3677
2450	4237
2452	3086
2454	3482
2455	3148
2456	3339
2456	3863
2457	2610
2457	2725
2459	3965
2460	4260
2461	3175
2461	3926
2464	2728
2464	2900
2465	3249
2466	3207
2466	3645
2466	3850
2468	4106
2468	4260
2469	3824
2470	2709
2471	2674
2471	2697
2471	2745
2471	2936
2471	4391
2472	4061
2472	4373
2473	2529
2473	3389
2473	3589
2473	3763
2474	2812
2474	3267
2474	3700
2475	3106
2475	3948
2478	3652
2480	3788
2480	4204
2481	3887
2482	4222
2483	3737
2485	4180
2486	2616
2486	3819
2486	4035
2487	3060
2489	3635
2492	2800
2493	3433
2494	2943
2496	3457
2497	2913
2498	3462
2498	3681
2498	3891
2499	2519
2499	2594
2500	2626
2500	3476
2500	4375
2500	4436
2501	4395
2502	2716
2502	2852
2502	2888
2503	3120
2505	2674
2505	2843
2505	3146
2505	3785
2505	3880
2505	4203
2505	4391
2507	3283
2510	2649
2512	3570
2513	3758
2514	2526
2514	2607
2514	2792
2514	2984
2515	3350
2516	3404
2517	2591
2517	2781
2518	3497
2518	3788
2518	4380
2519	3131
2520	3883
2523	2989
2523	3585
2524	2848
2525	2577
2525	2804
2525	3434
2526	3791
2527	3507
2528	3839
2529	3088
2529	3234
2530	3726
2531	2731
2532	2536
2533	3088
2533	3870
2536	4485
2537	3230
2537	4440
2539	2613
2540	2774
2540	4082
2541	4179
2542	3781
2542	4318
2543	3623
2543	4140
2544	2561
2545	4286
2546	2766
2547	3298
2547	3472
2547	3760
2547	4120
2548	3144
2548	3739
2549	3017
2550	3738
2550	3774
2551	3178
2551	3614
2552	2741
2552	4333
2553	3071
2553	3183
2553	4249
2554	2663
2557	3002
2558	2700
2558	3455
2558	3754
2560	3014
2560	4188
2560	4239
2561	2847
2561	3259
2561	3586
2561	4056
2561	4273
2562	2684
2562	2836
2563	3406
2567	2717
2568	3413
2569	3393
2569	3515
2570	4092
2571	3878
2572	2851
2572	3580
2572	4420
2573	3072
2574	2755
2575	2978
2575	3619
2575	3979
2579	3769
2580	3898
2581	3344
2583	3127
2584	3804
2584	3884
2585	2752
2585	2819
2585	3933
2585	4156
2586	4441
2587	4051
2588	3423
2589	3309
2589	3591
2593	3898
2593	4044
2593	4121
2595	3271
2595	3666
2596	3559
2596	3969
2596	4337
2597	4068
2597	4491
2598	2738
2598	2789
2598	3628
2598	3889
2600	3546
2600	3821
2601	3246
2602	3038
2602	3596
2603	2928
2603	3043
2604	2805
2604	3419
2606	3712
2607	4384
2608	4041
2610	2774
2610	3956
2611	3222
2611	3226
2612	3377
2614	2801
2615	2945
2617	4475
2618	2824
2618	2955
2618	3761
2620	3337
2620	3849
2623	3972
2623	3986
2625	3233
2625	3411
2625	3917
2625	4320
2626	3204
2627	3111
2627	4493
2628	3424
2629	3502
2629	3688
2630	3536
2630	4094
2632	3928
2632	4413
2634	4152
2635	2974
2635	3258
2636	3802
2637	2661
2637	2910
2637	3461
2637	3594
2638	3304
2641	2676
2643	2724
2643	3179
2644	3034
2644	3295
2647	2753
2647	2968
2648	4014
2649	2882
2651	3215
2651	3465
2651	3562
2652	2902
2653	3342
2653	4353
2654	3911
2655	4331
2656	2866
2657	3010
2657	4058
2659	2937
2659	3708
2659	4349
2662	3076
2662	3211
2662	3213
2662	3423
2663	3875
2664	3464
2667	2704
2667	2760
2667	3949
2669	3790
2671	3592
2672	3082
2672	3577
2673	3244
2673	3906
2673	4499
2674	3510
2674	4344
2675	3613
2675	3653
2675	3949
2676	2915
2677	4453
2679	3514
2679	3663
2680	2893
2680	4172
2681	3731
2682	4438
2684	4221
2686	2908
2687	2933
2690	2980
2691	2966
2692	3617
2692	4134
2695	2884
2695	3445
2695	3636
2695	3875
2697	3879
2698	3776
2699	2949
2699	3156
2700	3306
2701	3008
2705	3459
2705	3599
2707	2977
2709	2782
2709	3097
2709	3192
2709	4374
2710	2730
2710	2817
2710	3446
2710	3728
2711	3425
2711	3970
2711	4055
2712	2740
2712	3364
2712	4141
2713	3180
2713	4220
2715	2771
2715	2795
2715	3204
2716	3567
2716	3847
2716	4220
2718	2754
2718	3205
2719	3766
2724	3221
2726	4166
2727	3335
2728	2834
2728	3978
2728	4372
2730	4281
2731	2841
2731	4042
2732	3942
2734	4432
2736	2931
2736	2972
2737	4167
2738	3327
2740	2983
2740	3212
2741	4382
2743	4162
2744	2985
2744	4133
2745	4153
2748	3061
2748	3460
2749	2977
2750	3570
2751	3674
2752	3453
2752	3592
2752	4345
2753	2926
2755	2760
2755	3374
2755	3733
2757	3449
2759	3575
2759	3984
2761	2867
2761	3365
2763	3625
2768	3879
2770	3752
2771	3199
2774	3291
2778	4278
2779	2821
2780	3056
2780	3946
2781	3812
2781	4034
2781	4465
2783	3040
2783	3066
2784	3906
2784	3954
2785	2897
2785	4109
2786	2924
2787	3329
2787	3829
2789	3609
2790	3939
2790	4340
2792	3750
2792	4236
2793	3280
2793	4344
2794	3421
2795	4074
2795	4170
2796	3248
2797	3564
2801	3816
2802	3510
2802	4132
2804	4297
2805	3703
2807	3333
2808	2897
2810	2835
2810	3149
2813	3519
2813	4345
2815	3132
2815	3266
2817	3410
2818	4322
2819	3259
2819	3743
2820	2969
2821	3234
2822	3074
2824	2899
2824	3427
2825	3107
2831	2875
2831	2985
2831	4251
2833	3074
2834	3691
2834	3711
2836	4416
2838	3807
2839	3588
2839	4421
2842	2997
2842	3650
2843	3051
2844	4213
2846	3481
2847	3587
2848	4015
2855	3108
2855	4161
2857	2944
2857	3190
2858	4099
2859	3583
2859	3693
2860	3057
2862	4035
2863	3005
2863	3057
2863	3853
2865	3458
2866	3099
2867	2996
2867	3637
2868	3268
2869	3866
2869	4032
2870	3360
2870	4305
2871	3556
2871	3799
2872	4170
2875	3187
2876	2932
2877	3380
2877	3889
2882	3004
2883	4418
2885	3823
2886	3676
2886	4181
2887	3003
2887	3591
2887	3616
2887	3753
2888	3523
2889	3090
2890	3478
2891	3029
2892	3303
2893	3520
2893	3679
2893	3680
2893	3749
2894	4057
2897	3614
2897	4352
2898	3119
2899	3172
2900	3151
2900	4175
2900	4442
2901	3048
2902	3745
2903	3667
2905	3150
2905	4253
2906	4028
2907	4315
2907	4356
2909	2944
2909	3431
2911	3001
2912	4080
2913	3290
2914	3327
2915	3431
2915	3447
2916	4330
2917	3691
2917	4180
2919	3033
2919	3754
2919	3985
2920	3888
2920	4141
2924	3198
2925	3823
2928	3776
2930	4011
2931	3617
2931	4328
2933	4223
2935	3046
2935	3832
2940	3059
2940	3066
2941	4332
2942	3642
2942	4079
2943	3214
2944	3140
2945	3859
2947	4296
2948	3042
2948	3478
2948	3578
2949	4449
2950	3364
2952	3213
2952	4174
2953	4257
2955	3470
2955	4231
2957	3456
2957	3861
2958	3277
2958	3822
2959	3196
2960	4142
2961	3722
2962	3699
2963	3770
2963	4163
2964	3590
2966	3572
2967	3386
2969	3492
2973	3041
2973	3471
2973	3735
2975	4112
2976	3900
2978	3145
2978	4268
2980	3100
2980	3349
2981	3717
2982	3034
2982	3518
2985	3595
2990	3288
2991	3555
2993	3216
2994	4305
2996	3522
2997	4365
2998	4047
3001	3444
3003	3546
3005	3822
3005	4319
3006	3123
3006	3926
3006	3999
3010	3401
3011	3173
3011	3871
3011	4025
3011	4255
3012	3210
3012	3417
3012	3438
3012	3469
3014	4113
3016	3296
3016	3875
3018	3214
3018	3389
3021	3105
3022	3490
3026	3386
3026	3605
3027	3584
3028	3265
3028	3839
3029	3353
3029	3440
3030	3549
3033	4007
3034	3716
3034	4351
3037	3206
3037	4168
3038	3085
3039	4058
3039	4414
3040	3369
3041	3476
3041	4123
3045	3252
3045	3422
3046	3877
3046	3904
3052	3139
3052	3294
3053	4410
3055	4046
3058	3249
3059	4130
3060	3856
3061	3874
3061	4100
3061	4368
3064	3135
3068	3758
3070	4334
3070	4375
3071	3385
3072	3157
3073	3855
3073	4198
3075	3876
3075	4155
3075	4164
3076	3945
3076	4047
3077	3908
3080	3797
3082	3652
3082	4250
3085	3208
3086	3376
3088	4402
3091	3424
3092	3998
3093	4139
3095	3325
3095	4457
3096	3324
3096	4128
3097	3433
3098	3907
3099	3117
3099	3189
3099	4456
3099	4496
3102	3334
3102	4257
3104	3495
3104	3669
3105	3702
3106	3574
3107	3116
3107	3242
3108	3941
3110	3806
3112	4271
3116	3414
3116	3796
3119	3662
3120	4473
3121	3940
3122	3573
3125	3618
3128	3396
3128	3795
3133	3159
3135	4004
3136	3372
3137	3486
3139	3539
3144	4083
3147	3167
3147	3503
3147	3978
3147	4085
3149	3260
3149	3311
3150	3284
3151	4017
3156	3975
3157	4355
3159	3845
3160	3966
3162	3457
3162	4269
3164	4242
3166	3827
3167	4401
3168	4491
3169	3607
3172	3207
3172	3341
3173	3802
3174	4156
3175	3176
3175	3297
3178	3310
3180	3300
3185	3454
3185	4490
3187	3601
3187	3930
3188	4338
3190	4145
3191	4371
3193	3274
3195	4322
3196	3674
3196	4023
3199	3223
3200	3366
3203	4390
3205	4450
3207	4093
3207	4174
3209	4087
3210	3415
3213	3233
3214	4406
3218	3429
3218	3615
3218	3679
3218	3801
3220	3369
3222	3909
3223	3608
3226	3381
3228	3408
3228	3967
3236	3474
3236	3927
3239	3317
3244	4037
3246	4027
3250	4360
3252	3534
3253	4152
3256	3330
3257	3643
3258	4437
3259	4368
3260	3931
3260	4279
3263	4106
3264	3311
3265	3677
3265	3974
3266	4111
3267	3589
3268	4028
3269	3565
3270	3683
3270	3843
3270	4068
3272	4290
3276	3572
3279	3756
3279	4246
3280	3315
3280	4463
3283	3552
3283	3579
3284	3535
3284	4433
3289	3623
3290	4184
3292	3341
3294	3520
3294	4182
3296	3327
3296	3479
3296	4002
3300	4003
3300	4049
3303	3518
3303	4285
3304	4155
3307	3650
3309	4256
3311	4181
3317	4211
3322	4418
3323	3932
3326	3529
3326	3545
3327	4455
3328	3700
3328	4207
3336	4209
3337	4012
3338	3581
3338	4397
3341	3452
3343	3699
3344	4451
3346	3481
3347	3422
3348	3451
3348	3607
3348	3757
3350	4232
3351	4385
3353	3958
3354	4102
3356	3698
3356	4443
3358	3649
3359	3769
3359	3994
3361	4401
3361	4410
3362	4363
3365	3853
3365	4015
3365	4468
3367	3477
3368	4051
3374	4429
3375	3461
3385	4017
3386	3548
3387	3756
3388	4230
3390	3407
3392	3419
3398	4063
3401	4343
3404	4329
3408	3645
3408	4080
3409	3678
3410	3952
3416	3475
3418	3692
3418	3771
3423	3500
3426	4309
3427	3516
3434	3635
3436	3710
3438	4039
3439	3764
3439	4478
3440	4021
3440	4049
3440	4128
3441	4252
3442	4228
3443	4148
3445	4207
3449	3706
3449	4201
3450	3544
3450	3792
3454	3571
3455	3506
3456	3744
3457	3799
3459	3545
3459	3858
3462	3606
3463	4087
3465	3910
3467	3597
3467	3834
3467	4445
3469	3696
3469	4452
3470	3609
3472	4469
3475	3788
3476	3668
3480	3899
3482	3581
3485	4001
3488	3780
3490	3902
3491	3972
3495	3536
3495	4395
3497	4184
3501	4144
3505	3854
3506	3585
3506	4243
3508	3996
3510	3532
3512	4026
3520	4498
3521	3626
3528	3543
3529	3566
3530	3682
3530	4129
3530	4476
3531	4345
3536	3896
3544	3935
3545	4050
3546	3659
3551	4396
3552	3735
3554	4177
3556	4318
3559	4489
3560	4324
3561	3667
3561	4229
3563	4325
3563	4449
3564	4016
3565	3682
3569	3576
3571	3969
3572	3687
3572	3719
3574	3731
3574	4382
3575	4005
3576	4126
3582	4295
3587	3872
3588	3851
3588	4238
3588	4274
3588	4300
3591	3622
3591	3673
3592	4436
3593	4230
3595	4241
3596	4054
3597	3810
3599	4199
3599	4337
3601	3888
3604	4458
3605	3910
3607	4336
3610	4440
3615	4083
3618	4335
3621	4009
3621	4158
3626	4459
3626	4480
3627	4320
3633	3867
3633	4281
3636	3740
3637	4299
3641	4186
3642	4329
3643	4216
3645	3989
3646	4379
3647	3963
3649	3936
3650	4048
3652	4011
3654	4467
3655	3795
3655	4319
3659	4031
3661	4422
3663	3901
3668	4091
3672	4041
3673	4114
3676	4496
3679	3744
3679	3875
3679	3957
3692	3809
3692	4149
3692	4277
3698	4191
3699	3900
3699	3995
3700	4305
3702	3773
3704	4177
3710	4104
3713	3923
3714	3724
3715	3809
3715	3867
3715	4065
3718	3973
3719	3789
3725	4261
3728	3926
3730	3808
3735	4029
3737	4162
3737	4370
3738	4088
3742	4263
3744	3835
3747	4409
3752	4439
3753	4428
3757	4373
3760	4052
3775	3926
3775	4277
3777	4086
3781	4371
3784	4023
3785	4133
3789	3894
3794	4079
3800	4323
3802	4123
3814	3957
3819	4205
3819	4335
3822	4341
3826	3977
3828	3851
3828	4176
3828	4187
3829	4194
3830	3950
3835	3838
3841	3964
3861	3920
3863	4282
3864	3873
3872	4221
3881	4030
3887	4032
3891	4158
3894	4167
3895	4273
3896	3996
3897	4310
3897	4353
3899	4046
3907	4181
3911	3916
3917	3989
3917	4284
3920	4056
3925	4062
3926	4311
3934	3959
3937	4358
3939	3968
3942	4359
3945	4171
3947	4208
3952	4160
3954	4001
3959	4447
3960	4058
3964	4407
3966	4366
3968	4043
3970	4398
3976	4050
3983	4114
3987	4460
3998	4354
4004	4358
4013	4377
4016	4323
4027	4471
4033	4194
4048	4215
4050	4321
4056	4235
4081	4326
4084	4173
4088	4472
4090	4303
4100	4235
4104	4208
4104	4225
4105	4490
4112	4183
4115	4242
4116	4309
4127	4171
4128	4444
4138	4404
4144	4338
4144	4392
4145	4400
4146	4483
4150	4233
4157	4316
4179	4364
4189	4283
4200	4486
4203	4351
4204	4362
4214	4219
4217	4481
4236	4414
4247	4255
4260	4342
4267	4422
4276	4419
4281	4334
4293	4435
4314	4423
4315	4361
4318	4469
4321	4392
4328	4404
4337	4446
4345	4465
4347	4367
4355	4369
4364	4378
4375	4437
4399	4412
4416	4475
