1	2
1	3
1	4
1	10
1	13
1	14
1	37
1	61
1	99
1	367
1	414
1	920
1	3654
2	3
2	5
2	7
2	14
2	22
2	23
2	98
2	104
2	196
2	246
2	359
2	526
2	621
2	629
2	1000
2	3518
3	5
3	21
3	25
3	52
3	96
3	206
3	245
3	261
3	297
3	375
3	648
3	952
3	1471
3	1490
3	1526
3	2999
4	18
4	42
4	46
4	53
4	75
4	94
4	142
4	1082
4	1742
4	1868
5	6
5	8
5	15
5	25
5	73
5	148
5	154
5	185
5	235
5	1015
5	1511
6	12
6	23
6	690
6	1725
6	3177
6	3817
7	17
7	27
7	39
7	140
7	207
8	9
8	14
8	20
8	69
8	255
8	521
8	776
8	796
9	14
9	100
9	130
9	1083
9	1486
10	11
10	30
10	64
10	159
10	285
10	528
10	1356
10	3206
11	25
11	84
11	150
11	156
11	320
11	1403
12	14
12	19
12	33
12	34
12	79
12	82
12	187
12	486
12	527
12	674
13	49
13	62
13	192
13	1629
13	2653
13	3104
14	16
14	17
14	23
14	28
14	34
14	56
14	69
14	72
14	91
14	128
14	132
14	175
14	180
14	200
14	211
14	793
14	802
14	851
14	910
14	1288
14	1424
14	1724
14	2147
14	2343
14	3279
15	127
15	154
15	884
15	1692
15	3306
16	29
16	31
16	47
16	160
17	24
17	153
17	243
17	331
17	416
17	433
17	538
17	699
17	793
17	2442
18	26
18	35
18	157
19	20
19	45
19	709
19	1143
20	21
20	44
20	60
20	86
20	361
20	798
20	974
21	134
21	306
21	716
21	1803
21	3800
22	267
22	278
22	465
22	716
22	2391
22	3895
23	27
23	97
23	98
23	146
23	198
23	314
23	454
23	531
23	924
23	1368
23	1896
23	3251
24	67
24	714
24	2920
25	35
25	63
25	132
25	134
25	166
25	208
25	363
25	551
25	879
25	952
25	1148
25	1712
25	2470
26	38
26	149
26	388
26	450
26	738
26	787
26	2337
27	85
27	90
27	115
27	155
27	239
27	295
27	376
27	759
27	817
27	2440
27	3270
28	32
28	53
28	59
28	120
28	168
28	178
28	232
28	410
28	1032
28	3253
28	3362
29	195
29	235
29	442
29	2335
29	3155
29	3326
30	848
31	45
31	138
31	188
31	265
31	396
31	642
31	671
31	3830
31	3959
32	1335
32	1711
32	1729
32	3354
33	41
33	48
33	55
33	91
33	156
33	189
33	239
33	263
33	591
33	1433
34	36
34	125
34	324
34	391
34	524
34	1028
35	40
35	47
35	56
35	57
35	131
35	253
35	283
35	392
35	630
35	1174
36	40
36	109
36	165
36	770
36	1550
36	1883
36	2007
37	54
37	172
37	1065
37	2462
38	58
38	106
38	1790
38	2660
39	40
39	50
39	51
39	87
39	556
39	1610
39	2757
39	3557
40	52
40	63
40	77
40	180
40	182
40	434
40	1014
40	1135
40	1141
40	1373
40	1493
40	2042
40	2641
40	3307
40	3829
40	3962
41	78
41	112
41	202
41	682
41	2334
42	43
42	92
42	476
42	515
42	577
42	632
42	701
43	70
43	84
43	141
43	517
43	1154
43	1444
43	1782
43	2134
44	65
44	76
44	374
44	842
44	1479
44	3521
45	81
45	403
45	750
45	799
45	1125
45	1292
45	1396
45	1990
45	3679
46	68
46	184
46	588
46	1840
47	71
47	113
47	269
47	397
47	764
47	1194
47	1196
48	82
48	114
48	149
48	162
48	197
48	349
48	386
48	1025
48	1064
48	1498
48	2922
49	203
49	335
49	387
49	990
49	2488
49	3816
50	64
50	103
50	303
50	326
50	442
50	490
50	1579
50	1607
50	2865
51	109
51	136
51	193
51	516
51	739
51	2657
51	3083
51	3191
52	117
52	276
52	372
52	463
52	797
52	1111
52	1440
52	2148
53	66
53	105
53	273
53	399
53	574
53	1597
53	2120
54	437
54	687
54	872
54	1768
54	2684
55	80
55	164
55	248
55	266
55	718
56	81
56	84
56	447
56	588
56	1262
56	1565
57	131
57	784
57	1323
57	3433
58	145
58	174
58	1801
58	2208
59	95
59	205
59	1248
59	1653
60	250
60	318
60	1977
61	71
61	74
61	145
61	411
61	449
61	715
61	761
61	973
61	3998
62	209
62	226
62	241
62	318
62	938
63	124
63	736
63	968
63	1061
63	1092
63	1650
63	2122
63	2405
63	2504
63	3459
64	121
64	179
64	337
64	363
64	1087
64	1305
64	1616
64	1831
64	2662
64	3113
64	3386
65	1256
65	2422
65	2432
66	126
66	240
66	1102
66	1504
66	2642
66	2843
67	107
67	158
67	574
67	1228
68	101
68	122
68	172
68	242
68	1197
68	1529
69	78
69	101
69	262
69	289
69	296
69	302
69	351
69	438
69	524
69	1815
70	97
70	133
70	139
70	558
70	1844
70	2144
70	2743
71	115
71	338
71	344
71	524
71	1503
71	1505
71	1861
71	2494
71	3494
71	3867
72	130
72	222
72	233
72	445
72	1391
72	2802
73	108
73	111
73	421
73	542
73	1115
73	1368
74	840
74	2622
75	118
75	218
75	1485
75	3023
76	281
76	644
76	2230
76	2891
77	564
77	641
77	754
77	1927
77	3319
78	110
78	237
78	364
78	436
78	922
78	2149
78	2455
78	3982
79	144
79	341
79	865
79	966
79	2256
79	3150
79	3917
80	298
80	912
80	1041
80	1615
80	1659
80	2254
81	83
81	91
81	135
81	176
81	339
81	2401
82	186
82	224
82	292
82	391
82	453
82	976
82	1233
82	1355
82	2176
83	89
83	173
83	340
83	424
83	1966
83	2650
84	93
84	98
84	183
84	320
84	440
84	462
84	540
84	747
84	1035
84	1236
84	1509
84	2400
84	2455
85	88
85	309
85	862
85	2143
86	1665
87	177
87	462
87	1860
87	3957
89	398
89	597
89	642
89	1866
89	2491
90	119
90	137
90	1789
91	147
91	673
91	1067
91	1208
92	102
92	219
92	279
92	457
92	1149
93	167
93	404
93	439
94	2620
95	124
95	1545
96	201
96	237
96	398
96	738
96	1707
97	122
97	279
97	477
98	120
98	220
98	319
98	453
98	535
98	1080
98	1178
98	1360
99	1407
100	355
100	808
100	1566
101	123
101	325
101	3861
102	128
102	234
102	1109
102	1313
102	1552
102	1814
103	407
103	655
103	1988
103	2813
104	1156
105	175
105	268
105	1528
105	1543
105	3353
106	378
106	1356
106	1533
106	1862
106	2217
106	3834
107	143
107	1172
107	1484
107	2281
108	110
108	783
108	896
108	1229
108	3749
109	161
109	302
109	637
109	833
109	3174
110	116
110	194
110	212
110	330
110	440
110	893
110	3575
110	3604
111	1216
111	1838
111	1869
111	3444
111	3590
111	3716
112	258
112	299
112	635
112	651
112	1024
112	1112
112	1303
113	260
113	525
113	923
113	1954
114	419
114	638
115	231
115	342
115	1540
116	350
116	727
116	729
116	948
116	3623
117	210
117	229
117	518
117	650
117	833
118	236
118	461
118	1309
118	1839
118	2406
119	163
119	3419
120	256
120	883
120	1987
121	422
121	1483
121	1609
122	413
122	670
122	741
123	149
123	970
124	225
124	239
124	280
124	781
124	829
124	837
124	946
124	951
124	1133
125	452
125	1191
126	608
126	855
126	1136
126	2195
126	2346
126	3334
127	389
127	1217
127	2181
127	2384
128	129
128	328
128	504
128	533
128	1121
129	321
129	458
129	500
129	508
129	841
129	1499
129	2775
129	2791
130	371
130	390
130	714
130	1168
130	1456
130	2698
130	2769
131	191
131	446
131	491
131	529
131	662
131	794
131	915
131	3773
132	293
132	380
132	446
132	1101
132	2520
133	223
133	471
133	954
133	1794
133	1839
134	234
134	355
134	713
134	1265
135	343
135	507
135	762
135	814
135	1703
135	3478
136	151
136	221
136	2694
136	3592
137	144
137	503
137	771
137	1017
137	1471
137	1952
137	2058
137	2817
138	1237
138	1978
139	247
139	381
139	981
139	1300
140	693
140	1072
140	1535
140	1633
140	1699
141	238
141	599
141	1239
141	2197
141	2972
141	3142
142	571
142	1384
142	2055
142	2186
142	3389
143	312
143	2443
143	3034
143	3442
144	381
144	807
144	3616
145	284
145	706
145	824
145	983
145	1580
145	3018
146	545
147	254
147	1071
147	1710
148	270
148	301
148	610
148	622
148	1674
149	152
149	292
149	335
149	570
149	671
149	1117
149	1467
149	1875
149	2636
149	3928
149	3937
150	1366
150	2390
150	3634
151	435
151	707
151	894
151	1203
152	181
152	239
152	417
153	300
153	684
154	213
154	352
154	782
154	901
154	1120
154	2351
154	2429
154	3619
155	600
155	1465
156	368
156	585
156	624
156	1682
156	1948
156	2359
156	2943
157	171
157	635
157	2136
157	2619
158	200
158	952
158	1496
158	1517
158	1774
158	3012
159	825
159	1198
159	1204
159	2731
161	532
161	891
162	169
162	215
162	216
162	286
162	1277
163	166
163	182
163	924
163	2572
163	3403
164	391
164	501
164	549
164	683
164	967
164	1420
164	2453
165	487
165	1187
165	1249
165	1458
165	2165
165	2407
165	3689
166	300
166	303
166	1878
167	170
167	175
167	295
167	785
167	1399
168	664
168	1100
168	3329
169	472
169	629
169	1281
169	2516
169	3579
170	563
170	1277
170	1892
170	1919
171	601
171	828
171	2232
172	627
172	1779
172	2091
173	1377
173	1557
173	2656
174	515
175	496
175	757
175	847
175	1273
175	2709
176	264
176	287
176	358
176	964
176	1058
176	1780
176	3841
177	274
177	531
177	724
177	1034
177	1640
177	2574
177	3416
178	1524
179	597
179	991
179	2315
179	2809
180	199
180	262
180	573
180	769
180	1217
180	3374
181	357
181	457
181	512
181	1284
181	1695
182	204
182	1162
182	1299
182	2238
183	385
183	572
183	853
183	3526
184	200
184	324
184	373
184	779
184	858
184	3754
185	230
185	473
185	2024
185	3035
185	3474
186	190
186	214
186	336
186	441
187	304
187	310
187	317
187	983
187	985
187	1670
188	448
188	1622
189	251
189	1375
189	2277
190	772
190	3014
191	830
191	1063
193	588
193	1126
193	1131
194	290
194	482
194	551
195	425
195	447
195	1421
195	1941
196	243
196	463
196	988
196	1029
197	751
197	2031
198	272
198	463
198	1182
198	1439
198	2247
199	429
199	852
200	649
200	666
200	881
200	893
200	1008
201	244
201	288
201	914
201	1218
201	1339
201	2411
202	277
202	2641
203	311
203	391
203	418
203	679
203	868
203	3160
204	271
204	502
204	1959
205	249
205	431
205	1062
205	1818
206	365
206	456
206	788
206	940
206	1036
206	2374
207	1228
207	1644
208	213
208	327
208	954
209	330
210	228
210	316
210	333
210	493
211	458
211	655
211	722
211	1593
211	2299
212	2702
213	215
213	325
213	333
213	703
213	1011
213	1111
213	1453
213	2535
214	965
214	1514
215	217
215	269
215	483
215	1224
215	1398
215	1828
216	274
216	516
216	1556
217	460
217	470
217	1694
217	2975
218	307
218	1139
219	351
219	1336
219	2009
220	443
220	1388
220	2125
221	647
221	698
221	1311
222	227
222	664
222	1789
222	2826
223	306
223	515
223	749
223	2886
224	468
224	520
224	568
224	719
224	2991
225	322
225	500
225	579
225	1960
225	2316
226	664
228	308
228	537
229	253
229	498
229	849
229	2382
230	405
230	1974
230	3282
231	522
231	2450
231	3045
232	442
232	463
232	668
232	739
232	823
232	1385
232	1879
233	420
233	657
233	766
234	860
234	1228
234	2137
234	2765
235	262
235	266
235	309
235	335
235	354
236	562
237	253
237	621
237	715
237	909
237	1054
237	2201
237	2695
238	305
238	395
238	790
238	1143
238	1873
239	560
239	2317
239	3066
239	3176
240	252
240	554
240	742
241	1346
242	1159
242	2038
243	260
243	595
243	2932
243	3057
244	291
244	348
244	1138
244	1418
244	1708
245	430
245	505
245	539
245	598
245	682
245	895
245	2557
246	822
246	1983
247	432
247	1771
247	1819
247	1946
247	3647
248	927
248	3045
248	3480
249	257
249	295
249	1356
249	1613
250	275
250	313
250	1962
251	412
251	511
252	277
252	685
252	764
253	294
253	438
253	660
253	1285
254	695
254	1191
254	2438
255	386
255	3015
255	3843
256	259
256	277
256	696
256	785
256	1825
257	496
257	529
257	806
257	913
257	1932
257	2697
257	3786
258	656
258	1772
258	3759
259	509
259	530
259	3953
260	910
260	1285
260	1758
261	513
262	467
262	507
262	543
262	803
262	3108
262	3344
263	1374
264	470
264	1196
264	1368
264	1865
264	3852
265	269
265	919
265	1690
266	342
266	1278
266	1341
266	1992
267	282
267	1039
267	1688
267	3134
268	329
268	795
268	818
268	963
268	1435
268	3304
268	3363
269	345
269	785
269	991
269	1193
269	1276
269	1289
270	393
270	937
271	369
271	433
271	2146
272	292
272	384
272	547
272	707
272	712
272	2663
273	279
273	366
273	1913
274	381
274	492
274	590
274	1223
275	501
275	3831
276	451
276	1506
276	3414
277	315
277	323
277	478
277	565
277	581
277	1052
277	1838
278	309
278	932
278	1287
278	2223
278	2463
279	2110
279	2374
281	495
281	1393
281	2874
282	1164
282	1532
282	2540
283	1035
283	3170
284	334
284	516
284	605
284	1573
285	1057
285	1411
286	1309
286	1792
286	2249
286	3936
288	481
288	1781
289	553
289	589
289	3682
289	3912
290	897
290	1796
290	2575
290	3660
291	352
291	672
291	836
291	3272
292	339
292	613
292	1212
292	1725
292	2405
292	3644
293	1549
293	2673
293	3033
294	484
294	582
294	617
294	669
294	2832
294	2983
295	602
295	630
295	898
295	2338
295	2404
295	2589
295	2617
295	2717
295	2875
296	567
296	631
296	735
296	1079
296	1117
297	356
297	514
297	697
298	496
298	555
298	1348
298	1822
298	2003
298	2798
298	3423
299	475
299	978
299	998
299	1241
299	1928
300	320
300	608
300	905
300	2113
301	506
301	1050
301	1101
301	1930
302	391
302	398
302	402
302	1236
302	3326
303	318
303	332
303	1256
303	1437
303	3281
304	767
304	1419
304	1468
304	2302
304	3835
305	393
306	362
306	696
306	1107
306	1439
306	1871
306	2301
307	383
307	568
307	820
307	3464
308	1146
308	1553
309	3085
309	3930
310	488
311	401
311	406
311	584
311	1046
311	2093
311	2887
312	772
313	3021
314	547
314	1027
314	1451
315	347
315	370
315	404
315	917
315	1278
315	3051
316	570
316	1043
316	2482
316	2533
316	3564
317	889
317	1257
318	379
318	402
318	450
318	681
318	704
318	3839
319	2344
320	526
320	625
320	760
320	980
320	1041
320	1217
320	2080
321	479
321	1601
321	2787
322	382
322	1470
322	2657
322	3761
323	360
323	802
323	898
324	461
324	966
325	982
326	2261
327	353
328	429
328	1811
328	2276
328	3279
329	734
329	3978
330	874
331	346
331	634
331	2320
333	1165
333	1258
333	2420
333	3172
333	3193
334	619
334	1904
334	2869
335	746
335	937
335	1538
335	1549
335	2079
335	3213
336	633
336	989
336	1437
337	1376
337	1435
338	510
338	588
338	690
338	1731
338	2237
339	495
339	628
339	833
339	1108
339	1143
340	838
341	1021
342	426
342	583
342	850
342	919
342	1980
342	3560
343	576
343	653
343	1115
344	1667
344	2670
345	442
345	3605
346	557
346	838
347	548
347	1088
347	3080
348	351
348	759
348	1412
349	408
349	552
349	961
349	1825
350	499
350	1474
350	2550
350	3679
351	363
351	392
351	842
351	1689
352	856
353	768
353	2294
354	403
354	415
354	886
354	1466
354	1893
355	569
355	595
355	667
355	2518
355	3776
356	849
357	377
357	765
357	801
357	837
358	1155
358	2346
359	391
359	474
360	515
360	1113
360	1338
361	1333
362	1618
362	2072
363	441
363	863
363	1132
363	1718
363	2021
363	2188
363	2329
363	2707
364	459
364	612
364	1241
365	1009
366	394
366	2339
367	596
367	748
367	769
367	1006
367	1497
368	450
368	629
368	1848
368	3145
369	736
369	789
369	2059
369	2270
369	2715
369	3052
370	611
370	745
370	2087
370	2394
370	2422
370	2720
371	428
371	940
371	3544
372	501
372	1734
373	1572
373	2179
373	3192
374	400
374	1155
374	1160
375	839
375	1873
375	2124
375	2126
376	639
377	422
377	1045
377	2519
377	3234
377	3950
378	863
378	1933
379	464
379	811
379	892
380	3377
381	388
381	490
381	525
381	1119
381	1736
381	2307
381	3989
382	572
382	758
383	2632
384	1055
384	2367
384	2906
384	3638
385	880
385	2114
385	2502
386	1232
386	1460
386	3804
387	523
387	2291
387	2382
388	409
388	469
388	919
388	1000
388	2499
388	3810
389	559
389	620
389	954
389	1158
389	1344
389	3888
391	406
391	575
391	623
391	708
391	1038
391	1186
391	1215
391	1316
391	1852
391	2078
391	3525
392	621
392	2014
393	726
393	1290
393	1584
393	2070
393	3683
394	943
394	3020
394	3121
395	721
395	831
395	1301
395	1574
396	1510
396	2867
397	544
398	423
398	691
398	704
398	769
398	1386
398	1756
398	2461
398	3973
401	1394
401	1765
401	2729
401	3557
402	515
402	1242
402	1615
403	2994
404	1310
404	1525
405	1101
405	2194
405	2350
406	1419
406	2910
407	1125
407	1539
407	1894
407	3840
408	567
408	813
408	2147
408	3312
408	3543
409	444
409	495
409	1125
411	497
411	2142
411	3945
412	2586
412	3105
413	455
413	1754
414	498
415	430
415	588
415	3590
416	427
416	466
417	753
417	1465
417	3380
420	2466
420	3127
421	489
421	616
421	968
422	1498
422	3302
424	603
424	1140
424	1843
425	2871
426	469
426	804
426	2602
427	1420
429	529
429	597
429	2595
430	485
430	2216
431	519
431	594
431	873
431	1178
431	3327
431	3535
432	665
432	694
432	921
432	2052
433	1186
433	1393
433	1480
433	3095
433	3653
434	692
434	1206
435	561
435	888
435	1315
435	2185
435	2507
435	3541
436	536
436	643
436	1913
437	1049
437	1509
438	602
438	929
438	2327
439	534
439	556
439	1299
439	2276
439	3166
440	957
440	1250
440	1669
440	2323
441	1254
441	2089
441	2169
442	902
442	1001
442	1927
442	2187
442	3345
443	1076
444	778
444	1436
444	1585
445	917
445	982
446	632
446	812
446	1679
446	3643
447	608
447	689
447	804
448	645
448	1097
448	1131
448	1180
448	2728
449	793
449	1105
449	3396
450	659
451	709
452	1590
452	2375
452	3892
453	480
453	769
454	1153
454	2060
454	3094
455	1179
455	2139
455	3746
456	551
456	884
456	3173
457	737
457	1001
457	1729
457	1887
457	3657
458	609
458	743
458	761
458	799
458	2597
460	593
460	658
460	1337
460	3430
461	903
462	1215
463	653
463	1035
463	1137
463	1382
463	1450
463	1677
463	1711
463	1989
463	2641
464	999
465	562
465	607
465	1143
466	1883
466	2586
466	3964
467	728
467	931
467	1157
468	1409
468	1598
468	2163
469	654
469	890
469	3568
470	1052
470	1625
470	2773
471	653
471	1286
472	494
472	898
473	604
474	875
474	1171
474	1492
475	1129
475	2167
476	1984
476	2802
477	1080
477	3798
478	1089
479	587
479	933
479	1441
479	2084
479	2248
480	2300
480	2495
481	1231
481	2785
482	492
482	787
482	2538
482	2610
482	3070
483	1210
483	3903
484	2968
485	3009
486	894
486	2160
486	3045
487	1370
487	2371
488	618
488	623
488	1520
489	707
489	918
489	944
489	953
489	1190
489	2841
490	676
490	736
490	885
490	1294
490	1307
490	1937
490	2575
490	3442
490	3661
490	3858
491	705
491	2496
492	1643
492	2164
493	1189
493	1428
493	2987
494	2489
494	2558
494	2585
494	3702
495	827
495	1164
495	1177
495	1676
496	643
496	969
496	1091
496	3584
497	663
498	1107
498	1785
499	1153
499	1563
499	3467
500	580
500	904
500	1096
500	1540
501	545
501	614
501	2559
502	628
502	832
503	700
503	745
505	1582
505	2414
505	2985
505	3123
506	514
506	1116
506	1459
507	1026
507	1809
507	1967
508	548
508	3760
509	541
509	1653
510	640
510	2593
510	2644
511	3606
511	3744
512	1037
512	1923
512	2585
513	1073
513	1204
513	1293
513	1570
513	1853
514	566
514	890
514	3326
515	629
515	676
515	791
515	1559
515	3042
515	3205
515	3360
516	681
516	911
516	1082
516	1866
516	2190
516	3731
517	2393
517	2557
517	2727
518	1414
518	2284
519	928
519	3022
520	1187
520	3060
521	2989
522	846
522	2845
522	3115
523	546
523	710
523	2242
523	2308
524	626
524	878
524	1784
524	2818
524	3149
524	3781
524	3880
525	611
525	1005
525	1234
525	1540
526	764
526	976
526	1474
526	1805
526	1845
526	2304
526	2656
526	2799
526	3508
527	2838
527	3550
528	578
528	936
528	1048
529	1255
529	3768
531	739
531	1329
531	2945
531	3230
532	599
532	627
535	1166
535	3506
536	2328
536	3788
537	615
537	800
537	2579
538	602
538	1215
538	3906
539	2814
540	2074
540	3088
541	1944
541	2096
541	2297
542	2112
544	864
544	1265
544	2852
545	2002
545	2514
546	550
547	569
547	1084
547	1152
548	863
549	2313
549	2738
551	2539
551	3489
552	655
552	869
552	1991
552	2933
553	908
553	1093
553	3825
554	880
555	730
555	1507
555	1732
556	780
556	907
556	2425
557	718
557	1314
557	3787
558	1324
558	1331
558	1410
558	1735
559	850
559	1060
559	2975
559	3639
560	842
560	1965
560	2907
561	1381
561	1393
562	606
562	1630
562	1653
562	2570
563	586
563	777
563	893
564	1621
565	809
565	1589
566	799
566	3921
567	1798
567	2292
567	2388
568	636
568	637
568	661
568	666
568	942
568	1000
568	1104
568	1915
568	2226
569	617
569	960
570	776
570	2513
570	2689
571	956
571	2390
572	1058
572	1429
573	807
573	1573
574	1104
574	1573
574	2327
574	3425
575	974
576	1783
577	1256
578	881
578	2548
579	807
579	2585
579	3485
580	759
580	1291
580	2275
580	2812
580	2939
582	1081
582	2455
582	2539
583	731
583	941
583	996
585	1342
585	3984
586	843
586	1086
586	1502
587	592
587	930
587	1188
588	1024
588	1267
588	1821
588	3784
589	838
589	1226
590	702
590	2282
591	1832
591	2311
592	646
592	652
592	1527
592	1536
592	2244
593	2724
593	3965
594	3944
595	678
595	826
595	1596
595	2075
595	2607
596	1420
596	1709
596	3147
597	867
597	926
597	2090
597	2640
597	3005
598	2395
598	3008
599	2008
600	2255
601	1082
601	3313
602	804
602	1193
602	3235
603	1022
604	1498
604	3364
605	1704
605	1724
605	2390
605	3722
606	3440
606	3450
607	680
607	1452
608	721
608	1192
608	1206
608	1448
608	2219
608	2353
608	2682
608	3987
609	1059
609	2120
609	2554
609	2979
610	2611
611	810
611	1771
611	2250
612	895
612	1225
613	1915
614	675
614	1956
615	774
615	1760
615	3592
616	857
616	1318
616	2157
617	1150
617	1629
617	2905
618	987
618	1322
619	2830
619	3269
620	1477
620	3524
621	642
621	723
621	744
621	941
621	1099
621	1187
621	1239
622	805
623	1731
623	2537
623	3303
624	3447
625	1475
625	2834
626	1360
626	1713
626	3939
627	755
627	2018
627	3970
628	1302
628	3851
628	3966
629	863
629	2080
629	2555
629	3244
631	839
631	1422
631	3910
632	710
632	1353
632	1356
632	3085
632	3957
632	3961
633	834
633	2217
633	2440
633	2888
633	2973
635	1464
635	2649
636	1519
636	1621
636	3778
637	1321
637	1722
637	2092
637	2483
637	3260
638	885
639	821
639	1883
640	1004
641	1098
641	1214
641	3382
642	2379
642	3247
643	1075
643	3248
645	2700
646	2897
648	732
648	3397
648	3726
649	2209
651	992
652	1125
653	1053
653	1555
653	2023
653	2161
653	2187
653	3622
654	761
654	1415
654	2101
655	855
656	859
657	725
657	967
658	1521
659	1467
659	1563
659	1746
659	1829
660	1588
660	2504
660	3273
661	815
661	816
661	1274
661	2685
663	775
663	1199
663	1671
664	733
664	794
664	1229
664	2234
664	2333
664	2786
664	2977
664	3740
665	688
665	1019
665	1773
665	1929
665	2296
665	2401
665	3390
667	756
667	1114
668	677
668	2562
669	1306
669	1356
669	2635
670	1003
671	711
671	3276
672	1645
672	1719
672	1945
672	2651
672	3505
673	1304
675	740
675	865
675	1604
675	2487
675	2531
676	686
676	800
676	1462
676	1576
677	1335
677	1800
678	1693
678	1876
678	2853
679	2480
679	2749
680	850
680	2673
682	696
682	1568
682	2224
683	773
683	1383
683	2358
684	1221
685	1280
685	2545
685	3323
685	3582
687	736
687	756
687	993
689	835
689	1147
689	3140
691	1012
691	3688
691	3815
692	2006
692	2882
692	3803
693	1632
693	2714
693	2722
694	1022
695	1266
695	2005
696	786
696	1298
696	1372
697	720
698	2117
698	2128
698	3530
699	1449
700	1326
700	1432
700	2627
702	1379
703	2081
704	3631
705	1487
706	844
706	1741
707	1224
707	1321
707	1491
707	1554
707	2964
708	717
708	1901
708	3100
708	3669
709	752
709	997
709	1016
709	1802
709	1918
709	1952
710	1015
710	3461
711	1696
712	786
713	845
714	2000
715	1531
715	2769
716	809
716	1317
717	2324
717	2599
717	3328
718	725
718	1020
718	1361
718	1489
718	2424
719	2295
720	1788
720	1969
721	1252
721	2831
721	3057
722	2527
723	1184
724	3153
725	763
727	1548
727	1698
727	2679
727	2921
728	1675
728	2120
730	1007
730	3559
731	877
732	911
734	2765
735	819
735	1056
735	1209
736	1388
736	1544
736	2053
736	2590
736	3580
737	1090
737	3960
738	919
738	2543
738	3849
739	1693
739	1698
739	3196
739	3794
741	2553
743	2687
745	1344
745	2076
746	1509
746	2155
746	2546
746	3865
747	2777
748	3231
749	883
749	1020
749	3598
750	1259
750	1551
750	1882
751	1727
751	2768
751	2990
752	1085
752	1330
752	2739
752	3405
753	882
753	1463
754	1268
755	977
756	815
756	1091
756	2002
756	2621
758	925
758	1067
758	3859
759	1024
759	1094
759	2033
759	2165
759	2495
759	3254
761	857
761	1771
761	1873
761	1981
761	2010
761	2510
762	876
762	1325
762	1417
763	1074
764	895
764	1820
764	2189
764	3853
765	1393
766	2320
767	1061
767	1110
767	1819
767	2839
767	3472
769	1231
769	1363
769	1400
769	1962
769	2159
769	2262
769	3029
769	3321
771	1490
771	2842
772	916
772	1495
772	2481
773	881
773	2176
773	2805
773	3586
774	1942
774	3135
775	792
775	1606
776	893
776	1243
777	1730
778	950
778	3925
779	2175
779	2934
779	3494
779	3884
780	2641
781	2091
782	959
782	2104
782	3298
782	3573
783	850
783	929
784	986
784	1312
784	1842
785	1140
785	1195
785	1832
785	3447
786	794
786	899
786	1033
786	1500
786	2299
786	3432
786	3871
787	3426
788	1971
788	2176
790	3595
793	1077
793	3251
793	3367
795	861
795	3614
795	3620
797	1383
797	1980
798	1242
798	1961
799	958
799	1471
799	2561
799	2822
800	1241
800	2268
800	2771
801	1662
802	1714
802	3528
804	1089
804	1457
804	2149
804	3120
804	3683
805	939
805	1169
805	2155
806	2815
806	3082
807	1678
807	1855
807	1881
807	2602
808	1914
808	2153
809	1319
809	2017
809	2487
809	3692
809	3733
810	3283
811	900
812	1176
812	1431
812	1689
812	2449
813	1123
813	1137
813	1684
813	2012
813	2040
813	2658
813	2761
814	1672
814	2337
815	1031
815	2745
815	3818
816	870
817	2420
817	2681
817	3658
818	852
818	1163
820	1118
820	1760
822	1047
822	3827
823	971
825	1513
825	2905
827	1735
827	1962
827	2508
827	2584
829	1106
829	2500
830	2158
830	3694
831	2912
832	1668
832	2612
832	3258
833	984
833	1628
834	1186
834	3413
834	3547
835	1285
835	1605
835	1700
836	1600
837	1497
837	2336
837	2493
838	1396
838	2521
838	3473
838	3793
839	1243
839	1511
839	1763
839	2151
839	2621
839	3378
841	934
841	2478
841	3988
842	854
842	866
842	1222
842	2988
842	3050
842	3862
843	887
843	1631
844	952
844	1397
844	2953
845	2549
846	1426
847	1275
847	2873
848	1192
849	1330
849	1816
850	993
850	1002
850	1472
850	2283
850	2439
850	3097
851	3073
852	1513
852	1895
852	3436
852	3593
853	1633
853	1898
853	2031
854	906
854	3551
855	1051
855	2225
856	871
856	1069
856	1128
856	1530
858	1506
858	1656
858	2541
858	3392
859	1124
859	1360
860	949
860	3157
861	1756
861	2504
863	1070
863	1448
863	2709
863	3633
863	3991
864	955
864	1219
864	3230
865	1206
865	3128
865	3263
866	975
866	1091
866	2105
866	2630
866	2736
867	1122
867	1247
867	1635
869	983
869	1474
870	902
870	1240
870	1546
872	1383
872	2090
873	1193
873	1841
873	2564
874	2505
875	935
875	2705
876	1947
878	2649
879	1886
880	2355
881	893
881	977
881	1410
881	1923
881	2403
881	3280
882	994
882	3795
883	3218
883	3681
884	3629
884	3733
885	1002
885	1666
885	2322
886	1042
887	2272
888	2101
889	1389
889	1534
889	1975
889	2835
889	3769
890	1107
890	1413
891	1340
892	3338
893	962
893	1467
893	1906
893	2354
893	2946
893	3328
893	3422
894	1044
894	1145
894	1851
894	2285
894	2423
895	1191
895	1661
895	2569
895	3535
896	1032
896	1137
896	2794
897	1260
897	1359
898	1075
898	1961
898	2055
898	2109
898	2162
898	2329
898	2352
898	2359
899	1753
900	2924
901	1246
901	2823
901	3854
902	2020
903	1010
905	995
905	2086
907	1066
907	1144
908	1853
909	1532
910	1013
910	2040
910	2282
911	942
911	1590
911	3857
912	979
912	2196
913	2202
916	1408
916	1466
916	2036
916	3120
917	1095
917	1253
917	1982
917	2073
917	2309
917	3387
917	3443
919	1352
919	1568
919	1993
919	2932
919	3241
920	1847
921	2463
921	2756
922	1835
922	3032
923	1817
923	2884
924	1034
924	2095
924	3434
925	2213
925	2399
926	1008
926	3139
927	945
929	1033
929	1997
930	1900
930	2027
931	1515
933	1541
934	1187
934	1205
934	1587
934	2128
934	2779
935	2414
935	2856
936	2051
937	1195
937	1462
937	1766
937	2439
937	2672
938	947
938	1518
938	2246
939	1581
940	1567
940	1591
940	1792
940	1824
940	2324
940	3417
941	1157
941	1352
941	1628
942	1078
942	1196
942	1430
942	3141
943	972
943	1191
943	1227
943	1283
943	2159
943	2421
944	2218
944	2851
945	1018
945	2948
945	3775
947	3402
947	3851
948	1406
948	1558
948	2097
949	1413
949	2234
949	3264
950	1517
951	1030
951	2652
951	3467
952	1799
952	3744
953	1425
953	1717
953	2961
953	3237
954	1544
954	2581
954	2658
954	2818
954	3156
955	1438
955	2738
955	3137
956	3469
957	1401
957	1696
957	1793
959	1250
959	1777
960	1857
961	1728
962	1402
963	1973
963	2465
964	1269
966	1891
966	1914
967	1122
967	2409
967	2794
968	1068
968	1167
968	1230
968	2044
969	1023
969	1245
969	2467
970	3609
971	1175
972	1103
972	3678
973	2106
973	3710
974	1785
974	3613
975	1482
975	3857
976	1000
976	1264
976	2827
977	1518
977	3162
979	1452
980	1733
981	1473
981	2858
982	1740
982	1859
982	2829
983	1125
983	1874
983	2002
983	3695
985	1476
985	1867
986	1334
987	1764
988	2459
989	1781
989	2644
990	1262
991	1304
991	1537
991	1544
991	1942
991	2149
991	3127
992	1474
992	1998
993	1337
993	1372
993	2019
994	3383
995	1747
995	1979
995	2174
997	2963
998	1032
998	1805
998	1916
998	3524
998	3856
999	1856
999	2207
1000	1322
1000	1427
1000	2818
1000	2994
1001	3709
1002	1271
1004	2368
1005	2430
1006	1735
1006	3479
1007	1651
1008	1178
1009	3858
1010	2393
1011	1611
1011	2325
1012	1244
1013	1349
1013	3082
1014	1130
1014	2655
1015	1486
1015	1602
1016	2239
1016	2916
1018	1393
1019	2029
1019	2235
1020	3507
1021	1516
1022	1135
1022	1825
1022	2532
1023	1047
1023	1142
1023	2088
1024	1088
1024	1261
1024	2016
1024	2288
1024	3315
1025	2669
1027	1466
1027	1608
1027	3653
1028	3728
1029	1296
1029	1476
1029	1602
1029	3870
1030	1092
1030	2330
1030	3667
1031	1351
1031	1810
1031	1920
1031	3060
1032	1117
1032	1246
1032	1939
1032	3367
1033	1940
1033	2001
1033	3978
1035	3000
1036	1442
1036	2279
1036	3855
1037	1691
1037	3252
1038	1040
1038	1617
1038	2964
1040	1191
1041	1142
1042	1595
1043	1854
1044	1230
1044	1926
1046	1469
1046	1849
1047	1380
1047	1603
1047	1624
1047	1827
1048	1773
1048	2691
1049	1134
1049	2418
1049	3485
1050	3087
1051	1192
1052	1236
1052	1858
1052	3669
1052	3681
1053	1705
1054	1744
1054	3768
1055	1643
1056	1201
1056	1755
1056	2035
1059	1138
1059	1185
1059	1832
1059	2486
1059	3595
1059	3673
1060	1235
1060	1612
1060	1626
1061	1328
1061	2945
1061	2998
1061	3102
1062	2342
1062	3680
1063	2538
1064	2261
1065	1969
1065	2800
1066	3805
1067	1583
1067	1641
1067	2934
1067	3225
1068	1957
1068	3594
1069	2996
1070	1251
1070	2111
1071	1210
1072	2783
1074	3589
1075	2115
1076	1740
1077	1820
1078	1531
1078	1831
1078	1848
1078	2191
1078	2735
1079	1282
1079	2159
1079	2273
1080	2021
1080	3443
1080	3692
1081	1447
1082	1662
1082	1681
1083	1203
1083	3226
1084	3317
1085	1228
1085	1721
1085	1802
1086	1364
1087	1108
1088	1340
1088	1437
1088	1500
1088	3173
1088	3542
1090	2738
1091	2085
1092	2067
1093	1445
1093	1477
1093	2911
1094	2177
1095	3189
1096	1127
1096	1230
1096	1739
1096	3212
1097	1665
1097	3742
1097	3922
1098	1655
1098	1806
1099	1207
1099	3436
1100	3341
1101	1750
1101	1855
1101	2460
1101	3051
1103	1320
1104	1279
1105	1637
1105	2267
1108	1153
1108	1227
1109	1682
1109	2381
1110	1821
1110	2752
1110	3301
1111	1246
1111	1272
1111	2645
1112	1211
1112	1654
1112	1803
1112	2410
1112	2960
1113	1405
1113	3048
1113	3259
1114	1161
1114	1790
1114	3129
1115	1199
1115	3183
1115	3446
1116	1220
1116	2381
1116	3891
1117	1270
1117	1363
1117	1516
1117	2108
1117	3738
1118	1183
1118	2784
1118	3077
1119	2603
1120	1170
1120	1540
1121	2978
1121	3032
1121	3526
1122	3564
1122	3896
1123	3119
1124	1547
1125	1571
1125	1769
1125	2754
1125	2934
1126	1561
1126	2476
1127	1213
1128	1238
1129	1148
1129	1856
1129	3912
1130	1472
1130	1708
1131	1295
1131	3414
1132	1620
1132	2399
1132	3247
1133	1986
1133	3346
1134	2566
1135	2264
1135	2319
1135	3416
1136	2621
1137	1203
1137	2833
1137	3802
1139	1151
1139	1820
1139	2064
1139	2808
1140	1200
1140	1560
1141	1497
1141	1584
1141	3872
1142	2993
1143	1326
1143	2268
1143	2995
1143	3959
1145	1481
1145	2091
1146	1400
1147	1641
1147	2298
1147	2796
1147	3093
1148	1989
1148	3820
1149	2098
1149	3059
1150	2454
1151	2180
1151	3493
1152	1968
1153	2048
1153	2435
1153	2447
1154	3065
1155	1173
1155	3023
1155	3966
1156	1456
1156	1631
1158	1268
1159	1209
1159	2046
1159	3874
1160	1358
1160	2380
1162	3907
1163	1229
1163	2192
1164	1480
1164	2789
1164	2838
1164	3469
1164	3500
1164	3653
1166	1278
1166	1371
1166	2168
1167	1191
1167	1498
1168	1202
1168	1390
1168	1762
1168	1876
1168	1985
1168	3924
1169	3155
1169	3203
1170	1363
1171	1443
1171	2676
1174	1308
1174	2526
1176	1908
1176	3454
1177	1181
1178	2108
1178	2183
1179	1702
1179	2280
1179	2578
1180	1577
1180	1963
1180	3167
1182	1614
1183	1639
1184	1687
1184	1948
1184	2706
1186	2000
1186	2217
1187	1297
1187	1369
1187	1639
1187	1876
1187	1906
1187	2306
1187	2509
1187	2606
1187	3561
1188	2956
1189	1347
1190	1623
1191	1833
1191	2822
1191	3966
1192	1408
1192	2056
1192	3266
1193	1263
1193	1522
1193	1642
1193	2263
1194	1765
1194	1795
1194	3290
1195	2369
1196	1327
1197	1907
1197	2171
1197	3688
1199	1378
1199	3233
1201	1888
1201	2836
1202	2077
1202	3068
1203	3725
1204	2631
1204	3122
1206	1586
1207	1437
1208	1365
1209	1343
1209	1799
1210	2804
1211	3601
1212	2623
1213	2047
1213	3864
1214	1433
1214	1673
1214	2678
1215	1275
1215	1853
1215	2668
1216	1354
1216	1588
1217	2178
1217	3596
1218	1362
1218	1694
1218	2389
1218	2643
1218	3290
1219	1258
1220	1634
1220	2026
1220	2959
1221	1512
1222	1972
1222	2097
1223	2991
1227	2234
1228	1461
1228	1629
1228	2026
1228	2713
1229	2721
1230	1397
1230	2193
1230	3044
1231	1743
1231	1961
1232	1649
1232	1752
1232	3356
1232	3501
1233	1646
1233	3026
1235	1404
1235	2036
1236	1668
1236	1720
1237	1826
1237	2011
1238	1917
1239	3011
1239	3308
1239	3447
1241	1509
1241	2556
1241	3060
1242	2872
1243	1709
1244	2675
1244	3672
1245	1364
1245	1596
1245	2153
1249	2176
1250	2980
1250	3477
1250	3927
1251	2506
1251	2634
1251	3194
1253	3577
1254	1953
1255	2484
1255	3961
1256	1541
1256	2328
1256	2748
1256	3355
1257	2744
1258	3153
1258	3253
1259	3800
1260	1431
1260	3179
1261	2055
1261	2602
1262	1332
1262	3002
1263	3421
1264	2028
1264	3464
1265	1699
1266	1357
1267	1807
1267	2131
1268	2468
1268	3158
1268	3766
1269	1647
1269	2141
1269	3621
1270	2877
1271	3086
1273	3206
1274	1759
1275	2031
1276	1367
1276	2039
1276	3473
1277	1440
1277	1666
1277	2235
1277	2252
1277	2305
1278	2093
1278	3147
1278	3535
1279	1925
1280	3820
1281	1434
1281	3982
1283	1990
1283	2555
1284	3734
1286	1846
1286	2065
1288	1494
1291	2552
1292	1446
1292	2664
1293	1949
1293	3186
1294	1911
1294	2998
1295	1542
1296	2094
1296	3254
1298	1525
1299	2576
1300	2523
1301	1936
1301	3542
1302	3517
1303	1395
1304	1843
1305	2716
1305	3069
1305	3198
1305	3445
1307	3947
1309	1499
1309	2149
1311	1870
1311	2625
1311	3497
1312	1716
1313	3823
1315	1976
1316	1319
1318	1909
1318	1921
1319	1757
1319	2293
1319	2415
1319	3004
1320	1750
1321	1382
1321	1683
1321	3421
1321	3480
1321	3659
1322	2800
1323	1509
1323	1834
1323	3201
1324	1345
1327	1714
1327	1776
1328	2733
1328	3718
1328	3970
1329	1876
1329	2658
1329	3200
1330	1350
1331	1423
1331	2434
1332	2116
1333	1701
1333	2659
1334	1652
1334	2107
1335	1745
1335	3192
1337	1478
1337	1899
1338	2062
1339	2259
1340	1845
1340	1880
1340	2173
1340	2708
1343	2115
1343	2271
1343	2840
1344	2208
1344	2686
1344	2783
1344	3359
1345	3152
1346	1416
1346	2742
1346	2764
1347	1375
1347	1737
1347	1885
1347	3617
1348	2965
1349	3899
1350	1890
1350	3448
1351	3188
1352	2609
1352	2772
1353	1531
1356	1448
1356	1627
1356	1685
1356	2231
1356	2268
1356	2481
1357	2950
1357	3789
1358	1726
1359	1683
1359	2568
1359	3997
1361	2050
1361	2683
1361	2937
1362	3274
1362	3288
1363	3751
1364	1902
1364	2701
1365	1387
1365	1501
1366	2170
1367	2638
1368	1392
1368	2695
1368	2741
1370	1611
1370	3052
1370	3293
1370	3886
1371	1657
1371	1964
1371	3463
1372	2306
1373	1756
1373	2829
1374	1852
1374	2332
1374	2397
1375	1749
1375	3668
1376	2477
1377	3665
1377	3783
1378	2449
1379	1454
1380	1722
1382	2497
1384	2863
1384	3373
1384	3730
1385	1952
1387	3217
1388	1906
1388	2441
1388	2452
1388	2649
1388	2699
1388	3075
1391	1508
1391	3600
1392	1505
1392	3572
1393	2947
1395	1864
1395	2722
1396	1748
1396	1785
1396	2788
1398	2287
1399	2119
1400	3714
1401	2890
1401	3266
1401	3499
1402	2278
1402	2461
1402	3645
1405	1761
1406	1791
1407	1455
1408	1488
1408	3084
1408	3357
1409	1562
1410	2206
1410	3379
1411	1938
1411	2825
1412	1726
1412	2212
1412	2269
1412	2442
1413	3328
1414	1643
1414	3194
1415	1529
1417	1683
1417	1813
1417	1879
1420	3042
1420	3268
1421	2166
1422	1903
1422	2160
1422	2816
1422	2846
1423	3038
1424	3597
1425	2130
1426	2028
1426	2894
1427	1738
1427	3331
1428	2515
1429	2221
1429	2778
1429	3394
1430	2289
1431	1655
1431	1931
1431	2471
1432	2378
1433	3195
1433	3438
1434	3967
1435	2731
1435	3146
1436	1667
1437	1852
1439	2129
1439	3236
1440	2297
1441	3222
1441	3558
1443	1606
1445	2582
1445	3653
1446	1769
1447	2214
1448	1795
1448	1922
1448	3612
1448	3900
1449	1735
1450	1837
1451	1571
1451	3528
1451	3554
1455	3585
1457	2123
1458	2145
1458	2633
1459	1775
1459	1820
1459	2175
1460	2045
1461	2446
1461	2637
1463	2915
1463	3192
1465	2034
1465	3779
1466	2008
1466	3091
1469	3261
1470	2103
1470	2260
1471	1509
1471	3294
1472	2428
1472	3010
1473	1523
1473	3908
1474	1989
1474	2161
1474	3414
1475	1924
1475	2936
1477	2061
1477	2643
1477	3392
1478	2461
1479	3098
1479	3407
1480	3566
1483	3257
1484	2648
1484	3651
1485	1569
1485	1697
1485	3934
1488	3482
1490	3733
1491	1729
1491	2938
1491	3096
1491	3602
1494	1636
1494	3439
1495	2258
1496	1669
1496	1836
1496	2331
1496	3106
1496	3698
1497	1666
1497	2474
1497	2784
1497	2951
1497	3321
1498	3102
1499	1958
1499	2118
1499	2387
1499	2438
1500	1628
1500	2025
1500	3488
1502	1877
1502	2567
1503	2245
1504	2433
1505	2050
1505	3309
1508	1787
1508	1810
1509	2861
1509	3075
1510	3244
1510	3539
1511	1642
1512	1578
1512	2795
1512	2859
1513	3107
1513	3229
1513	3657
1516	2591
1517	1767
1517	3838
1518	2176
1518	3049
1519	1592
1520	1817
1520	2093
1520	2958
1521	1850
1522	1638
1522	1662
1523	3588
1524	1575
1524	1996
1525	2198
1525	2229
1525	2774
1525	3062
1528	1743
1529	1564
1530	3785
1531	3576
1531	3636
1532	3686
1533	1631
1533	1855
1533	3648
1534	2152
1534	3163
1536	1599
1536	1812
1536	3412
1536	3926
1537	1624
1537	2210
1539	1648
1539	1663
1539	3284
1540	2020
1540	2696
1540	2753
1540	2824
1540	3698
1542	1690
1544	2207
1544	2381
1545	3607
1546	2861
1547	2251
1547	2383
1548	3536
1549	2629
1549	3055
1550	2621
1551	2014
1552	1680
1552	3706
1553	2490
1553	2925
1555	1770
1557	2627
1559	2377
1559	3367
1560	1995
1561	1950
1564	1686
1564	2596
1564	2941
1565	2068
1567	2712
1568	1830
1568	1934
1568	2317
1568	2917
1570	2286
1571	2605
1572	2617
1573	3000
1574	2436
1574	3654
1574	3968
1575	3240
1577	3162
1578	2626
1578	3877
1580	1797
1580	2013
1580	2338
1580	3130
1581	3248
1582	2022
1583	3028
1583	3322
1584	3037
1585	2057
1586	1594
1586	1661
1586	3873
1587	1666
1588	3249
1588	3763
1588	3913
1589	1664
1589	1773
1590	1897
1590	3293
1590	3691
1591	2260
1591	3248
1592	3320
1594	1629
1594	3084
1595	1690
1596	2236
1596	2260
1596	2868
1597	3335
1598	1619
1598	1784
1598	2763
1598	2895
1600	3769
1601	1943
1601	3969
1602	3545
1605	1778
1606	1723
1606	2265
1606	2770
1608	2101
1608	2849
1609	1680
1610	1660
1611	1881
1611	2344
1611	2363
1611	3114
1611	3311
1614	1889
1614	2004
1614	2054
1614	3984
1615	2341
1615	2453
1618	3246
1621	1912
1622	2796
1623	1999
1623	3116
1628	3555
1629	3352
1631	1957
1631	3132
1631	3388
1631	3401
1631	3771
1632	2412
1633	1935
1633	2864
1633	3619
1634	1738
1635	2458
1637	2560
1638	2524
1639	1682
1639	3267
1639	3782
1639	3987
1640	1715
1640	3332
1641	1658
1642	1706
1642	2376
1642	3042
1645	1713
1645	2416
1645	2790
1646	1863
1646	3765
1648	3375
1649	2615
1650	1804
1651	2807
1652	1872
1652	2525
1652	2605
1653	1970
1655	1884
1656	2181
1656	2864
1656	3199
1660	1947
1661	2184
1662	2996
1662	3067
1662	3103
1662	3485
1662	3522
1662	3888
1666	2517
1666	3159
1666	3301
1666	3767
1667	1894
1667	3305
1667	3449
1669	2260
1670	1791
1673	2793
1676	2592
1679	3415
1680	1833
1680	3549
1682	1945
1682	2073
1682	2240
1682	2333
1682	2661
1682	2755
1683	1979
1683	2361
1684	2528
1685	3025
1688	2652
1690	1775
1690	2883
1691	1786
1692	2751
1696	2231
1698	1951
1700	1994
1700	3249
1701	3162
1702	2385
1703	1828
1703	2127
1703	2643
1703	2899
1703	3097
1704	1875
1704	2150
1704	2621
1704	3902
1707	1719
1707	2228
1707	3262
1707	3941
1708	2811
1708	3127
1708	3175
1708	3468
1708	3994
1711	2043
1711	2720
1712	3133
1713	3828
1714	1833
1715	2568
1715	3181
1716	3655
1717	1808
1717	2892
1717	3868
1718	2278
1718	2692
1718	3736
1722	2161
1722	2227
1722	3235
1723	1823
1723	2083
1723	3340
1724	1910
1725	3438
1726	2747
1727	2178
1727	3627
1729	2476
1729	2536
1729	2571
1729	3635
1730	2182
1730	3387
1731	2082
1732	2041
1732	3081
1732	3143
1735	2349
1735	2465
1735	3976
1736	2535
1736	2819
1738	2821
1743	3559
1744	1905
1744	2811
1745	1852
1745	2977
1745	3537
1746	3481
1747	1751
1747	3492
1748	1925
1748	2514
1748	2870
1749	3155
1750	2923
1751	3809
1755	2997
1756	3371
1756	3603
1757	3701
1758	2940
1758	3046
1759	2272
1759	2376
1759	2464
1760	2457
1760	2517
1763	2030
1763	2066
1763	2360
1763	3904
1764	2780
1765	3414
1766	2262
1767	1949
1767	3471
1769	3168
1770	2740
1771	1906
1771	3245
1771	3437
1773	3056
1773	3520
1774	2207
1775	2845
1776	2252
1777	2586
1777	2969
1778	3628
1779	2102
1779	2771
1780	2112
1780	2276
1781	2048
1781	2231
1781	2241
1784	2390
1788	2093
1788	3475
1788	3727
1789	1814
1789	3807
1791	3732
1793	3853
1794	3697
1797	2364
1799	2040
1799	3274
1802	3785
1804	2433
1805	2160
1806	2903
1808	2926
1808	3592
1809	2297
1810	2916
1810	3232
1812	2976
1814	2547
1814	2622
1816	2203
1816	2759
1817	2163
1818	3293
1818	3576
1819	2220
1819	3256
1819	3540
1820	3735
1821	2132
1822	2511
1822	2732
1823	2181
1823	2335
1825	2364
1825	3208
1828	2069
1828	2199
1829	3303
1830	2571
1831	2049
1831	2704
1831	3458
1831	3740
1832	2337
1832	2469
1834	3406
1835	2487
1837	1981
1837	3750
1838	2099
1838	2104
1838	2301
1838	3053
1839	2855
1839	3168
1840	2190
1840	2284
1842	3485
1845	1999
1845	2063
1846	2828
1848	2635
1848	3879
1849	2992
1850	2501
1852	3573
1854	2731
1855	1908
1855	2617
1855	3837
1856	2444
1856	3278
1858	3829
1859	2634
1860	3512
1862	2413
1864	2767
1865	2806
1865	3480
1866	2866
1866	3250
1867	3465
1867	3592
1867	3845
1868	1955
1869	2135
1869	2172
1871	2897
1872	2361
1872	2570
1872	3431
1873	2445
1873	3230
1874	2037
1875	2347
1875	2348
1877	2658
1877	3308
1878	2703
1879	2303
1879	3522
1880	2292
1880	2634
1881	2025
1881	3725
1882	3337
1883	2049
1883	2189
1885	1948
1886	3249
1888	1981
1888	2274
1889	3166
1894	3369
1895	2594
1895	3291
1897	3436
1898	2015
1898	2581
1899	3746
1900	3399
1900	3610
1902	2318
1904	2205
1904	2373
1905	2818
1905	3527
1906	2307
1906	2715
1906	3681
1912	3744
1912	3978
1913	2608
1914	2885
1915	2290
1918	2798
1918	3007
1921	2584
1921	2624
1922	3955
1923	2482
1923	2563
1925	2456
1926	2857
1928	2065
1928	2741
1928	3624
1931	2737
1931	2758
1932	2326
1932	2477
1932	3519
1934	2163
1935	2860
1938	3401
1939	2470
1939	3024
1940	2693
1941	3695
1942	2542
1943	3101
1945	3789
1947	2340
1947	2352
1947	2529
1947	3295
1950	2071
1950	2726
1952	2397
1952	2437
1952	3093
1952	3344
1953	2065
1955	2178
1955	2293
1956	2345
1956	2628
1956	3569
1957	3347
1961	1972
1961	2187
1961	2369
1961	3455
1961	3557
1961	3845
1962	3540
1964	2719
1964	3671
1965	3376
1965	3476
1966	2032
1966	2100
1968	2893
1971	2880
1971	3277
1972	2211
1972	2330
1972	2656
1972	3244
1972	3489
1973	3435
1974	3770
1974	3900
1976	2453
1976	3484
1977	2317
1977	2598
1978	3571
1980	3782
1981	3641
1983	3652
1984	2448
1985	2200
1985	3173
1985	3687
1989	2278
1989	3640
1993	2755
1994	2982
1995	2122
1996	3138
1997	2862
1998	2362
1998	2415
1999	3262
2000	2036
2000	2133
2001	2762
2002	2654
2002	2746
2003	2346
2004	2366
2005	2616
2006	3156
2006	3666
2008	2627
2008	3328
2008	3627
2011	2314
2012	2382
2012	3871
2013	2398
2013	3561
2014	2641
2014	3050
2015	2755
2016	2312
2017	2205
2017	3182
2017	3952
2018	3271
2021	3470
2023	3894
2023	3976
2024	2730
2026	2062
2026	3072
2026	3332
2028	2139
2028	2835
2029	2336
2029	3009
2030	3961
2031	2888
2031	3632
2032	2485
2032	2534
2033	2583
2035	2238
2035	2530
2036	2386
2036	2801
2037	2657
2038	3548
2039	2163
2039	3791
2039	3806
2039	3835
2040	3943
2042	2750
2042	3509
2044	3958
2045	2140
2048	2588
2048	2841
2048	2876
2049	2596
2051	3601
2054	3216
2055	2875
2056	2291
2056	2580
2056	2889
2056	3290
2060	2253
2060	3516
2061	2138
2061	2810
2061	3409
2065	3416
2066	3118
2067	2896
2068	3670
2069	3642
2071	2613
2074	2154
2074	3220
2075	2525
2075	2850
2075	3141
2078	2370
2079	2949
2080	2966
2080	3486
2081	2190
2083	2266
2084	2110
2087	2121
2088	2927
2089	3650
2090	3387
2090	3391
2090	3523
2091	2097
2091	3163
2092	3995
2095	2259
2095	3314
2097	3840
2098	2402
2100	2639
2101	2365
2101	2470
2101	2779
2102	2215
2103	3381
2104	3772
2105	3483
2106	3136
2107	2243
2107	3824
2108	2259
2108	2900
2108	3148
2108	3209
2111	3063
2112	2587
2112	3708
2113	2239
2113	2718
2118	2357
2119	2222
2119	3384
2124	3452
2126	2156
2129	2427
2130	2473
2131	3424
2132	2310
2132	3801
2135	2656
2135	3092
2136	3211
2137	2878
2139	3210
2143	3054
2145	2172
2146	2204
2146	2614
2149	2881
2150	2646
2151	2479
2152	2782
2153	3003
2158	3111
2159	3194
2160	3436
2162	2268
2162	3591
2163	2318
2163	2453
2165	2841
2165	3223
2166	3926
2173	3618
2175	2417
2176	3808
2176	3919
2177	3032
2177	3786
2179	2919
2180	2392
2180	3164
2181	2741
2181	3227
2182	2918
2183	2503
2183	3937
2186	2630
2188	2489
2189	3195
2189	3358
2189	3562
2190	2278
2190	3726
2191	3570
2191	3739
2196	2711
2197	2499
2204	2784
2207	3535
2214	2233
2214	3001
2214	3045
2217	2475
2217	2680
2217	3239
2219	3019
2220	2492
2221	2257
2223	2426
2223	2563
2223	3942
2224	2431
2225	2358
2225	2787
2227	3330
2227	3981
2232	3836
2233	3300
2233	3428
2234	2278
2234	2346
2234	3546
2235	2957
2236	2573
2236	3242
2237	2408
2237	2630
2237	2935
2238	3911
2239	2299
2240	2944
2241	2962
2241	3713
2242	2419
2244	2735
2245	2379
2246	3885
2248	2971
2249	3289
2250	2442
2252	2396
2252	3174
2254	3182
2255	3495
2255	3755
2258	3040
2260	3405
2260	3665
2263	2306
2264	2408
2264	2433
2264	3292
2267	3442
2268	2568
2268	3788
2269	3584
2275	3784
2276	2710
2276	3344
2277	3197
2282	3166
2285	3219
2285	3511
2285	3675
2286	3863
2288	2372
2288	3526
2290	3809
2291	2604
2294	3947
2295	2938
2296	2391
2298	2626
2299	2847
2301	2374
2301	3272
2302	3234
2302	3554
2302	3729
2306	2321
2306	2446
2307	3878
2310	3538
2311	2703
2317	2754
2317	3302
2317	3656
2317	3879
2318	3931
2320	2356
2320	2512
2320	3146
2327	3316
2329	3705
2330	3395
2333	2551
2333	3918
2336	2723
2337	3104
2337	3258
2337	3622
2337	3844
2338	2498
2338	3041
2339	3221
2339	3840
2340	2812
2342	2673
2344	2744
2344	3180
2345	2544
2345	3496
2346	2690
2346	3722
2346	3805
2347	2913
2348	3792
2350	3495
2351	3275
2352	2606
2356	2391
2370	2677
2371	3376
2371	3531
2373	2471
2373	3078
2373	3745
2374	3079
2374	3099
2375	3700
2376	3443
2379	3013
2380	2837
2384	3492
2385	3565
2390	3664
2391	2630
2391	2792
2393	2448
2393	3147
2395	2928
2395	3071
2395	3800
2395	3938
2397	2818
2397	3234
2405	2879
2405	3107
2407	3851
2410	3514
2412	2902
2415	2482
2417	3043
2418	3156
2419	3615
2419	3973
2420	2901
2420	3911
2421	3516
2422	2666
2425	3178
2425	3821
2429	2456
2431	2451
2433	2854
2434	3027
2436	2522
2436	3408
2436	3534
2440	2665
2441	2601
2441	3243
2442	2571
2442	3194
2442	3355
2442	3673
2442	3807
2445	3866
2446	3265
2446	3293
2447	2758
2451	2472
2454	2931
2455	2556
2455	2604
2455	2776
2455	3829
2456	3848
2461	3326
2461	3677
2463	3561
2465	2781
2465	3220
2468	2688
2469	2475
2471	2881
2471	3883
2474	3267
2479	3357
2480	2565
2482	3611
2483	3165
2484	2674
2484	3464
2487	2848
2487	3367
2488	3646
2488	3737
2488	3797
2489	3178
2490	3914
2492	3041
2492	3453
2494	3393
2495	3016
2497	3228
2498	3882
2500	2975
2500	3757
2501	3348
2503	2722
2503	3285
2503	3850
2504	3666
2506	3053
2512	3185
2514	2909
2514	3584
2515	2577
2519	2670
2525	3214
2530	3031
2531	3197
2534	3503
2537	3076
2537	3434
2540	3059
2541	3699
2541	3990
2544	3999
2548	2738
2548	2912
2549	3017
2551	3174
2554	2667
2554	3102
2555	3469
2555	3599
2556	3584
2557	3940
2559	2600
2561	2606
2562	2899
2563	3441
2565	2986
2568	3430
2568	3640
2571	2689
2571	2870
2573	2819
2574	2929
2576	3324
2578	2633
2580	3833
2583	3708
2585	3169
2585	3618
2586	3275
2586	3712
2587	2898
2588	2618
2590	3117
2591	3711
2591	3875
2595	3030
2597	2679
2597	2937
2607	3253
2607	3372
2612	2668
2614	2647
2615	3826
2620	3131
2621	3005
2621	3190
2621	3673
2622	2647
2624	3572
2626	3638
2626	3880
2627	2898
2627	3231
2627	3353
2630	2914
2630	3839
2633	3144
2633	3366
2635	3720
2637	2772
2638	2793
2641	2803
2643	2671
2643	3880
2644	3187
2644	3360
2644	3746
2646	2908
2647	2818
2648	3251
2648	3876
2652	3897
2654	3590
2655	3061
2655	3420
2656	3047
2656	3930
2657	3462
2658	3444
2658	3980
2662	3265
2664	3052
2665	2844
2666	3601
2667	3018
2667	3339
2668	2970
2668	3290
2668	3489
2672	3988
2674	3886
2675	2725
2680	2760
2680	3515
2682	3429
2685	2996
2688	3417
2691	3567
2693	2868
2694	3986
2696	2797
2701	2955
2701	3310
2702	3723
2704	3622
2705	3107
2705	3136
2709	3741
2709	3743
2710	3400
2715	3336
2716	3213
2716	3595
2719	3125
2721	2734
2721	3504
2724	3871
2729	3502
2731	3146
2735	3023
2735	3422
2738	3359
2740	3869
2741	3074
2743	3398
2744	4000
2746	3182
2747	3451
2750	2789
2750	3961
2752	3418
2754	3600
2754	3956
2756	3581
2756	3589
2759	2766
2764	3110
2765	2911
2765	3369
2765	3385
2767	3563
2769	2863
2771	2974
2772	2826
2772	3274
2773	2954
2774	3136
2775	3238
2775	3347
2775	3820
2776	3109
2776	3777
2777	3761
2787	2944
2791	2820
2792	3064
2796	2942
2805	3915
2807	3151
2818	3039
2818	3833
2819	3297
2819	3406
2819	3473
2820	3980
2821	3724
2824	3342
2826	3219
2826	3676
2830	3161
2830	3333
2836	3685
2836	3875
2841	2890
2841	3822
2844	3126
2846	3327
2848	3036
2851	2952
2854	3762
2854	3896
2857	3112
2858	2930
2860	3533
2862	3589
2867	3281
2874	3663
2875	2890
2875	3557
2878	3893
2882	2904
2884	3552
2887	3200
2890	2929
2891	3042
2891	3616
2892	3979
2894	2984
2894	3198
2898	2977
2902	3839
2906	2980
2907	3171
2909	3751
2912	3466
2912	3703
2916	3529
2922	3182
2924	3491
2925	3249
2928	3177
2929	2981
2929	3325
2929	3967
2937	3639
2939	2967
2945	3202
2947	3090
2953	3811
2957	3767
2958	3963
2963	3154
2964	3870
2965	3286
2966	3343
2966	3406
2966	3578
2966	3923
2967	3565
2969	3583
2975	3707
2976	3564
2977	3864
2978	3124
2979	3193
2980	3857
2984	3690
2985	3309
2986	3197
2990	3849
2991	3885
2992	3006
2993	3975
2994	3268
2995	3805
2996	3464
3004	3592
3005	3164
3005	3559
3007	3076
3008	3532
3009	3486
3011	3494
3013	3520
3014	3471
3016	3490
3022	3996
3031	3058
3031	3799
3035	3318
3038	3255
3042	3089
3042	3248
3042	3733
3043	3812
3045	3192
3045	3460
3045	3703
3049	3853
3051	3781
3051	3936
3052	3771
3059	3302
3060	3287
3060	3410
3061	3207
3064	3744
3067	3819
3070	3184
3081	3574
3089	3790
3091	3202
3095	3871
3096	3557
3102	3954
3106	3215
3109	3764
3119	3715
3119	3951
3124	3758
3125	3761
3125	3901
3127	3271
3127	3368
3131	3815
3135	3696
3140	3299
3146	3633
3147	3204
3147	3768
3150	3784
3156	3169
3167	3224
3167	3893
3173	3350
3174	3373
3174	3672
3176	3977
3179	3296
3182	3230
3182	3361
3182	3971
3185	3872
3191	3640
3192	3526
3193	3974
3194	3604
3196	3553
3196	3637
3199	3401
3200	3219
3215	3935
3219	3411
3222	3684
3225	3382
3225	3711
3228	3457
3229	3388
3231	3808
3233	3630
3234	3513
3234	3673
3237	3972
3241	3899
3244	3685
3248	3487
3248	3549
3248	3938
3251	3732
3252	3871
3254	3524
3255	3351
3255	3404
3256	3358
3257	3649
3262	3896
3264	3365
3267	3793
3267	3862
3267	3946
3271	3993
3274	3428
3278	3370
3282	3719
3285	3858
3294	3929
3300	3948
3304	3349
3308	3581
3325	3971
3335	3427
3338	3524
3339	3608
3341	3717
3344	3701
3346	3780
3347	3441
3349	3805
3350	3403
3355	3406
3355	3462
3356	3885
3364	3523
3373	3881
3382	3510
3391	3587
3394	3498
3396	3525
3412	3985
3414	3753
3416	3860
3420	3625
3420	3909
3435	3704
3444	3842
3448	3604
3451	3456
3455	3674
3468	3804
3494	3825
3498	3890
3518	3846
3521	3769
3527	3626
3530	3743
3533	3832
3536	3912
3537	3556
3543	3576
3550	3588
3558	3923
3560	3781
3563	3748
3567	3898
3569	3618
3578	3773
3578	3789
3585	3764
3586	3814
3592	3949
3601	3804
3603	3747
3605	3732
3606	3920
3607	3813
3621	3756
3627	3983
3635	3932
3646	3662
3647	3774
3653	3721
3655	3912
3664	3693
3664	3752
3666	3867
3669	3916
3684	3789
3715	3847
3717	3786
3724	3785
3731	3878
3733	3808
3742	3933
3753	3773
3753	3877
3758	3796
3780	3992
3783	3968
3809	3889
3843	3905
3858	3880
3870	3887
