1	2
1	3
1	8
1	13
1	15
1	30
1	39
1	80
1	86
1	94
1	105
1	197
1	208
1	623
1	1859
2	3
2	4
2	6
2	10
2	18
2	35
2	86
2	155
2	392
2	863
2	1168
2	1708
2	3900
3	5
3	8
3	21
3	31
3	55
3	65
3	237
3	390
3	400
3	412
3	644
3	706
3	1192
3	1248
3	2633
4	11
4	45
4	51
4	111
4	170
4	187
4	399
4	919
4	1197
4	1554
5	12
5	17
5	72
5	76
5	103
5	709
5	2761
6	7
6	11
6	14
6	21
6	103
6	498
6	529
6	794
6	867
6	992
6	1210
6	3208
7	24
7	175
7	1501
7	4009
8	9
8	12
8	16
8	19
8	25
8	142
8	205
8	284
8	649
8	1232
8	2291
9	462
9	1036
9	3060
10	11
10	68
10	204
10	242
10	391
10	478
11	13
11	16
11	19
11	21
11	37
11	67
11	81
11	99
11	152
11	183
11	529
11	546
11	740
11	1350
11	1718
12	15
12	35
12	96
12	201
12	362
12	740
12	1220
13	26
13	78
13	109
13	227
13	641
13	841
13	3297
14	38
14	40
14	210
15	75
15	105
15	212
15	310
15	339
15	372
15	461
15	651
15	1835
15	3044
16	47
16	90
16	115
16	143
16	166
16	220
16	366
16	1886
16	2057
16	3987
16	4168
17	23
17	57
17	87
17	89
17	230
17	257
17	429
17	440
17	2801
17	2929
17	3375
18	22
18	86
18	241
19	20
19	28
19	43
19	52
19	136
19	287
19	2735
20	49
20	415
20	421
21	26
21	179
21	272
21	478
21	963
21	1739
21	3492
21	3767
22	45
22	62
22	77
22	95
22	194
22	236
22	1534
22	3337
22	4127
23	258
23	2828
23	3141
23	3224
24	42
24	203
24	218
24	219
24	427
24	2162
24	4492
25	33
25	34
25	36
25	56
25	62
25	129
25	154
25	167
25	445
26	27
26	29
26	35
26	39
26	97
26	134
26	255
26	2574
27	152
27	1577
27	1950
27	4030
28	169
28	4202
29	32
29	91
29	602
29	613
30	39
30	46
30	58
30	171
30	1050
30	1428
31	33
31	65
31	117
31	125
32	44
32	53
32	121
32	222
32	510
32	1614
32	3538
33	41
33	57
33	112
33	143
33	172
33	599
33	1288
33	1393
33	2445
33	2949
34	61
34	70
34	215
34	437
34	628
34	641
34	698
34	2160
34	2838
34	2944
34	3204
35	59
35	102
35	177
35	252
35	345
35	448
35	2860
35	4282
36	99
36	219
36	576
36	701
37	73
37	140
37	306
37	659
37	1701
38	39
38	311
38	424
39	54
39	55
39	57
39	73
39	77
39	85
39	104
39	174
39	181
39	182
39	199
39	271
39	294
39	404
39	459
39	814
39	1171
39	2301
40	120
40	366
40	526
40	642
40	852
40	3339
41	83
41	147
41	388
41	1151
42	66
42	197
42	422
42	949
42	1999
42	3432
43	327
43	727
43	761
43	1607
43	2368
44	50
44	60
44	168
44	293
44	1061
45	345
45	1383
45	1624
46	57
46	63
46	223
46	436
46	529
46	813
46	4268
47	48
47	159
47	216
47	346
47	577
47	901
47	1593
47	1960
48	69
48	94
48	156
48	162
48	956
48	1958
50	74
50	194
50	606
50	732
50	1059
50	1122
50	1623
50	3768
51	66
51	658
51	1815
52	83
52	107
52	270
52	820
52	1219
52	1429
52	3183
53	95
53	441
53	458
53	503
53	587
54	56
54	141
54	190
54	276
54	2560
55	64
55	70
55	101
55	122
55	138
55	172
55	345
55	667
55	1085
56	71
56	82
56	100
56	158
56	514
56	730
56	1575
56	1966
57	79
57	89
57	90
57	163
57	176
57	185
57	280
57	319
57	330
57	492
57	825
57	1070
57	2251
57	3127
57	3587
58	233
58	1414
59	88
59	269
59	1117
59	1793
59	2401
60	135
60	238
60	592
60	2056
60	4403
61	246
61	3426
62	128
62	151
62	222
62	709
62	1042
62	1135
62	1182
62	1439
62	1949
62	1967
62	2122
62	2703
62	4123
63	74
63	177
63	199
64	140
64	331
64	512
64	880
64	1818
64	2924
65	119
65	555
65	1294
66	139
66	173
66	177
66	199
66	377
66	1435
66	1615
66	2766
67	160
67	1129
67	1463
67	2176
67	4322
68	119
68	164
68	182
68	559
68	930
68	2564
69	113
69	161
69	2135
69	3311
69	3684
70	1002
70	1016
70	1227
70	1435
70	2661
71	93
71	251
71	995
71	1374
71	2523
72	407
72	1641
72	1657
73	84
73	131
73	214
73	218
73	348
73	531
73	1873
73	2297
73	2736
74	254
74	381
74	589
74	593
74	1123
74	1480
74	1933
74	1954
75	1970
75	2164
75	4342
76	185
76	643
76	1053
76	1111
77	94
77	162
77	179
77	239
77	627
77	640
77	1091
77	2806
77	4232
78	605
78	834
78	1160
79	443
79	474
79	676
79	708
80	168
80	521
80	711
80	775
80	1099
80	1508
80	1579
80	2232
80	4354
81	100
81	108
81	301
81	361
81	2949
82	886
82	3572
83	234
83	432
83	525
83	568
83	2514
84	93
84	254
84	513
84	2384
84	3173
85	106
85	123
85	149
85	276
85	724
85	2040
86	139
86	165
86	493
86	611
86	856
86	969
86	1599
86	3349
87	3702
88	92
88	3908
89	143
89	195
89	202
89	283
89	735
89	1186
89	1462
89	1878
90	114
90	165
90	204
90	677
90	692
90	744
90	1104
90	1462
90	2157
90	2225
90	3520
91	312
91	786
91	2692
92	430
92	571
92	1854
92	1990
92	2770
92	3053
93	96
93	205
93	835
93	1227
93	1754
93	1838
93	2530
93	3200
93	4082
94	98
94	196
94	261
94	398
94	442
94	766
94	1005
94	1158
94	1230
94	1860
94	2473
94	3223
94	3996
95	205
95	591
95	676
95	1010
95	1053
95	1666
95	2959
96	100
96	110
96	116
96	235
96	278
96	328
96	339
96	566
96	697
96	768
96	849
96	1354
96	1693
96	1726
97	172
97	296
97	338
97	562
97	1212
97	2394
97	3085
97	3451
98	103
98	2435
99	118
99	148
99	182
99	267
99	359
99	1699
99	2268
99	2487
100	104
100	378
100	629
100	648
100	1749
100	2428
101	118
101	400
101	1662
101	2792
102	539
102	898
102	2391
102	2535
102	3522
102	3531
103	217
103	476
103	603
103	2354
103	2464
104	220
104	353
104	398
104	1761
104	2500
104	2891
104	3378
104	4301
105	133
105	260
105	304
105	417
105	455
106	122
106	178
106	189
106	247
106	695
106	2404
107	153
107	3109
108	188
108	209
108	294
108	1879
109	112
109	464
109	667
109	872
109	1676
110	184
110	196
110	370
110	3393
111	487
111	924
111	2109
112	196
112	443
112	565
112	1045
112	2128
112	2144
112	2264
112	3619
113	132
113	145
113	225
113	228
113	290
113	404
113	417
113	982
114	211
114	723
114	754
114	3193
114	3482
115	126
115	157
115	335
115	425
115	1230
115	1372
115	1385
115	2278
115	3441
116	124
116	130
116	419
116	4008
117	207
117	578
117	1047
118	137
118	581
118	731
118	1337
118	1582
119	183
119	243
119	406
119	2370
120	817
120	1887
120	2242
121	1143
121	3166
121	3223
122	697
122	1168
122	1805
122	3596
123	150
123	475
123	1201
124	127
124	1116
124	1407
124	2156
125	366
125	542
125	756
125	2274
125	3016
126	330
126	1339
126	1570
126	3294
127	279
127	377
127	447
127	1335
128	282
128	1401
128	3254
128	3646
128	3992
128	4147
129	144
129	285
129	557
129	871
129	1796
129	2475
130	761
130	927
130	1109
130	1316
130	1427
131	1971
131	2582
131	3118
132	154
132	473
132	536
132	946
133	198
133	315
133	1985
134	269
134	416
134	631
134	3168
135	150
135	180
135	309
135	457
135	1921
136	242
136	625
136	1115
136	2352
136	2849
137	151
137	991
137	1829
137	2307
137	2625
137	2719
138	146
138	622
138	1988
138	2283
139	689
139	778
139	1134
139	1588
139	2875
139	3428
139	3990
140	141
140	256
140	442
140	798
141	686
141	1302
141	3638
142	324
142	1414
142	2749
142	4429
143	211
143	244
143	333
143	566
143	2059
143	2274
144	302
144	310
144	540
144	702
144	1324
144	1432
144	1483
144	3189
145	334
145	652
145	1774
146	1978
146	3555
146	3656
146	4302
147	182
147	685
148	287
148	395
148	1903
148	3799
149	239
149	1089
149	1189
149	3133
149	3242
149	4058
150	186
151	266
151	465
151	532
151	570
151	591
151	631
151	661
151	947
151	1655
151	2971
152	305
152	747
152	1145
152	1543
152	1660
152	1845
153	200
153	403
154	250
154	389
154	1900
154	2325
155	246
155	396
155	1306
155	2585
155	2732
155	3861
156	182
156	248
156	358
156	664
157	300
157	316
157	372
157	389
157	977
157	1330
157	2299
158	402
158	648
158	936
158	1056
158	2923
159	243
159	1099
159	1101
159	1189
159	1412
159	3046
159	3828
160	224
160	249
160	426
160	485
160	889
160	1199
160	1894
160	2793
161	265
161	957
161	2489
162	191
162	204
162	974
162	1326
162	1449
162	2420
162	3370
164	449
164	516
164	842
164	2074
164	2270
165	170
165	499
165	564
165	811
165	2667
165	3738
166	326
166	1093
166	2507
166	3300
166	3556
167	1111
167	1914
167	2829
168	357
168	1847
169	342
169	368
169	375
169	392
169	3353
170	250
170	308
170	530
170	799
170	1613
170	1814
170	2067
170	2212
170	4018
170	4023
171	496
171	1251
171	2792
171	3788
172	379
172	380
172	452
172	694
172	863
172	947
172	1676
172	3022
172	3877
173	176
173	262
173	642
173	2437
173	2495
174	739
174	1800
174	3302
175	202
175	225
176	192
176	202
176	221
176	503
176	1814
176	3933
177	356
177	467
177	531
177	642
177	671
177	990
177	1653
177	2870
177	3964
178	4134
179	772
179	1241
179	1266
179	1295
179	1353
180	229
180	1371
180	1560
180	4136
181	330
181	1524
181	1802
181	4057
182	314
182	337
182	365
182	707
182	823
182	1181
182	1280
182	1934
182	2537
182	3902
182	4374
183	211
183	329
183	804
183	1198
183	1436
183	3697
183	3845
184	226
184	240
184	263
184	337
184	2021
185	609
185	2074
185	2509
185	2548
185	3186
185	3313
186	810
186	950
186	1096
187	208
187	388
187	828
187	1301
188	245
188	470
188	825
188	911
188	958
188	2027
188	3091
189	193
189	1221
189	3232
190	206
190	411
190	1794
191	274
191	1009
191	2153
193	657
193	706
193	749
193	1396
194	844
194	854
194	1937
194	4244
195	232
195	264
195	444
195	953
195	1023
195	1532
195	3672
196	266
196	268
196	484
196	792
196	869
196	1249
196	1648
196	1756
196	2346
196	3225
198	288
198	733
199	225
199	379
199	2916
200	318
200	445
200	1426
200	1987
200	2048
201	397
201	1287
201	1612
202	303
202	336
202	395
202	961
202	1090
202	2109
202	2331
202	2551
202	4128
203	433
203	1182
203	2599
203	3618
204	213
204	949
204	2700
205	319
205	320
205	360
205	614
205	1549
205	1870
205	4022
206	2799
207	345
207	634
208	349
208	609
208	629
208	806
208	986
208	1712
208	2036
209	2061
209	4427
210	509
210	3846
210	4192
211	369
211	464
211	530
211	1253
211	1355
211	1404
211	2146
212	1750
213	259
213	554
213	571
213	864
213	887
214	1180
214	1272
214	3804
216	398
216	560
216	910
216	1184
216	2439
216	2826
216	3515
216	4314
217	231
217	376
217	1067
217	2901
218	244
218	299
218	511
218	595
218	945
218	1218
218	1814
219	316
219	341
219	922
219	1627
219	3041
220	295
220	434
220	673
220	948
220	1055
220	1159
220	2411
220	2661
221	289
221	387
221	728
221	1075
221	1556
221	2188
221	4053
222	670
222	1763
222	2679
223	373
223	734
223	1520
223	1936
223	2053
224	646
224	1460
224	4372
225	341
225	713
225	735
225	895
225	2823
225	3329
225	3557
226	1448
226	1542
226	2064
226	2270
227	717
227	2295
227	2880
229	374
229	3301
230	330
230	907
230	1778
230	4090
231	278
231	323
231	623
231	1166
231	1890
231	4068
232	291
232	584
232	706
232	715
232	929
232	1154
232	1175
232	1555
233	799
233	1342
233	1485
233	2396
233	3019
234	352
234	1334
234	2511
234	4051
235	902
236	317
236	326
236	535
236	1225
236	1633
236	1766
236	1874
236	1933
236	2666
236	3195
237	294
237	597
237	881
237	1489
237	1896
237	3796
238	394
238	800
238	2412
238	4477
239	1031
239	1142
239	1211
239	1731
239	2938
240	805
240	1416
240	2759
241	298
241	1820
242	253
242	842
242	1967
243	491
243	1547
243	2246
243	2608
244	273
244	2115
244	2409
244	3096
245	277
245	305
245	468
245	2160
245	3364
246	339
246	571
247	344
247	4201
248	345
248	418
248	2150
248	3355
249	281
249	437
249	801
250	347
250	351
250	499
250	764
250	779
250	2369
250	3013
251	870
251	1060
251	3260
252	803
252	1601
252	2866
253	423
253	4204
254	667
254	3309
255	2169
256	603
256	1915
256	2355
256	3396
257	286
257	1479
257	1787
257	3373
258	799
258	855
259	442
259	883
259	898
259	917
260	275
260	383
260	620
261	1529
261	1722
261	3602
262	321
262	567
262	679
262	2131
262	4294
263	935
264	998
264	1886
264	2043
264	2234
264	3302
264	4405
266	393
266	545
266	978
266	1162
267	351
267	2634
267	3220
268	399
268	3250
268	3721
269	380
269	835
269	1112
269	1521
269	2691
270	477
270	537
270	583
270	759
270	2724
271	322
271	350
271	1314
272	324
272	1346
272	2678
272	2818
272	4156
273	408
273	2314
274	4122
275	1911
276	443
276	482
276	690
276	1082
276	1350
276	3758
277	459
277	521
277	687
277	2275
277	2702
278	1196
278	1298
278	1880
279	325
279	1208
279	1286
279	1993
280	340
280	451
280	914
280	1551
280	2711
280	3358
282	2708
282	2941
282	4234
283	386
283	1437
283	1738
284	295
284	1196
284	1237
284	1378
284	2005
285	299
285	829
285	1007
285	1504
286	409
286	543
286	1125
286	3413
286	4158
286	4337
287	343
287	507
287	1080
287	1622
288	292
288	392
288	437
288	1364
289	414
289	417
289	454
289	1087
289	1763
289	3438
290	534
290	771
290	2544
290	4031
291	297
291	330
291	2350
291	4439
292	519
292	563
292	2641
293	1647
294	359
294	391
294	594
294	2919
295	355
295	660
295	995
295	1019
295	2847
296	522
296	921
296	1153
297	705
297	1079
297	2379
298	313
298	750
298	3787
299	465
299	501
299	574
299	778
299	3453
299	3521
300	1073
300	2029
300	3322
300	3603
301	4255
302	585
302	892
302	976
302	1206
303	379
303	485
303	1077
303	1983
303	2530
303	3263
303	3490
304	307
304	635
304	832
304	1721
304	2926
304	3337
305	483
305	621
305	1274
307	316
307	330
307	450
307	1216
307	4065
308	959
308	1272
308	1828
308	2964
309	431
309	569
309	2949
310	435
310	572
310	903
310	1359
311	363
311	382
311	857
312	1254
312	3476
312	3765
312	4050
313	1591
313	2296
314	654
314	766
314	895
314	1496
314	3648
315	533
315	1492
315	1862
315	2384
316	428
316	471
316	561
316	821
316	1086
316	1476
316	1879
317	888
317	3091
318	500
318	656
318	1402
318	3130
318	3285
319	1411
319	3966
319	4198
320	401
320	730
320	2121
320	2211
321	1321
321	1467
321	1544
322	385
322	1076
322	1587
322	2094
322	3757
323	668
323	1027
324	395
324	1281
324	1946
325	1384
325	2303
325	2987
325	3533
325	4013
326	332
326	466
327	630
327	2041
329	481
329	616
329	3667
330	333
330	402
330	707
330	735
330	1366
330	2020
330	2689
330	2752
330	3674
330	3877
330	4095
331	863
331	3076
332	460
332	1516
332	3806
333	507
333	1422
333	1479
333	2707
333	3713
334	2624
335	354
335	968
335	1499
336	2190
337	586
337	713
337	1608
337	2083
337	3568
338	916
338	2892
338	3209
339	431
339	527
339	905
339	941
339	974
339	1144
339	1781
339	2438
339	2462
339	3912
339	4444
340	1267
340	1324
340	2090
341	497
341	758
341	2982
342	3914
343	367
343	413
343	1089
343	2223
344	823
344	889
344	1460
344	1791
344	2196
345	870
345	914
345	2154
345	2468
345	3179
345	4497
346	2302
346	3528
347	528
347	845
347	1063
348	612
348	2287
349	434
349	933
349	969
349	2258
350	2045
350	2622
350	3013
351	364
351	383
351	933
351	1214
351	3093
351	3115
352	608
352	740
352	1319
352	1409
353	1085
353	1523
354	371
354	3420
355	480
355	672
355	696
355	1813
355	1920
355	2550
356	523
356	1872
357	400
357	420
357	2917
358	517
359	731
359	1014
359	3559
359	4397
360	406
360	618
360	1594
360	1856
360	2625
360	3442
360	4038
360	4098
361	680
361	722
361	856
361	1545
362	1500
363	457
363	2080
364	1110
364	1245
364	1260
364	1740
365	471
365	704
365	1917
366	1192
366	1576
366	1667
366	1704
366	1996
366	2121
366	2798
367	745
368	384
369	716
369	1819
370	490
370	556
370	1608
371	812
371	3211
371	3759
372	624
372	676
372	1200
373	714
373	1606
373	2743
373	4278
374	472
374	874
375	2970
375	3588
376	737
377	619
377	760
377	1074
377	4408
378	522
378	2402
379	520
379	1194
379	4050
380	633
380	752
380	2557
380	4123
381	489
381	652
381	967
382	899
383	407
383	681
383	1663
383	3009
383	4258
384	486
384	551
384	1634
384	2281
385	430
385	1413
385	2201
385	3760
386	479
386	525
386	1602
386	2004
387	1611
387	1638
387	2507
388	1083
388	1717
388	1967
388	2945
388	3230
388	3920
388	3933
389	391
389	768
389	1095
389	1366
389	1662
389	2689
390	1123
390	2207
390	2884
391	529
391	558
391	1261
391	1572
391	1773
391	2493
391	2730
391	2769
392	436
392	569
392	594
392	807
392	827
392	2457
392	3137
393	566
393	1536
393	1708
393	2339
394	470
394	862
394	2350
394	3160
395	710
395	1601
395	2648
396	1011
396	2793
396	3495
396	4021
397	504
397	526
397	550
397	746
397	756
397	879
397	3119
398	405
398	600
398	1534
398	2452
398	2642
398	3406
398	3890
399	439
399	865
399	903
399	1211
399	1539
399	1689
399	2132
399	2315
400	751
400	923
400	1341
400	2298
401	547
401	722
401	860
401	1157
401	1643
401	2079
401	2180
402	2015
402	2031
403	1072
403	1649
403	2819
403	2879
404	584
404	1074
404	1216
404	1304
404	3253
404	4034
405	3619
406	552
407	542
407	953
407	1661
408	410
408	1290
409	582
409	868
409	2969
410	791
410	980
410	2784
410	4397
412	729
413	796
413	1524
413	1677
413	1997
413	4232
414	709
414	769
414	1665
415	488
415	718
415	793
415	949
415	1238
415	1602
416	542
416	590
416	1020
417	506
417	585
417	716
417	1609
417	1989
417	3068
417	3834
418	846
418	870
418	1033
418	1148
418	3069
418	4085
418	4296
419	438
419	725
419	1395
419	3112
419	3516
419	3725
420	1392
420	3155
420	3393
421	553
421	1268
421	3446
422	488
422	1202
422	3391
422	3506
424	1054
424	1119
425	469
425	518
426	762
426	3644
427	738
427	2359
427	3015
428	776
428	1039
428	3541
429	3078
430	571
430	637
430	3930
430	3933
431	549
431	1254
431	2080
431	2104
431	2406
431	2894
432	812
432	1185
432	3030
432	4251
433	2243
433	3004
434	478
434	1799
434	3104
434	4346
435	508
435	1276
435	1980
436	442
436	836
436	837
436	1120
436	1457
436	2203
436	2552
436	2817
436	3813
437	506
437	576
437	588
437	2401
437	2670
437	2811
438	505
439	2960
440	575
440	692
440	1803
441	471
441	541
441	721
441	913
441	1012
442	446
442	523
442	808
442	901
443	463
443	734
443	784
443	1348
443	1897
443	4254
444	1186
445	748
445	2638
446	1309
446	3147
446	3652
446	3748
447	934
447	1068
447	4430
448	453
448	566
448	676
448	711
448	1275
448	1924
448	2480
448	3279
448	3353
449	456
449	524
449	2413
449	4067
450	1277
450	2073
451	678
451	801
451	807
451	1889
451	2842
452	1292
453	665
453	1583
453	2349
453	3706
453	4321
454	669
454	684
454	758
454	1021
454	1569
454	2145
454	2603
455	770
455	2493
456	620
456	1281
456	3044
457	992
457	1048
457	1424
457	2897
457	3251
457	3253
457	3534
457	4208
458	1190
458	2217
459	722
459	773
459	1150
459	1622
459	3752
460	682
460	795
460	1368
461	1095
461	1480
461	2401
461	3212
462	794
462	819
462	906
462	1527
462	2161
462	2259
462	3560
462	3695
463	984
463	3083
464	494
464	1247
464	1979
464	4453
465	609
465	733
465	1597
465	1887
465	3225
466	478
466	601
466	1679
466	2072
466	4213
467	1880
468	500
468	895
468	3563
470	1058
470	1752
470	2806
471	665
471	1128
471	3964
471	4043
471	4414
471	4452
472	721
472	992
472	1323
472	2721
472	2932
473	1137
473	1454
473	1600
473	3898
473	4144
474	632
474	1091
474	3214
475	596
475	3939
476	607
476	2620
477	626
477	636
477	2457
477	2785
477	4384
478	1035
478	1092
478	1124
478	1702
479	2974
479	3650
480	533
481	1815
481	2449
481	4390
482	1345
482	1423
483	515
483	1249
483	4100
484	2026
484	3717
484	3736
485	1815
485	1959
485	2407
486	495
486	914
486	2050
487	538
487	548
487	1621
487	3925
487	4174
488	2840
488	3564
489	1001
489	1197
489	1215
489	2052
489	2083
489	2726
489	3327
490	1380
490	2374
490	2381
491	794
491	816
491	2933
491	3960
492	614
492	999
492	1408
492	1746
492	3577
493	1032
493	1511
494	1258
494	4036
495	502
495	510
495	566
495	1612
495	3526
495	3856
496	615
496	1040
496	1642
496	1726
497	688
497	3062
498	598
498	1024
498	2688
498	3214
498	3570
499	660
499	1099
499	2541
499	2660
499	2747
499	3052
500	771
500	785
501	893
501	1308
501	1313
501	1447
501	2608
502	1069
502	1136
502	2165
503	580
503	1209
503	1276
503	3667
504	831
504	4041
505	1469
506	929
506	2471
506	3008
506	3292
507	774
507	858
507	1541
508	699
508	818
508	1682
508	1897
508	3587
509	1376
510	1452
510	2340
510	4018
511	1927
511	2372
511	2395
511	2430
511	2451
512	2376
513	1027
513	1390
513	1798
513	2019
513	4434
514	2224
514	3344
515	1252
515	3268
515	4209
516	780
516	1203
516	1427
516	2679
517	1028
517	1617
517	2444
518	767
518	4266
519	719
519	1947
519	2783
519	3361
520	544
520	1932
520	3749
520	3773
521	617
521	867
521	1002
521	1228
522	707
522	1799
522	4194
523	1762
523	2929
524	743
524	1142
525	639
525	1111
525	1256
525	2231
525	3036
525	3722
526	600
526	655
526	1017
526	4473
527	2501
528	1702
528	1775
528	3145
529	3921
529	4352
530	4190
531	669
531	691
531	1104
531	2004
531	2317
531	4285
532	4225
533	1223
533	1320
533	1664
533	3280
533	3486
533	3882
534	620
534	1450
535	712
535	2904
536	579
536	877
536	2647
536	4260
537	653
537	761
538	3356
539	542
539	4481
540	650
540	1138
540	1668
540	2617
541	3864
542	571
542	693
542	1590
542	1765
542	1892
542	2832
542	3204
542	3357
542	3926
544	765
544	2125
545	2200
546	847
547	882
547	3646
548	913
548	1356
548	1713
549	927
549	3781
550	2796
551	1036
552	1222
552	2063
552	2564
553	757
553	4257
554	637
554	742
554	830
555	700
555	2889
555	3063
556	1735
556	3777
557	1298
557	1535
557	2771
558	955
558	1495
558	1597
559	1171
559	3963
560	953
560	1998
560	4245
561	2512
562	1062
562	2938
563	3878
564	573
564	2271
566	591
566	1195
566	1275
566	1785
566	2596
566	2907
567	1079
568	891
568	2662
568	3352
569	972
569	1910
569	2285
570	779
570	789
571	827
571	2338
571	2519
571	4094
572	3029
573	988
573	2032
573	4301
574	647
574	1884
574	2229
575	638
575	675
575	683
576	584
576	972
576	1418
576	1832
576	2627
576	3700
576	3714
576	3756
577	920
577	1505
577	2588
578	1187
579	3398
580	755
580	1280
580	1409
580	1683
580	2015
581	1499
582	1818
583	848
583	1175
583	1243
583	1401
583	4307
584	1140
584	1369
584	2344
585	657
585	3724
586	849
586	1605
586	2562
586	3194
587	674
587	1783
587	4238
588	932
588	2015
588	3558
588	3624
589	838
589	1299
589	1695
589	2377
589	2538
589	4482
590	620
591	625
591	928
591	1421
591	1691
591	2110
591	2784
592	3986
593	741
593	770
593	1801
594	952
594	1240
594	1591
595	984
595	1317
595	1498
595	1982
596	604
596	2683
596	3416
596	4195
596	4481
597	908
597	993
597	1202
597	1929
597	2932
598	1677
599	1137
599	3972
600	1865
600	1912
600	2069
600	2301
600	2492
600	4326
601	1928
602	1640
602	2727
603	1851
603	3842
604	802
604	1139
604	2111
604	2172
604	2226
604	2284
604	2533
604	3984
605	1554
606	1344
606	1362
606	3502
606	4155
607	790
608	871
608	1036
609	610
609	694
609	3117
609	4039
610	1205
610	1258
610	1684
610	3045
610	3831
611	1041
611	1289
611	1840
611	2254
611	3628
612	645
612	769
612	4031
613	624
613	963
613	1477
614	1165
614	1273
614	1672
614	2022
615	833
615	2464
616	849
616	1848
617	1907
618	1250
619	1043
619	1603
620	984
620	1565
620	1645
620	1774
620	2279
620	3494
620	4276
621	729
621	1078
621	2382
622	703
622	1291
622	1716
623	653
623	797
623	1376
623	1521
623	3031
624	2612
624	3074
624	3145
624	4135
624	4442
625	720
625	753
625	828
625	1688
625	3164
625	3341
625	4241
626	802
626	1399
627	1204
627	2639
628	3099
629	662
629	1325
629	1877
630	2728
631	736
631	840
631	1689
632	781
633	849
633	1420
633	1725
633	2656
633	2970
634	2809
634	3346
635	1259
635	1644
636	1656
636	1797
636	1808
636	2975
637	667
637	1868
637	2060
637	3469
637	3726
638	709
638	873
638	1056
638	2868
638	2880
638	4125
639	1678
639	2075
640	939
640	2465
640	2602
641	885
641	2342
641	3891
642	1613
642	1630
642	2050
642	2927
642	3788
644	740
644	1312
644	1805
644	3264
645	1187
645	1705
646	1173
646	2387
646	2779
647	870
647	2249
647	3552
648	1856
649	800
649	1106
649	2918
649	4196
650	1373
651	663
651	773
651	824
651	940
651	1066
651	3092
652	1029
652	1280
652	3243
653	890
653	1648
653	1859
653	3410
654	799
654	1521
655	2522
655	2813
656	897
656	3683
657	1271
657	2623
657	3096
658	1152
659	1081
659	1866
659	2614
660	918
660	3498
660	3784
660	3869
660	4400
661	666
661	2899
662	1823
662	1970
662	2891
662	3844
663	802
664	726
665	1435
665	3420
666	2513
666	3703
667	1564
667	1773
667	2086
667	2581
669	2714
671	1141
671	1410
671	2516
672	866
672	1071
673	1391
673	3308
673	4010
674	740
674	3675
675	1738
676	895
676	942
676	1780
676	2430
676	3636
677	788
677	2555
678	723
678	915
678	1398
680	1236
682	823
682	4199
683	1550
683	2482
683	2567
684	1132
685	735
685	783
685	839
685	1051
685	1178
685	4324
686	1995
687	802
687	3673
687	3937
688	2083
688	3966
689	2019
689	2528
690	1398
690	3382
691	1215
691	1494
692	2375
693	851
693	1088
693	3611
694	1710
694	1817
694	2352
694	3357
694	3643
695	931
695	1502
695	4081
696	1127
696	1919
697	1253
697	1853
697	2024
697	2246
697	2571
698	981
698	1167
698	3952
699	1470
700	2391
700	2575
700	3155
701	787
701	1121
701	3647
702	2392
702	2628
703	755
703	1537
703	2089
703	3270
704	1389
704	2038
704	3403
705	1990
706	856
706	859
706	1355
706	1929
706	4071
706	4272
707	763
707	782
707	891
707	1015
707	1338
707	1788
707	4144
708	3084
708	3159
708	3615
708	4438
709	755
709	822
709	895
709	1654
709	2358
710	2261
711	1016
711	1022
711	2769
712	716
712	2880
712	2946
712	2973
713	927
713	1514
714	2604
715	1064
716	1456
716	2276
716	2597
716	2642
716	3267
717	1226
717	1930
718	912
719	1488
720	1782
720	3892
721	853
721	900
721	3317
721	3606
722	748
722	1010
722	1244
722	1430
722	1669
722	3245
722	4314
723	777
723	1576
724	4461
725	1872
725	2016
727	2777
728	2606
728	3185
729	1318
729	1853
729	3081
730	1658
730	3115
731	1446
731	2036
731	2244
732	1013
732	1170
732	2269
732	3379
732	3727
733	2642
734	1182
734	1426
734	2102
734	4290
735	1110
735	1585
735	2883
736	941
736	1453
737	1262
737	1812
738	2000
738	2163
738	3792
738	4493
739	815
739	1472
739	2390
740	1410
740	1446
740	1855
740	2203
740	2470
740	2716
742	976
742	2106
744	861
744	2745
745	779
745	975
745	1285
745	1824
745	2776
746	1809
748	1891
748	4289
749	1524
749	1640
750	843
750	1506
751	3750
752	850
754	1164
754	1738
754	2156
754	2744
755	996
755	1370
755	1561
755	1670
755	1993
755	2378
755	2723
756	1102
756	1305
756	1957
757	2362
757	2374
758	1252
758	1490
758	1926
759	974
759	3395
760	1365
761	962
761	1025
761	1330
761	2797
762	1265
762	1793
762	4026
763	1209
763	1810
764	1213
764	2181
764	2724
764	3067
764	4277
765	2170
765	2765
766	1149
766	1227
766	1679
766	1977
767	2025
768	971
768	1517
768	3748
769	913
769	1010
769	1240
770	1249
770	1316
771	980
771	2627
771	2930
772	908
772	1011
772	2320
772	3452
773	2111
773	3469
774	3073
774	3324
775	1822
777	1519
777	1763
777	1985
777	4091
778	1003
778	2199
778	2642
778	3468
779	1378
779	1509
779	1562
779	2880
779	3305
779	3328
779	3678
780	2542
781	989
781	1349
781	2293
781	3002
782	812
782	3739
784	2526
786	1076
786	4388
787	4181
788	1006
788	1932
788	2618
788	3222
789	1866
790	1235
791	1223
792	1417
793	2820
793	3774
794	983
794	1469
794	1687
794	2734
794	3623
794	3840
795	1290
795	2383
795	3555
796	812
796	894
796	2324
798	1278
799	830
799	928
799	1177
799	1464
799	1517
800	2947
801	944
801	987
801	1586
801	1968
801	2007
801	2330
802	826
802	1082
802	1456
802	1585
802	1642
802	1739
802	1741
802	1793
802	1924
803	1566
803	4082
804	809
804	837
804	1961
805	875
805	2102
805	2825
806	904
806	3390
807	1091
807	2280
807	3686
808	951
809	1004
810	884
810	1400
810	1905
810	3000
810	3388
811	896
811	3287
812	1798
812	3659
812	3978
814	2672
814	3964
816	1422
816	3863
817	1440
817	1515
817	1862
819	2671
819	2814
820	1034
821	1280
821	1806
821	3017
822	2219
823	909
823	937
823	1133
823	3894
824	1282
824	1833
825	1951
826	960
826	1008
826	2237
827	1487
827	1745
827	2061
827	2622
827	2786
828	2010
828	2146
828	2416
828	4011
829	1853
830	1361
830	2163
831	2485
832	2123
832	3691
833	1377
834	1430
834	3005
835	1163
836	2124
836	2211
836	3173
836	3424
836	3750
838	1519
839	1803
839	3218
841	1568
841	1648
841	1743
841	1931
841	2965
841	4120
842	1408
842	1651
842	1850
842	1955
842	2871
843	1305
843	1557
843	2001
843	4267
843	4458
844	1105
845	4242
846	1772
846	3054
847	2134
848	1434
849	1155
849	1541
849	1662
849	2256
849	2531
849	3566
850	1037
850	1055
850	1387
850	1639
851	1724
851	2098
852	1528
852	1626
852	2245
852	3543
853	1156
853	1382
854	1083
854	2173
855	1113
855	2676
856	865
856	925
856	1357
856	1513
856	2082
857	1468
857	1491
858	1114
858	1524
859	878
859	966
859	1343
859	1768
860	943
860	1297
860	2082
863	1694
863	2171
863	2280
863	2318
863	4423
865	869
865	2889
865	3754
866	2710
867	876
867	1293
867	3286
868	2757
868	3224
869	1553
870	1305
870	1486
870	2068
870	2241
870	3162
871	2963
871	4423
872	2068
872	2720
872	3915
873	970
873	1340
873	1846
873	2720
873	2794
875	1003
875	2548
875	2755
876	1518
876	1789
876	3038
877	926
877	2619
877	3265
878	3177
879	1737
880	1244
880	3316
881	2255
882	908
883	1386
883	1715
883	3626
884	1442
884	3213
884	4042
885	2635
886	1150
886	1685
886	2310
886	3061
887	2872
888	1128
888	3932
888	4124
889	2012
889	2033
889	2708
889	3094
889	3798
891	1350
891	2807
892	1736
892	2155
892	3107
893	2646
893	4115
895	964
895	971
895	989
895	1126
895	1253
895	1263
895	1667
895	2112
895	2119
895	2594
895	2611
898	2189
898	2686
900	4446
901	1095
901	1228
901	2836
901	4239
902	3707
903	3214
904	979
904	1571
904	1816
905	973
905	1546
906	1632
906	2497
906	3634
907	1687
907	3032
908	1227
908	1688
908	1989
908	4355
909	1616
909	1795
909	1925
911	2011
912	3627
912	4437
913	1322
913	1676
914	1366
914	2479
914	2583
914	3363
914	3646
914	4128
915	2187
915	2262
916	1049
916	1134
916	2014
916	2077
920	997
920	2460
920	3236
920	3618
920	3649
920	3955
920	4304
921	1569
923	1038
924	1425
924	3909
925	938
925	1239
925	2364
925	2507
926	2344
927	985
927	1092
927	1475
927	1587
927	1699
927	1857
927	2220
927	3962
928	1004
928	2506
929	1689
929	3852
930	1216
930	2962
931	1409
931	3173
932	1325
933	954
933	961
933	1089
933	1676
933	1836
934	1260
935	1018
935	1640
935	1802
936	945
936	4029
937	1898
937	2230
938	1255
938	1519
938	1809
938	3665
939	994
939	3023
939	4003
940	1360
940	2141
940	4180
941	1327
941	1332
941	2098
941	2704
942	1751
943	1000
943	1046
943	2509
944	1264
944	1595
944	3137
944	3639
944	4137
945	1123
945	2583
945	2636
945	4220
946	2943
947	3064
947	3830
947	4228
948	1131
949	2939
949	3402
949	4093
949	4173
950	1826
951	3770
951	3794
952	965
952	1242
952	1962
953	1300
953	2349
953	2746
953	3979
954	2709
954	3718
955	1296
955	1628
955	1732
956	3871
958	2195
959	1030
959	3439
960	1105
960	1143
960	2631
961	3478
962	3392
963	980
963	3456
964	1363
964	2658
964	3539
965	1134
966	1048
966	1793
966	1849
967	1673
968	2918
969	1933
969	2325
969	2678
969	4439
970	1062
970	1220
970	3105
971	1123
971	1217
971	2979
972	1147
972	1269
972	2730
973	1257
973	1305
973	3584
973	3841
974	1769
974	1887
974	2159
974	2553
974	3468
975	1851
975	1952
976	2062
976	2316
976	3094
976	4104
977	1984
978	1270
978	2279
979	1584
979	1975
979	3609
979	3869
980	2028
980	2338
980	3353
980	3682
981	1146
981	2982
983	1118
983	1234
983	2191
983	4172
984	992
984	1730
984	1957
984	2853
985	2269
986	3185
987	1327
987	2554
988	1065
989	2293
989	2366
989	2651
990	1229
990	3903
991	2414
991	3401
992	1433
992	2108
992	2117
992	2283
992	2752
992	3440
992	3997
992	4103
993	1057
993	1276
993	1755
993	2054
993	3404
995	2410
995	2970
996	2467
997	3832
999	1097
1000	1244
1000	1260
1000	1719
1002	1844
1002	1904
1003	1130
1003	3252
1004	1311
1005	2657
1005	3384
1005	4479
1006	1445
1006	1795
1007	2474
1009	3375
1010	1316
1010	1687
1010	1973
1010	2599
1010	4415
1011	1044
1011	1110
1011	1310
1011	1592
1011	1798
1011	2684
1011	3535
1012	1098
1012	2332
1013	1986
1013	2545
1013	3924
1014	1183
1016	1896
1016	2380
1017	2220
1018	1103
1018	3232
1019	1835
1020	1246
1021	4256
1022	2552
1022	3364
1023	1882
1023	2221
1023	2499
1023	2773
1024	1659
1024	2144
1024	2417
1025	1026
1025	1358
1025	1941
1026	1188
1026	1414
1026	1415
1028	1729
1028	1779
1028	4114
1029	3128
1030	1944
1030	3851
1031	1403
1031	2814
1033	2498
1034	1681
1035	3317
1035	4047
1036	3382
1036	3810
1036	4343
1037	1052
1037	2210
1038	1672
1038	2179
1038	2461
1039	3409
1040	2168
1040	2484
1041	1482
1043	3215
1044	2149
1044	2309
1045	3415
1045	3691
1047	4010
1048	1094
1048	1770
1048	1959
1049	1084
1049	1465
1050	2184
1050	2338
1050	3337
1050	3575
1051	1837
1052	1283
1052	1329
1053	1905
1055	1080
1056	1596
1056	2782
1056	2941
1056	3891
1057	1107
1057	2517
1057	3348
1058	1465
1058	2869
1059	1137
1059	1582
1060	2954
1061	3555
1062	1249
1062	1652
1062	1846
1063	1692
1063	1942
1063	4371
1064	2101
1064	2116
1065	1333
1065	1608
1065	1717
1065	1899
1065	4478
1066	1576
1066	3003
1067	1328
1068	1646
1068	1748
1069	2311
1069	2864
1069	3496
1069	3627
1072	2335
1072	2942
1073	1397
1073	2052
1073	3155
1073	3386
1074	3385
1075	2126
1075	3519
1076	2769
1077	1578
1078	1108
1078	1172
1079	4293
1080	1347
1080	1812
1081	3095
1081	3443
1082	2177
1082	3814
1083	1307
1083	2277
1085	1870
1086	1435
1086	2975
1087	2071
1088	1315
1089	1784
1089	2713
1090	1869
1090	2705
1091	1706
1091	2002
1092	2200
1093	1191
1093	2082
1094	1111
1095	1100
1098	2997
1098	4016
1098	4216
1099	4313
1100	2568
1100	3848
1101	1331
1102	2023
1102	4132
1103	2515
1104	1195
1104	2827
1104	3184
1104	3240
1104	3621
1105	1302
1105	1648
1106	3188
1108	1492
1108	2715
1108	4117
1109	1133
1109	1168
1110	1835
1110	4279
1110	4340
1111	1647
1111	2396
1112	1979
1113	1169
1115	1318
1115	1757
1115	2741
1116	1604
1116	2323
1116	3786
1117	1174
1117	1316
1117	1994
1118	1711
1119	1233
1119	1311
1119	1503
1120	1466
1120	1548
1120	1839
1121	2748
1121	3096
1123	1303
1123	3710
1123	4131
1124	1378
1124	2250
1124	2654
1126	1142
1126	3834
1126	4250
1127	1207
1127	1900
1128	1581
1128	1774
1130	2490
1130	3500
1131	1471
1133	2455
1134	1179
1134	2182
1136	2762
1137	2093
1137	2280
1137	3312
1138	1139
1138	1883
1138	2405
1139	1380
1140	2477
1140	4363
1141	1294
1141	1404
1141	1642
1141	1885
1142	1967
1142	3530
1143	2043
1143	3473
1143	4230
1143	4418
1144	2996
1146	1230
1146	1530
1146	2491
1146	4296
1147	3662
1148	1176
1150	2524
1150	2887
1150	4454
1151	1208
1151	2433
1152	4078
1153	1161
1153	1291
1153	2674
1154	2330
1154	2424
1154	3334
1158	1260
1158	1458
1158	1922
1159	2900
1159	3012
1160	1650
1160	2875
1160	4016
1161	1177
1161	1564
1162	1569
1162	1831
1163	1443
1165	1355
1165	1455
1165	1759
1165	4049
1166	1265
1166	1903
1166	3149
1166	3163
1166	3783
1166	4073
1167	2836
1168	1381
1168	1680
1168	3944
1168	4154
1170	1414
1170	1771
1171	1351
1171	2045
1171	4193
1173	1690
1173	1928
1174	1326
1174	1488
1176	2851
1177	1406
1177	1438
1177	2013
1177	2456
1177	3266
1178	1193
1178	2536
1180	2185
1182	3174
1183	1852
1183	2167
1183	2585
1183	3847
1184	2865
1185	1247
1187	1297
1187	1589
1187	1617
1187	1968
1187	2888
1187	3597
1188	2147
1189	1281
1189	1481
1189	2167
1189	2324
1189	4145
1190	2751
1191	2806
1192	1507
1192	2002
1192	4469
1195	1284
1195	4086
1195	4236
1196	1701
1196	1841
1196	3455
1196	4395
1197	1525
1197	2846
1198	2059
1198	3932
1199	3752
1201	1536
1201	1760
1202	1243
1202	2455
1202	2843
1202	3307
1202	3367
1202	4034
1203	1518
1203	1769
1203	3399
1203	4162
1203	4369
1205	3885
1205	3901
1206	1441
1206	2347
1207	1224
1207	1279
1207	1863
1208	1457
1209	3730
1209	4005
1209	4081
1211	2066
1211	2415
1211	3190
1212	1231
1213	1461
1213	1753
1213	2067
1213	2791
1213	4466
1214	1524
1214	1696
1214	2093
1214	2810
1215	2446
1215	3037
1216	2049
1216	2960
1216	3692
1218	1830
1218	3289
1218	3426
1219	1563
1219	3569
1220	1934
1220	2065
1221	3883
1223	1728
1224	2136
1225	2566
1226	1525
1227	1388
1227	1394
1227	1406
1227	2442
1227	2636
1227	2840
1228	1875
1228	3320
1229	1807
1229	2629
1230	1742
1230	2547
1230	2655
1234	3488
1235	2468
1235	3704
1235	4273
1237	1252
1239	2274
1239	4500
1240	1241
1240	1451
1240	2749
1240	3600
1241	1538
1241	1703
1241	3712
1243	1867
1243	1909
1243	2586
1244	1445
1244	2333
1245	2329
1247	1653
1248	1697
1248	2058
1249	2563
1249	2678
1249	3750
1251	2719
1251	3576
1252	1318
1253	1619
1253	1810
1253	1850
1253	1889
1253	2675
1253	2683
1254	1303
1254	1552
1254	3790
1254	4014
1256	1419
1256	1647
1258	1531
1258	1609
1258	1953
1258	2090
1259	3203
1259	3916
1260	1712
1260	2010
1260	2070
1260	2771
1260	3021
1261	1558
1263	3282
1266	1671
1267	1734
1267	2103
1268	2341
1268	3599
1269	4235
1270	1617
1271	1375
1272	1431
1272	3918
1273	1631
1273	1934
1273	3663
1274	3270
1276	4050
1276	4211
1277	2042
1277	2593
1278	1497
1278	2909
1279	2518
1280	1414
1280	2156
1280	2642
1281	1785
1284	4030
1285	2222
1286	2277
1286	3779
1286	4171
1287	2273
1287	2529
1288	1336
1288	3282
1290	1444
1290	1647
1290	2097
1290	4412
1291	1511
1292	1352
1292	2403
1293	3879
1294	2565
1295	1484
1295	3055
1297	2759
1297	3511
1297	4113
1298	1635
1299	3668
1301	1758
1301	4293
1302	2095
1302	3297
1303	3114
1303	3248
1304	3239
1305	1792
1305	2061
1305	2152
1305	2576
1305	3228
1305	3364
1305	3654
1305	3704
1305	4373
1306	1888
1307	2208
1307	2248
1309	1698
1310	1580
1310	2863
1310	4350
1311	2087
1312	2142
1313	1776
1314	1992
1315	1332
1315	2100
1316	2874
1317	2006
1317	3827
1318	1424
1318	1637
1318	2289
1318	2290
1318	2385
1318	2474
1318	4118
1319	1367
1321	2928
1321	3428
1322	2696
1324	2283
1324	2514
1325	2992
1326	3945
1327	1418
1327	1834
1327	2637
1328	2750
1330	3472
1331	1902
1332	3421
1332	4022
1333	1342
1333	2384
1333	3142
1333	4333
1334	1660
1335	2187
1335	3072
1336	1821
1338	1561
1340	3394
1341	1686
1342	1554
1342	1559
1342	1834
1342	1858
1342	2365
1342	3511
1343	2009
1343	2033
1343	2146
1343	2699
1344	1394
1344	1478
1345	1519
1345	1988
1346	3131
1347	1473
1348	2173
1349	1574
1350	2260
1350	3818
1353	3246
1354	1618
1354	3923
1355	2650
1355	4052
1355	4082
1355	4337
1355	4411
1356	1451
1356	4270
1357	2334
1358	4005
1360	2665
1360	2887
1362	1625
1362	4368
1363	3116
1363	3463
1365	2450
1367	1723
1369	1897
1369	2151
1369	4064
1370	2968
1370	3058
1370	4130
1371	1675
1371	3642
1372	1379
1373	2804
1374	1522
1375	2096
1376	1824
1376	2178
1376	2718
1376	2931
1377	3543
1378	1526
1378	2028
1378	3719
1379	1963
1379	3436
1380	2118
1381	1893
1381	2280
1383	1510
1383	3148
1384	1405
1384	3872
1386	4379
1387	2178
1387	4055
1388	1789
1388	3201
1390	2980
1391	1574
1391	2212
1391	4489
1392	1861
1393	1843
1396	1459
1396	2215
1398	3590
1399	2004
1399	2410
1401	2290
1402	4103
1404	2989
1404	4365
1406	3140
1407	2659
1408	1674
1408	1756
1408	2807
1408	4269
1409	1533
1409	1827
1409	2133
1409	4263
1410	1423
1410	3645
1411	2352
1411	4321
1412	2686
1413	3465
1414	1900
1414	3600
1414	4344
1416	4049
1418	3714
1418	3832
1419	1903
1421	1620
1421	1816
1422	2862
1422	3910
1422	4139
1423	1928
1423	2327
1423	2409
1423	3271
1424	2712
1425	1702
1425	1924
1426	2855
1427	2128
1427	2329
1427	3082
1428	2253
1430	1650
1430	1783
1430	2244
1430	2291
1430	4352
1432	1474
1432	3077
1432	3742
1432	4047
1433	1728
1433	1800
1433	3591
1434	4348
1435	1719
1435	1972
1435	2559
1435	3812
1435	3888
1436	1519
1436	2518
1436	3347
1438	1493
1438	2937
1438	3809
1440	3899
1440	3903
1441	1700
1441	2885
1441	3200
1441	3689
1442	2388
1443	3148
1443	4328
1444	2958
1444	3407
1445	2790
1445	3178
1447	2965
1447	4432
1448	2024
1449	1707
1450	1567
1450	2263
1450	2780
1451	2447
1453	3637
1454	3056
1454	3074
1454	3816
1454	4063
1455	2035
1456	3051
1456	3483
1459	2578
1459	3188
1459	3551
1460	2967
1460	3866
1461	1943
1462	3210
1462	3214
1462	3917
1464	1613
1464	3101
1465	1629
1465	2836
1465	2981
1465	3981
1466	4353
1467	2356
1468	2485
1468	2521
1471	1970
1472	1879
1472	2850
1473	3833
1474	2334
1475	3369
1476	1916
1476	3595
1477	1804
1479	1923
1480	1512
1482	1918
1482	2867
1482	3188
1482	3895
1484	2017
1484	2227
1484	3663
1486	1579
1488	3458
1490	3095
1492	1811
1492	3489
1493	1506
1493	2022
1493	2074
1494	2024
1494	3296
1495	1636
1496	2920
1496	3353
1496	4305
1497	1601
1497	1876
1499	1824
1499	3321
1501	1544
1501	2130
1505	1786
1505	1988
1505	3969
1506	3517
1506	4276
1507	2848
1510	1811
1511	2046
1513	3578
1514	2616
1514	4166
1515	1864
1516	2508
1516	3150
1517	1687
1517	2786
1518	3010
1518	3132
1519	1540
1519	1660
1519	1701
1519	1832
1519	2176
1519	2861
1519	3381
1519	3480
1519	3970
1521	2448
1521	2762
1521	3273
1521	4020
1524	1945
1524	2677
1524	3565
1525	1594
1525	2619
1525	2691
1525	4112
1526	3509
1527	2503
1527	2916
1529	3839
1530	2139
1531	2107
1532	1671
1532	3049
1534	1573
1535	2092
1536	1919
1536	4387
1537	1871
1537	3929
1539	1969
1540	1991
1540	2270
1540	2496
1540	3198
1541	1906
1541	2363
1541	2469
1542	3574
1543	1764
1543	3545
1544	1786
1545	2538
1546	3505
1547	1881
1547	1968
1550	1598
1550	1747
1550	1919
1550	3735
1551	3853
1552	4143
1554	2031
1554	2078
1554	2636
1555	2105
1556	2198
1557	3110
1557	3714
1561	3330
1561	3405
1561	4295
1562	1669
1562	3073
1563	2431
1563	4360
1565	2138
1565	3001
1567	3897
1570	2812
1571	2292
1572	1610
1572	1940
1572	3959
1573	3935
1575	3553
1576	1928
1577	1967
1577	3663
1577	4163
1578	1843
1579	2640
1579	3548
1579	3595
1579	4433
1580	2088
1582	2501
1582	2898
1582	3499
1582	3536
1585	2470
1586	2118
1586	3658
1588	1810
1589	3573
1591	2213
1593	2364
1594	2976
1595	2652
1596	2240
1596	3951
1599	2798
1599	3206
1600	2360
1600	4193
1601	1714
1601	1958
1601	2693
1602	1666
1603	1677
1603	2567
1606	4083
1607	2995
1608	1973
1608	2511
1608	2890
1608	3457
1608	3835
1608	4229
1610	3187
1610	3306
1611	1948
1613	4161
1615	3620
1617	2306
1618	4500
1621	1709
1621	4079
1621	4360
1623	3695
1624	2882
1625	1733
1625	3995
1626	1825
1627	1739
1629	2044
1629	2421
1629	4419
1630	2327
1631	2756
1634	1777
1634	3700
1636	3198
1638	2804
1640	3102
1640	4243
1641	3416
1642	2513
1642	2549
1642	3202
1644	2218
1644	2607
1646	4330
1647	2598
1647	3775
1648	2510
1648	2752
1648	2855
1648	3289
1648	3976
1649	3797
1650	2210
1650	2925
1650	3184
1650	3202
1651	3088
1653	1744
1655	2441
1655	3907
1655	4074
1659	3380
1660	1767
1660	2166
1660	2251
1660	3819
1662	4259
1662	4468
1664	1720
1667	3200
1667	3215
1668	3152
1668	3514
1669	3090
1670	4292
1671	3024
1672	2197
1672	3121
1673	1718
1673	2399
1673	2781
1673	4467
1674	4428
1675	4112
1676	2244
1677	2427
1677	3261
1677	3357
1680	3567
1681	2008
1682	2759
1683	1842
1683	4253
1685	2428
1685	2752
1687	2787
1687	2821
1687	3151
1687	3259
1687	4086
1688	2275
1688	2505
1688	3047
1688	4188
1689	1832
1689	2324
1689	2862
1689	3814
1691	3620
1692	2494
1693	3694
1693	4402
1694	2238
1694	4108
1695	1988
1695	2443
1698	2534
1699	2127
1700	2247
1700	2436
1700	4318
1701	2776
1702	3467
1702	3754
1703	1727
1703	3018
1704	1757
1704	3625
1705	1850
1705	1935
1706	1872
1706	3033
1706	3122
1706	3764
1707	1794
1707	2645
1708	2815
1708	3117
1708	4154
1709	1940
1710	2621
1710	3762
1710	3893
1711	2143
1712	2186
1712	2826
1712	3781
1714	3967
1715	4150
1717	2400
1717	2762
1717	4459
1721	2920
1722	4026
1723	1957
1724	4306
1725	4464
1726	3123
1727	2235
1728	3064
1729	2137
1729	4168
1731	2209
1732	2033
1733	2267
1733	3473
1734	3108
1737	2457
1737	2999
1737	3635
1738	3014
1739	3425
1739	4059
1739	4115
1741	2003
1741	2753
1742	2936
1743	2428
1743	3065
1743	4465
1744	2463
1744	3692
1746	1748
1746	2910
1747	3867
1748	1968
1748	4414
1749	3428
1752	3096
1752	3836
1753	1783
1755	1981
1755	2277
1755	3986
1756	1827
1756	2286
1756	2422
1756	3144
1757	1939
1757	2605
1758	2878
1759	2545
1759	4264
1760	3154
1761	3231
1761	4279
1762	3048
1763	2191
1763	2206
1763	3437
1763	4215
1764	2113
1765	1938
1766	4013
1767	2903
1768	1908
1769	2527
1769	3542
1770	2194
1773	3625
1774	1893
1774	1913
1774	2571
1775	2337
1776	2099
1776	2252
1776	2474
1776	3817
1777	3027
1778	1785
1778	4262
1779	1790
1779	1956
1783	2179
1783	3315
1783	4231
1784	2774
1787	3362
1788	4271
1789	1841
1789	2188
1789	3290
1789	3931
1790	2738
1790	3439
1790	4375
1791	2028
1791	2619
1792	2051
1792	2795
1794	1848
1795	2373
1796	2305
1796	2418
1796	4160
1797	2380
1798	2740
1798	3975
1798	4417
1801	2202
1801	4325
1802	2580
1802	2845
1802	4425
1804	3331
1804	3667
1805	3180
1809	1953
1810	3913
1811	4496
1812	2389
1812	2442
1812	4229
1813	3876
1814	4153
1815	3943
1817	1965
1817	2610
1818	3435
1818	4424
1819	1886
1819	2972
1821	1864
1821	2591
1821	2772
1821	3988
1822	4439
1823	2684
1824	3241
1825	2729
1825	3011
1826	1964
1827	3782
1827	4431
1828	1974
1828	3057
1829	3302
1831	2806
1832	1895
1832	2632
1832	2746
1832	3084
1832	3582
1832	3850
1833	2214
1833	4298
1836	2858
1836	4049
1838	3284
1840	4054
1841	2030
1841	2830
1842	2328
1843	2577
1843	3737
1844	3215
1845	2148
1845	2348
1846	2180
1846	2235
1846	2972
1846	3376
1847	1893
1847	2386
1848	3026
1848	4440
1850	2280
1850	3298
1852	2129
1852	2437
1853	2961
1853	4303
1854	3400
1855	4381
1856	2984
1856	3175
1859	3429
1861	2282
1862	2956
1864	2355
1866	4237
1868	2357
1868	2587
1871	1901
1871	2183
1871	2739
1871	3844
1872	2095
1872	2545
1873	3227
1876	2283
1877	3999
1879	2925
1879	2988
1879	3527
1881	2308
1882	2669
1883	3554
1884	2106
1884	3422
1884	4435
1885	2697
1885	2741
1886	2002
1886	2189
1886	3445
1887	4328
1888	2478
1889	2731
1889	3216
1889	3229
1891	3025
1891	3302
1891	4045
1892	3606
1892	3618
1893	2504
1894	4132
1897	2532
1897	2824
1897	4118
1898	3207
1898	3657
1899	2014
1899	2081
1899	2597
1900	2509
1900	3604
1900	3744
1900	3773
1900	4365
1901	2120
1901	2200
1901	2272
1902	3462
1903	2084
1903	4182
1904	2729
1904	2831
1910	1957
1910	2265
1912	3587
1913	2322
1914	3834
1916	3332
1919	1929
1919	1967
1919	3317
1920	2406
1920	3753
1921	2205
1921	4110
1922	2494
1924	3228
1924	3490
1924	4311
1924	4354
1926	2065
1928	1976
1928	2065
1928	2394
1928	3079
1928	3604
1928	3653
1928	3801
1928	4191
1929	2192
1929	2462
1929	3325
1929	3625
1929	3878
1930	2394
1931	3113
1932	4069
1933	2114
1933	2546
1933	3182
1933	3389
1934	2762
1935	2425
1935	2525
1936	2047
1937	2076
1937	4097
1941	2201
1942	3777
1944	3148
1944	4266
1946	2153
1946	2896
1946	4015
1947	4483
1950	4310
1951	2034
1951	2158
1951	3161
1951	3605
1951	3787
1952	2221
1953	2548
1954	3196
1955	2913
1955	3943
1957	2429
1957	3776
1957	4048
1958	2037
1959	2174
1959	2791
1959	4328
1960	2955
1960	3170
1961	2397
1963	2091
1964	3678
1966	2018
1966	2440
1966	2906
1967	2327
1968	2039
1968	2423
1968	3273
1969	2085
1969	3138
1969	3873
1969	4498
1970	2630
1970	3860
1974	3351
1975	2119
1975	2163
1975	4366
1976	2236
1976	2344
1977	2319
1977	2950
1979	2203
1979	3197
1980	3094
1981	2216
1983	2233
1983	2294
1984	2869
1985	4246
1986	2336
1988	2027
1988	3281
1988	3471
1990	2852
1992	2690
1992	3427
1993	2361
1993	3444
1997	2140
1997	2472
1997	2940
2000	2175
2001	2330
2004	3956
2005	3954
2007	2307
2007	3598
2008	2646
2008	4383
2009	2664
2009	2877
2009	3035
2010	3319
2010	3461
2011	3491
2013	2856
2013	3100
2014	3544
2014	4012
2014	4088
2015	4031
2018	4017
2020	2266
2022	2463
2022	3064
2024	2291
2024	3723
2025	2873
2026	3226
2026	4249
2026	4351
2027	2492
2030	2451
2031	4346
2033	2189
2034	2288
2036	2398
2036	2607
2038	3288
2040	4125
2042	2433
2043	2760
2044	3323
2045	2911
2046	2343
2046	3413
2046	3681
2048	2331
2048	2403
2048	2549
2050	3036
2051	2768
2051	4159
2052	2055
2052	2446
2054	2685
2054	2741
2055	3320
2055	3935
2057	4172
2060	3340
2061	2218
2061	2458
2063	2653
2065	4450
2066	4196
2066	4224
2067	3573
2067	3888
2068	2108
2068	2422
2069	2951
2071	3430
2072	2936
2072	3793
2072	4037
2073	2938
2074	3120
2077	4032
2077	4207
2079	4360
2080	2228
2080	4329
2081	2127
2081	2576
2081	2640
2081	2682
2082	2213
2082	2300
2082	2870
2082	3708
2082	3988
2083	2448
2083	2902
2083	3985
2084	4495
2085	2345
2087	3303
2091	4025
2092	4016
2094	2558
2095	2668
2095	4147
2097	3326
2097	3494
2098	2371
2100	2193
2100	3237
2101	2245
2102	3328
2104	3178
2105	3449
2106	2695
2108	2234
2109	2435
2110	2351
2111	2159
2111	2204
2111	2988
2111	3253
2112	2459
2112	3537
2112	3774
2113	2543
2115	3173
2118	3254
2118	3746
2119	3298
2119	3319
2119	3382
2121	3246
2124	2763
2124	2905
2128	2561
2128	4171
2130	3865
2132	3269
2135	4389
2136	2458
2137	2540
2139	3800
2140	2978
2142	2313
2142	2371
2142	2752
2143	2974
2148	3474
2151	2434
2151	2466
2153	2523
2153	2649
2153	3171
2154	2698
2155	3283
2157	2837
2158	3632
2160	2789
2160	3372
2161	3464
2164	2950
2164	3291
2165	2609
2165	3059
2167	2831
2167	3343
2174	2304
2174	3295
2174	3896
2175	2257
2175	2995
2176	2600
2176	4129
2177	4000
2178	4121
2182	2919
2182	3948
2183	3158
2183	3802
2185	2239
2187	3950
2188	3042
2189	2585
2189	2711
2191	3191
2194	2569
2194	4448
2196	2589
2196	2989
2197	4275
2202	2708
2204	3460
2205	2737
2206	2367
2207	3406
2208	3244
2211	3199
2211	3688
2212	2571
2212	3763
2214	3716
2215	2372
2215	4152
2217	3865
2220	2921
2222	3693
2224	2488
2224	2870
2225	2292
2225	2295
2227	2539
2227	2764
2228	4315
2230	2276
2232	2436
2232	3601
2233	2717
2234	3104
2235	2338
2235	2835
2237	3870
2242	2492
2242	3257
2243	2326
2243	2725
2244	2538
2244	3253
2244	3450
2245	2663
2247	2476
2247	3265
2247	4006
2248	2329
2248	4004
2249	2419
2249	3312
2250	3597
2251	4052
2252	2615
2253	3279
2255	2321
2256	3398
2256	3401
2257	4113
2258	4184
2260	2312
2261	2443
2261	4428
2262	2538
2262	2805
2262	2859
2264	2733
2265	2432
2266	4374
2268	2591
2268	2626
2269	2874
2269	4066
2270	3969
2275	2344
2275	3111
2275	3532
2276	3350
2277	4377
2278	2426
2278	3480
2280	2462
2280	3183
2283	3659
2283	3685
2283	3854
2283	4138
2284	2556
2284	2876
2284	3313
2285	2725
2285	2922
2286	3614
2286	3780
2286	3922
2287	2893
2288	2481
2289	2839
2289	3129
2290	3579
2290	4416
2292	2915
2292	3454
2292	3487
2292	3613
2296	2788
2296	2859
2296	3971
2298	4087
2305	2887
2306	2830
2309	3771
2312	4179
2313	2439
2314	2371
2314	3007
2314	3276
2315	3281
2315	3425
2315	4398
2316	3219
2316	3607
2318	3124
2319	2353
2322	3192
2323	3070
2325	3087
2326	4218
2327	4231
2329	2673
2330	2771
2330	3181
2332	2483
2334	3699
2335	2454
2336	2590
2339	2423
2339	3314
2342	3728
2343	2700
2343	3880
2344	2680
2344	3373
2344	3484
2344	4177
2344	4402
2345	4324
2346	2706
2347	2393
2347	3838
2349	2767
2349	4027
2351	3586
2352	3590
2356	3176
2359	2573
2359	2800
2359	3501
2360	3135
2362	2408
2363	2680
2363	3772
2365	3462
2366	4449
2367	4001
2368	4407
2370	4265
2371	2754
2371	3968
2371	4146
2371	4417
2372	3387
2373	2443
2373	2998
2373	3536
2374	2391
2377	2694
2380	2499
2380	4376
2381	2502
2381	3783
2382	4316
2384	2520
2384	2626
2384	2959
2384	3157
2384	3510
2384	4382
2385	3372
2386	2841
2386	3669
2387	3419
2388	3561
2390	4417
2391	3224
2392	3745
2393	3037
2394	3363
2397	4076
2397	4490
2398	2453
2398	3028
2401	2986
2402	3985
2402	4090
2403	3071
2403	3296
2405	3612
2406	2626
2406	2771
2406	2953
2409	3498
2409	3573
2409	3835
2411	4047
2414	2953
2415	3134
2417	3470
2419	3210
2422	2486
2423	2561
2423	3416
2423	3756
2427	2613
2427	3532
2427	3589
2428	2700
2428	2730
2428	3625
2428	4278
2432	2752
2432	4059
2434	2596
2435	3056
2436	2689
2436	3299
2437	2647
2438	3126
2439	3518
2439	4358
2441	3504
2443	3478
2444	2585
2444	3143
2445	3274
2445	4337
2446	3091
2446	3117
2447	2584
2447	3979
2448	4396
2450	2564
2452	3911
2452	4399
2453	3595
2455	2742
2455	3695
2456	2681
2456	2758
2457	2601
2457	3178
2459	2687
2460	3529
2462	2759
2464	2778
2464	4451
2467	2934
2468	3397
2471	3080
2472	4146
2474	2642
2475	3886
2476	3761
2482	3359
2484	2643
2487	3773
2487	3942
2488	3690
2492	3230
2492	3810
2493	4214
2494	3583
2496	2914
2496	4476
2498	4293
2499	2503
2499	4096
2501	2533
2501	4347
2503	2650
2505	3512
2507	2746
2509	3063
2509	3507
2513	2819
2515	3765
2516	4393
2518	3063
2520	4283
2524	2572
2526	3238
2529	3221
2530	2579
2530	2595
2530	2604
2530	3384
2531	2648
2533	3122
2534	2585
2534	2993
2537	3318
2543	3573
2544	3729
2545	3094
2545	3672
2545	4183
2546	2751
2546	2940
2549	3881
2554	3128
2555	3990
2556	3544
2559	3412
2560	3086
2562	2570
2562	4015
2563	3535
2563	3821
2564	3034
2564	4016
2567	2644
2567	3040
2568	2895
2569	3205
2571	4288
2575	3280
2578	3304
2578	3740
2582	3696
2585	2808
2585	4484
2586	4442
2588	3525
2588	4118
2589	2594
2590	2592
2591	4002
2591	4292
2592	4295
2592	4439
2594	3852
2596	3487
2597	2722
2598	4323
2599	2844
2602	3977
2604	3815
2608	2912
2610	3820
2610	4406
2611	2948
2612	2834
2612	3720
2612	3999
2612	4044
2613	4062
2614	3408
2616	3680
2616	4471
2618	4294
2619	4280
2622	3884
2623	3433
2625	2756
2626	3418
2626	4026
2627	3698
2628	2831
2628	4106
2629	2854
2633	4025
2637	2983
2637	3617
2639	4135
2640	3414
2640	4222
2641	3064
2642	2826
2642	3724
2643	3837
2645	2701
2646	3169
2648	4453
2650	4209
2651	3153
2652	3660
2653	2932
2653	3302
2658	3980
2660	3887
2661	3362
2661	3655
2662	4007
2664	3075
2668	3706
2672	3624
2673	3305
2673	4346
2674	3165
2674	3368
2675	2875
2677	4298
2678	4149
2680	3950
2681	4107
2682	2981
2682	3204
2682	3272
2682	3620
2684	3118
2684	3411
2686	3098
2686	3233
2689	3043
2689	4345
2690	3549
2691	3631
2691	4462
2692	3325
2695	3653
2700	3783
2702	2952
2708	3089
2708	3780
2714	4336
2715	2957
2716	3345
2717	3811
2718	3039
2719	3381
2719	3598
2719	4241
2719	4312
2722	2822
2724	3629
2725	3346
2726	2833
2726	3664
2729	3278
2730	3426
2733	3136
2733	3701
2734	4201
2736	2886
2736	3919
2736	4099
2737	2920
2741	2775
2741	3042
2741	3613
2742	3400
2743	3338
2745	2908
2746	3212
2750	2935
2750	3983
2752	2830
2752	2990
2752	3193
2752	3435
2752	3842
2752	4018
2752	4280
2756	3666
2757	3128
2757	4348
2758	3986
2759	2857
2759	3432
2762	3578
2766	4286
2769	3604
2769	3740
2770	2977
2770	3146
2771	4206
2771	4223
2772	3612
2774	4025
2775	3182
2776	3826
2778	3342
2778	4056
2786	3139
2786	3751
2786	3786
2786	3955
2787	3927
2787	4274
2788	2803
2789	3610
2789	4212
2790	3862
2790	4217
2791	2881
2792	2802
2792	4432
2795	3110
2798	3235
2802	3486
2802	4165
2803	3852
2804	3791
2805	3342
2806	2987
2807	2811
2809	4261
2812	2816
2812	3454
2814	3540
2820	4142
2825	4280
2829	3580
2830	4175
2834	3843
2836	2991
2838	3711
2839	4219
2841	3819
2843	2985
2844	3571
2846	4035
2847	3125
2848	4223
2849	2874
2850	2966
2851	3066
2851	4061
2852	3249
2854	3006
2855	3174
2855	4361
2857	3383
2860	3889
2861	3118
2863	3849
2865	4203
2869	2890
2869	3120
2869	4046
2870	4038
2872	4317
2874	3712
2874	4362
2875	3409
2879	3906
2880	3562
2882	4247
2883	4364
2887	3583
2890	3524
2895	3103
2896	3172
2896	3859
2897	4308
2897	4404
2900	3448
2901	4024
2908	3936
2909	3875
2910	3497
2910	4287
2911	3879
2912	3733
2912	4253
2913	3630
2914	3140
2916	3020
2918	3679
2920	3316
2924	4105
2928	4199
2932	3796
2934	3106
2935	3258
2938	3019
2939	4028
2940	3481
2945	3097
2946	3578
2947	4233
2947	4281
2949	3081
2949	3304
2950	4417
2952	3434
2952	3677
2953	4285
2959	3019
2959	3255
2959	3823
2961	4133
2966	4040
2967	4089
2968	3360
2970	3503
2972	3164
2972	3687
2973	2994
2976	3759
2977	3151
2984	4205
2987	3956
2987	4072
2989	3894
2992	3807
2993	3310
2993	4169
3001	3670
3002	3321
3006	3256
3006	3293
3008	3680
3009	3423
3010	3247
3013	3848
3017	3044
3018	3469
3019	4216
3021	3050
3021	3660
3023	3523
3024	3468
3024	3492
3026	3973
3026	4170
3026	4297
3027	3335
3030	3097
3031	3709
3032	3234
3034	3354
3037	3176
3038	3940
3039	3743
3042	3604
3043	3822
3044	4373
3045	4064
3051	3608
3052	3826
3053	3857
3054	3709
3056	4178
3059	4422
3062	4107
3068	3886
3068	4486
3071	4070
3074	3501
3079	3217
3079	4075
3084	3640
3092	3540
3092	3757
3093	4103
3094	3998
3094	4113
3094	4181
3095	3855
3096	3460
3096	4049
3100	3156
3100	3222
3101	3447
3102	4186
3103	4253
3103	4370
3104	3167
3104	3597
3109	3647
3114	3616
3116	3585
3118	4030
3119	4221
3125	4349
3127	4175
3130	3353
3132	4014
3140	3994
3140	4499
3143	4080
3144	3705
3145	4101
3148	3740
3148	4283
3157	4060
3158	3227
3158	3316
3162	4131
3164	4125
3165	3546
3167	3961
3171	3318
3173	3275
3174	4095
3176	4141
3178	4176
3182	3785
3187	3858
3188	3825
3189	3634
3189	3741
3193	3365
3193	4367
3196	3928
3200	3456
3202	3417
3202	3876
3203	3805
3208	3547
3210	3834
3210	4012
3213	4248
3213	4385
3214	3431
3214	3816
3214	4434
3218	3262
3219	3366
3221	3829
3222	3336
3227	3277
3232	3592
3232	3781
3233	4355
3234	3508
3237	4332
3242	3286
3246	4115
3248	4291
3249	4047
3250	3579
3261	3642
3262	3594
3263	3511
3268	3493
3272	3953
3273	3694
3279	4410
3282	3490
3282	4409
3286	4447
3289	3295
3289	3706
3296	3372
3299	3518
3300	3377
3314	3366
3318	3365
3323	3333
3325	3374
3328	3413
3332	3965
3334	3475
3335	3795
3336	3371
3336	3707
3342	4164
3344	3874
3350	3641
3353	3559
3353	4038
3355	3756
3356	3494
3358	3751
3363	3622
3373	4456
3384	4395
3384	4413
3387	3479
3390	3466
3390	4252
3392	3513
3397	3477
3414	3581
3414	3633
3419	3459
3423	3734
3423	4391
3425	3550
3427	3732
3427	3824
3427	3848
3431	4140
3432	3603
3432	4288
3435	4185
3435	4455
3438	4469
3439	3997
3443	3485
3443	3657
3447	3568
3451	4392
3452	4266
3453	3949
3467	4007
3469	3934
3471	3531
3478	3676
3479	3606
3479	3979
3485	4197
3488	4392
3493	4235
3494	3551
3496	3715
3497	4151
3502	3969
3522	3991
3526	4290
3528	3671
3530	3808
3530	3905
3531	4414
3532	4306
3536	3957
3540	3789
3541	3593
3548	3661
3558	4101
3561	4403
3562	4013
3564	3909
3564	4436
3568	3982
3570	4205
3572	4356
3573	4386
3576	3865
3579	3651
3580	3731
3581	4077
3582	3906
3587	3788
3590	4122
3594	4063
3597	4424
3598	3755
3606	3905
3606	4232
3619	4033
3622	3766
3629	4064
3630	4240
3633	3747
3635	4368
3638	4335
3642	3670
3642	3946
3643	3835
3647	3803
3649	3769
3656	3678
3658	3830
3658	4084
3663	4229
3667	3933
3673	4327
3674	3947
3680	4167
3685	4052
3691	3869
3696	4421
3698	4338
3703	4472
3704	4269
3707	3802
3709	4190
3712	4111
3716	3797
3718	3879
3727	4339
3729	3778
3730	4394
3735	3868
3735	4486
3740	4129
3748	4280
3751	3939
3751	4304
3752	4157
3758	4272
3765	4119
3766	3854
3767	3956
3777	4210
3777	4299
3783	3789
3783	4305
3798	3888
3798	4443
3805	3909
3807	3904
3817	3941
3820	4315
3821	4463
3831	3974
3834	3938
3834	3993
3834	4380
3839	4109
3841	4480
3860	4014
3863	4220
3874	3913
3874	3958
3875	4148
3875	4420
3888	4102
3909	3962
3909	4069
3910	4475
3912	4200
3913	4128
3916	4490
3924	4460
3936	3989
3943	4392
3948	4126
3949	4500
3953	4024
3957	4272
3964	4379
3966	4227
3967	4189
3969	4063
3973	4287
3974	4019
3979	4229
3979	4485
3985	4092
3986	4030
3989	4487
4007	4309
4012	4146
4018	4215
4020	4426
4029	4300
4030	4341
4032	4187
4038	4457
4043	4284
4050	4090
4056	4180
4057	4200
4082	4190
4093	4096
4095	4226
4098	4357
4112	4474
4114	4116
4118	4411
4147	4441
4167	4445
4180	4331
4180	4488
4181	4451
4185	4387
4205	4361
4223	4378
4233	4320
4246	4290
4247	4334
4250	4288
4257	4401
4265	4319
4276	4314
4276	4359
4291	4491
4298	4365
4339	4494
4427	4470
