1	2
1	3
1	4
1	6
1	9
1	10
1	12
1	18
1	22
1	23
1	34
1	40
1	159
1	222
1	260
1	336
1	580
1	695
1	1984
1	2545
2	3
2	4
2	5
2	6
2	15
2	18
2	19
2	21
2	32
2	49
2	54
2	59
2	66
2	86
2	100
2	677
2	768
2	784
2	1401
2	2088
2	2315
2	2488
2	3164
3	4
3	7
3	8
3	16
3	24
3	83
3	127
3	130
3	1661
3	2320
4	5
4	9
4	11
4	17
4	20
4	61
4	95
4	114
4	225
4	301
4	357
4	508
4	542
4	851
4	877
4	2147
4	3460
4	3569
4	3718
5	7
5	8
5	17
5	19
5	44
5	64
5	140
5	185
5	217
5	315
5	420
5	2622
6	24
6	57
6	128
6	149
6	605
6	831
6	924
6	1049
6	1140
7	13
7	14
7	31
7	32
7	35
7	37
7	46
7	63
7	80
7	96
7	234
7	319
7	486
7	1451
7	2157
7	3804
8	20
8	60
8	123
8	136
8	259
8	265
8	409
8	636
8	704
8	733
8	864
8	911
8	929
8	1041
8	2428
9	10
9	13
9	14
9	15
9	26
9	30
9	177
9	202
9	206
9	207
9	392
9	519
9	768
9	1620
9	1840
9	2696
9	3001
10	11
10	12
10	16
10	36
10	38
10	156
10	237
10	582
10	742
10	1081
10	1665
10	3035
10	3690
11	67
11	78
11	110
11	326
11	374
11	445
11	816
11	1338
11	2594
11	2684
11	3244
12	21
12	23
12	28
12	47
12	48
12	54
12	60
12	79
12	126
12	132
12	238
12	286
12	302
12	1342
12	1863
12	1930
12	3044
13	26
13	29
13	34
13	56
13	72
13	118
13	156
13	198
13	230
13	264
13	875
13	1993
13	2618
14	27
14	51
14	93
14	287
14	394
14	553
14	589
14	705
14	798
14	1188
14	1197
14	1810
14	2480
14	3631
15	35
15	43
15	71
15	73
15	74
15	89
15	108
15	278
15	312
15	341
15	367
15	1323
15	2403
15	2974
15	3701
16	22
16	31
16	33
16	41
16	45
16	125
16	331
16	348
16	496
16	1399
16	3120
16	3682
17	25
17	42
17	158
17	400
17	830
18	27
18	148
18	199
19	25
19	41
19	43
19	44
19	137
19	138
19	168
19	218
19	227
19	291
19	476
19	2578
19	2765
19	3412
20	33
20	57
20	89
20	95
20	108
20	154
20	174
20	249
20	288
20	412
20	519
20	925
20	1040
20	1587
21	27
21	30
21	55
21	56
21	75
21	111
21	221
21	243
21	645
21	652
21	1612
21	2661
22	32
22	48
22	79
22	102
22	141
22	212
22	718
22	889
22	1008
22	1274
22	1655
22	1674
22	3807
23	39
23	40
23	49
23	55
23	94
23	239
23	327
23	457
23	659
23	2401
24	36
24	37
24	65
24	78
24	147
24	164
24	220
24	436
24	539
24	850
24	867
24	893
24	1410
24	2528
24	2766
25	28
25	29
25	101
25	118
25	167
25	202
25	500
25	531
25	593
25	810
25	1157
25	2375
25	3416
26	42
26	52
26	106
26	130
26	140
26	423
26	701
26	867
27	51
27	113
27	143
27	175
27	277
27	722
27	747
27	785
27	870
27	880
27	1070
27	1086
27	1691
27	2341
27	3408
28	53
28	61
28	68
28	73
28	99
28	102
28	142
28	218
28	271
28	334
28	796
28	804
28	1039
28	1145
28	1460
28	2158
28	3899
29	75
29	92
29	98
29	126
29	134
29	780
29	1288
29	1463
29	2455
29	3106
29	3610
30	80
30	134
30	157
30	170
30	294
30	323
30	465
30	708
30	1096
30	1880
30	2130
30	2245
30	3154
30	3636
30	3894
31	32
31	58
31	183
31	188
31	275
31	304
31	560
31	582
31	1726
31	1985
31	3489
31	3723
32	246
32	255
32	290
32	349
32	363
32	450
33	38
33	81
33	106
33	154
33	627
33	1211
33	1286
33	1495
33	3634
34	46
34	77
34	127
34	161
34	197
34	391
34	561
34	733
34	885
34	1129
34	1246
35	39
35	47
35	144
35	245
35	252
35	322
35	1087
35	1349
35	2054
35	3140
35	3641
36	49
36	58
36	261
36	297
36	398
36	778
36	940
36	1099
36	2415
36	2500
37	66
37	121
37	263
37	286
37	340
37	481
37	673
37	849
37	1899
38	53
38	1083
38	1108
38	1131
38	1790
38	2337
39	64
39	169
39	185
39	215
39	305
39	313
39	529
39	1152
39	2060
39	2527
39	2830
39	3219
40	162
40	196
40	353
40	647
41	50
41	81
41	782
41	2874
42	50
42	898
42	1047
42	1093
42	1395
42	1588
42	1618
42	1992
42	2121
42	3132
42	3358
42	3382
43	52
43	76
43	716
43	831
43	1762
43	1845
43	2087
43	2882
43	3846
44	45
44	82
44	90
44	203
44	410
44	653
44	887
44	1291
44	2368
45	115
45	131
45	165
45	192
45	196
45	228
45	236
45	255
45	667
45	1148
45	1265
45	2901
46	197
46	270
46	311
46	1947
46	2001
46	2955
47	103
47	257
47	306
47	560
47	596
47	1169
47	1927
47	2144
48	85
48	585
48	1102
48	1216
48	1872
48	2669
48	3254
48	3554
49	70
49	87
49	99
49	155
49	172
49	494
49	532
49	1062
49	1229
49	1242
49	1476
49	2907
49	3289
49	3591
50	62
50	63
50	65
50	71
50	109
50	661
50	700
50	835
50	1059
50	2421
50	3052
50	3665
51	82
51	215
51	428
51	492
51	749
51	791
51	1549
51	2860
51	3443
51	3912
52	88
52	188
52	300
52	1195
52	2630
52	2963
53	59
53	70
53	1500
53	1597
54	82
54	96
54	135
54	179
54	238
54	270
54	563
54	588
54	682
54	1296
54	2071
54	2502
54	3661
55	66
55	74
55	88
55	176
55	365
55	445
55	533
55	843
55	1133
55	1364
55	1496
55	1672
55	2588
56	68
56	86
56	116
56	150
56	189
56	467
56	670
56	2467
57	62
57	115
57	579
57	1258
57	2320
57	2564
58	83
58	146
58	381
58	738
58	1403
58	1787
58	1795
58	2026
58	3510
58	3916
59	194
59	693
59	3310
60	137
60	157
60	232
61	69
61	239
61	298
61	387
61	518
61	1092
61	1532
61	2321
61	3060
62	97
62	145
62	355
62	943
62	1657
62	1837
62	2893
63	69
63	100
63	146
63	160
63	190
63	195
63	201
63	269
63	526
63	692
63	750
63	782
63	1220
63	1687
63	3048
64	67
64	192
64	523
64	723
64	797
65	76
65	245
65	411
65	433
65	926
65	1064
65	1343
65	1484
65	3052
65	3685
66	338
66	415
66	452
66	489
66	512
66	696
66	1322
66	1388
66	1658
66	1896
67	104
67	124
67	461
67	477
67	638
67	1174
67	2210
67	2655
68	72
68	117
68	143
68	292
68	875
68	1562
68	1650
68	2998
69	92
69	189
69	204
69	509
69	588
69	909
69	2363
70	107
70	148
70	184
70	283
70	293
70	397
70	454
70	806
70	1060
70	1257
70	3019
71	84
71	368
71	809
71	1577
72	119
72	141
72	219
72	260
72	325
72	468
72	562
72	2743
72	2991
72	3295
73	82
73	91
73	182
73	1148
73	1421
73	1501
73	1524
73	2799
74	182
74	216
74	250
74	451
74	639
74	2617
75	84
75	110
75	147
75	208
75	482
75	513
75	547
75	609
75	923
75	2841
75	2971
76	77
76	114
76	121
76	129
76	190
76	447
76	970
76	1736
76	1926
77	109
77	119
77	133
77	244
77	589
77	961
77	1641
77	1995
77	2095
78	107
78	122
78	694
78	822
78	912
78	1452
79	90
79	91
79	330
79	361
79	585
79	1239
80	256
80	305
80	345
80	921
81	112
81	279
81	963
81	1242
81	1466
81	2599
82	97
82	104
82	189
82	205
82	210
82	220
82	226
82	248
82	415
82	676
82	1553
82	2068
82	3476
83	123
83	124
83	129
83	290
83	306
83	510
83	3223
84	85
84	105
84	164
84	1015
84	1511
84	1877
84	2260
84	3721
85	145
85	161
85	225
85	236
85	320
85	353
85	470
85	659
85	713
85	2833
86	87
86	120
86	219
86	662
86	2229
86	2597
86	2862
87	94
87	443
87	835
87	1603
87	3533
87	3616
88	116
88	587
88	605
88	1104
88	3146
89	93
89	117
89	189
89	314
89	396
89	631
89	763
89	3266
89	3442
89	3542
89	3666
90	170
90	849
90	1450
90	2938
90	3330
90	3549
91	191
91	214
91	299
91	528
91	1029
91	2371
91	3712
92	98
92	101
92	252
92	303
92	407
92	619
92	1469
92	3625
92	3904
93	157
93	184
93	520
93	557
93	1204
93	1422
93	1568
93	1902
93	2028
93	3830
94	105
94	324
94	406
94	480
94	516
94	722
94	1039
94	1504
94	1839
94	2466
94	2477
95	133
95	157
95	204
95	332
95	495
95	1113
95	2203
95	2275
95	2356
95	3217
96	178
96	268
97	132
97	171
97	288
97	396
97	494
97	608
97	949
97	1199
97	3201
97	3286
97	3850
98	122
98	136
98	162
98	179
98	628
98	2152
98	2536
98	3109
99	111
99	152
99	431
99	593
99	599
99	1109
99	1494
99	1986
99	2254
99	3622
100	103
100	250
100	284
100	346
100	544
100	1022
100	1115
100	1360
100	1834
100	1870
101	113
101	120
101	139
101	166
101	172
101	479
101	1342
101	3296
102	149
102	163
102	240
102	354
102	449
102	863
102	1259
102	3063
102	3676
103	274
103	517
103	828
103	2408
103	2599
103	2960
104	131
104	174
104	243
104	355
104	443
104	761
104	846
104	882
104	1347
104	1367
105	142
105	254
105	506
105	767
105	915
105	1138
105	1241
106	112
106	128
106	135
106	459
106	685
106	1453
106	1571
106	1662
106	1784
106	1797
107	168
107	223
107	438
107	654
107	664
107	1465
107	2352
107	2495
107	3828
108	158
108	167
108	364
108	377
108	618
108	698
108	785
108	1124
108	1351
108	1593
108	2241
108	2777
108	3334
109	222
109	273
109	313
109	683
109	1992
109	2085
109	2295
109	3460
109	3983
110	138
110	317
110	486
110	736
110	1060
110	1750
110	3833
111	658
111	2042
111	2128
112	235
112	318
112	350
112	776
112	830
112	1509
112	1995
112	2052
112	2287
113	152
113	160
113	469
113	1164
113	1199
114	202
114	250
114	258
114	686
114	2611
114	3617
115	139
115	180
115	295
115	392
115	650
115	707
115	1054
115	1161
115	2878
115	2934
116	153
116	923
116	984
116	2112
116	2543
117	230
117	418
117	741
117	1511
117	3934
118	142
118	191
118	199
118	203
118	242
118	342
118	399
118	601
118	800
118	992
118	1275
118	2197
119	125
119	144
119	289
119	487
119	496
119	2079
119	2270
119	3747
120	151
120	155
120	307
120	616
120	642
120	1466
120	1888
120	2919
120	3335
121	173
121	318
121	668
121	1227
121	1584
121	1643
121	2664
121	2875
121	3902
122	187
122	248
122	256
122	309
122	795
122	1160
122	2240
122	3432
123	241
123	1434
123	2311
123	2494
124	159
124	187
124	297
124	416
124	771
124	916
124	953
124	988
124	1349
124	1732
124	2542
124	2967
125	401
125	419
125	531
125	549
125	803
125	1210
125	2491
125	2569
125	3909
126	142
126	259
126	346
126	529
126	904
126	2144
126	2711
126	3301
127	165
127	681
127	879
127	1559
127	2132
127	3309
128	216
128	424
128	1051
128	1645
128	2844
128	2938
129	207
129	274
129	291
129	576
129	652
129	2657
130	255
130	285
130	475
130	762
130	1105
130	2382
130	2695
130	3578
131	295
131	433
131	1725
131	2499
132	150
132	446
132	576
132	601
132	610
132	1116
133	203
133	253
133	793
133	1024
133	1861
134	171
134	348
134	899
134	917
135	276
135	473
135	772
135	1006
135	2093
135	2547
136	244
136	1284
136	1730
136	1829
136	2043
137	153
137	177
137	328
137	373
137	440
137	453
137	488
137	1641
137	1828
137	2448
138	210
138	725
138	2647
138	2776
138	3264
138	3701
139	188
139	246
139	264
139	267
139	323
139	513
139	720
139	2281
139	2591
140	178
140	211
140	309
140	411
140	550
140	1281
140	1590
140	2605
140	2954
140	3220
141	186
141	195
141	200
141	427
141	473
141	525
141	718
141	871
141	1275
141	1312
141	2216
141	2525
142	675
142	709
142	2748
142	2966
142	3523
143	201
143	340
143	431
143	1066
143	1071
143	1634
144	193
144	298
144	404
144	606
144	1280
144	1600
144	1677
144	2136
144	2427
144	3839
145	157
145	312
145	342
145	1528
145	1555
145	3847
146	173
146	338
146	390
146	425
146	756
146	820
146	2096
147	551
147	604
147	1336
147	1402
148	151
148	191
148	247
148	1590
148	2876
149	169
149	181
149	235
149	241
149	320
149	1263
150	382
150	619
150	644
150	2472
151	166
151	267
151	282
151	354
151	419
151	1533
151	2322
151	2558
152	231
152	378
152	649
152	2129
152	3901
153	163
153	466
153	1628
153	2150
153	2410
154	304
154	359
154	408
154	442
154	845
154	1253
154	2567
154	2745
154	3130
155	247
155	296
155	301
155	444
155	504
155	657
155	658
155	3867
156	180
156	332
156	352
156	572
156	820
156	971
156	2303
156	2731
156	3086
156	3373
157	412
157	617
157	1045
157	1422
157	1445
157	2864
158	217
158	475
158	667
158	717
158	838
158	2922
158	2976
159	224
159	334
159	790
159	801
159	1335
159	3281
159	3745
159	3771
159	3876
160	183
160	223
160	254
160	357
160	517
160	1045
160	1383
160	1514
160	1575
160	3054
160	3525
161	1008
161	1442
161	2609
161	3425
161	3582
162	193
162	266
162	270
162	372
162	528
162	843
162	1727
162	3057
162	3590
163	176
163	234
163	630
163	758
163	1063
163	1249
163	1669
163	2550
163	2632
163	3075
163	3705
164	186
164	671
164	919
164	1150
164	1165
164	1233
164	2294
164	2485
165	434
165	1129
165	1470
165	1757
165	2222
166	200
166	209
166	279
166	369
166	498
166	751
166	1430
166	2755
166	3472
167	175
167	399
167	414
167	631
167	1780
167	2402
168	533
168	1392
168	1978
168	1990
168	2252
168	2871
168	2951
169	1186
169	1355
169	1398
169	1492
169	1552
169	1914
169	2190
169	2281
169	2614
169	3714
170	618
170	2138
170	2208
171	437
171	471
171	578
171	1533
171	2198
171	2308
171	2368
171	2516
172	181
172	262
172	527
172	777
172	2513
172	3172
172	3746
173	233
173	621
173	1107
173	1176
173	1410
173	1553
174	213
174	226
174	521
174	1945
174	2412
174	3018
174	3392
175	408
175	737
175	1168
175	2339
176	358
176	1631
176	2924
177	227
177	303
177	854
177	1887
178	524
178	640
178	812
178	887
178	1464
178	3084
178	3485
179	242
180	294
180	337
180	714
180	1003
181	750
181	1013
181	1235
181	1575
181	3696
182	211
182	352
182	2292
182	2383
182	2918
182	3260
183	395
183	598
183	1081
183	2479
183	2825
183	2908
183	3111
184	194
184	231
184	311
184	3270
185	228
185	362
185	380
185	385
185	1723
185	2543
185	3788
185	3968
186	364
186	877
186	922
186	2047
186	2137
186	3357
187	316
187	629
187	688
187	1191
187	2738
188	251
188	272
188	321
188	1397
188	2186
188	2333
189	340
189	356
189	1621
189	2056
189	2842
190	240
190	285
190	807
190	974
190	1082
190	1089
190	2390
190	2746
191	340
191	366
191	491
191	1311
191	3645
192	380
192	534
192	691
192	832
192	851
192	1007
192	1592
192	1603
192	2230
192	3541
192	3792
193	1162
193	1612
193	1687
193	2948
193	3140
194	214
194	263
194	480
194	512
194	773
194	1239
194	1256
194	1615
194	1783
194	1821
194	2106
194	3522
195	198
195	209
195	224
195	269
195	328
195	386
195	608
195	703
195	1864
196	258
196	333
196	744
196	2333
196	2595
196	3205
196	3372
196	3741
197	221
197	262
197	292
197	362
197	546
197	746
197	1388
197	1683
197	2848
197	3648
198	213
198	345
198	491
198	2545
198	2989
198	3646
198	3930
199	206
199	341
199	1187
200	205
200	208
200	273
200	339
200	452
200	1088
200	1205
200	2225
200	2530
201	251
201	1643
201	2082
201	2105
201	3378
201	3456
202	335
202	551
202	626
202	726
202	2370
202	2403
202	3840
203	1215
203	2085
203	2784
204	257
204	934
204	2182
204	2360
204	2400
204	2637
204	2777
205	232
205	300
205	1212
205	1295
205	1733
205	1830
206	268
206	325
206	330
206	361
206	427
206	462
206	539
206	615
206	786
206	1387
206	1683
207	272
207	360
207	464
207	491
207	679
207	1131
207	2153
207	3188
207	3234
208	287
208	393
208	869
208	1137
208	1304
208	2692
208	2834
208	3202
208	3242
208	3968
209	505
209	600
209	2353
209	3383
210	451
210	567
210	636
210	766
210	1308
211	212
211	337
211	1843
211	3072
211	3801
212	265
212	271
212	302
212	645
212	3721
213	229
213	293
213	329
213	398
213	403
213	3531
214	833
214	2031
214	2437
215	1113
215	1128
215	1132
215	1280
215	1492
215	1637
215	1871
215	2349
215	3938
216	349
216	434
216	823
216	2716
216	2806
217	343
217	753
217	861
217	1131
218	308
218	1134
218	1779
219	538
219	1440
219	2133
220	327
220	436
220	441
220	991
220	1066
220	1407
220	1464
220	1500
220	1695
220	1962
221	393
221	521
221	693
221	1332
222	429
222	554
222	861
222	1015
222	1037
222	2213
223	289
223	363
223	600
223	2912
223	2922
224	374
224	491
224	555
224	3736
224	3869
225	595
225	759
225	1192
225	1524
225	1596
225	1777
225	3517
226	229
226	413
226	456
226	989
226	1276
226	3938
227	233
227	266
227	329
227	358
227	366
227	469
227	622
227	986
227	1019
227	1126
227	1601
227	2627
227	3310
228	523
228	562
228	633
228	1125
228	1939
228	2658
228	3172
228	3739
229	420
229	1397
229	1708
229	2637
229	3233
229	3294
229	3569
230	276
230	574
230	631
230	2185
230	3880
231	308
231	540
231	1850
231	2111
231	2939
231	2995
231	3491
232	237
232	442
232	1266
232	3169
232	3282
233	261
233	278
233	321
233	463
233	497
233	509
233	803
233	927
233	1793
233	1853
233	3845
234	315
234	373
234	472
234	613
234	784
234	1324
235	1361
236	253
236	409
236	448
236	1415
237	322
237	516
237	3301
238	375
238	435
238	591
238	852
238	858
238	859
238	2292
239	1189
239	1258
239	3786
240	337
240	347
240	1016
240	1044
240	1161
240	2286
241	283
241	717
241	1136
241	1210
241	3279
241	3908
242	704
242	1761
242	1923
242	2362
242	2434
242	2579
242	3102
243	277
243	673
243	904
243	1068
243	1380
243	1611
243	3754
244	347
244	1902
244	2932
245	672
245	833
245	952
245	2661
245	2668
245	3118
246	280
246	359
246	493
246	736
246	2992
247	249
247	390
247	455
247	878
247	1213
247	1719
247	1927
247	2314
247	2890
247	3441
247	3882
248	476
248	507
248	548
248	565
248	660
248	737
248	2072
248	3713
249	367
249	428
249	623
249	731
249	873
249	1253
249	3458
250	615
250	994
250	2532
250	2562
251	379
251	386
251	387
251	406
251	503
251	538
251	690
251	790
251	884
251	1461
251	1588
251	2331
251	2940
251	3527
252	282
252	394
252	432
252	617
252	3084
253	350
253	448
253	577
253	998
253	1892
253	3051
254	316
254	477
254	628
254	1661
254	3063
255	277
255	548
255	702
256	275
256	472
256	2024
256	3987
257	280
257	371
257	482
257	579
257	1052
258	351
258	1183
258	1681
258	3700
258	3865
259	746
259	1935
260	484
260	501
260	770
260	1055
260	2185
260	3112
260	3395
261	570
261	1072
261	1136
261	2205
261	3781
262	351
262	514
262	779
262	1002
262	2260
262	2381
262	3085
262	3900
263	277
263	502
263	504
263	760
263	984
263	1478
263	1695
264	281
264	307
264	337
264	545
264	587
264	720
264	735
264	838
264	1414
264	1686
264	1999
265	296
265	612
265	664
265	689
265	1350
265	1451
265	1716
265	2289
266	446
266	580
266	1044
266	1151
266	1156
266	1642
266	1721
267	483
267	1473
267	1710
267	1750
267	1818
267	2941
268	1251
268	1441
268	2324
268	3426
269	381
269	413
269	1037
269	1176
269	1362
269	3035
270	336
270	684
270	794
270	878
270	1462
270	3730
271	281
271	363
271	711
271	757
271	933
271	938
271	1076
271	2244
271	2432
272	310
272	935
272	1053
272	1684
272	1913
272	3459
273	423
273	771
274	416
274	422
274	429
274	435
274	554
274	724
274	1170
274	1236
274	2016
274	2896
275	1056
275	1743
276	356
276	404
276	492
276	536
276	710
276	1282
276	1373
276	1393
276	1956
276	2128
276	2449
277	389
277	883
277	1025
277	2031
277	2355
277	2499
277	2900
278	284
278	368
278	438
278	1283
278	2108
278	2259
278	3427
279	339
279	2484
279	3816
280	410
280	540
280	612
280	1806
281	376
281	510
281	1018
281	1600
281	1723
281	3003
281	3920
281	4000
282	572
282	603
282	2807
282	3954
283	430
284	527
284	660
284	679
284	1118
284	1251
284	1827
285	1122
285	1145
285	1368
285	2872
285	3249
286	634
286	1087
286	1513
286	3209
287	650
287	1760
287	2023
287	3419
287	3634
288	700
288	1300
288	3986
289	319
289	503
289	641
289	1214
289	1323
289	1921
289	3385
290	299
290	952
290	2012
290	3860
291	500
291	810
291	1351
292	1026
293	344
293	395
293	1227
293	2482
293	2857
293	2887
294	417
294	1826
294	2357
294	2478
294	3129
295	530
295	559
295	1627
295	3668
296	388
296	1530
296	3891
297	910
297	1046
297	2474
297	3144
298	395
298	794
298	1195
298	2013
298	2537
298	3560
298	3826
299	426
299	766
299	1301
300	632
300	940
300	2557
301	314
301	454
301	497
301	862
301	1910
301	3427
302	388
302	867
302	1924
302	2505
302	2651
302	3917
303	761
303	1042
303	1051
303	2684
303	2961
304	310
304	1322
304	2107
304	2717
305	324
305	375
305	1409
305	1972
306	686
306	1012
306	1028
306	1573
306	2613
306	3605
307	732
307	1269
307	2238
308	709
308	1412
308	2559
308	2836
309	401
309	556
309	1073
309	1231
309	1651
309	2048
309	2377
309	2676
310	370
310	418
310	460
310	995
311	515
311	655
311	834
311	965
311	1380
311	1831
311	2471
312	607
312	905
312	2595
312	3500
313	317
313	602
313	1030
313	3473
313	3702
314	340
314	458
314	535
314	560
314	710
315	378
315	493
315	604
315	730
315	1358
315	1444
315	3098
315	3745
316	458
316	471
316	943
316	966
316	1077
316	1527
316	2905
316	3825
317	1890
317	3165
318	474
318	2644
319	326
319	331
319	552
319	967
319	1318
319	2306
319	2723
319	3626
320	340
320	344
320	371
320	824
320	1125
320	1368
320	1776
320	3988
321	740
321	1327
321	1344
321	2248
321	2271
321	3789
322	1140
322	1326
322	2139
322	2406
322	3189
322	3574
323	335
323	440
323	526
323	825
323	827
323	1543
323	3936
324	558
324	597
324	1173
324	3525
324	3678
325	343
325	565
325	879
325	1117
325	1266
325	2035
325	2364
326	1034
326	1115
326	1502
326	2984
327	537
327	870
327	1844
327	2429
327	2463
327	2873
328	450
328	479
328	1075
328	1235
328	1276
328	1385
329	865
329	990
329	1012
329	1097
329	2598
329	3273
330	333
330	542
330	753
330	1256
330	1611
330	2030
330	2754
330	3463
331	397
331	866
331	944
331	1738
332	698
332	966
332	1432
332	2028
332	3927
333	377
333	400
333	425
333	635
334	360
334	460
334	511
334	522
334	567
334	997
334	1304
334	2193
334	2885
335	403
335	1655
335	1820
335	2131
336	561
336	2299
337	505
337	942
337	1420
337	1608
337	1948
338	372
338	421
338	432
338	883
338	1090
338	1099
338	1345
338	1633
338	2009
338	2070
338	2071
338	2094
338	2448
339	365
339	805
339	1172
339	2180
339	2869
340	370
340	422
340	1538
340	1593
340	2645
340	3329
340	3509
340	3624
341	985
341	993
341	3029
342	369
342	384
342	555
342	715
342	840
342	3353
342	3762
343	421
343	860
343	912
343	1225
343	1314
343	1678
343	2058
344	634
344	821
344	825
344	892
344	906
344	3205
344	3350
345	519
345	578
345	632
345	788
345	1003
345	1638
345	2127
346	483
346	749
346	1116
347	379
347	558
347	1213
347	1307
347	1744
347	1962
347	3436
348	391
348	556
348	834
348	1384
348	1766
348	2392
349	524
349	787
349	2178
349	3348
350	402
350	703
350	2019
350	3911
351	586
351	669
351	909
351	1091
351	1644
351	1706
351	2239
352	383
352	405
352	415
352	584
352	907
352	967
352	1364
352	3356
353	1337
353	1785
353	2308
353	3897
353	3953
354	637
354	1644
354	1812
354	2000
355	385
355	581
355	856
355	1486
355	1532
355	3305
356	934
356	1267
356	2427
356	2675
356	3196
357	663
357	1204
357	1529
357	1579
357	2810
358	383
358	571
358	775
358	909
358	1289
358	1405
358	1858
358	3973
359	740
359	994
359	1106
359	1866
359	1930
360	376
360	493
360	513
360	647
360	701
360	948
360	2551
360	3967
361	468
361	684
361	2770
361	3007
361	3762
362	382
362	440
362	853
362	1746
363	635
363	1196
363	1765
363	2004
363	2018
363	2907
363	3880
363	3963
364	546
364	950
364	3578
364	3832
365	417
365	623
365	811
365	982
365	1622
366	678
366	1426
366	1565
366	1857
366	2334
367	583
367	743
367	1049
367	3339
368	839
369	1756
369	2365
369	2377
370	2499
371	463
371	2431
371	3641
372	711
372	760
372	1305
372	1848
372	2603
373	536
373	721
373	774
373	858
374	1887
374	1975
374	2979
375	672
375	911
375	1627
375	2197
375	2291
375	2329
375	2857
376	384
376	389
376	518
376	627
376	779
376	1327
376	2528
377	455
377	765
378	590
378	817
378	1127
378	1377
378	1503
378	2174
378	3297
378	3848
379	439
379	764
379	819
379	1143
379	1265
379	3503
380	511
380	1031
380	2657
380	2996
381	586
381	980
381	2866
382	447
382	541
382	569
382	968
382	1336
382	2125
382	3251
383	405
383	444
383	613
383	1869
383	1913
383	2660
383	3646
384	481
384	1155
384	1540
385	1341
385	1475
385	2229
385	2973
386	498
386	643
386	2104
386	2255
386	3638
387	490
387	781
388	426
388	441
388	770
388	1293
388	2345
389	754
389	817
389	1106
389	2113
390	614
390	1244
390	1427
390	2642
391	759
391	1038
392	897
392	1375
392	1493
392	1570
392	3474
392	3847
393	888
393	1916
393	2480
393	2561
393	3158
393	3675
393	3898
394	1971
395	606
395	677
395	769
395	791
395	855
395	1065
395	2083
395	2347
395	2388
395	2572
396	402
396	456
396	610
396	1512
396	2795
396	2895
397	407
397	2555
397	2697
397	3156
397	3226
398	1536
398	1715
398	3950
399	640
399	1061
399	2937
400	716
400	903
400	1487
400	2493
401	467
401	877
401	910
401	1780
402	869
402	1483
402	2990
403	461
403	641
403	897
403	1122
403	1505
403	1982
404	466
404	552
404	748
404	1068
404	1211
404	1357
404	2404
404	2689
404	2954
404	3110
405	474
405	979
405	1177
405	2371
405	3119
406	568
406	639
406	987
406	1541
407	568
407	1534
407	1745
408	626
408	702
408	729
408	767
408	1698
408	2120
408	2989
409	543
409	1030
409	1456
409	3069
409	3176
410	543
410	763
410	775
410	1077
410	1587
410	2531
410	2674
411	430
411	1371
411	1542
411	1799
411	2884
411	3864
412	414
412	3576
413	437
413	457
413	594
413	964
413	1126
413	1389
413	3343
414	874
414	1595
414	2295
414	2781
414	3287
414	3974
415	1507
415	1919
416	732
416	2217
416	3495
417	852
417	1249
417	1692
418	745
418	1038
419	590
419	690
419	1458
420	424
420	1050
420	1209
420	1731
420	2411
420	3176
420	3433
420	3711
421	487
421	948
421	1928
421	3320
421	3883
422	1218
422	2110
422	2112
422	3164
422	3697
423	465
423	532
423	695
423	3207
424	3093
425	462
425	962
425	1581
425	1985
425	2181
425	3593
426	685
426	697
426	1111
427	839
427	926
428	439
428	683
428	860
428	872
428	1009
428	1980
429	666
429	836
429	1080
429	1605
429	2463
429	3350
430	1193
430	1201
430	2937
430	3017
430	3598
431	583
431	747
431	1066
431	1411
431	2032
431	2420
432	689
432	763
432	841
432	996
432	1154
432	1658
433	488
433	913
434	1545
434	1817
434	3168
435	1954
435	2302
435	2362
436	449
436	999
436	1185
436	1721
436	3002
437	1776
437	2334
437	2993
438	544
438	727
438	809
438	1456
438	2209
438	2679
438	3579
439	449
439	569
439	780
439	783
439	3091
440	464
440	506
440	792
440	942
440	976
440	1129
440	1549
440	2037
440	2163
440	2932
440	3902
440	3943
441	624
441	626
441	2173
442	541
442	1000
442	1564
442	2165
442	2195
442	2617
443	828
443	1169
443	2201
443	2404
444	453
444	596
444	890
444	1343
444	1467
444	2116
444	2176
444	2198
444	2826
445	470
445	577
445	2605
446	564
446	581
446	3297
447	553
447	665
447	678
447	1005
447	1152
447	1485
448	863
448	1203
449	485
449	796
449	908
450	651
450	1662
450	1672
450	2509
450	3178
451	691
451	1040
451	2062
452	562
452	580
452	609
452	1014
452	1717
452	1805
453	484
453	530
453	958
453	1707
454	464
454	495
454	813
454	1279
455	459
455	591
455	804
455	1103
455	1359
455	1728
455	1885
456	515
456	3093
456	3521
457	1592
457	3692
458	988
458	1560
458	1565
458	2366
458	2734
458	3212
459	1236
459	3306
459	3758
460	1007
460	1050
460	1179
460	1674
460	1879
460	2029
460	2089
460	2378
460	2798
460	3059
461	478
461	550
461	1148
461	1430
461	1515
461	1941
461	2007
461	2898
462	507
462	534
462	647
462	1010
462	1229
463	557
463	602
463	950
463	1014
463	1022
463	3430
464	1259
464	1363
464	1771
464	2533
464	2630
465	489
465	1119
465	1719
465	1951
465	3621
466	585
466	886
466	3681
467	905
467	979
467	1586
467	1705
467	2481
468	499
468	859
468	1876
468	3292
468	3832
469	490
469	1207
469	1429
469	1447
469	2221
469	2996
470	1491
470	1945
470	2512
470	3113
471	478
471	537
471	646
471	724
471	1786
472	584
472	669
472	1056
473	841
473	917
473	1832
473	2853
474	648
474	734
474	901
474	902
474	2458
475	485
475	502
475	508
475	520
475	599
475	873
475	1192
475	1204
475	1273
475	2020
475	3315
476	2974
477	983
478	575
478	792
478	891
478	907
479	981
479	1048
479	3673
480	1729
480	2233
480	3430
481	499
481	522
481	625
481	1346
482	564
483	1330
483	1448
483	2573
484	1842
484	1976
484	3282
485	622
486	535
486	1837
486	3881
487	501
487	514
487	676
487	876
487	2319
488	547
488	549
488	959
488	1007
488	1219
488	1535
488	3262
489	574
490	651
490	661
490	671
490	1238
490	2843
491	637
491	657
491	2286
491	2503
491	3258
491	3550
492	1141
492	2818
493	2232
493	3682
494	1320
494	1613
494	1713
494	3410
495	573
495	654
495	1425
495	2135
496	663
496	853
496	1713
496	1835
496	1886
496	2607
497	592
497	1004
497	1372
497	1634
497	1781
497	2374
497	2702
497	3007
498	687
498	1292
498	2235
498	3351
498	3467
499	1583
499	2386
499	2910
499	3597
499	3846
499	3867
500	712
500	955
500	1237
500	2622
500	3055
501	559
501	886
501	993
501	1282
501	1498
501	1550
501	2890
501	3768
502	566
502	998
502	1243
502	1705
502	1958
502	2177
503	525
503	840
503	2631
504	854
504	928
504	936
504	1188
505	945
505	1432
506	563
506	802
506	1273
506	1718
506	2501
507	808
507	868
507	968
507	1357
507	1782
507	3712
507	3935
508	611
508	728
508	3720
509	597
509	2267
509	3472
509	3759
510	573
510	575
510	745
510	991
510	1854
510	2077
511	656
511	1806
512	548
512	983
512	1305
513	620
513	1435
513	1735
514	1301
514	1811
514	2616
514	3209
515	680
515	1130
515	2318
515	3049
516	566
516	974
517	1557
517	2056
517	2808
518	741
518	963
518	3135
518	3778
519	1350
519	1911
519	3457
520	1010
521	1013
521	1753
521	2073
521	3757
522	560
522	1915
523	714
523	1480
523	2014
523	3049
524	806
524	865
524	1260
525	1156
525	1495
526	937
526	1290
526	1763
526	3928
527	633
527	832
527	2001
527	2117
527	2412
528	990
528	1035
528	2050
528	3309
529	598
529	1017
529	1114
529	1177
529	1463
529	3548
530	1182
530	2113
531	992
531	1080
531	2545
531	3106
532	870
532	893
532	1704
532	2086
533	643
533	758
533	916
533	1594
533	1957
533	3116
534	680
534	705
534	944
534	3781
535	924
535	1478
535	2142
535	2918
536	837
536	895
536	1690
536	1968
536	2055
536	2435
536	2569
536	3420
537	1021
537	2106
537	3013
538	674
538	1120
538	1653
538	1717
538	2065
538	3128
539	642
539	739
539	744
539	1254
539	1297
539	1921
539	3571
541	1417
541	2655
542	728
542	813
542	1194
542	1576
542	1996
542	2310
542	3347
543	697
543	1420
543	2371
544	545
544	692
544	751
544	797
544	1682
545	592
545	860
545	1102
545	2325
546	2324
547	616
547	735
547	914
547	1097
547	1725
547	2563
547	3026
548	595
548	1123
548	1170
548	1234
548	1419
548	2696
549	699
549	788
549	1767
549	3020
549	3456
550	939
550	1763
550	2290
551	1522
551	2360
551	2571
551	3327
552	638
552	653
552	896
552	2475
553	872
553	1365
553	1475
553	1693
553	2247
553	2593
553	2831
554	570
554	1700
554	1919
555	611
555	847
555	1228
555	1358
555	1722
556	1195
556	1803
556	2753
557	1159
557	1424
558	571
558	1443
558	2065
559	793
559	1047
559	2730
559	3581
560	777
560	837
560	3945
561	1332
561	1557
561	2101
561	2714
561	3272
561	3324
562	646
562	2709
563	670
564	3050
565	620
565	649
565	2188
566	725
566	996
566	1190
566	1427
566	2455
566	3226
566	3948
567	2670
567	3584
567	3586
568	625
568	1374
568	2645
569	712
569	1191
569	1226
569	1782
569	1893
569	2154
569	3948
570	630
570	665
570	894
570	1910
570	2240
571	848
571	1027
572	858
572	1479
572	1915
572	2901
572	3630
573	871
573	1082
573	1294
574	2034
574	2213
574	2752
574	3555
574	3590
575	811
575	956
575	1245
575	1878
575	2579
576	603
576	715
576	981
576	1583
576	3326
577	1121
577	1472
577	1901
577	2014
577	2187
578	1155
578	3286
579	1189
580	786
580	862
581	748
581	896
581	930
581	3083
582	594
582	1254
582	1808
582	3669
583	1180
584	927
584	1720
584	1950
585	1092
585	1663
585	2013
585	2373
586	757
586	982
586	1163
586	1202
586	2947
586	3854
587	1425
587	1574
587	1716
587	2109
587	3064
587	3598
588	799
588	930
588	2632
589	882
589	989
589	2075
590	629
590	867
591	682
591	699
591	815
591	1446
591	1497
591	2151
591	2335
592	668
592	739
592	1078
592	3402
593	731
593	876
593	925
593	955
593	1165
593	1286
593	1867
593	2608
593	3348
593	3839
594	928
594	1439
594	1779
594	3293
594	3901
595	1013
596	956
596	1426
596	1759
596	2196
596	2214
597	752
597	819
597	874
597	1011
597	1147
597	1795
597	2137
597	2600
598	727
598	781
598	1912
598	2500
598	2841
598	3016
598	3603
599	624
600	797
600	1170
600	1971
600	2624
601	675
601	1120
601	1488
601	2094
601	2424
601	2711
602	1106
602	3097
602	3211
602	3383
603	607
603	1266
603	1640
604	1215
605	674
605	1247
605	1891
606	621
606	726
606	2123
606	2663
606	2761
607	2520
607	2994
608	696
608	1257
608	3824
609	799
609	1777
609	3618
610	1088
610	1579
610	3857
611	814
611	1001
611	2195
612	1230
612	1646
612	2227
612	3825
612	3915
613	614
613	655
613	1460
613	3790
614	762
614	1679
614	2033
614	2997
614	3087
614	3242
614	3290
614	3436
615	2236
615	2347
616	723
616	2022
616	3982
617	765
617	1712
618	1407
619	648
619	1749
619	3793
619	3964
620	1164
620	2002
621	784
621	1676
622	2059
622	3896
623	1103
623	1690
623	1823
623	2194
623	2764
623	3208
624	1070
624	2449
624	2597
625	694
625	1020
625	1057
625	1678
625	3220
626	662
626	719
626	949
626	1496
626	1676
626	2881
626	2891
626	3391
626	3951
628	2346
628	2765
629	1792
629	2811
629	3150
630	713
630	953
630	1034
631	706
631	1149
631	1298
631	1589
631	2493
631	2678
632	1812
632	2146
633	644
634	801
634	1446
634	1686
634	1778
634	2025
634	2261
635	2170
635	3133
635	3536
636	1221
637	764
637	797
637	805
638	1067
638	1110
638	1569
638	2589
639	1112
639	3192
640	1747
640	2652
640	2927
640	3063
640	3896
641	845
641	1506
641	1751
641	1960
641	2212
641	2751
641	3435
641	3805
642	864
642	2603
643	1629
643	2408
643	2786
644	1183
644	1367
644	1832
644	2107
644	2173
644	2695
645	666
645	720
645	795
645	918
645	932
645	1159
645	1340
645	1789
645	2274
645	2821
646	647
646	2908
646	3260
647	806
647	969
647	1411
647	1771
647	1783
647	2162
647	2859
647	3799
648	743
648	2689
648	3344
649	1602
650	2220
650	2774
650	3451
650	3837
651	708
651	1199
651	1504
651	1828
651	2960
652	827
652	881
652	1079
652	1858
652	3219
652	3874
653	1069
653	1550
654	656
654	687
654	1036
654	2700
654	3552
655	772
655	826
655	978
655	1048
655	1438
655	1848
655	2080
655	3943
656	842
656	1730
656	1768
656	1793
656	2512
657	842
658	903
658	1468
658	1932
658	2917
658	3470
659	957
659	1347
659	1393
659	1961
659	2985
660	889
660	1313
660	1810
660	2221
660	2417
661	778
661	1228
661	1302
661	1476
661	3599
661	3977
662	681
662	1098
662	1552
662	1683
662	1764
662	2460
662	2542
663	707
663	978
663	1308
663	1334
664	738
664	756
664	1021
664	1234
664	2469
664	3496
664	3695
664	3755
665	717
665	769
665	898
665	1184
665	1389
665	2309
666	836
666	885
666	1057
666	1826
666	3648
667	915
667	1134
667	1488
667	1805
667	2265
667	2533
667	2796
668	824
668	1243
668	1297
668	1441
668	2395
669	2160
669	3537
670	1807
670	2385
670	2704
670	2856
670	3065
671	1185
671	1339
671	2160
671	2719
671	2746
671	2759
671	3614
672	815
672	954
672	1142
672	1905
672	3597
673	894
673	1688
673	2015
673	3419
674	3311
674	3969
675	734
675	755
675	931
675	1270
675	1636
675	2331
675	3326
675	3929
676	755
676	1840
676	1886
676	1986
676	2852
676	3562
677	1467
677	3024
679	959
679	1709
679	2035
679	3501
680	822
680	2524
682	814
682	947
682	1137
682	1293
682	2041
682	2933
683	818
683	1314
683	1789
683	3181
683	3838
684	688
684	706
684	789
684	818
684	1366
684	3008
684	3026
685	766
685	826
685	3139
686	906
686	2150
686	2536
686	3698
687	823
687	1026
687	1333
687	1400
687	1638
687	2317
688	1032
688	1045
688	1803
688	2267
689	1316
689	2134
689	2874
689	3287
690	1187
690	1790
691	922
691	1586
693	721
693	754
693	2701
693	2923
694	2024
694	3276
695	1482
695	2273
695	3718
696	3255
696	3707
697	1031
697	1567
697	3105
698	798
698	1145
698	1429
698	1680
698	2099
699	1220
699	1894
699	2359
700	986
700	1132
700	2161
700	2732
700	3437
700	3505
701	869
701	908
701	1154
701	1386
701	3240
702	844
702	3092
703	2092
703	2383
703	3300
703	3842
704	729
704	2210
704	2379
704	2662
704	3898
705	888
705	980
705	1241
706	1027
706	2615
706	3384
707	1005
707	1291
707	1353
707	1813
707	2180
707	2638
707	3669
708	719
708	1883
708	2165
709	1166
709	1497
709	3319
710	936
710	1001
710	2040
711	964
711	1375
711	2095
711	3704
712	742
712	946
712	1100
712	1767
713	1906
713	2529
714	847
714	1765
714	2393
715	883
715	2097
715	2833
716	2159
717	3993
718	774
718	1459
718	1484
718	1739
718	1925
718	1973
718	2525
719	730
719	1196
719	1623
719	3582
720	1032
720	1108
720	1303
720	1392
720	2027
720	2178
720	3916
721	2204
721	3613
722	787
722	1888
722	2064
722	2588
722	3294
723	1072
723	1157
723	1431
724	857
724	884
724	901
724	1263
724	1595
724	2414
724	2590
724	2723
725	846
725	2263
725	3483
726	1204
726	1652
726	1861
726	1862
726	3053
726	3828
727	752
727	808
727	1419
727	1458
727	1937
727	1997
727	2060
728	3729
729	1306
730	1302
730	1736
730	1944
730	2064
730	2416
731	913
731	975
732	1423
732	2332
732	2877
732	2894
732	3644
732	3947
733	844
733	1133
733	1383
733	2865
734	1936
734	2341
734	3592
735	3408
736	833
736	946
736	971
736	1864
736	3551
737	1436
737	1626
737	1737
737	3160
738	1094
738	2348
739	784
739	1448
740	816
740	1398
740	1632
740	2192
741	972
741	1139
741	1816
741	2730
742	1084
742	1223
742	3087
742	3356
743	861
743	1408
743	3177
743	3239
744	1287
744	2547
744	3000
745	1043
745	1260
745	1561
745	1964
746	2123
746	3004
747	1866
747	2242
748	895
748	1043
748	1593
748	2395
748	2442
748	3328
748	3964
749	1018
749	1394
749	2803
750	802
750	1606
750	1740
750	1819
751	3558
752	1272
752	1485
753	2319
754	1278
754	1352
755	891
755	2923
756	1773
756	1923
756	2805
756	2842
756	3381
757	1073
757	1950
757	3162
757	3331
758	921
758	2498
759	880
759	1469
760	1197
760	1649
760	2474
761	1074
761	1418
762	977
763	860
763	1240
763	3322
764	773
764	1970
764	2204
764	2690
765	783
765	3443
766	1010
766	1074
766	1566
766	1967
766	2078
767	1283
767	1841
768	3689
768	3755
769	1527
769	2208
769	2382
769	3357
770	776
770	829
770	1233
771	812
771	1071
771	1209
771	2015
771	2454
771	3499
772	938
772	1309
772	1345
772	1479
772	3955
773	1058
773	1151
773	3162
774	1034
774	1246
774	2083
774	2817
774	3372
775	881
775	935
775	3145
776	931
777	1563
778	961
778	1118
778	2551
780	1011
780	1477
781	1800
781	1827
781	3332
781	3541
781	3843
782	900
782	918
782	1084
782	1248
782	1405
782	1953
782	2614
782	3153
783	920
783	1025
783	1363
783	1619
783	2768
784	845
784	1490
784	1518
784	1846
784	1886
784	1955
784	2173
784	3280
785	789
785	1298
785	1320
785	1438
785	3589
787	1262
787	2164
787	3349
788	838
788	1597
788	1598
788	1621
788	2117
788	2345
788	2407
788	3144
789	1079
789	2748
789	3320
790	800
790	1759
790	2233
791	1288
791	1324
791	1521
791	1660
791	1726
791	2084
791	3247
791	3784
792	1184
792	1309
792	2439
792	2933
792	3263
793	1458
793	1819
794	857
794	3688
795	1023
795	1519
795	1632
795	3723
796	1802
796	1847
797	945
797	3572
798	807
798	1206
798	1952
798	2100
798	2639
798	3776
799	920
799	985
799	1348
800	1076
800	1630
800	1963
800	2699
801	1101
801	2063
801	2524
802	1029
802	1387
802	2729
803	880
803	1374
803	1401
803	2794
803	3376
803	3666
803	3689
804	1546
805	1329
805	1508
805	2397
806	1036
806	1682
806	1758
806	1854
806	2464
806	3235
806	3337
807	973
807	2398
807	2471
808	984
808	1248
808	2508
808	2546
809	960
809	994
809	1139
809	2327
810	919
810	3594
811	3688
812	1449
812	1724
812	2220
812	2459
812	2801
812	3379
812	3969
813	1781
813	1829
813	2560
813	3070
814	900
814	1110
814	1988
815	3332
816	868
816	2109
816	2496
816	3434
816	3477
817	821
817	1017
817	1525
817	1868
818	972
818	1440
818	1685
818	2057
818	2339
818	2792
819	2317
819	2889
819	3275
819	3871
820	914
820	1105
820	3246
821	829
821	970
821	1474
821	2140
821	2621
821	2665
821	3650
822	932
822	1528
822	2061
822	3363
823	2910
823	3524
824	2171
824	2913
824	2983
824	3535
825	848
825	941
825	1572
825	1882
826	1578
826	2168
827	1245
827	1838
827	3507
827	3654
828	1899
828	2619
829	1413
829	2553
830	892
830	1047
830	1085
830	1268
830	1905
831	3628
832	1390
832	1659
832	2133
832	3011
833	1053
833	1295
833	1415
833	1444
833	1774
834	2846
836	1310
836	2935
837	855
837	899
837	1843
837	1988
837	3220
838	1182
838	1371
838	2224
838	2783
838	3104
838	3891
839	1002
839	1078
839	2549
840	842
840	1086
840	2155
841	2126
841	2999
842	856
842	1752
842	2789
842	3722
843	1654
843	1772
843	2619
844	866
844	1042
844	1622
844	2104
844	2499
844	3213
845	850
845	1146
845	1753
845	2238
845	2660
846	1312
846	1433
846	1554
846	3553
847	1521
847	3221
848	1346
848	1708
848	3900
849	1135
849	1285
849	2380
850	3434
850	3963
851	1581
852	962
852	1216
852	1508
852	3656
852	3895
853	1224
853	2428
853	2665
853	3608
854	1225
854	1284
854	2851
856	958
856	1160
857	1858
857	3227
857	3312
858	2337
859	987
859	2410
859	2739
859	3664
860	932
860	1281
860	2985
860	3351
860	3568
860	3651
861	1609
861	1834
862	947
862	1098
862	1119
862	2011
862	2039
862	3092
862	3605
862	3918
863	1167
863	3201
863	3835
864	937
864	1563
864	1661
864	2328
864	3368
864	3497
864	3558
864	3976
865	1715
865	2682
865	3687
866	1046
866	1149
866	1588
866	1822
867	877
868	1889
869	1571
869	1650
869	1690
869	3338
869	3526
870	1262
870	1356
870	2962
870	3180
871	1143
871	1352
871	3999
872	1906
872	2143
872	3477
873	2098
873	3074
873	3725
874	1130
874	1774
874	2446
874	2724
875	2691
875	3838
875	3876
876	1688
877	890
877	977
877	995
877	2029
877	2246
878	1061
878	1263
878	1825
878	3259
879	965
879	1576
879	1742
879	3776
880	2687
881	1114
881	1428
881	2371
881	2570
882	941
882	1802
882	2444
882	3519
883	902
884	1124
884	1435
884	2483
884	3999
885	1301
885	2402
886	1396
886	1515
886	3469
887	1361
887	2076
887	2591
887	3147
888	2437
888	3066
888	3374
888	3503
889	929
889	1112
890	2544
890	3445
890	3470
891	3550
892	1100
892	1692
892	1748
892	1860
892	2020
892	2424
892	2808
893	954
893	3114
894	1063
894	2293
894	2419
895	1067
895	1377
895	2653
895	3245
896	1656
896	2766
896	3095
897	933
897	1319
897	2155
898	3400
899	1289
899	1947
899	2063
899	2202
900	1179
900	1726
900	2186
900	3505
901	1016
901	1666
901	1990
901	2069
902	3122
904	1171
904	3174
905	1226
905	1229
905	1941
905	2049
905	2124
905	2925
905	3388
906	1180
906	2602
906	2864
906	2876
907	2511
907	2517
908	926
908	1857
908	3060
908	3635
909	1310
909	2173
909	2387
910	2835
911	1946
911	2445
911	2522
912	1264
912	1537
912	1671
912	1791
912	1825
913	960
913	1201
913	1604
913	2122
914	1175
914	1237
914	3203
914	3218
915	954
915	2977
915	3100
915	3971
916	2747
916	3406
917	1091
917	1158
917	1582
917	2602
917	2638
918	1085
918	1437
918	2690
918	3123
918	3528
919	2022
919	2217
919	2566
920	973
920	1487
920	1743
921	951
921	1330
921	1370
921	3283
922	1178
922	3040
923	1004
924	1596
924	1733
924	1897
924	3090
924	3978
925	2353
925	2453
926	1271
926	2663
926	3312
926	3512
927	2721
927	2821
928	939
928	1127
928	1980
928	2010
928	3902
929	1033
929	1166
929	1520
929	3719
929	3939
930	1507
930	2069
930	2183
930	2392
930	3908
931	2482
932	1966
933	976
934	999
934	1052
934	1221
935	1107
935	1568
936	3654
937	2872
937	3759
937	3998
938	1193
938	2727
938	3801
939	969
939	1104
939	1461
940	951
940	1609
940	3717
941	2276
941	2639
941	3716
942	1000
942	1675
942	3182
943	1293
943	1378
943	1423
944	1028
945	1041
945	1117
945	1434
946	1115
946	1162
946	1285
946	1362
946	1404
946	1567
946	2851
946	3991
947	957
947	975
947	1033
947	1066
947	1294
947	2861
948	3413
949	1670
949	2082
949	2119
949	2640
949	3337
950	1664
950	2291
950	3831
951	2115
951	2409
952	1837
952	2183
952	3067
953	3265
954	1481
954	2703
956	1244
956	1924
956	3221
957	1121
958	1399
958	2103
958	2302
958	3321
959	1023
959	1965
959	2231
959	2386
959	2450
959	2635
960	1090
960	1328
960	1991
960	2606
960	2700
960	3518
961	1953
961	2561
961	3101
962	1370
962	1704
962	2936
962	2981
963	2741
964	2307
965	1200
965	1321
966	1255
966	2453
967	1006
967	3705
968	1231
968	2823
968	3423
969	1547
969	1614
970	1147
970	1392
970	2371
970	3068
971	1376
971	3199
971	3724
972	1580
972	1658
973	1206
973	1232
973	1372
974	1096
975	997
975	1020
975	1097
975	2046
975	3154
976	2914
976	3886
977	1617
977	1701
977	2704
978	1174
978	1904
978	2025
978	3775
979	1064
979	1095
979	1109
979	1271
979	1558
979	2880
980	1024
981	1940
981	2181
982	1222
982	1756
982	1873
983	3173
983	3187
983	3650
984	1009
984	1344
984	2598
985	1011
985	1218
985	1264
985	1545
985	1904
986	1153
986	1666
987	1095
987	2949
988	2307
988	3186
989	1214
989	2042
990	3726
990	3899
991	1075
991	1111
991	1146
991	1186
991	1841
992	1711
992	2489
992	3115
993	994
993	3553
994	3158
994	3711
994	3887
995	2615
995	3247
996	1028
997	1299
997	1907
997	2672
998	1094
998	1274
998	1319
998	1520
998	2018
998	3318
998	3449
999	2258
1000	3628
1000	3872
1001	1019
1001	1261
1001	1722
1001	1773
1001	2462
1002	1321
1002	1876
1002	2347
1002	3170
1003	1123
1003	2178
1004	1801
1004	2290
1004	2911
1005	1175
1005	3325
1006	1205
1006	1311
1007	3333
1009	1306
1009	1538
1010	1150
1010	2103
1010	2226
1010	2940
1010	3175
1010	3192
1011	1035
1011	2426
1011	2712
1012	1506
1012	2066
1012	2148
1012	3726
1013	1219
1013	1252
1013	1303
1013	1333
1013	3464
1014	1142
1014	1158
1014	1277
1014	1588
1014	3977
1015	1101
1015	1144
1015	1349
1015	1406
1015	1894
1015	3893
1016	1381
1016	1448
1016	1814
1017	1591
1017	2257
1018	1671
1019	1069
1019	1267
1019	1337
1019	2124
1019	2819
1020	2578
1020	3036
1020	3565
1020	3926
1021	1313
1021	2426
1022	1563
1022	3001
1022	3428
1023	3159
1024	2498
1024	2550
1024	2836
1024	3175
1025	1288
1025	1939
1025	2544
1026	2681
1027	1208
1027	1354
1027	1796
1027	3960
1029	1062
1029	2190
1029	2535
1030	1516
1030	1607
1030	2282
1030	2618
1030	3393
1031	1055
1031	1093
1031	1395
1031	1885
1031	2357
1031	3081
1032	1083
1032	3019
1033	2113
1033	2697
1033	3542
1034	1198
1034	1331
1034	2228
1035	1356
1035	1433
1035	2423
1035	3512
1036	1202
1036	1591
1036	3399
1037	1128
1037	1820
1037	2572
1037	2771
1038	1135
1038	1339
1038	1510
1038	1833
1038	2460
1038	2802
1038	3542
1039	1390
1039	1839
1039	2116
1039	2374
1039	2532
1039	2715
1039	3556
1040	1473
1040	2321
1041	1381
1041	1558
1041	1998
1042	1054
1042	1097
1042	2051
1042	2074
1042	3079
1043	1325
1043	1326
1043	1845
1043	3278
1044	1141
1044	1163
1044	2510
1045	1288
1045	1610
1045	2019
1045	3341
1046	3700
1047	1317
1047	2053
1047	2466
1047	2651
1048	1403
1048	3634
1049	1065
1049	1300
1049	2222
1049	3298
1050	1355
1050	1386
1050	3924
1051	1058
1051	1250
1051	1448
1051	2212
1051	2950
1051	3834
1052	1619
1052	2168
1052	2626
1052	2647
1052	3608
1052	3898
1053	1462
1053	3822
1054	1663
1055	1741
1056	1059
1056	1238
1056	1594
1056	2268
1056	2509
1057	1089
1057	1269
1058	1831
1058	3655
1059	1232
1059	1449
1059	2367
1059	3521
1060	1604
1060	1883
1060	2552
1060	2575
1061	1794
1061	2354
1061	2785
1062	1212
1062	1404
1064	1459
1064	2990
1065	1199
1065	1240
1065	1359
1065	1564
1065	2348
1065	2461
1065	3757
1066	2139
1066	2213
1067	1922
1067	2782
1068	1652
1068	2016
1068	2429
1068	2646
1068	2688
1069	1413
1069	3660
1070	1181
1070	1409
1070	2365
1071	1315
1071	1436
1071	2387
1071	3033
1072	1167
1072	1734
1072	2243
1072	2468
1074	1958
1075	1529
1075	2111
1075	2571
1075	2873
1075	3823
1076	1317
1076	2446
1076	2477
1077	3478
1078	1855
1078	2574
1078	2942
1079	1190
1079	2122
1079	2506
1080	1501
1080	3484
1080	3687
1081	1366
1081	1400
1081	1755
1081	1936
1081	2761
1081	3274
1083	2191
1085	1134
1085	1138
1085	1204
1085	2143
1086	1365
1086	2726
1087	3268
1087	3383
1087	3862
1088	1618
1088	1633
1088	1788
1088	3207
1088	3264
1089	1222
1089	1539
1089	2247
1090	2623
1091	1144
1091	1378
1091	1598
1091	1747
1092	1850
1092	2218
1092	3942
1093	1892
1094	1208
1094	3167
1095	1391
1095	1613
1095	3188
1096	1277
1097	1514
1097	1647
1097	2659
1097	2769
1097	3342
1098	1379
1098	1585
1098	1732
1098	3163
1099	1453
1099	2213
1100	1681
1100	2170
1100	3008
1100	3510
1101	1707
1101	2867
1102	2698
1102	3041
1103	1185
1103	2026
1104	1408
1105	1341
1105	2733
1105	3506
1106	1589
1106	3571
1107	2458
1107	3386
1107	3736
1108	1844
1108	3476
1110	2067
1110	2132
1111	1178
1112	1859
1113	1261
1114	1786
1115	1588
1115	2113
1116	2752
1116	2778
1116	3515
1117	1582
1117	1938
1117	2011
1117	2275
1117	2717
1117	2760
1118	2798
1120	1145
1121	1659
1121	1685
1122	1441
1122	1869
1122	2269
1122	3125
1123	1518
1123	1912
1123	2778
1123	3245
1124	1772
1124	1809
1124	2253
1124	2589
1124	2794
1124	3110
1124	3191
1124	3772
1125	2727
1126	1153
1126	2251
1126	2626
1127	3489
1127	3886
1129	2154
1129	2230
1129	2673
1130	1437
1130	1661
1130	1797
1130	2959
1131	2005
1131	2366
1131	2740
1131	2958
1131	3534
1132	1967
1132	2415
1132	3581
1133	1210
1133	3252
1133	3663
1134	1667
1134	1895
1134	2127
1134	2788
1134	3370
1134	3605
1135	1172
1135	2611
1136	1447
1136	2628
1136	2787
1137	1168
1137	1457
1137	2568
1138	2351
1139	1247
1139	2762
1139	3911
1140	1373
1140	1697
1141	1354
1141	1625
1141	3888
1142	1203
1142	2120
1142	2296
1142	2633
1143	2254
1144	1494
1144	1607
1144	1949
1144	2118
1145	2842
1146	1746
1146	1896
1147	1414
1147	1548
1147	1981
1147	2043
1147	2096
1147	3789
1148	1194
1148	1376
1148	1377
1148	1648
1149	1173
1149	1259
1149	1838
1149	3027
1150	2447
1151	1171
1151	2814
1152	1531
1152	1710
1152	1972
1153	1572
1153	1761
1153	2072
1153	3608
1155	1457
1155	1516
1155	2059
1155	2206
1155	2315
1155	2664
1155	3593
1156	1200
1156	1331
1157	1577
1157	3325
1158	1610
1158	1860
1158	3418
1160	3259
1161	1217
1161	3446
1161	3678
1163	1539
1163	1809
1163	1882
1164	1523
1164	1979
1164	2108
1164	2477
1165	1569
1166	1217
1166	1443
1166	2419
1167	1901
1167	2067
1168	2097
1168	2167
1168	2972
1169	1865
1169	3197
1170	1284
1170	1449
1170	1734
1170	3583
1171	1255
1171	1382
1171	1879
1171	3102
1171	3152
1172	1224
1172	1382
1172	1454
1172	1711
1172	1751
1172	3157
1173	1669
1174	1181
1174	1490
1174	2207
1174	3200
1175	2556
1175	3658
1176	1292
1176	1625
1176	1726
1176	2234
1177	1353
1177	1615
1177	2463
1177	3021
1178	1325
1178	2816
1179	1714
1179	2167
1179	2218
1179	2821
1179	2905
1180	1428
1180	3080
1182	3534
1183	1556
1184	1393
1185	1207
1185	1329
1185	1502
1185	1824
1185	1911
1185	2048
1185	2790
1185	3468
1187	1560
1187	2496
1188	2577
1188	3857
1189	1198
1189	1605
1189	2329
1189	2625
1189	2815
1190	3516
1191	1714
1191	1815
1192	1296
1192	1599
1192	1737
1192	2316
1192	2805
1192	2950
1192	2970
1193	1948
1194	3852
1195	1796
1195	1874
1195	3657
1196	2880
1197	1252
1197	1477
1197	2282
1197	3854
1198	1279
1198	2091
1198	2710
1199	1259
1199	1272
1199	1922
1199	2447
1201	2738
1201	3956
1203	1334
1203	1369
1205	1670
1205	1700
1205	2285
1205	2451
1206	1513
1206	1665
1206	1983
1206	2119
1206	2642
1206	3600
1206	3674
1207	1307
1207	1542
1207	1691
1207	2385
1207	2540
1207	2749
1207	3596
1207	3633
1208	2425
1208	2886
1208	3625
1209	2502
1210	2209
1210	2801
1211	3493
1212	1223
1212	3204
1214	3026
1214	3247
1214	3488
1215	1544
1215	1698
1215	1961
1216	2850
1216	2986
1216	3526
1217	1250
1217	2384
1218	2507
1218	3542
1219	1556
1219	2192
1219	3814
1219	3875
1220	3010
1220	3483
1221	1340
1221	1384
1221	1893
1221	2054
1222	1278
1223	2184
1223	2298
1223	2736
1223	3002
1223	3161
1224	1499
1224	1523
1224	1884
1225	2854
1225	3972
1227	2718
1228	1230
1228	1486
1229	1481
1230	1983
1231	1981
1231	2400
1232	1683
1232	2692
1233	1268
1233	1752
1233	1914
1233	3481
1234	3769
1234	3962
1235	1580
1235	2044
1235	2732
1236	1416
1236	1647
1236	1664
1236	1881
1236	1984
1237	1348
1238	1667
1238	2055
1238	2983
1239	1455
1239	2540
1240	1412
1240	1637
1240	1928
1240	2923
1240	3787
1241	2052
1241	2815
1241	2817
1241	3907
1242	2298
1242	2511
1242	3023
1243	2953
1244	2149
1244	3570
1245	1385
1245	1465
1245	2514
1245	3275
1245	3822
1246	1702
1246	2035
1246	2274
1246	3374
1246	3647
1246	3946
1247	1614
1247	3873
1248	1270
1248	1299
1248	1601
1248	2236
1248	2250
1249	1424
1249	3263
1250	1530
1250	1741
1250	3222
1252	2219
1252	2325
1253	1499
1253	2050
1253	3059
1254	1379
1254	1709
1254	1891
1254	2033
1255	1287
1255	2845
1255	3194
1256	1522
1256	1617
1256	3098
1257	1418
1257	1821
1257	2812
1257	3107
1257	3168
1257	3649
1258	1468
1258	2074
1259	3402
1260	1823
1260	1963
1260	2143
1260	2199
1260	2344
1260	2610
1260	2783
1260	3795
1260	3829
1261	1694
1261	1842
1261	1969
1262	1360
1262	1454
1262	2636
1262	2827
1263	1522
1263	1599
1263	3766
1264	1396
1265	3555
1266	1798
1266	2995
1267	1554
1267	1920
1267	3662
1268	1394
1268	3088
1268	3421
1268	3585
1269	2259
1269	2882
1270	1811
1270	1903
1270	1991
1270	3532
1271	1651
1271	2520
1271	3813
1272	1315
1272	3878
1273	1758
1273	2858
1274	1870
1274	2303
1274	2620
1274	3317
1275	1977
1275	3086
1275	3150
1276	2146
1277	1585
1277	1646
1277	2584
1277	2604
1278	1335
1278	1431
1278	3411
1280	1656
1280	2338
1280	2373
1280	3478
1280	3947
1282	1318
1282	1935
1282	2284
1283	1417
1283	1483
1283	1706
1283	2145
1283	3115
1284	3304
1285	1665
1286	2708
1286	3690
1287	1328
1287	2554
1287	3003
1288	1290
1288	3466
1290	1950
1290	3546
1291	1471
1291	3841
1292	1316
1292	1546
1292	1762
1293	1745
1293	1775
1293	1784
1293	2225
1293	2562
1294	1616
1294	3127
1294	3362
1294	3686
1295	1547
1295	1808
1296	2093
1296	2161
1297	3156
1297	3702
1297	3930
1298	2280
1299	3225
1300	1994
1300	2588
1301	1703
1301	1897
1301	3186
1302	1688
1304	1642
1304	2934
1307	2722
1307	3647
1308	1852
1308	2462
1308	3046
1309	1540
1310	2904
1310	3293
1310	3834
1311	2751
1311	3966
1312	1624
1312	2228
1312	2444
1312	2964
1312	3412
1312	3528
1313	3369
1314	1562
1314	2041
1316	1526
1316	3028
1317	3483
1317	3644
1318	1338
1319	1331
1319	3184
1319	3523
1320	1954
1320	3637
1321	2393
1321	2842
1321	3180
1321	3452
1321	3816
1322	1493
1322	2164
1322	2378
1322	3257
1323	1979
1323	2086
1324	2199
1324	2553
1324	2658
1324	3268
1324	3798
1325	2754
1325	2812
1326	1452
1326	3807
1327	2994
1328	1952
1328	3424
1328	3475
1329	3030
1329	3903
1330	1852
1330	2396
1331	3314
1333	3271
1334	2758
1334	3587
1335	1444
1335	1534
1335	1862
1336	2244
1336	3138
1337	3750
1338	3740
1339	2008
1339	2256
1339	2285
1339	2487
1339	2709
1340	2764
1342	2398
1343	3082
1344	2803
1344	3428
1345	1517
1345	2963
1346	2174
1347	1778
1347	3763
1348	1503
1348	1512
1349	1455
1349	3471
1349	3539
1350	2110
1350	2297
1350	2397
1351	2486
1351	2539
1351	3319
1352	1402
1352	1472
1352	1696
1352	2075
1352	3518
1353	1480
1353	2586
1354	1536
1354	1993
1355	1465
1355	2343
1355	2430
1355	3292
1356	1890
1357	1540
1357	3512
1357	3925
1358	2351
1358	2439
1358	3173
1359	1970
1359	2249
1359	3281
1360	1639
1360	1684
1360	1702
1360	2483
1360	3944
1361	1517
1362	1369
1362	1416
1362	1989
1362	3588
1363	3352
1363	3765
1364	1982
1365	2166
1365	2819
1366	1742
1366	1760
1366	1808
1366	2237
1366	2654
1367	1600
1367	1697
1367	3407
1367	3709
1367	3886
1368	1989
1369	1867
1369	2594
1369	3121
1370	2737
1371	2210
1372	2021
1372	3248
1373	1386
1374	2172
1374	3652
1375	1769
1375	2243
1375	2330
1375	2929
1375	3653
1377	3220
1378	1391
1378	1548
1378	2141
1378	2262
1378	2497
1379	1718
1379	2133
1379	2683
1379	2710
1380	3006
1381	3327
1382	2516
1382	2565
1383	2088
1384	1918
1385	1944
1385	3204
1386	1450
1386	1491
1386	1620
1387	3440
1388	1535
1388	2728
1389	2379
1389	2911
1390	1851
1391	1640
1391	3073
1391	3195
1391	3493
1391	3584
1392	1509
1392	1543
1392	1770
1392	2245
1392	2856
1393	2791
1394	1471
1394	1482
1395	1498
1395	1616
1395	2797
1396	1631
1396	1720
1397	1909
1397	2422
1398	1445
1398	1668
1398	1679
1398	2340
1398	2856
1399	1525
1399	2568
1399	3190
1399	3630
1400	1551
1400	2219
1400	2313
1400	2346
1400	2655
1401	1757
1401	2775
1402	1526
1402	1699
1402	2081
1402	2250
1403	2629
1403	2975
1403	3937
1404	3403
1405	1406
1405	1566
1405	1675
1405	2012
1405	3129
1405	3949
1406	1442
1406	1868
1406	3122
1406	3236
1406	3267
1406	3413
1407	2476
1407	2832
1407	3024
1408	2403
1409	1878
1409	1885
1409	2829
1410	1421
1410	1738
1410	2206
1410	2336
1410	2789
1410	2802
1411	2648
1412	1800
1412	2040
1413	2702
1413	3171
1414	1703
1414	1959
1414	2681
1415	2521
1415	3866
1416	2668
1416	3352
1418	1474
1418	2076
1418	2506
1419	1449
1419	1920
1420	1602
1420	1636
1421	1959
1421	2889
1421	3940
1422	2436
1423	1768
1423	3131
1424	1931
1425	2470
1426	1978
1426	2849
1427	2231
1427	2978
1428	1541
1428	3009
1428	3289
1429	2350
1430	2858
1430	3657
1431	1884
1431	2211
1431	2481
1431	3827
1432	2846
1433	1531
1434	2649
1434	3354
1435	2034
1436	1439
1436	2673
1436	3785
1438	1470
1438	1696
1438	3043
1439	1729
1439	3868
1441	1505
1441	2847
1442	1694
1442	1754
1442	2141
1444	1657
1444	2565
1446	1510
1446	2432
1447	1712
1447	2300
1447	3375
1449	1489
1449	1628
1449	3404
1450	2364
1451	1909
1452	1689
1452	1937
1452	3452
1452	3664
1452	3892
1453	1647
1453	2102
1453	2685
1453	3023
1454	1880
1454	2607
1455	2390
1455	2862
1455	3517
1457	1555
1457	2070
1457	2363
1457	2501
1457	3112
1458	2964
1459	2375
1460	2002
1460	3104
1460	3472
1460	3663
1461	1472
1461	1551
1461	1956
1461	2666
1461	2753
1461	3034
1462	1822
1462	3530
1463	1946
1463	3096
1464	2917
1464	3367
1465	2051
1465	2354
1466	1907
1466	2757
1468	1635
1469	2313
1469	2372
1470	2800
1470	2885
1471	3085
1471	3108
1471	3298
1471	3749
1472	1489
1472	2300
1472	2334
1472	3424
1473	2850
1473	3052
1474	1584
1475	1903
1475	3203
1476	2227
1476	2248
1477	1693
1478	3735
1479	1726
1479	2038
1479	3062
1479	3377
1480	1816
1480	1940
1480	3727
1483	2004
1483	2958
1484	1889
1484	3058
1484	3155
1484	3522
1484	3826
1486	1626
1486	3330
1487	1965
1487	3829
1489	3488
1490	2022
1490	2977
1491	2693
1492	3345
1493	1754
1493	2142
1494	1537
1494	2530
1494	3665
1495	1566
1495	3306
1495	3377
1496	1544
1496	1677
1496	2893
1496	3146
1497	2201
1498	3020
1498	3591
1499	2017
1499	3295
1501	3283
1502	3049
1502	3873
1503	1606
1505	3135
1506	3416
1507	1817
1507	2196
1507	2564
1508	2924
1509	3095
1510	2159
1510	3709
1511	1635
1511	3667
1512	1578
1512	1898
1512	1917
1512	2848
1512	3051
1513	3860
1514	1804
1514	2149
1515	1957
1517	1519
1517	1934
1518	1574
1518	3256
1519	2538
1519	2688
1519	3985
1520	2543
1521	1787
1521	2676
1521	3466
1522	1749
1522	1824
1522	2592
1522	3070
1522	3309
1523	1653
1524	2566
1525	2899
1525	3785
1526	1559
1526	1908
1526	2005
1526	2091
1528	1645
1528	1731
1528	2493
1528	2980
1529	2467
1529	2849
1529	3159
1530	1727
1530	2465
1531	1654
1531	1660
1531	3625
1532	2654
1533	1769
1533	3465
1534	1799
1534	3385
1534	3836
1535	1916
1535	2172
1535	2758
1535	2970
1535	3572
1536	1561
1536	1862
1536	3291
1536	3484
1536	3708
1537	2344
1537	3576
1538	1918
1538	2044
1538	2800
1538	3744
1539	1871
1540	3601
1541	2433
1542	1563
1542	3105
1542	3909
1543	1573
1543	2820
1543	2921
1543	3791
1544	1639
1544	2118
1544	3317
1545	2891
1545	2938
1545	3448
1545	3450
1546	1951
1546	2008
1546	3271
1547	1744
1548	1570
1548	1629
1548	1753
1549	1624
1549	1770
1549	2073
1549	2136
1549	3103
1549	3238
1549	3246
1549	3602
1549	3636
1550	2081
1550	2194
1551	2234
1552	1619
1553	1974
1553	2793
1553	2957
1553	3779
1554	2479
1555	1649
1555	1898
1555	2909
1555	3737
1556	3022
1557	3923
1558	2330
1558	2445
1558	2797
1558	2811
1559	2559
1559	3919
1560	1740
1561	2548
1561	2760
1561	3396
1562	3520
1563	2223
1563	2768
1563	3066
1563	3334
1565	1875
1565	3833
1566	1859
1566	1974
1567	1881
1567	2706
1568	1785
1568	2420
1568	3476
1569	1872
1569	2200
1569	2942
1570	1943
1570	2021
1570	2452
1570	2583
1571	2870
1572	1856
1572	3802
1573	1608
1573	1794
1574	2138
1574	3053
1574	3453
1575	1807
1575	2130
1575	3276
1576	2775
1576	3670
1577	1997
1577	2620
1577	3045
1577	3663
1578	2456
1580	1673
1580	3562
1581	2416
1581	2454
1581	2560
1581	3803
1582	1630
1583	2047
1583	3685
1584	2023
1584	2417
1585	1798
1585	2489
1585	2644
1586	1929
1586	2473
1586	3366
1588	1673
1588	2634
1588	2820
1588	3249
1590	2423
1590	3054
1591	1835
1591	2735
1591	2821
1591	3979
1592	2283
1593	2636
1593	2916
1594	2988
1595	2131
1595	3539
1596	1766
1596	2414
1597	1804
1597	2549
1598	1818
1598	1853
1599	2272
1599	2713
1600	1689
1600	1964
1601	2772
1601	3191
1601	3333
1602	3790
1603	2892
1605	1648
1605	2045
1605	2413
1605	3277
1606	2003
1606	2470
1606	2518
1606	3071
1606	3240
1607	1632
1607	2739
1610	1623
1610	2252
1610	3547
1611	2145
1611	2916
1612	1863
1613	2032
1613	2930
1613	3618
1614	2237
1614	2305
1614	3037
1615	2825
1615	2976
1616	2036
1616	2931
1618	3963
1619	1632
1619	1764
1620	1996
1620	2000
1621	3418
1622	3770
1623	2384
1623	2521
1625	1847
1626	1809
1627	2061
1627	2242
1627	3429
1628	3184
1630	3286
1631	2478
1631	2587
1632	1654
1633	2487
1633	3140
1633	3679
1634	3879
1635	1699
1635	3972
1636	1851
1637	2324
1637	3193
1639	1833
1639	1925
1639	3119
1639	3385
1640	1813
1640	3185
1640	3655
1642	2326
1642	3431
1642	3445
1643	2157
1643	2328
1643	3261
1644	2979
1645	2355
1645	3038
1645	3266
1646	2539
1646	2816
1647	3248
1648	2314
1648	2779
1648	3859
1649	2007
1649	2152
1650	1949
1650	2401
1652	2280
1653	1728
1654	2270
1655	1814
1656	1975
1657	2103
1658	1668
1658	2396
1658	3147
1658	3511
1659	1680
1659	2080
1659	3040
1660	3454
1661	1900
1662	1720
1662	2025
1663	2251
1663	2629
1663	3269
1663	3858
1664	1735
1665	1788
1666	2362
1666	3284
1666	3479
1667	3157
1668	3602
1669	2189
1669	2585
1670	2177
1670	2835
1671	1701
1671	1748
1671	2049
1671	2399
1672	2744
1672	3277
1673	2272
1673	2877
1673	2919
1673	3057
1674	2268
1675	2102
1675	3307
1677	2090
1677	2343
1678	1755
1678	1998
1678	2915
1679	1739
1679	2301
1680	2839
1680	3673
1681	2184
1682	1792
1682	1801
1685	2255
1686	1943
1687	1908
1687	2216
1687	3143
1688	2266
1688	3032
1690	2468
1690	2823
1690	3047
1691	3193
1692	2576
1692	2843
1692	2943
1692	3382
1692	3748
1693	2163
1693	3670
1694	1942
1694	2369
1695	3089
1696	1775
1696	2187
1697	2265
1698	2173
1698	2767
1699	2263
1699	2601
1699	3415
1700	3422
1701	1849
1701	2792
1701	3760
1702	2232
1702	2389
1703	2355
1704	2278
1705	2342
1705	2412
1705	2510
1705	3313
1706	2226
1706	2938
1706	2980
1707	3385
1708	1865
1708	2527
1708	2827
1709	2058
1709	2948
1709	3411
1710	1895
1711	1724
1711	2928
1712	1955
1712	2879
1712	3613
1714	3624
1715	2039
1715	2480
1716	2750
1716	3566
1717	3437
1718	2873
1719	1791
1719	2790
1720	2134
1720	2394
1720	3359
1721	1877
1722	1933
1722	2457
1723	2030
1723	3831
1725	2384
1725	3036
1726	3757
1728	2258
1728	3030
1728	3671
1730	2608
1730	2609
1731	2006
1731	3324
1732	3703
1734	3620
1736	2698
1736	3126
1737	2376
1737	2492
1737	3401
1738	3932
1739	2677
1741	2731
1741	3420
1741	3612
1742	3926
1745	2926
1746	3124
1747	2028
1748	1836
1748	2674
1749	2742
1749	3068
1750	2064
1751	2166
1752	3496
1753	1815
1753	2196
1753	2558
1753	3345
1754	3183
1756	2331
1756	2552
1756	3679
1758	2455
1758	2992
1758	3783
1759	2694
1759	3445
1759	3545
1760	2171
1761	2772
1761	2914
1762	2053
1762	3713
1762	3820
1765	3237
1765	3677
1766	2770
1766	3889
1767	1940
1767	2077
1767	2755
1767	3557
1768	3717
1770	2436
1771	2027
1771	2274
1771	3323
1772	1874
1772	3108
1773	2326
1774	2129
1775	2809
1775	3459
1776	2892
1777	2135
1777	2722
1778	1968
1779	2831
1779	3238
1780	2929
1781	2787
1782	2601
1782	3016
1782	3575
1783	2666
1784	2596
1784	3062
1784	3232
1785	2179
1786	1917
1786	2875
1787	2804
1787	3179
1789	2623
1789	3404
1790	2304
1790	2443
1791	2581
1792	3077
1793	2105
1793	2249
1794	3100
1796	2488
1797	1959
1797	2515
1798	1900
1798	2437
1798	2724
1799	1846
1799	2464
1799	2853
1800	2215
1800	3075
1800	3753
1801	3331
1803	1999
1803	2098
1804	1849
1804	1873
1804	3799
1804	3870
1805	3214
1806	1933
1808	2402
1808	3355
1809	3607
1810	2418
1811	3827
1813	2193
1814	2838
1815	2358
1817	3836
1818	3244
1819	2224
1820	1836
1820	2322
1820	2399
1820	2450
1820	2993
1821	2246
1821	2582
1823	2214
1823	3228
1824	2279
1825	2126
1826	3137
1826	3444
1827	1962
1827	2646
1828	1830
1828	1973
1828	1976
1828	3878
1829	2310
1829	2810
1830	2101
1830	2405
1830	3584
1831	2288
1831	3340
1832	2253
1832	3587
1833	3089
1834	2057
1834	2303
1834	2642
1835	3233
1837	2548
1837	3529
1839	1926
1840	1886
1840	2009
1841	1938
1843	1856
1844	2611
1844	3303
1845	2491
1845	2696
1845	3171
1848	1931
1848	3230
1849	2431
1849	2653
1849	3285
1850	2266
1851	1855
1851	2650
1851	2796
1851	3790
1852	2504
1852	3360
1853	2712
1856	2189
1856	2939
1857	1875
1857	3536
1858	2006
1858	2494
1858	2567
1858	3387
1859	2613
1859	3032
1859	3394
1860	2350
1861	2264
1862	3094
1862	3784
1863	1969
1863	2440
1863	2750
1865	3922
1867	2729
1867	3027
1867	3794
1871	2327
1872	2316
1873	1929
1873	1994
1873	3050
1873	3081
1876	1932
1876	2441
1876	2728
1876	3182
1877	2678
1878	3600
1878	3994
1879	3912
1880	2422
1881	2852
1881	3551
1881	3855
1883	2912
1885	2490
1885	3946
1888	2010
1888	3786
1889	3261
1890	3599
1891	2092
1892	2169
1893	2312
1893	2725
1893	3556
1894	2694
1896	2332
1896	2656
1896	3446
1897	2147
1899	3041
1900	2087
1903	2427
1903	2719
1903	3787
1904	2982
1905	1987
1906	2047
1907	3662
1908	2452
1908	3076
1908	3637
1909	2715
1909	3130
1910	2372
1911	3716
1912	2563
1914	3379
1915	1960
1915	2349
1916	2343
1917	2114
1917	2175
1917	3724
1917	3772
1918	1934
1918	2078
1920	2246
1920	3071
1920	3131
1923	3997
1924	2169
1924	3194
1924	3815
1925	2215
1925	2241
1925	2358
1926	2476
1926	3514
1926	3961
1927	2813
1927	3898
1928	2435
1928	2531
1928	3082
1929	2583
1931	1942
1931	2099
1931	2485
1931	2713
1932	1987
1932	2079
1932	3455
1934	2338
1934	3864
1936	2560
1936	2743
1936	3054
1937	2356
1937	3540
1938	2205
1938	3078
1939	2667
1939	2813
1939	3243
1943	2518
1943	2693
1943	3128
1944	2066
1944	2084
1944	3136
1944	3885
1945	3109
1948	2519
1948	3996
1949	3169
1949	3567
1950	2038
1950	2062
1952	2534
1952	3801
1955	2179
1955	2278
1955	2381
1955	3438
1955	3769
1956	2433
1959	1966
1959	2125
1962	1977
1962	2593
1962	2669
1963	2592
1964	3758
1964	3792
1965	2406
1965	3042
1966	2068
1966	2514
1967	2604
1967	2705
1968	2045
1968	3515
1969	3863
1971	3056
1973	3743
1973	3961
1974	2124
1974	2957
1975	2121
1975	2686
1975	2828
1975	3390
1976	2430
1977	2309
1977	2648
1977	3183
1977	3928
1977	3986
1978	2837
1979	2706
1981	2202
1981	2749
1983	2699
1984	3959
1986	2556
1986	2785
1987	2156
1987	3099
1987	3581
1988	3138
1989	2576
1989	2625
1989	3010
1990	2003
1990	3017
1990	3417
1994	2046
1994	2441
1994	3288
1995	3450
1996	3782
1997	2037
1997	2277
1999	3076
2000	2207
2000	2814
2001	2156
2002	2548
2002	3890
2003	2621
2004	2888
2005	2036
2005	2900
2005	3448
2006	3480
2008	2017
2010	2297
2010	2584
2010	3644
2012	2818
2012	3045
2012	3474
2012	3976
2013	2405
2013	3992
2016	2685
2017	3594
2019	2624
2019	2774
2019	2982
2020	2643
2021	2969
2024	2575
2024	3414
2024	3768
2025	2941
2026	2418
2026	2526
2027	2115
2028	2182
2028	2627
2030	2412
2030	3048
2031	2148
2032	3365
2033	2869
2033	3623
2035	2443
2035	3559
2036	2465
2036	2484
2037	2089
2037	2631
2038	2191
2038	3840
2039	2635
2039	3215
2040	2869
2041	2301
2041	2537
2042	2162
2042	2948
2043	2587
2045	2114
2045	2557
2046	3389
2047	2246
2047	2610
2048	2472
2048	2612
2048	3720
2049	3543
2051	2705
2051	3224
2052	3083
2055	2175
2055	2718
2056	2767
2058	2838
2059	2716
2059	3160
2060	2541
2060	3497
2061	2409
2061	2878
2061	3410
2062	2650
2063	2306
2063	3091
2064	2283
2064	2744
2064	2891
2065	2151
2065	2359
2065	2442
2065	2891
2066	2277
2066	3708
2067	2741
2068	2293
2069	2504
2069	2962
2069	3273
2070	2380
2070	2391
2073	2335
2073	2515
2074	2859
2075	3791
2076	3120
2077	2279
2080	3931
2081	3981
2082	2100
2082	2925
2083	2731
2083	2951
2083	3288
2086	2986
2086	3107
2086	3565
2087	2261
2087	3031
2088	3227
2089	2090
2089	2239
2090	2304
2090	2953
2090	3367
2091	3561
2092	2288
2093	2276
2093	2336
2093	2640
2093	3149
2093	3702
2094	2323
2094	2998
2099	2140
2099	2702
2099	3118
2100	2340
2101	3773
2102	2457
2103	2641
2104	2737
2105	2348
2105	3622
2106	2529
2106	3447
2106	3843
2107	2262
2108	3103
2108	3905
2109	2273
2109	3033
2109	3777
2112	2440
2112	2680
2112	3346
2113	2196
2113	3793
2114	3970
2117	2538
2118	2200
2118	2781
2118	2945
2119	2906
2121	2523
2121	3311
2121	3985
2122	2701
2123	2256
2124	2153
2124	3508
2125	3395
2126	3875
2127	2203
2128	2211
2128	3635
2128	3751
2129	2158
2130	2643
2130	3406
2131	2370
2131	3139
2132	2822
2133	3809
2135	3441
2136	2176
2136	2582
2136	3235
2137	2264
2137	2577
2137	3487
2138	3473
2139	2199
2143	3133
2145	2376
2145	2606
2147	2399
2147	3625
2147	3640
2149	2580
2151	2223
2151	2707
2151	3874
2152	2428
2153	2371
2153	2574
2153	2616
2155	2188
2155	2656
2155	3824
2156	2361
2158	3010
2158	3956
2159	2633
2159	2641
2159	2861
2162	2670
2162	3141
2162	3349
2163	2411
2164	2391
2164	2628
2164	3770
2165	2249
2166	2837
2167	2497
2168	2526
2168	3405
2169	3698
2171	3405
2172	2926
2174	2267
2175	2580
2175	2881
2175	3481
2176	2294
2176	3278
2176	3316
2177	3134
2178	2311
2178	2389
2178	2407
2180	3214
2181	2844
2181	3444
2182	3564
2182	3980
2184	2789
2184	2987
2184	3645
2185	2854
2185	3830
2186	2299
2187	2804
2189	3362
2190	2289
2191	2679
2191	2824
2191	3757
2191	3907
2193	2987
2194	3137
2195	2869
2195	2888
2197	2318
2197	2959
2198	2360
2198	3957
2200	2936
2201	2323
2202	2361
2202	2680
2202	3990
2205	2367
2205	2773
2206	2438
2208	3265
2209	2461
2209	3817
2209	3974
2210	2438
2210	2573
2211	3837
2212	3447
2212	3890
2215	3439
2215	3871
2216	2235
2216	3777
2217	2546
2217	2943
2217	3971
2218	2903
2218	2966
2218	3432
2219	2257
2219	3692
2220	2421
2220	3735
2220	3941
2221	3508
2221	3767
2223	2581
2223	3151
2223	3214
2223	3300
2223	3396
2223	3951
2224	2862
2226	2469
2226	3003
2227	2287
2227	3643
2229	2541
2232	3580
2233	3009
2233	3215
2235	2245
2236	2254
2236	2519
2236	2986
2236	3502
2237	3482
2237	3751
2240	2555
2240	3167
2242	3369
2245	3055
2246	2403
2246	3328
2246	3355
2247	3111
2248	2269
2250	3099
2250	3224
2251	2369
2251	3764
2253	2271
2253	2733
2254	2662
2254	3039
2256	3165
2257	2612
2257	3949
2259	2523
2259	2534
2259	2735
2260	2945
2260	3415
2262	3232
2264	3439
2267	3121
2267	3966
2268	2284
2269	2720
2269	2894
2269	3170
2270	3563
2272	3552
2273	2931
2274	2947
2275	3753
2276	3495
2278	2352
2278	3612
2279	2475
2280	3097
2280	3751
2281	2312
2281	2686
2281	3274
2282	3442
2284	2342
2286	3881
2286	3883
2287	2773
2287	3933
2288	2731
2288	3142
2288	3863
2291	3604
2291	3920
2292	2296
2292	2305
2292	3353
2294	2535
2294	3077
2295	2459
2295	3485
2297	2784
2297	3061
2298	2447
2298	3134
2299	3453
2300	3611
2301	3181
2301	3216
2302	2413
2303	3544
2303	3806
2304	3475
2305	2677
2305	2981
2305	3069
2305	3237
2306	2388
2306	3206
2309	2714
2309	3588
2310	3868
2311	3524
2311	3691
2312	2863
2313	2822
2313	3610
2315	2708
2315	3329
2318	3853
2320	2847
2320	3031
2322	3450
2323	2434
2323	2486
2323	3925
2324	2682
2325	3241
2325	3780
2325	3962
2326	2886
2328	3955
2329	2495
2329	3021
2330	2788
2333	3639
2335	3391
2336	3815
2337	3961
2338	3197
2339	3498
2343	2671
2343	2906
2343	3174
2345	2961
2345	3196
2345	3699
2346	2517
2346	3280
2347	2424
2352	3619
2352	3772
2353	3368
2354	3429
2354	3750
2354	3805
2356	3820
2357	2769
2358	2742
2359	2734
2360	3124
2361	3531
2363	2904
2363	3037
2363	3808
2364	3155
2364	3715
2364	3975
2365	2736
2368	2490
2369	2759
2373	3166
2374	2425
2374	2965
2374	3452
2374	3980
2375	3714
2376	2968
2378	3013
2378	3461
2379	2394
2379	3088
2380	2507
2380	3279
2380	3336
2381	2533
2381	3116
2382	2554
2382	2691
2384	3114
2384	3941
2385	2895
2386	3728
2387	2616
2388	2726
2390	3988
2391	2978
2391	3229
2394	3611
2394	3821
2396	3145
2396	3548
2397	3022
2399	2771
2399	3893
2402	3547
2403	2503
2403	3938
2404	3609
2405	2855
2406	3905
2407	2756
2407	3011
2408	2590
2409	2591
2410	2600
2410	2762
2410	3302
2411	3318
2412	2652
2412	2868
2412	2898
2413	2840
2414	3409
2416	2596
2418	3110
2419	3861
2419	3870
2420	2455
2421	2451
2422	2675
2425	2824
2427	3335
2429	2473
2430	3090
2431	3303
2433	2508
2433	2687
2433	3229
2433	3296
2433	3577
2433	3967
2434	3808
2435	3012
2435	3148
2438	2522
2438	3601
2439	3680
2441	2456
2445	3380
2445	3766
2445	3937
2446	3322
2446	3667
2447	2763
2447	2782
2449	3363
2450	3407
2451	3812
2452	3538
2456	3243
2461	3997
2463	3142
2463	3996
2465	2903
2465	3607
2468	3357
2468	3810
2469	2683
2469	2776
2469	3222
2470	2505
2470	2513
2470	2879
2470	2966
2470	3195
2471	3239
2473	3257
2473	3269
2473	3476
2475	2492
2475	3177
2476	2883
2478	2897
2478	3563
2479	2991
2481	3933
2484	3626
2485	2740
2485	3015
2485	3683
2485	3711
2485	3842
2487	3212
2488	3230
2488	3455
2490	3101
2490	3251
2492	2870
2492	2973
2493	2780
2493	3190
2493	3740
2495	2883
2495	3042
2495	3143
2495	3371
2497	2586
2499	3029
2499	3216
2500	2786
2500	3025
2500	3423
2501	2915
2502	3560
2502	3811
2504	3692
2505	2866
2506	2648
2506	2955
2506	3217
2507	2887
2507	3849
2508	2725
2509	3482
2509	3659
2510	3889
2512	2570
2513	3126
2513	3361
2513	3509
2514	3201
2514	3585
2517	3038
2517	3117
2518	3123
2518	3658
2519	2649
2523	3540
2523	3905
2526	3015
2527	3913
2529	2920
2529	2928
2533	3185
2533	3258
2534	3110
2534	3680
2536	2997
2537	2809
2538	3392
2540	3231
2541	2640
2544	2672
2544	2707
2544	3739
2546	3468
2547	2930
2548	3583
2549	2667
2549	3106
2550	3640
2551	3388
2552	3390
2553	3747
2554	3623
2554	3743
2556	2763
2556	3545
2556	3818
2557	2721
2558	3778
2561	2703
2561	3012
2562	2740
2563	2634
2569	3281
2571	2807
2572	3005
2572	3206
2572	3500
2574	3199
2575	3989
2577	2585
2577	3025
2580	2757
2583	3668
2588	2842
2588	2871
2589	3113
2594	2868
2595	3014
2596	3028
2596	3361
2596	3913
2597	2826
2598	2779
2598	2949
2599	3895
2602	3564
2603	3381
2604	2795
2605	2832
2606	3228
2606	3494
2606	3849
2610	2868
2610	3464
2610	3737
2611	2956
2612	2659
2613	2780
2614	3065
2618	2969
2619	3615
2619	3921
2620	2834
2622	2863
2622	3940
2623	3064
2627	2902
2630	2965
2630	3989
2631	3480
2632	3000
2632	3403
2632	3516
2635	3731
2637	3734
2638	3171
2638	3764
2642	2747
2642	2867
2645	2839
2645	3094
2646	3914
2647	2753
2648	2967
2649	3543
2651	3398
2651	3535
2652	3433
2654	3924
2655	2671
2656	2921
2656	3044
2657	2791
2658	3061
2659	3595
2663	3034
2663	3527
2665	3595
2665	3865
2667	3418
2668	2952
2669	3018
2669	3308
2670	2952
2670	3915
2671	3991
2672	3451
2676	3004
2676	3344
2676	3462
2676	3744
2678	3214
2680	3992
2681	3559
2682	3884
2683	3774
2684	2756
2685	3638
2687	2956
2688	3677
2688	3963
2692	2860
2695	2896
2695	3633
2697	3511
2698	2971
2700	3664
2704	2999
2704	3253
2712	3606
2716	3005
2717	2720
2722	3934
2723	3149
2724	2845
2726	3187
2726	3903
2728	3414
2731	2799
2731	3079
2733	3270
2733	3676
2734	2745
2734	3423
2734	3656
2734	3756
2735	3617
2736	2830
2736	3830
2740	3621
2743	3418
2743	3479
2745	3627
2748	3006
2748	3074
2749	2840
2749	2884
2752	2978
2756	3285
2758	3202
2759	2865
2761	3802
2762	3218
2763	3400
2764	3586
2766	2897
2767	3651
2768	3315
2773	2793
2773	3252
2774	2935
2775	3373
2775	3732
2775	3782
2776	3561
2778	2975
2779	2806
2780	3231
2780	3796
2781	2944
2782	3305
2782	3376
2783	3519
2783	3982
2785	3290
2786	3606
2786	3897
2789	2909
2789	3693
2790	3166
2791	3346
2793	2968
2794	3205
2795	3299
2795	3347
2795	3498
2796	3210
2797	3078
2797	3200
2797	3506
2798	3632
2799	2829
2799	3223
2800	3472
2801	2972
2801	3627
2803	3343
2808	2944
2808	3043
2808	3629
2810	3198
2810	3339
2810	3642
2816	3490
2818	2855
2818	3049
2820	2828
2822	3458
2824	3208
2825	3574
2829	3761
2830	3532
2834	3389
2835	3307
2839	3945
2840	2913
2840	3492
2840	3557
2843	2902
2843	3704
2845	3821
2849	3686
2850	2899
2850	3571
2853	3336
2853	3529
2855	3132
2860	3375
2861	3417
2862	2988
2865	3072
2865	3393
2865	3440
2867	2946
2868	2966
2869	3727
2874	3316
2875	3425
2875	3646
2879	3921
2880	3314
2882	3141
2884	3152
2884	3386
2885	3653
2885	3873
2886	3710
2891	3161
2891	3360
2892	3309
2892	3905
2896	3399
2898	2922
2898	3513
2900	3570
2901	3153
2906	3421
2907	3014
2908	3136
2911	3000
2911	3533
2913	2927
2913	3312
2914	2920
2914	3250
2914	3380
2916	3695
2916	3979
2918	3073
2923	2946
2923	3039
2923	3465
2925	3213
2926	3046
2926	3096
2926	3463
2927	3491
2928	3629
2928	3752
2934	3869
2942	3225
2943	3494
2944	3394
2947	3647
2950	3365
2951	3563
2951	3885
2953	2984
2954	3549
2954	3796
2962	3058
2962	3643
2962	3660
2963	3797
2966	3751
2967	3882
2968	3080
2969	3047
2969	3746
2970	3914
2971	3148
2973	3438
2975	3125
2975	3358
2976	2993
2976	3425
2979	3387
2980	3409
2980	3829
2981	3340
2984	3127
2989	3292
2995	3672
2995	3791
2996	3256
2997	3230
2998	3592
2998	3984
3003	3435
3003	3853
3003	3965
3005	3056
3006	3273
3007	3262
3007	3851
3008	3504
3009	3958
3014	3862
3015	3642
3025	3163
3025	3230
3025	3981
3032	3117
3036	3371
3036	3616
3039	3067
3039	3151
3040	3888
3041	3302
3043	3211
3043	3304
3044	3423
3047	3398
3048	3894
3049	3272
3050	3401
3050	3926
3053	3499
3055	3957
3056	3537
3056	3649
3056	3970
3060	3773
3062	3308
3062	3742
3063	3691
3063	3819
3067	3922
3068	3487
3072	3892
3075	3198
3078	3210
3078	3823
3078	3877
3080	3577
3081	3254
3082	3780
3085	3763
3091	3313
3095	3742
3096	3354
3096	3366
3096	3812
3098	3250
3100	3866
3102	3178
3104	3767
3106	3573
3108	3697
3110	3370
3123	3589
3124	3567
3124	3694
3126	3234
3133	3752
3135	3754
3136	3683
3137	3397
3141	3253
3142	3246
3147	3663
3148	3546
3150	3932
3151	3179
3151	3189
3152	3359
3153	3609
3155	3255
3155	3859
3157	3544
3160	3490
3165	3241
3166	3579
3167	3291
3167	3513
3169	3573
3170	3284
3171	3725
3174	3659
3178	3342
3179	3706
3180	3719
3181	3858
3183	3457
3185	3520
3185	3530
3186	3338
3187	3364
3187	3433
3190	3236
3191	3728
3193	3917
3194	3492
3194	3809
3196	3384
3197	3868
3201	3449
3201	3889
3203	3706
3203	3906
3204	3450
3205	3684
3206	3671
3208	3814
3214	3662
3219	3797
3221	3364
3221	3575
3221	3800
3238	3321
3239	3736
3246	3978
3249	3661
3251	3422
3255	3454
3257	3761
3258	3467
3261	3910
3262	3299
3264	3267
3264	3994
3265	3426
3265	3461
3267	3848
3270	3624
3275	3861
3283	3615
3287	3749
3287	3806
3288	3958
3294	3942
3299	3715
3300	3681
3317	3323
3324	3341
3324	3765
3328	3614
3330	3707
3332	3431
3333	3804
3334	3603
3338	3602
3343	3950
3346	3507
3349	3486
3350	3557
3353	3771
3357	3502
3358	3631
3359	3397
3360	3462
3361	3378
3361	4000
3362	3602
3364	3504
3366	3872
3367	3625
3376	3471
3378	3887
3380	3652
3380	3984
3382	3699
3384	3632
3384	3649
3389	3684
3389	3927
3393	3620
3393	3696
3394	3990
3395	3568
3398	3619
3404	3952
3408	3486
3410	3884
3415	3756
3420	3934
3424	3596
3429	3877
3430	3433
3433	3566
3443	3639
3446	3501
3450	3469
3452	3902
3453	3732
3455	3538
3459	3604
3459	3798
3460	3844
3462	3794
3468	3795
3472	3675
3476	3741
3477	3554
3482	3514
3485	3672
3495	3783
3496	3624
3501	3800
3511	3913
3514	3879
3516	3703
3518	3866
3520	3965
3521	3819
3521	3959
3525	3811
3525	3856
3530	3886
3530	3939
3530	3944
3536	3580
3538	3953
3539	3810
3540	3730
3541	3975
3542	3978
3548	3634
3548	3850
3549	3733
3552	3851
3553	3788
3556	3995
3563	3693
3577	3733
3578	3710
3580	3674
3580	3906
3580	3929
3581	3731
3596	3852
3606	3855
3610	3803
3613	3734
3615	3778
3620	3868
3625	3774
3642	3694
3652	3818
3654	3973
3656	3995
3658	3779
3661	3738
3661	3919
3666	3835
3677	3738
3678	3954
3680	3905
3682	3856
3692	3936
3693	3729
3693	3952
3702	3873
3703	3817
3717	3722
3717	3748
3731	3910
3732	3983
3745	3775
3749	3987
3753	3841
3758	3760
3775	3904
3776	3813
3791	3935
3801	3844
3802	3923
3804	3918
3817	3993
3826	3845
3828	3998
3837	3931
3873	3926
3938	3944
3940	3960
