1	2
1	3
1	4
1	5
1	6
1	7
1	8
1	9
1	10
1	11
1	12
1	13
1	14
1	15
1	16
2	17
2	18
2	19
2	20
3	21
3	22
3	23
3	24
4	25
4	26
4	27
4	28
5	6
5	7
5	8
5	9
5	10
5	11
5	29
5	30
5	31
5	32
5	33
5	34
5	35
5	36
5	37
5	38
5	39
5	40
5	41
5	42
5	43
5	44
5	45
5	46
5	47
5	48
5	49
5	50
5	51
5	52
5	53
5	54
5	55
5	56
6	7
6	8
6	9
6	10
6	11
6	57
6	58
6	59
6	60
6	61
6	62
6	63
6	64
6	65
6	66
6	67
6	68
6	69
6	70
6	71
6	72
6	73
6	74
6	75
6	76
6	77
6	78
6	79
6	80
6	81
6	82
6	83
6	84
7	8
7	9
7	10
7	11
7	85
7	86
7	87
7	88
7	89
7	90
7	91
7	92
7	93
7	94
7	95
7	96
7	97
7	98
7	99
7	100
7	101
7	102
7	103
7	104
7	105
7	106
7	107
7	108
7	109
7	110
7	111
7	112
8	9
8	10
8	11
8	113
8	114
8	115
8	116
8	117
8	118
8	119
8	120
8	121
8	122
8	123
8	124
8	125
8	126
8	127
8	128
8	129
8	130
8	131
8	132
8	133
8	134
8	135
8	136
8	137
8	138
8	139
8	140
9	10
9	11
9	141
9	142
9	143
9	144
9	145
9	146
9	147
9	148
9	149
9	150
9	151
9	152
9	153
9	154
9	155
9	156
9	157
9	158
9	159
9	160
9	161
9	162
9	163
9	164
9	165
9	166
9	167
9	168
10	11
10	169
10	170
10	171
10	172
10	173
10	174
10	175
10	176
10	177
10	178
10	179
10	180
10	181
10	182
10	183
10	184
10	185
10	186
10	187
10	188
10	189
10	190
10	191
10	192
10	193
10	194
10	195
10	196
11	197
11	198
11	199
11	200
11	201
11	202
11	203
11	204
11	205
11	206
11	207
11	208
11	209
11	210
11	211
11	212
11	213
11	214
11	215
11	216
11	217
11	218
11	219
11	220
11	221
11	222
11	223
11	224
12	225
12	226
12	227
12	228
13	229
13	230
13	231
13	232
14	233
14	234
14	235
14	236
15	237
15	238
15	239
15	240
16	241
16	242
16	243
16	244
17	18
17	245
17	246
17	247
17	248
17	249
17	250
17	251
17	252
18	253
18	254
18	255
18	256
18	257
18	258
18	259
18	260
19	261
19	262
19	263
19	264
20	265
20	266
20	267
20	268
21	22
21	269
21	270
21	271
21	272
21	273
21	274
21	275
21	276
22	277
22	278
22	279
22	280
22	281
22	282
22	283
22	284
23	285
23	286
23	287
23	288
24	289
24	290
24	291
24	292
25	26
25	293
25	294
25	295
25	296
25	297
25	298
25	299
25	300
26	301
26	302
26	303
26	304
26	305
26	306
26	307
26	308
27	309
27	310
27	311
27	312
28	313
28	314
28	315
28	316
29	30
29	31
29	32
29	33
29	34
29	35
29	36
29	37
29	38
29	39
29	40
29	41
29	42
29	43
29	44
29	45
30	31
30	32
30	33
30	34
30	35
30	36
30	37
30	38
30	39
30	40
30	41
30	42
30	43
30	44
30	45
31	32
31	33
31	34
31	35
31	36
31	37
31	38
31	39
31	40
31	41
31	42
31	43
31	44
31	45
32	33
32	34
32	35
32	36
32	37
32	38
32	39
32	40
32	41
32	42
32	43
32	44
32	45
33	34
33	35
33	36
33	37
33	38
33	39
33	40
33	41
33	42
33	43
33	44
33	45
34	35
34	36
34	37
34	38
34	39
34	40
34	41
34	42
34	43
34	44
34	45
35	36
35	37
35	38
35	39
35	40
35	41
35	42
35	43
35	44
35	45
36	37
36	38
36	39
36	40
36	41
36	42
36	43
36	44
36	45
37	38
37	39
37	40
37	41
37	42
37	43
37	44
37	45
38	39
38	40
38	41
38	42
38	43
38	44
38	45
39	40
39	41
39	42
39	43
39	44
39	45
40	41
40	42
40	43
40	44
40	45
41	42
41	43
41	44
41	45
42	43
42	44
42	45
43	44
43	45
44	45
57	58
57	59
57	60
57	61
57	62
57	63
57	64
57	65
57	66
57	67
57	68
57	69
57	70
57	71
57	72
57	73
58	59
58	60
58	61
58	62
58	63
58	64
58	65
58	66
58	67
58	68
58	69
58	70
58	71
58	72
58	73
59	60
59	61
59	62
59	63
59	64
59	65
59	66
59	67
59	68
59	69
59	70
59	71
59	72
59	73
60	61
60	62
60	63
60	64
60	65
60	66
60	67
60	68
60	69
60	70
60	71
60	72
60	73
61	62
61	63
61	64
61	65
61	66
61	67
61	68
61	69
61	70
61	71
61	72
61	73
62	63
62	64
62	65
62	66
62	67
62	68
62	69
62	70
62	71
62	72
62	73
63	64
63	65
63	66
63	67
63	68
63	69
63	70
63	71
63	72
63	73
64	65
64	66
64	67
64	68
64	69
64	70
64	71
64	72
64	73
65	66
65	67
65	68
65	69
65	70
65	71
65	72
65	73
66	67
66	68
66	69
66	70
66	71
66	72
66	73
67	68
67	69
67	70
67	71
67	72
67	73
68	69
68	70
68	71
68	72
68	73
69	70
69	71
69	72
69	73
70	71
70	72
70	73
71	72
71	73
72	73
85	86
85	87
85	88
85	89
85	90
85	91
85	92
85	93
85	94
85	95
85	96
85	97
85	98
85	99
85	100
85	101
86	87
86	88
86	89
86	90
86	91
86	92
86	93
86	94
86	95
86	96
86	97
86	98
86	99
86	100
86	101
87	88
87	89
87	90
87	91
87	92
87	93
87	94
87	95
87	96
87	97
87	98
87	99
87	100
87	101
88	89
88	90
88	91
88	92
88	93
88	94
88	95
88	96
88	97
88	98
88	99
88	100
88	101
89	90
89	91
89	92
89	93
89	94
89	95
89	96
89	97
89	98
89	99
89	100
89	101
90	91
90	92
90	93
90	94
90	95
90	96
90	97
90	98
90	99
90	100
90	101
91	92
91	93
91	94
91	95
91	96
91	97
91	98
91	99
91	100
91	101
92	93
92	94
92	95
92	96
92	97
92	98
92	99
92	100
92	101
93	94
93	95
93	96
93	97
93	98
93	99
93	100
93	101
94	95
94	96
94	97
94	98
94	99
94	100
94	101
95	96
95	97
95	98
95	99
95	100
95	101
96	97
96	98
96	99
96	100
96	101
97	98
97	99
97	100
97	101
98	99
98	100
98	101
99	100
99	101
100	101
113	114
113	115
113	116
113	117
113	118
113	119
113	120
113	121
113	122
113	123
113	124
113	125
113	126
113	127
113	128
113	129
114	115
114	116
114	117
114	118
114	119
114	120
114	121
114	122
114	123
114	124
114	125
114	126
114	127
114	128
114	129
115	116
115	117
115	118
115	119
115	120
115	121
115	122
115	123
115	124
115	125
115	126
115	127
115	128
115	129
116	117
116	118
116	119
116	120
116	121
116	122
116	123
116	124
116	125
116	126
116	127
116	128
116	129
117	118
117	119
117	120
117	121
117	122
117	123
117	124
117	125
117	126
117	127
117	128
117	129
118	119
118	120
118	121
118	122
118	123
118	124
118	125
118	126
118	127
118	128
118	129
119	120
119	121
119	122
119	123
119	124
119	125
119	126
119	127
119	128
119	129
120	121
120	122
120	123
120	124
120	125
120	126
120	127
120	128
120	129
121	122
121	123
121	124
121	125
121	126
121	127
121	128
121	129
122	123
122	124
122	125
122	126
122	127
122	128
122	129
123	124
123	125
123	126
123	127
123	128
123	129
124	125
124	126
124	127
124	128
124	129
125	126
125	127
125	128
125	129
126	127
126	128
126	129
127	128
127	129
128	129
141	142
141	143
141	144
141	145
141	146
141	147
141	148
141	149
141	150
141	151
141	152
141	153
141	154
141	155
141	156
141	157
142	143
142	144
142	145
142	146
142	147
142	148
142	149
142	150
142	151
142	152
142	153
142	154
142	155
142	156
142	157
143	144
143	145
143	146
143	147
143	148
143	149
143	150
143	151
143	152
143	153
143	154
143	155
143	156
143	157
144	145
144	146
144	147
144	148
144	149
144	150
144	151
144	152
144	153
144	154
144	155
144	156
144	157
145	146
145	147
145	148
145	149
145	150
145	151
145	152
145	153
145	154
145	155
145	156
145	157
146	147
146	148
146	149
146	150
146	151
146	152
146	153
146	154
146	155
146	156
146	157
147	148
147	149
147	150
147	151
147	152
147	153
147	154
147	155
147	156
147	157
148	149
148	150
148	151
148	152
148	153
148	154
148	155
148	156
148	157
149	150
149	151
149	152
149	153
149	154
149	155
149	156
149	157
150	151
150	152
150	153
150	154
150	155
150	156
150	157
151	152
151	153
151	154
151	155
151	156
151	157
152	153
152	154
152	155
152	156
152	157
153	154
153	155
153	156
153	157
154	155
154	156
154	157
155	156
155	157
156	157
169	170
169	171
169	172
169	173
169	174
169	175
169	176
169	177
169	178
169	179
169	180
169	181
169	182
169	183
169	184
169	185
170	171
170	172
170	173
170	174
170	175
170	176
170	177
170	178
170	179
170	180
170	181
170	182
170	183
170	184
170	185
171	172
171	173
171	174
171	175
171	176
171	177
171	178
171	179
171	180
171	181
171	182
171	183
171	184
171	185
172	173
172	174
172	175
172	176
172	177
172	178
172	179
172	180
172	181
172	182
172	183
172	184
172	185
173	174
173	175
173	176
173	177
173	178
173	179
173	180
173	181
173	182
173	183
173	184
173	185
174	175
174	176
174	177
174	178
174	179
174	180
174	181
174	182
174	183
174	184
174	185
175	176
175	177
175	178
175	179
175	180
175	181
175	182
175	183
175	184
175	185
176	177
176	178
176	179
176	180
176	181
176	182
176	183
176	184
176	185
177	178
177	179
177	180
177	181
177	182
177	183
177	184
177	185
178	179
178	180
178	181
178	182
178	183
178	184
178	185
179	180
179	181
179	182
179	183
179	184
179	185
180	181
180	182
180	183
180	184
180	185
181	182
181	183
181	184
181	185
182	183
182	184
182	185
183	184
183	185
184	185
197	198
197	199
197	200
197	201
197	202
197	203
197	204
197	205
197	206
197	207
197	208
197	209
197	210
197	211
197	212
197	213
198	199
198	200
198	201
198	202
198	203
198	204
198	205
198	206
198	207
198	208
198	209
198	210
198	211
198	212
198	213
199	200
199	201
199	202
199	203
199	204
199	205
199	206
199	207
199	208
199	209
199	210
199	211
199	212
199	213
200	201
200	202
200	203
200	204
200	205
200	206
200	207
200	208
200	209
200	210
200	211
200	212
200	213
201	202
201	203
201	204
201	205
201	206
201	207
201	208
201	209
201	210
201	211
201	212
201	213
202	203
202	204
202	205
202	206
202	207
202	208
202	209
202	210
202	211
202	212
202	213
203	204
203	205
203	206
203	207
203	208
203	209
203	210
203	211
203	212
203	213
204	205
204	206
204	207
204	208
204	209
204	210
204	211
204	212
204	213
205	206
205	207
205	208
205	209
205	210
205	211
205	212
205	213
206	207
206	208
206	209
206	210
206	211
206	212
206	213
207	208
207	209
207	210
207	211
207	212
207	213
208	209
208	210
208	211
208	212
208	213
209	210
209	211
209	212
209	213
210	211
210	212
210	213
211	212
211	213
212	213
225	226
229	230
233	234
237	238
241	242
245	246
245	247
245	248
246	247
246	248
247	248
253	254
253	255
253	256
254	255
254	256
255	256
261	262
265	266
269	270
269	271
269	272
270	271
270	272
271	272
277	278
277	279
277	280
278	279
278	280
279	280
285	286
289	290
293	294
293	295
293	296
294	295
294	296
295	296
301	302
301	303
301	304
302	303
302	304
303	304
309	310
313	314
