1	2
1	3
1	4
1	5
1	6
1	7
1	8
1	9
1	10
1	11
1	13
1	14
1	15
1	16
1	18
1	19
1	21
1	22
1	24
1	25
1	27
1	29
1	30
1	31
1	34
1	35
1	37
1	38
1	40
1	46
1	50
1	58
1	59
1	62
1	63
1	64
1	66
1	69
1	71
1	73
1	75
1	77
1	80
1	81
1	82
1	87
1	97
1	100
1	134
1	143
1	148
1	154
1	184
1	216
1	218
1	242
1	300
1	326
1	353
1	380
1	393
1	395
1	413
1	419
1	421
1	426
1	433
1	443
1	445
1	460
1	465
1	477
1	480
1	487
1	492
1	505
1	515
1	533
1	534
1	539
1	545
1	546
1	547
1	549
1	559
1	563
1	578
1	588
1	599
1	600
1	633
1	663
1	664
1	685
1	694
1	697
1	706
1	713
1	715
1	717
1	719
1	722
1	729
1	731
1	733
1	734
1	745
1	746
1	754
1	756
1	762
1	764
1	765
1	767
1	768
1	775
1	777
1	800
1	808
1	824
1	830
1	845
1	855
1	856
1	857
1	868
1	874
1	880
1	887
1	914
1	941
1	943
1	948
1	957
1	962
1	984
1	987
1	999
1	1014
1	1017
1	1071
1	1077
1	1095
1	1096
1	1111
1	1115
1	1119
1	1128
1	1145
1	1146
1	1147
1	1176
1	1180
1	1190
1	1198
1	1202
1	1205
1	1206
1	1210
1	1215
1	1221
1	1222
1	1228
1	1232
1	1241
1	1244
1	1245
1	1257
1	1258
1	1264
1	1266
2	3
2	4
2	5
2	6
2	7
2	9
2	10
2	11
2	12
2	14
2	15
2	21
2	22
2	23
2	35
2	39
2	40
2	41
2	43
2	44
2	45
2	47
2	49
2	51
2	53
2	54
2	64
2	65
2	67
2	68
2	71
2	73
2	75
2	86
2	101
2	110
2	112
2	113
2	138
2	147
2	206
2	227
2	265
2	283
2	287
2	303
2	335
2	337
2	346
2	351
2	364
2	368
2	378
2	400
2	409
2	436
2	463
2	470
2	494
2	497
2	508
2	517
2	524
2	525
2	528
2	532
2	562
2	584
2	600
2	614
2	624
2	633
2	647
2	660
2	675
2	698
2	702
2	703
2	708
2	716
2	721
2	741
2	754
2	764
2	766
2	767
2	772
2	775
2	776
2	789
2	791
2	796
2	799
2	807
2	809
2	816
2	826
2	845
2	851
2	852
2	869
2	871
2	873
2	875
2	877
2	882
2	899
2	913
2	931
2	940
2	946
2	954
2	956
2	960
2	961
2	969
2	972
2	980
2	996
2	998
2	1003
2	1009
2	1010
2	1017
2	1027
2	1037
2	1039
2	1049
2	1067
2	1091
2	1097
2	1112
2	1115
2	1121
2	1131
2	1133
2	1135
2	1137
2	1138
2	1150
2	1159
2	1164
2	1168
2	1178
2	1192
2	1212
2	1218
2	1220
2	1225
2	1241
2	1248
2	1255
2	1261
2	1264
2	1265
3	4
3	5
3	6
3	8
3	9
3	10
3	11
3	12
3	13
3	14
3	15
3	17
3	19
3	20
3	22
3	24
3	26
3	28
3	32
3	33
3	35
3	43
3	50
3	54
3	56
3	57
3	60
3	63
3	66
3	68
3	69
3	70
3	71
3	72
3	74
3	75
3	76
3	81
3	87
3	104
3	122
3	123
3	126
3	132
3	143
3	157
3	224
3	232
3	233
3	272
3	280
3	302
3	327
3	346
3	347
3	366
3	386
3	411
3	413
3	418
3	430
3	439
3	442
3	447
3	462
3	463
3	476
3	480
3	482
3	486
3	487
3	505
3	512
3	515
3	523
3	527
3	537
3	547
3	548
3	549
3	554
3	612
3	622
3	638
3	656
3	658
3	669
3	698
3	700
3	708
3	716
3	720
3	734
3	735
3	744
3	745
3	748
3	751
3	752
3	764
3	765
3	773
3	779
3	781
3	787
3	795
3	797
3	798
3	802
3	806
3	807
3	816
3	817
3	838
3	841
3	843
3	844
3	852
3	853
3	857
3	858
3	860
3	861
3	873
3	882
3	886
3	890
3	938
3	983
3	986
3	989
3	994
3	1004
3	1012
3	1014
3	1023
3	1044
3	1049
3	1050
3	1059
3	1068
3	1072
3	1076
3	1084
3	1091
3	1103
3	1114
3	1116
3	1124
3	1135
3	1137
3	1138
3	1140
3	1141
3	1142
3	1145
3	1146
3	1155
3	1167
3	1177
3	1194
3	1196
3	1221
3	1225
3	1230
3	1236
3	1251
3	1253
3	1259
3	1261
3	1265
4	5
4	6
4	7
4	8
4	9
4	11
4	12
4	13
4	14
4	15
4	16
4	17
4	18
4	25
4	40
4	41
4	43
4	52
4	53
4	54
4	55
4	61
4	62
4	66
4	70
4	71
4	83
4	108
4	123
4	124
4	127
4	138
4	182
4	228
4	231
4	263
4	323
4	324
4	336
4	364
4	371
4	409
4	410
4	415
4	437
4	448
4	460
4	465
4	473
4	487
4	489
4	510
4	523
4	526
4	547
4	548
4	549
4	570
4	572
4	575
4	599
4	621
4	626
4	637
4	644
4	648
4	661
4	683
4	686
4	706
4	713
4	715
4	717
4	726
4	735
4	737
4	752
4	763
4	771
4	777
4	788
4	793
4	800
4	805
4	819
4	840
4	841
4	844
4	845
4	853
4	856
4	857
4	860
4	862
4	863
4	872
4	882
4	884
4	889
4	932
4	942
4	947
4	948
4	949
4	955
4	971
4	973
4	985
4	996
4	1012
4	1016
4	1018
4	1029
4	1037
4	1038
4	1062
4	1069
4	1072
4	1075
4	1083
4	1088
4	1124
4	1134
4	1142
4	1145
4	1171
4	1172
4	1178
4	1183
4	1188
4	1204
4	1219
4	1225
4	1226
4	1228
4	1238
4	1242
4	1260
5	6
5	7
5	8
5	9
5	10
5	11
5	13
5	14
5	15
5	19
5	20
5	21
5	30
5	31
5	34
5	42
5	44
5	48
5	68
5	73
5	76
5	81
5	96
5	102
5	103
5	105
5	134
5	149
5	165
5	167
5	209
5	233
5	241
5	253
5	256
5	278
5	327
5	333
5	338
5	370
5	375
5	391
5	413
5	419
5	425
5	429
5	434
5	441
5	445
5	450
5	451
5	472
5	483
5	494
5	508
5	511
5	513
5	519
5	527
5	532
5	537
5	538
5	547
5	548
5	549
5	555
5	570
5	584
5	590
5	591
5	599
5	601
5	604
5	605
5	618
5	621
5	622
5	636
5	640
5	647
5	657
5	659
5	668
5	676
5	680
5	684
5	688
5	691
5	696
5	699
5	707
5	723
5	736
5	755
5	756
5	757
5	764
5	768
5	770
5	777
5	780
5	795
5	796
5	804
5	809
5	810
5	812
5	827
5	836
5	842
5	847
5	853
5	857
5	863
5	866
5	873
5	877
5	882
5	918
5	932
5	938
5	943
5	949
5	952
5	954
5	960
5	977
5	984
5	1007
5	1013
5	1014
5	1017
5	1053
5	1063
5	1086
5	1093
5	1118
5	1128
5	1137
5	1142
5	1146
5	1150
5	1160
5	1179
5	1181
5	1208
5	1218
5	1221
5	1226
5	1227
5	1229
5	1236
5	1239
5	1248
5	1257
6	7
6	8
6	9
6	10
6	11
6	13
6	15
6	17
6	18
6	22
6	23
6	24
6	38
6	42
6	51
6	52
6	60
6	79
6	84
6	85
6	94
6	125
6	138
6	139
6	142
6	148
6	225
6	230
6	237
6	285
6	327
6	340
6	346
6	364
6	396
6	399
6	441
6	443
6	470
6	478
6	484
6	497
6	501
6	503
6	508
6	510
6	515
6	517
6	552
6	557
6	565
6	585
6	599
6	609
6	610
6	633
6	653
6	655
6	658
6	670
6	676
6	685
6	690
6	697
6	698
6	699
6	701
6	705
6	715
6	727
6	732
6	735
6	740
6	742
6	744
6	753
6	755
6	758
6	763
6	765
6	772
6	773
6	778
6	784
6	793
6	794
6	806
6	810
6	811
6	813
6	815
6	817
6	818
6	827
6	830
6	834
6	839
6	844
6	846
6	849
6	853
6	854
6	856
6	861
6	872
6	880
6	883
6	886
6	940
6	942
6	945
6	953
6	962
6	973
6	994
6	999
6	1025
6	1030
6	1033
6	1072
6	1108
6	1109
6	1114
6	1115
6	1116
6	1123
6	1128
6	1143
6	1202
6	1209
6	1222
6	1226
6	1239
6	1244
6	1248
6	1249
6	1251
6	1260
7	8
7	9
7	10
7	12
7	13
7	14
7	25
7	26
7	27
7	33
7	43
7	44
7	48
7	50
7	52
7	57
7	67
7	85
7	108
7	110
7	118
7	121
7	128
7	145
7	151
7	213
7	229
7	262
7	264
7	266
7	320
7	326
7	329
7	337
7	347
7	378
7	379
7	384
7	395
7	455
7	460
7	473
7	483
7	503
7	506
7	520
7	530
7	536
7	538
7	539
7	548
7	549
7	581
7	606
7	608
7	609
7	621
7	642
7	668
7	685
7	699
7	711
7	716
7	724
7	727
7	728
7	729
7	732
7	740
7	750
7	760
7	765
7	766
7	767
7	772
7	776
7	778
7	791
7	793
7	795
7	803
7	814
7	817
7	836
7	841
7	842
7	845
7	847
7	851
7	856
7	857
7	859
7	864
7	876
7	880
7	882
7	885
7	921
7	928
7	930
7	935
7	941
7	955
7	956
7	958
7	963
7	984
7	994
7	1006
7	1018
7	1019
7	1059
7	1066
7	1070
7	1077
7	1092
7	1100
7	1112
7	1115
7	1120
7	1136
7	1137
7	1139
7	1141
7	1144
7	1155
7	1158
7	1173
7	1178
7	1179
7	1181
7	1183
7	1190
7	1206
7	1208
7	1210
7	1232
7	1237
7	1246
7	1248
7	1249
7	1255
7	1256
8	9
8	10
8	11
8	13
8	14
8	15
8	20
8	28
8	29
8	30
8	31
8	32
8	33
8	36
8	48
8	56
8	67
8	70
8	80
8	87
8	113
8	141
8	156
8	175
8	232
8	234
8	237
8	239
8	289
8	301
8	316
8	325
8	341
8	346
8	358
8	364
8	375
8	377
8	380
8	400
8	405
8	410
8	430
8	446
8	483
8	484
8	485
8	488
8	493
8	499
8	508
8	509
8	542
8	553
8	565
8	568
8	571
8	579
8	582
8	601
8	602
8	604
8	607
8	609
8	612
8	641
8	657
8	670
8	682
8	691
8	693
8	696
8	716
8	717
8	737
8	739
8	750
8	756
8	763
8	770
8	774
8	779
8	780
8	784
8	794
8	798
8	803
8	805
8	812
8	813
8	814
8	821
8	822
8	823
8	825
8	831
8	834
8	845
8	847
8	848
8	850
8	853
8	854
8	868
8	877
8	878
8	886
8	888
8	905
8	941
8	944
8	955
8	985
8	986
8	998
8	1022
8	1033
8	1043
8	1057
8	1060
8	1090
8	1092
8	1103
8	1107
8	1118
8	1124
8	1133
8	1137
8	1138
8	1140
8	1145
8	1146
8	1153
8	1154
8	1167
8	1168
8	1169
8	1173
8	1177
8	1183
8	1193
8	1197
8	1199
8	1201
8	1203
8	1207
8	1209
8	1217
8	1220
8	1222
8	1227
8	1232
8	1243
8	1252
8	1262
9	11
9	12
9	13
9	14
9	15
9	23
9	25
9	33
9	34
9	35
9	36
9	37
9	38
9	39
9	52
9	54
9	58
9	59
9	80
9	85
9	93
9	108
9	118
9	121
9	126
9	136
9	141
9	147
9	156
9	168
9	211
9	226
9	227
9	232
9	237
9	274
9	339
9	351
9	353
9	359
9	392
9	424
9	443
9	450
9	454
9	504
9	506
9	524
9	537
9	540
9	545
9	547
9	549
9	552
9	557
9	558
9	564
9	571
9	577
9	596
9	604
9	608
9	633
9	637
9	642
9	645
9	652
9	662
9	668
9	671
9	688
9	690
9	715
9	717
9	718
9	730
9	733
9	736
9	741
9	743
9	744
9	745
9	753
9	755
9	757
9	762
9	765
9	766
9	770
9	774
9	777
9	778
9	781
9	784
9	794
9	806
9	808
9	814
9	817
9	827
9	835
9	844
9	845
9	846
9	858
9	860
9	865
9	868
9	870
9	919
9	948
9	952
9	964
9	966
9	978
9	984
9	986
9	987
9	988
9	990
9	1027
9	1044
9	1060
9	1061
9	1072
9	1074
9	1087
9	1105
9	1118
9	1124
9	1136
9	1140
9	1146
9	1150
9	1152
9	1153
9	1160
9	1164
9	1173
9	1174
9	1175
9	1176
9	1179
9	1184
9	1187
9	1191
9	1194
9	1197
9	1199
9	1203
9	1216
9	1220
9	1228
9	1231
9	1234
9	1240
9	1247
9	1266
10	12
10	14
10	15
10	33
10	34
10	36
10	37
10	40
10	41
10	42
10	43
10	44
10	45
10	46
10	47
10	48
10	55
10	58
10	63
10	67
10	68
10	72
10	74
10	75
10	77
10	80
10	82
10	86
10	118
10	124
10	155
10	163
10	171
10	185
10	198
10	226
10	237
10	242
10	266
10	275
10	287
10	295
10	296
10	316
10	325
10	328
10	357
10	376
10	388
10	395
10	401
10	427
10	467
10	479
10	482
10	484
10	496
10	497
10	498
10	501
10	529
10	540
10	548
10	556
10	586
10	601
10	608
10	611
10	620
10	654
10	658
10	675
10	686
10	703
10	705
10	713
10	714
10	719
10	728
10	730
10	750
10	773
10	777
10	781
10	793
10	795
10	806
10	809
10	810
10	812
10	823
10	834
10	840
10	844
10	846
10	847
10	851
10	856
10	866
10	867
10	870
10	873
10	874
10	875
10	880
10	918
10	949
10	954
10	966
10	979
10	989
10	1027
10	1047
10	1055
10	1061
10	1070
10	1071
10	1073
10	1104
10	1107
10	1111
10	1115
10	1126
10	1127
10	1135
10	1137
10	1139
10	1147
10	1148
10	1160
10	1161
10	1174
10	1178
10	1179
10	1182
10	1188
10	1191
10	1194
10	1205
10	1209
10	1222
10	1223
10	1226
10	1230
10	1236
10	1239
10	1241
10	1242
10	1245
10	1248
10	1260
10	1265
11	13
11	14
11	15
11	33
11	41
11	42
11	46
11	49
11	50
11	51
11	52
11	53
11	54
11	55
11	56
11	57
11	58
11	59
11	60
11	61
11	62
11	63
11	65
11	84
11	86
11	100
11	114
11	126
11	179
11	188
11	190
11	243
11	263
11	265
11	274
11	290
11	304
11	311
11	326
11	332
11	343
11	352
11	381
11	419
11	421
11	455
11	474
11	511
11	523
11	535
11	536
11	541
11	549
11	551
11	555
11	565
11	603
11	610
11	614
11	632
11	636
11	648
11	662
11	663
11	666
11	671
11	675
11	682
11	684
11	690
11	691
11	694
11	695
11	696
11	714
11	715
11	719
11	749
11	756
11	757
11	765
11	769
11	774
11	777
11	790
11	793
11	813
11	814
11	816
11	839
11	846
11	857
11	868
11	869
11	870
11	879
11	880
11	903
11	935
11	940
11	945
11	949
11	961
11	973
11	1034
11	1057
11	1063
11	1065
11	1071
11	1079
11	1089
11	1092
11	1102
11	1111
11	1135
11	1144
11	1145
11	1158
11	1171
11	1174
11	1179
11	1180
11	1186
11	1207
11	1209
11	1213
11	1215
11	1227
11	1232
11	1248
11	1252
11	1254
11	1257
11	1258
11	1263
12	13
12	14
12	15
12	32
12	48
12	52
12	58
12	59
12	60
12	61
12	62
12	64
12	65
12	66
12	67
12	76
12	78
12	79
12	80
12	90
12	108
12	110
12	120
12	124
12	125
12	153
12	164
12	175
12	191
12	229
12	232
12	260
12	270
12	284
12	306
12	326
12	328
12	330
12	331
12	351
12	366
12	369
12	390
12	394
12	398
12	426
12	461
12	466
12	468
12	471
12	475
12	480
12	484
12	493
12	497
12	504
12	506
12	510
12	514
12	520
12	525
12	538
12	561
12	566
12	600
12	607
12	610
12	615
12	623
12	624
12	626
12	636
12	637
12	642
12	658
12	709
12	722
12	724
12	726
12	727
12	730
12	731
12	733
12	741
12	746
12	750
12	762
12	767
12	769
12	773
12	778
12	781
12	782
12	783
12	788
12	789
12	792
12	796
12	803
12	807
12	808
12	813
12	824
12	839
12	844
12	846
12	852
12	857
12	858
12	859
12	870
12	872
12	873
12	883
12	954
12	955
12	956
12	972
12	985
12	997
12	998
12	1001
12	1068
12	1086
12	1093
12	1099
12	1110
12	1111
12	1116
12	1118
12	1128
12	1155
12	1165
12	1179
12	1191
12	1206
12	1207
12	1217
12	1220
12	1227
12	1228
12	1232
12	1235
12	1244
12	1247
12	1251
12	1260
13	14
13	15
13	32
13	33
13	43
13	50
13	52
13	56
13	59
13	67
13	68
13	69
13	70
13	71
13	72
13	75
13	80
13	81
13	95
13	143
13	149
13	164
13	227
13	229
13	269
13	273
13	289
13	319
13	327
13	332
13	355
13	369
13	372
13	380
13	464
13	467
13	492
13	499
13	502
13	506
13	519
13	545
13	551
13	553
13	600
13	602
13	605
13	610
13	619
13	622
13	631
13	644
13	654
13	658
13	669
13	670
13	687
13	690
13	697
13	709
13	715
13	719
13	721
13	729
13	735
13	750
13	756
13	757
13	767
13	780
13	792
13	799
13	800
13	807
13	809
13	811
13	821
13	828
13	832
13	835
13	836
13	837
13	841
13	845
13	847
13	853
13	855
13	856
13	864
13	865
13	869
13	871
13	876
13	924
13	927
13	938
13	943
13	949
13	953
13	968
13	971
13	985
13	998
13	1013
13	1022
13	1045
13	1073
13	1078
13	1081
13	1100
13	1108
13	1115
13	1116
13	1120
13	1121
13	1131
13	1143
13	1145
13	1149
13	1151
13	1157
13	1158
13	1166
13	1170
13	1177
13	1179
13	1191
13	1201
13	1210
13	1222
13	1241
13	1250
13	1252
14	15
14	39
14	41
14	65
14	73
14	74
14	75
14	76
14	77
14	78
14	79
14	80
14	81
14	83
14	119
14	136
14	151
14	153
14	168
14	171
14	172
14	173
14	193
14	220
14	221
14	236
14	269
14	271
14	317
14	324
14	325
14	336
14	338
14	348
14	359
14	370
14	389
14	404
14	411
14	426
14	456
14	476
14	498
14	500
14	501
14	506
14	515
14	519
14	542
14	547
14	551
14	562
14	570
14	604
14	609
14	612
14	618
14	619
14	647
14	669
14	674
14	676
14	685
14	693
14	703
14	710
14	720
14	724
14	733
14	735
14	736
14	744
14	749
14	764
14	772
14	777
14	778
14	785
14	791
14	792
14	793
14	795
14	801
14	806
14	808
14	809
14	810
14	811
14	815
14	823
14	841
14	844
14	846
14	850
14	853
14	856
14	857
14	864
14	872
14	873
14	887
14	941
14	953
14	968
14	979
14	996
14	1007
14	1008
14	1024
14	1027
14	1036
14	1037
14	1040
14	1046
14	1050
14	1053
14	1063
14	1067
14	1080
14	1090
14	1102
14	1113
14	1118
14	1121
14	1130
14	1131
14	1136
14	1139
14	1144
14	1149
14	1167
14	1177
14	1179
14	1185
14	1193
14	1195
14	1201
14	1202
14	1207
14	1211
14	1221
14	1225
14	1230
14	1231
14	1237
14	1239
14	1247
14	1257
14	1262
15	16
15	17
15	20
15	48
15	54
15	55
15	56
15	63
15	67
15	80
15	82
15	83
15	84
15	85
15	86
15	87
15	118
15	121
15	123
15	124
15	160
15	164
15	167
15	190
15	207
15	230
15	250
15	300
15	307
15	308
15	319
15	331
15	336
15	338
15	357
15	358
15	370
15	371
15	388
15	410
15	455
15	467
15	476
15	478
15	492
15	503
15	520
15	532
15	533
15	538
15	539
15	543
15	545
15	547
15	551
15	564
15	611
15	612
15	630
15	635
15	637
15	648
15	653
15	662
15	663
15	670
15	684
15	686
15	688
15	689
15	702
15	703
15	705
15	714
15	716
15	725
15	736
15	738
15	747
15	760
15	762
15	775
15	776
15	777
15	780
15	794
15	798
15	799
15	800
15	804
15	805
15	807
15	811
15	814
15	828
15	840
15	844
15	845
15	849
15	857
15	858
15	862
15	863
15	873
15	885
15	898
15	914
15	919
15	922
15	929
15	934
15	937
15	940
15	944
15	945
15	954
15	981
15	982
15	993
15	1004
15	1005
15	1016
15	1025
15	1054
15	1078
15	1082
15	1089
15	1091
15	1106
15	1112
15	1139
15	1141
15	1142
15	1147
15	1152
15	1155
15	1174
15	1176
15	1181
15	1186
15	1192
15	1200
15	1204
15	1210
15	1213
15	1219
15	1228
15	1231
15	1241
15	1246
15	1261
15	1263
15	1264
16	23
16	27
16	35
16	46
16	61
16	68
16	78
16	88
16	89
16	90
16	91
16	92
16	93
16	94
16	95
16	96
16	97
16	98
16	99
16	100
16	101
16	102
16	103
16	104
16	105
16	106
16	107
16	108
16	109
16	110
16	111
16	112
16	113
16	114
16	115
16	116
16	117
16	118
16	119
16	120
17	25
17	72
17	75
17	76
17	87
17	121
17	122
17	123
17	124
17	125
17	126
17	127
17	128
17	129
17	130
17	131
17	132
17	133
17	134
17	135
17	136
17	137
17	138
17	139
17	140
17	141
18	19
18	21
18	25
18	28
18	29
18	41
18	51
18	64
18	71
18	142
18	143
18	144
18	145
18	146
18	147
18	148
18	149
18	150
18	151
18	152
18	153
18	154
18	155
18	156
18	157
18	158
18	159
18	160
18	161
18	162
18	163
18	164
18	165
18	166
18	167
18	168
18	169
18	170
18	171
18	172
18	173
18	174
19	26
19	29
19	31
19	65
19	66
19	68
19	70
19	73
19	83
19	84
19	175
19	176
19	177
19	178
19	179
19	180
19	181
19	182
19	183
19	184
19	185
19	186
19	187
19	188
19	189
19	190
19	191
19	192
19	193
19	194
19	195
19	196
19	197
19	198
19	199
19	200
19	201
19	202
19	203
19	204
19	205
19	206
19	207
19	208
19	209
19	210
19	211
19	212
19	213
19	214
19	215
19	216
19	217
19	218
19	219
19	220
19	221
19	222
19	223
19	224
19	225
20	24
20	41
20	226
20	227
20	228
20	229
20	230
20	231
20	232
20	233
20	234
20	235
20	236
20	237
21	40
21	45
21	64
21	66
21	68
21	71
21	75
21	78
21	81
21	85
21	238
21	239
21	240
21	241
21	242
21	243
21	244
21	245
21	246
21	247
21	248
21	249
21	250
21	251
21	252
21	253
21	254
21	255
21	256
21	257
21	258
21	259
21	260
21	261
21	262
21	263
21	264
21	265
21	266
21	267
21	268
21	269
21	270
21	271
21	272
21	273
21	274
21	275
21	276
21	277
21	278
21	279
21	280
21	281
21	282
22	25
22	26
22	31
22	35
22	36
22	45
22	46
22	51
22	73
22	283
22	284
22	285
22	286
22	287
22	288
22	289
22	290
22	291
22	292
22	293
22	294
22	295
22	296
22	297
22	298
22	299
22	300
22	301
22	302
22	303
22	304
22	305
22	306
22	307
22	308
22	309
22	310
22	311
22	312
22	313
22	314
22	315
22	316
22	317
22	318
22	319
22	320
22	321
22	322
22	323
22	324
23	28
23	55
23	69
23	325
23	326
23	327
23	328
23	329
23	330
23	331
23	332
23	333
23	334
23	335
23	336
23	337
23	338
23	339
23	340
23	341
23	342
24	64
24	67
24	79
24	343
24	344
24	345
24	346
24	347
24	348
24	349
24	350
24	351
24	352
24	353
24	354
24	355
24	356
24	357
24	358
24	359
24	360
24	361
24	362
24	363
24	364
24	365
24	366
25	32
25	38
25	39
25	51
25	70
25	73
25	85
25	87
25	367
25	368
25	369
25	370
25	371
25	372
25	373
25	374
25	375
25	376
25	377
25	378
25	379
25	380
25	381
25	382
25	383
25	384
25	385
25	386
25	387
25	388
25	389
25	390
25	391
25	392
25	393
25	394
25	395
25	396
25	397
25	398
25	399
25	400
25	401
25	402
25	403
25	404
25	405
26	35
26	39
26	46
26	68
26	406
26	407
26	408
26	409
26	410
26	411
26	412
26	413
26	414
26	415
26	416
26	417
26	418
26	419
26	420
26	421
26	422
26	423
26	424
26	425
26	426
26	427
26	428
26	429
26	430
26	431
26	432
27	32
27	37
27	39
27	48
27	67
27	72
27	433
27	434
27	435
27	436
27	437
27	438
27	439
27	440
27	441
27	442
27	443
27	444
27	445
27	446
27	447
27	448
27	449
27	450
27	451
27	452
27	453
27	454
27	455
27	456
27	457
27	458
27	459
27	460
27	461
27	462
28	57
28	463
28	464
28	465
28	466
28	467
28	468
28	469
28	470
28	471
28	472
28	473
28	474
28	475
28	476
28	477
28	478
28	479
28	480
29	74
29	86
29	481
29	482
29	483
29	484
29	485
29	486
29	487
29	488
29	489
29	490
29	491
29	492
29	493
29	494
29	495
29	496
29	497
29	498
30	34
30	38
30	64
30	499
30	500
30	501
30	502
30	503
30	504
30	505
30	506
30	507
30	508
30	509
30	510
30	511
30	512
30	513
31	53
31	65
31	514
31	515
31	516
31	517
31	518
31	519
31	520
31	521
31	522
31	523
31	524
31	525
31	526
31	527
31	528
32	77
32	86
32	529
32	530
32	531
32	532
32	533
32	534
32	535
32	536
32	537
32	538
32	539
32	540
32	541
32	542
32	543
32	544
32	545
32	546
33	547
33	548
33	549
34	70
34	550
34	551
34	552
34	553
34	554
34	555
34	556
34	557
34	558
34	559
34	560
34	561
35	44
35	47
35	68
35	75
35	562
35	563
35	564
35	565
35	566
35	567
35	568
35	569
35	570
35	571
35	572
35	573
35	574
35	575
35	576
35	577
35	578
35	579
35	580
35	581
35	582
35	583
35	584
35	585
35	586
35	587
35	588
35	589
35	590
35	591
35	592
35	593
35	594
35	595
35	596
35	597
36	42
36	78
36	598
36	599
36	600
36	601
36	602
36	603
36	604
36	605
36	606
36	607
36	608
36	609
37	50
37	75
37	610
37	611
37	612
37	613
37	614
37	615
37	616
37	617
37	618
37	619
37	620
37	621
37	622
37	623
37	624
38	45
38	64
38	71
38	625
38	626
38	627
38	628
38	629
38	630
38	631
38	632
38	633
38	634
38	635
38	636
38	637
38	638
38	639
38	640
38	641
38	642
38	643
38	644
38	645
39	61
39	64
39	646
39	647
39	648
39	649
39	650
39	651
39	652
39	653
39	654
39	655
39	656
39	657
39	658
39	659
39	660
39	661
39	662
39	663
39	664
39	665
39	666
40	70
40	81
40	667
40	668
40	669
40	670
40	671
40	672
40	673
40	674
40	675
40	676
40	677
40	678
40	679
40	680
40	681
41	682
41	683
41	684
41	685
41	686
41	687
41	688
41	689
41	690
42	59
42	64
42	691
42	692
42	693
42	694
42	695
42	696
42	697
42	698
42	699
42	700
42	701
42	702
43	62
43	85
43	703
43	704
43	705
43	706
43	707
43	708
43	709
43	710
43	711
43	712
43	713
43	714
44	715
44	716
44	717
44	718
44	719
44	720
45	71
45	721
45	722
45	723
45	724
45	725
45	726
45	727
45	728
45	729
45	730
45	731
45	732
45	733
45	734
45	735
46	736
46	737
46	738
46	739
46	740
46	741
46	742
46	743
46	744
46	745
46	746
46	747
46	748
46	749
46	750
47	71
47	751
47	752
47	753
47	754
47	755
47	756
47	757
47	758
47	759
47	760
47	761
47	762
48	763
48	764
48	765
48	766
48	767
48	768
49	769
49	770
49	771
49	772
49	773
49	774
50	775
50	776
50	777
50	778
50	779
50	780
51	781
51	782
51	783
51	784
51	785
51	786
51	787
51	788
51	789
51	790
51	791
51	792
52	793
52	794
52	795
53	73
53	796
53	797
53	798
53	799
53	800
53	801
53	802
53	803
53	804
54	805
54	806
54	807
54	808
54	809
54	810
55	811
55	812
55	813
55	814
55	815
55	816
56	64
56	66
56	72
56	817
56	818
56	819
56	820
56	821
56	822
56	823
56	824
56	825
56	826
56	827
56	828
56	829
56	830
56	831
57	64
57	73
57	832
57	833
57	834
57	835
57	836
57	837
57	838
57	839
57	840
57	841
57	842
57	843
58	844
58	845
58	846
59	847
59	848
59	849
59	850
59	851
59	852
59	853
59	854
59	855
60	856
60	857
60	858
61	859
61	860
61	861
61	862
61	863
61	864
61	865
61	866
61	867
62	868
62	869
62	870
62	871
62	872
62	873
62	874
62	875
62	876
63	64
63	877
63	878
63	879
63	880
63	881
63	882
63	883
63	884
63	885
63	886
63	887
63	888
64	82
64	889
64	890
64	891
64	892
64	893
64	894
64	895
64	896
64	897
64	898
64	899
64	900
64	901
64	902
64	903
64	904
64	905
64	906
64	907
64	908
64	909
64	910
64	911
64	912
64	913
64	914
64	915
64	916
64	917
64	918
64	919
64	920
64	921
64	922
64	923
64	924
64	925
64	926
64	927
64	928
64	929
64	930
64	931
64	932
64	933
64	934
64	935
64	936
64	937
64	938
64	939
65	79
65	940
65	941
65	942
65	943
65	944
65	945
65	946
65	947
65	948
65	949
65	950
65	951
65	952
65	953
65	954
66	74
66	83
66	955
66	956
66	957
66	958
66	959
66	960
66	961
66	962
66	963
66	964
66	965
66	966
66	967
66	968
66	969
66	970
66	971
66	972
66	973
66	974
66	975
66	976
66	977
66	978
67	83
67	979
67	980
67	981
67	982
67	983
67	984
67	985
67	986
67	987
67	988
67	989
67	990
68	991
68	992
68	993
68	994
68	995
68	996
68	997
68	998
68	999
68	1000
68	1001
68	1002
68	1003
68	1004
68	1005
68	1006
68	1007
68	1008
68	1009
68	1010
68	1011
69	1012
69	1013
69	1014
69	1015
69	1016
69	1017
69	1018
69	1019
69	1020
69	1021
69	1022
69	1023
70	83
70	1024
70	1025
70	1026
70	1027
70	1028
70	1029
70	1030
70	1031
70	1032
70	1033
70	1034
70	1035
70	1036
70	1037
70	1038
70	1039
70	1040
70	1041
70	1042
70	1043
70	1044
71	1045
71	1046
71	1047
71	1048
71	1049
71	1050
71	1051
71	1052
71	1053
71	1054
71	1055
71	1056
71	1057
71	1058
71	1059
71	1060
71	1061
71	1062
71	1063
71	1064
71	1065
71	1066
71	1067
71	1068
72	79
72	1069
72	1070
72	1071
72	1072
72	1073
72	1074
72	1075
72	1076
72	1077
72	1078
72	1079
72	1080
72	1081
72	1082
72	1083
72	1084
72	1085
72	1086
73	1087
73	1088
73	1089
73	1090
73	1091
73	1092
73	1093
73	1094
73	1095
73	1096
73	1097
73	1098
73	1099
73	1100
73	1101
73	1102
73	1103
73	1104
73	1105
73	1106
73	1107
74	1108
74	1109
74	1110
74	1111
74	1112
74	1113
74	1114
74	1115
74	1116
75	1117
75	1118
75	1119
75	1120
75	1121
75	1122
75	1123
75	1124
75	1125
75	1126
75	1127
75	1128
75	1129
75	1130
75	1131
75	1132
75	1133
75	1134
76	1135
76	1136
76	1137
76	1138
76	1139
76	1140
77	1141
77	1142
77	1143
77	1144
77	1145
77	1146
78	1147
78	1148
78	1149
78	1150
78	1151
78	1152
78	1153
78	1154
78	1155
78	1156
78	1157
78	1158
79	82
79	1159
79	1160
79	1161
79	1162
79	1163
79	1164
79	1165
79	1166
79	1167
79	1168
79	1169
79	1170
79	1171
79	1172
79	1173
79	1174
79	1175
79	1176
80	1177
80	1178
80	1179
81	1180
81	1181
81	1182
81	1183
81	1184
81	1185
81	1186
81	1187
81	1188
81	1189
81	1190
81	1191
81	1192
81	1193
81	1194
82	1195
82	1196
82	1197
82	1198
82	1199
82	1200
82	1201
82	1202
82	1203
82	1204
82	1205
82	1206
82	1207
82	1208
82	1209
83	1210
83	1211
83	1212
83	1213
83	1214
83	1215
83	1216
83	1217
83	1218
83	1219
83	1220
83	1221
83	1222
83	1223
83	1224
84	1225
84	1226
84	1227
84	1228
84	1229
84	1230
85	1231
85	1232
85	1233
85	1234
85	1235
85	1236
85	1237
85	1238
85	1239
85	1240
85	1241
85	1242
86	1243
86	1244
86	1245
86	1246
86	1247
86	1248
86	1249
86	1250
86	1251
86	1252
86	1253
86	1254
87	1255
87	1256
87	1257
87	1258
87	1259
87	1260
87	1261
87	1262
87	1263
87	1264
87	1265
87	1266
88	600
89	541
89	777
89	922
89	1177
90	772
90	1193
91	224
91	379
91	606
91	691
91	717
91	773
91	1179
92	686
92	1008
92	1140
93	555
93	695
93	700
93	869
93	1130
93	1184
94	333
94	795
94	996
94	1165
95	550
95	620
95	692
95	749
95	780
95	1009
96	312
96	475
96	696
96	811
96	1179
98	631
98	646
98	719
98	766
98	1030
99	289
99	606
99	630
99	710
99	847
100	550
100	580
100	686
100	757
100	830
100	1219
101	288
101	489
101	530
101	550
101	745
101	870
101	1106
102	212
102	339
102	363
102	1113
103	450
103	516
103	1138
103	1157
103	1239
104	286
104	940
105	364
105	910
106	328
106	833
106	1135
107	196
107	513
107	849
107	1171
108	872
108	1106
108	1239
109	511
110	779
111	1139
111	1197
111	1239
112	351
112	542
112	548
112	778
112	804
112	896
113	764
113	1097
113	1136
113	1178
114	157
114	498
114	523
114	560
114	611
114	796
114	852
114	1140
115	500
115	526
115	615
115	858
116	426
116	516
116	853
117	606
118	444
118	652
118	655
118	874
118	1123
118	1212
118	1245
119	303
119	336
119	672
119	727
119	1056
119	1236
120	527
120	694
120	940
120	1107
120	1131
120	1153
121	473
121	720
121	769
121	925
121	1043
121	1070
121	1135
121	1178
121	1219
122	349
122	791
122	795
122	858
123	317
123	502
123	544
123	667
123	708
123	792
123	855
123	1233
124	231
124	482
124	602
124	885
124	981
124	1065
125	210
125	232
125	533
125	584
125	804
125	925
125	1067
125	1152
125	1155
126	172
126	549
126	645
126	857
126	981
126	1179
126	1209
127	142
127	154
127	215
127	557
127	697
127	698
127	710
127	879
127	1255
128	478
128	495
128	503
128	857
128	986
128	1022
128	1132
128	1224
129	713
129	719
129	793
129	799
129	1139
129	1144
130	238
130	288
130	508
130	674
130	688
130	689
130	732
130	750
130	955
130	1041
130	1055
130	1123
131	168
131	722
131	754
131	815
131	887
131	1031
131	1100
131	1119
131	1125
132	156
132	166
132	227
132	235
132	601
132	858
132	1148
133	809
133	846
133	865
133	1011
133	1067
133	1139
133	1191
133	1252
134	568
134	612
134	768
134	981
134	1022
134	1146
135	648
135	863
135	885
135	957
135	1103
135	1137
135	1266
136	326
136	486
136	571
136	612
136	792
136	839
136	884
136	1052
136	1063
137	793
138	528
138	848
138	945
138	1177
139	416
139	444
139	562
139	633
139	634
139	766
139	778
139	794
139	798
139	806
139	857
139	1022
139	1048
139	1185
139	1231
140	676
140	707
140	806
140	1027
140	1225
141	350
141	699
142	552
142	668
142	676
142	1022
142	1154
142	1179
142	1193
142	1229
144	754
144	790
144	990
145	867
146	460
146	637
146	855
146	1089
146	1145
146	1178
147	988
148	532
148	698
148	750
148	795
148	797
149	552
149	836
149	1027
149	1049
149	1233
150	1009
150	1082
150	1226
151	771
152	224
152	414
152	512
152	675
152	875
152	886
152	1174
152	1224
152	1254
153	567
153	635
153	770
153	914
153	974
154	682
154	708
154	745
154	766
155	277
155	325
155	542
155	871
155	941
155	990
156	809
156	810
156	1126
156	1195
156	1254
157	350
157	505
157	828
157	857
157	1050
157	1085
158	229
158	607
158	694
158	768
158	825
158	983
158	1044
158	1130
159	742
159	847
159	1012
159	1151
159	1152
159	1235
160	390
160	784
160	970
160	1183
160	1225
161	982
161	1041
161	1087
162	684
162	795
162	876
162	1047
163	480
163	911
163	988
164	728
164	1017
165	531
165	1131
165	1186
165	1240
166	391
166	420
166	548
166	723
166	801
166	840
166	1113
167	853
167	866
167	1201
167	1255
168	514
168	802
168	843
168	946
168	1066
168	1117
168	1178
169	497
169	778
169	940
169	1043
169	1048
169	1122
169	1144
169	1177
170	478
170	534
170	814
170	1189
171	191
171	857
171	1238
171	1242
172	194
172	696
172	968
172	1242
172	1249
173	378
173	393
173	475
173	768
173	770
173	1137
173	1165
174	293
174	898
175	651
176	559
176	974
177	414
177	533
177	605
177	772
177	1136
177	1148
178	379
178	807
178	983
178	1198
178	1229
180	552
180	793
180	864
181	692
181	783
182	465
182	774
183	1061
183	1152
184	1230
186	915
187	567
187	1006
187	1139
188	420
188	523
188	587
188	846
188	1092
189	325
189	547
189	734
189	920
189	1167
190	323
191	803
192	488
193	256
194	674
195	615
195	857
196	441
196	548
196	645
198	511
198	773
199	338
199	540
199	1053
199	1083
200	371
200	475
200	544
200	630
200	753
201	385
201	858
201	1030
201	1045
201	1179
202	756
202	834
204	950
204	1148
205	765
205	856
205	859
205	1180
205	1194
206	677
207	1202
208	689
208	766
208	1204
209	829
210	719
210	953
211	753
211	776
211	810
212	548
212	1119
213	609
213	768
213	947
214	651
214	1228
214	1249
215	561
215	693
215	803
215	1144
216	380
216	516
216	880
218	565
218	704
218	747
218	771
218	846
218	1050
218	1185
218	1241
219	323
219	844
219	1093
220	596
220	766
220	1193
221	1072
221	1218
222	228
222	877
222	1015
223	761
223	832
224	989
224	1093
224	1214
225	609
225	839
225	843
225	1259
226	329
226	383
226	487
226	525
226	547
226	668
226	705
226	717
226	793
226	861
226	874
226	974
226	978
226	1019
226	1094
226	1130
226	1144
226	1207
226	1246
227	292
227	884
227	940
227	950
227	1095
227	1110
227	1125
227	1135
227	1195
227	1205
227	1250
228	332
228	543
228	553
228	647
228	802
228	822
228	955
228	1023
228	1141
228	1160
228	1194
228	1211
228	1249
229	362
229	443
229	557
229	585
229	724
229	864
229	984
229	1006
229	1017
229	1178
229	1243
230	519
230	549
230	786
230	865
230	946
230	1013
230	1112
230	1150
230	1156
230	1168
230	1210
231	246
231	339
231	547
231	732
231	740
231	745
231	779
231	803
231	813
231	864
231	879
231	1020
231	1086
231	1145
231	1261
232	548
232	552
232	607
232	609
232	716
232	1037
232	1044
233	436
233	556
233	767
233	774
233	791
233	803
233	844
233	845
233	857
233	990
233	1079
233	1097
233	1149
233	1241
234	337
234	446
234	637
234	710
234	711
234	724
234	766
234	768
234	772
234	880
234	980
234	1023
234	1066
234	1130
234	1142
234	1220
235	307
235	355
235	484
235	499
235	542
235	554
235	644
235	693
235	777
235	876
235	945
235	1030
235	1087
235	1142
235	1182
235	1193
235	1205
236	423
236	547
236	813
236	973
236	1017
236	1029
236	1044
236	1128
236	1174
236	1207
236	1247
237	356
237	520
237	547
237	616
237	617
237	773
237	812
237	876
237	933
237	999
237	1039
238	471
238	1199
238	1243
239	836
239	1109
239	1178
239	1259
240	323
240	1139
240	1253
241	420
241	435
241	1122
242	606
242	874
243	578
243	717
243	1179
243	1182
243	1208
244	413
244	828
244	1076
244	1259
245	765
245	826
245	1190
246	491
246	1151
247	730
247	739
247	756
247	774
247	845
247	1179
250	790
250	1228
250	1231
250	1232
250	1246
251	879
251	979
251	1072
251	1113
251	1124
252	336
252	356
252	606
252	702
252	772
252	797
253	832
253	839
253	1193
254	520
254	1134
254	1226
255	865
255	986
255	1019
255	1080
256	607
256	785
256	858
257	551
257	704
257	827
257	857
257	988
257	1254
258	285
258	792
259	763
259	1142
259	1182
259	1192
260	805
260	963
260	1144
261	880
261	1145
262	479
262	770
262	856
263	808
263	1191
265	870
265	1141
265	1226
266	710
266	716
266	868
267	483
267	602
267	756
267	773
267	1100
267	1146
267	1178
267	1241
268	357
269	706
269	857
270	499
270	596
270	1101
271	796
271	840
271	879
272	606
273	793
273	807
273	1123
273	1251
274	619
274	696
274	897
274	957
275	604
275	750
276	549
276	717
276	804
276	862
276	1070
276	1109
276	1130
277	299
277	725
277	838
278	360
278	856
278	885
279	629
279	1106
279	1258
280	328
280	636
280	992
281	468
281	639
281	679
281	720
281	784
281	1091
282	941
282	1179
282	1221
283	557
283	678
283	779
283	837
283	841
283	1227
284	555
284	814
285	595
285	603
285	804
285	1072
285	1154
285	1161
286	806
286	1257
287	352
287	434
287	658
287	1180
288	635
288	801
289	1051
289	1092
289	1106
290	701
290	1235
291	776
291	1028
291	1142
292	725
292	1144
292	1182
293	689
293	762
293	932
293	1266
294	567
294	616
294	957
294	964
295	426
295	471
295	940
295	1051
296	755
296	843
297	1157
298	537
298	857
299	430
299	541
299	777
299	786
300	658
300	785
300	1073
300	1252
301	537
301	731
301	858
302	359
302	678
302	1100
303	809
303	1112
304	661
304	698
304	954
304	1175
304	1246
305	845
305	999
306	529
306	667
306	733
306	877
306	1117
307	630
308	842
309	522
309	548
309	820
309	1135
309	1265
310	450
310	550
310	824
310	990
310	1139
311	1219
312	720
312	827
312	882
312	1132
312	1177
313	411
313	451
314	814
314	857
314	1237
314	1265
315	398
315	453
315	656
315	830
315	832
316	524
316	846
316	848
317	400
317	520
317	628
317	1159
317	1187
318	858
318	875
318	969
318	1015
319	816
319	1155
319	1180
319	1225
320	792
321	470
321	553
321	802
322	554
322	1135
323	498
323	601
323	630
323	844
323	858
323	1181
324	553
324	717
324	761
324	1235
325	511
325	547
325	600
325	609
325	756
325	866
325	959
325	984
325	1202
326	531
326	568
326	586
326	656
326	665
326	689
326	763
326	793
326	984
326	1146
326	1203
326	1216
327	489
327	492
327	678
327	794
327	947
327	1143
327	1258
328	503
328	549
328	789
328	816
328	853
328	1080
328	1122
328	1144
329	562
329	693
329	870
329	1123
329	1179
329	1218
330	619
330	643
330	715
330	810
330	854
330	874
330	953
330	1013
330	1229
331	604
331	710
331	720
331	747
331	808
331	854
331	933
331	1066
331	1087
331	1146
331	1147
332	514
332	559
332	751
332	763
332	810
332	920
332	999
332	1141
333	499
333	786
333	844
333	888
333	918
333	965
333	1115
333	1137
333	1178
334	405
334	856
334	864
334	865
334	886
334	1106
334	1149
335	498
335	520
335	613
335	661
335	803
335	845
335	859
335	1116
335	1138
336	447
336	599
336	763
336	819
336	969
336	1178
336	1206
337	430
337	509
337	911
337	966
337	986
337	1042
338	549
338	688
338	772
338	1022
338	1053
338	1106
338	1115
338	1149
338	1217
339	603
339	749
339	766
339	802
339	810
339	858
339	1252
340	550
340	714
340	778
340	796
340	1117
340	1124
341	348
341	773
341	818
341	859
341	869
341	941
342	367
342	400
342	490
342	524
342	694
342	730
342	984
342	1019
342	1188
342	1230
343	719
343	774
343	808
343	887
343	1020
343	1116
344	684
344	768
344	769
344	1136
345	693
345	1140
345	1229
346	637
346	660
346	705
346	781
346	1115
347	652
347	699
347	855
347	856
347	890
347	1058
347	1087
348	448
348	582
348	692
348	1024
348	1071
348	1137
348	1141
349	419
349	433
349	759
349	786
349	846
349	873
349	995
350	558
350	848
351	497
351	772
351	793
351	1109
351	1237
352	378
352	543
352	815
352	858
353	865
353	886
353	1051
353	1146
354	710
354	769
354	852
354	858
354	1097
354	1201
354	1234
355	701
355	703
355	795
355	1124
355	1152
355	1177
356	438
356	657
356	751
356	818
356	848
356	1103
356	1149
356	1169
357	427
357	429
357	717
357	845
357	1242
358	412
358	529
358	608
358	648
358	776
359	570
359	728
359	832
359	852
359	1207
360	998
361	544
361	850
361	1239
362	457
362	615
362	775
362	873
362	1160
363	535
363	646
363	740
363	860
363	1206
364	1163
364	1188
364	1253
365	607
365	716
365	808
365	858
365	1060
365	1135
366	547
366	743
366	789
366	816
366	1163
367	907
367	1033
367	1253
368	813
368	867
368	992
368	1094
368	1213
369	625
369	1247
370	806
370	1177
370	1242
371	622
371	682
371	752
371	754
371	804
371	811
372	1070
373	786
373	846
374	445
374	524
374	564
374	726
374	835
374	843
374	912
375	807
376	637
376	830
376	982
376	1177
377	1133
378	549
378	778
378	1097
379	711
379	967
380	700
380	795
380	823
381	793
381	957
382	774
382	794
382	844
382	1212
382	1249
383	469
383	647
383	1120
383	1137
383	1189
384	778
384	1154
384	1161
384	1204
384	1225
385	419
385	706
385	953
385	1169
386	941
386	958
386	1047
386	1151
387	523
387	858
387	1027
387	1263
388	1078
388	1209
389	714
389	767
389	828
389	866
389	935
389	1183
390	783
390	1032
391	1179
391	1184
391	1191
392	484
392	829
392	1121
393	580
393	940
393	1121
394	501
394	547
394	803
394	988
394	1021
395	816
395	1172
396	516
396	549
397	618
397	652
397	1185
398	465
398	488
398	500
398	774
398	878
399	880
401	481
401	642
401	813
402	427
402	870
402	963
402	1186
403	1138
404	495
404	732
404	1129
404	1179
404	1236
405	758
406	486
406	578
406	586
406	673
406	701
406	1031
406	1207
406	1230
407	471
407	527
407	781
407	795
408	668
408	1012
408	1178
409	547
409	609
409	1082
409	1217
410	526
410	734
410	1126
411	512
411	664
411	714
411	763
411	805
411	815
411	845
411	1216
412	608
412	679
412	746
412	812
412	859
412	1007
412	1012
412	1196
413	455
413	499
413	693
413	820
413	1067
414	815
414	828
414	866
414	1146
415	856
415	1143
415	1146
416	747
416	846
416	1109
417	547
417	846
417	1133
418	503
418	536
418	662
418	805
419	472
419	490
419	733
419	952
419	1010
419	1057
419	1064
420	827
420	1142
420	1143
420	1231
421	473
421	667
421	692
421	814
421	1143
422	552
422	654
422	730
422	871
422	963
422	1045
422	1053
423	546
423	587
423	660
423	846
423	1191
424	517
424	716
424	1114
424	1136
425	1018
425	1084
426	531
427	611
427	884
427	1240
428	645
428	685
428	690
428	731
428	857
428	1028
429	747
429	769
429	772
429	785
429	812
429	918
430	549
430	625
430	736
430	776
430	878
431	502
432	778
432	810
432	1141
433	698
433	1015
433	1034
434	510
434	689
434	817
434	1073
434	1256
435	784
435	803
435	832
435	866
436	548
436	880
437	1114
437	1242
438	737
438	793
438	846
438	882
438	1101
438	1109
438	1146
439	625
439	686
439	793
439	814
439	1002
439	1078
440	609
440	721
440	988
440	1135
441	796
441	880
441	898
441	916
441	1231
442	549
442	789
442	833
442	835
442	851
442	1015
442	1259
443	607
443	663
443	984
443	1101
443	1167
444	1249
445	857
445	1024
445	1105
446	671
447	515
447	541
447	761
447	765
447	994
448	469
448	574
448	776
448	780
448	870
448	1134
448	1171
449	541
449	547
449	1176
450	564
450	683
451	671
451	1212
452	807
453	552
453	576
453	644
453	768
453	771
453	997
453	1020
454	857
455	861
456	526
456	947
456	1012
456	1111
457	483
457	521
457	586
457	676
457	1247
458	500
458	1213
458	1265
459	812
460	505
460	915
460	1186
461	814
461	1014
462	502
462	720
462	795
462	866
462	868
462	886
462	1261
463	693
463	695
463	801
463	986
463	1090
463	1141
464	713
464	779
464	782
464	787
464	836
464	880
465	645
465	742
465	883
465	946
465	1048
465	1140
466	557
466	571
466	672
466	725
466	771
466	1183
467	515
467	809
467	810
467	832
467	1049
468	500
468	873
468	1078
468	1125
469	620
469	633
469	681
469	802
469	1128
469	1263
470	618
470	793
470	795
470	833
471	519
471	560
471	717
471	981
471	1062
471	1177
472	671
472	807
472	1054
472	1116
472	1202
473	720
473	832
473	999
473	1138
473	1143
473	1236
473	1250
474	645
474	707
474	773
474	835
474	845
474	856
475	612
475	761
475	831
475	1210
476	697
476	1101
476	1123
476	1147
476	1212
476	1221
476	1234
476	1252
477	526
477	547
477	750
477	752
477	890
477	1223
477	1265
478	1017
478	1220
479	652
479	682
479	733
479	815
479	899
479	1253
480	547
480	602
480	631
480	670
480	768
480	783
480	836
480	879
480	1040
480	1060
480	1236
481	608
481	614
481	735
481	1231
482	541
482	671
482	759
482	880
482	950
482	1128
483	795
483	851
483	1017
483	1110
483	1129
483	1223
483	1226
484	520
484	786
484	837
484	862
484	868
484	989
484	1035
484	1124
484	1182
484	1242
485	621
485	836
485	871
485	1173
486	801
486	804
486	810
486	1146
486	1149
486	1196
487	683
487	736
487	855
487	1087
487	1177
487	1179
488	707
489	872
489	987
489	1023
489	1063
489	1100
489	1262
490	680
490	765
490	816
490	846
490	871
490	1238
491	555
491	776
491	796
491	1073
491	1122
492	519
492	670
492	672
492	755
492	774
492	793
492	844
492	878
492	1105
493	639
493	759
493	768
493	774
493	852
493	857
493	940
493	1070
494	527
494	634
494	635
494	680
494	740
494	853
494	1158
494	1227
495	557
495	599
495	619
495	661
495	820
495	870
495	885
495	1034
495	1108
495	1203
495	1241
495	1260
496	522
496	683
496	785
496	837
496	846
496	858
496	860
496	863
496	867
496	1131
497	504
497	610
497	612
497	773
497	808
497	845
497	849
497	850
497	856
497	1024
497	1138
498	857
498	1158
498	1210
499	529
499	549
499	719
499	899
500	684
500	688
500	793
500	907
500	1049
500	1112
500	1258
501	530
501	547
501	549
501	697
501	829
501	947
501	968
502	560
502	637
502	722
502	776
502	842
502	1129
502	1136
502	1159
502	1264
503	539
503	622
503	656
503	771
503	773
503	818
503	985
503	1137
503	1152
503	1159
503	1231
504	543
504	668
504	837
504	985
504	1059
504	1229
504	1241
505	626
505	700
505	711
505	727
505	728
505	803
505	884
505	1156
505	1220
505	1226
505	1257
506	709
506	733
506	804
506	839
506	870
506	1022
506	1169
506	1249
507	600
507	737
507	785
507	794
507	804
507	974
507	1061
507	1118
507	1127
507	1188
508	528
508	697
508	712
508	813
508	1010
508	1114
508	1190
509	608
509	701
509	811
509	852
509	856
509	1220
510	561
510	664
510	850
510	946
510	1032
510	1200
511	788
511	813
511	862
511	950
511	970
512	553
512	789
512	810
512	856
512	1014
512	1238
513	702
513	764
513	824
513	972
513	1206
513	1244
513	1260
514	643
514	763
514	776
514	793
514	946
514	1145
514	1162
514	1166
514	1175
514	1233
515	661
515	674
515	844
515	962
515	1133
515	1142
515	1248
515	1264
516	688
516	715
516	761
516	768
516	828
516	965
516	990
516	994
517	730
517	780
517	845
517	866
517	897
517	948
517	992
517	1043
517	1121
517	1259
518	746
518	799
518	856
518	1228
518	1239
518	1240
519	583
519	876
519	1227
520	548
520	656
520	657
520	730
520	751
520	764
520	766
520	812
520	844
520	1024
520	1069
521	541
521	547
521	614
521	709
521	774
521	776
521	846
521	952
521	1126
521	1179
521	1193
522	633
522	639
522	763
522	845
522	1002
522	1093
522	1257
523	548
523	766
523	829
523	831
523	839
523	1177
523	1201
523	1218
523	1226
523	1261
524	782
524	851
524	991
524	1149
524	1238
524	1248
525	584
525	866
525	1054
526	562
526	603
526	620
526	767
526	774
526	980
526	1048
526	1114
526	1127
526	1256
527	602
527	605
527	684
527	726
527	999
527	1110
528	590
528	610
528	816
528	1044
528	1211
528	1244
529	600
529	663
529	797
529	891
529	930
529	1222
529	1252
530	833
530	978
530	1140
530	1257
531	557
531	856
531	867
531	882
531	1019
531	1049
531	1165
532	858
532	870
532	1218
533	599
533	744
533	746
534	649
534	846
534	1176
534	1188
535	688
535	799
535	982
535	1155
535	1181
536	633
536	721
536	737
536	801
536	835
536	875
536	1223
537	643
537	784
537	1174
538	631
538	860
538	1193
538	1237
538	1242
539	685
539	715
539	719
539	807
539	902
539	1095
540	616
540	619
540	811
540	1009
540	1231
541	662
541	874
541	885
541	1003
541	1109
541	1150
541	1179
542	771
542	785
542	802
542	1017
542	1207
542	1243
543	775
543	901
544	602
544	691
544	743
544	779
544	822
545	746
545	844
545	849
545	952
545	1226
546	616
546	686
546	691
546	807
546	845
546	879
546	1153
547	556
547	631
547	657
547	671
547	673
547	689
547	691
547	712
547	754
547	760
547	795
547	816
547	822
547	836
547	839
547	849
547	852
547	854
547	945
547	958
547	967
547	996
547	1034
547	1036
547	1109
547	1182
547	1183
547	1202
547	1225
547	1226
547	1240
548	550
548	559
548	647
548	658
548	663
548	679
548	696
548	711
548	725
548	756
548	769
548	775
548	781
548	803
548	824
548	841
548	843
548	859
548	863
548	1006
548	1041
548	1074
548	1089
548	1135
548	1160
548	1167
548	1168
548	1187
548	1201
548	1219
548	1249
549	623
549	636
549	691
549	705
549	743
549	748
549	763
549	766
549	770
549	783
549	793
549	794
549	801
549	849
549	856
549	882
549	986
549	999
549	1025
549	1123
549	1136
549	1138
549	1141
549	1166
549	1171
549	1221
550	614
550	716
550	741
550	756
550	784
550	827
550	1015
550	1100
550	1185
551	640
551	647
551	696
551	715
551	719
551	774
551	805
551	806
551	854
551	1079
551	1086
551	1177
551	1260
552	588
552	599
552	613
552	844
552	866
552	1012
552	1077
553	570
553	707
553	715
553	736
553	1177
553	1228
553	1236
553	1258
554	658
554	724
554	731
554	766
554	812
554	825
554	971
554	1145
554	1207
555	619
555	728
555	739
555	754
555	881
555	953
556	681
556	719
556	757
556	823
556	861
556	996
556	1147
556	1213
556	1224
556	1251
557	682
557	851
557	919
557	1092
557	1188
557	1203
557	1210
557	1264
558	625
558	713
558	731
558	745
558	778
558	807
558	1084
558	1231
558	1261
559	621
559	671
559	767
559	788
559	868
559	1114
559	1135
559	1148
559	1173
559	1207
559	1225
560	812
560	848
560	1061
560	1134
560	1140
561	598
561	722
561	728
561	796
561	868
561	1178
561	1182
561	1212
562	612
562	699
563	701
563	851
563	1201
564	846
564	847
564	869
564	1123
564	1224
565	776
565	822
565	936
565	943
565	1083
565	1129
566	793
566	1014
566	1200
567	763
567	827
567	829
567	839
567	974
567	996
567	1059
567	1264
568	695
568	767
568	778
568	792
568	1091
568	1227
569	681
569	1143
569	1164
570	793
570	1013
570	1252
571	846
572	702
572	1108
572	1137
572	1249
573	634
573	766
573	830
573	1197
574	640
574	1190
574	1241
575	826
575	850
576	710
576	920
576	936
576	1189
576	1227
577	1139
577	1188
578	622
578	749
578	978
579	754
579	818
579	856
580	686
580	797
580	974
580	1033
580	1179
581	765
581	793
582	762
582	993
582	1039
583	772
583	816
583	834
583	1137
583	1177
583	1193
584	782
584	844
584	1070
584	1113
585	691
585	800
585	1250
586	842
586	1006
586	1058
586	1125
586	1178
587	704
587	814
588	678
588	801
588	1177
589	857
590	633
590	864
591	694
593	765
593	1064
593	1233
593	1261
594	607
594	717
594	988
594	1220
595	941
596	949
596	1101
597	943
597	952
598	694
598	741
598	842
598	1017
598	1042
598	1116
598	1192
598	1195
598	1259
599	682
599	704
599	765
599	774
599	854
599	969
600	669
600	704
600	750
600	805
600	812
600	825
600	872
600	935
600	1040
600	1179
600	1209
600	1211
600	1214
601	693
601	697
601	783
601	787
601	806
601	834
601	842
601	844
601	864
601	878
601	1141
601	1163
602	799
602	839
602	947
603	750
603	781
603	1015
603	1039
603	1126
603	1171
603	1263
604	610
604	678
604	682
604	723
604	773
604	856
604	1113
604	1265
605	667
605	765
605	767
605	816
605	848
605	854
605	1109
605	1179
606	652
606	719
606	775
606	1127
606	1141
606	1243
607	665
607	704
607	719
607	857
607	953
607	1135
607	1178
607	1227
608	739
608	752
608	855
608	857
608	874
608	1023
608	1141
608	1257
609	696
609	753
609	769
609	794
609	846
609	847
609	953
609	986
609	1103
609	1114
609	1164
609	1206
609	1238
610	812
610	854
610	930
610	1017
610	1132
610	1178
610	1230
611	691
611	742
611	759
611	763
611	830
611	857
611	1239
612	728
612	798
612	853
612	1140
612	1178
613	684
613	719
613	794
613	800
613	897
613	901
613	1016
613	1044
614	631
614	674
614	676
614	795
614	806
614	1080
614	1110
614	1223
615	711
615	716
615	750
615	988
615	1153
616	793
616	866
616	1027
616	1144
616	1198
616	1256
617	762
617	803
617	868
617	998
617	1089
617	1240
618	814
618	837
618	952
618	1036
618	1096
619	795
619	945
619	1165
619	1232
620	844
620	857
620	1024
620	1073
620	1229
621	649
621	653
621	739
621	779
621	856
621	862
621	875
621	995
622	814
622	904
622	906
622	1032
622	1070
622	1113
622	1134
623	715
623	774
623	781
623	795
623	798
623	911
623	1106
623	1135
623	1158
623	1235
624	668
624	709
624	752
624	781
624	866
624	924
624	1073
624	1125
624	1137
624	1147
624	1246
625	769
625	937
625	945
625	983
625	1233
625	1264
626	658
626	761
626	844
626	1223
627	719
627	813
627	1139
627	1230
628	805
628	1037
628	1225
629	766
629	790
629	947
629	1016
630	700
630	777
630	796
630	928
630	1035
631	654
631	846
631	880
631	938
631	1021
632	709
632	743
632	845
632	856
632	951
632	965
632	1196
633	668
633	836
633	871
633	938
633	1002
634	830
634	876
634	1163
634	1242
634	1252
635	728
635	745
635	794
635	837
635	856
635	966
636	782
636	868
636	873
636	1095
637	838
637	843
637	880
637	1036
637	1254
638	985
638	1004
638	1114
638	1137
638	1141
640	765
640	820
640	1181
641	699
641	868
641	984
642	672
642	1091
643	725
643	770
643	793
643	840
643	1119
643	1133
643	1178
644	738
644	776
644	1077
644	1080
644	1237
645	688
645	711
645	1256
646	882
646	1195
646	1211
647	712
647	731
647	827
647	850
647	910
647	1256
648	694
648	711
648	724
648	806
648	1015
648	1060
649	762
650	681
650	728
650	814
650	852
651	768
651	782
651	813
651	818
652	741
652	813
652	1078
652	1133
653	793
653	838
653	1107
653	1231
654	810
654	970
654	987
654	1169
654	1219
655	1073
655	1149
656	738
656	741
656	815
656	816
656	1131
656	1140
656	1169
656	1196
656	1202
656	1247
657	768
657	1156
658	1072
658	1190
659	716
659	747
659	780
659	1136
660	1034
660	1072
661	757
661	794
661	1159
662	687
662	717
662	735
662	772
662	775
662	917
663	776
663	878
663	1239
664	686
664	754
664	1111
664	1221
665	1249
666	691
666	752
666	1201
666	1234
666	1235
666	1244
667	810
667	845
667	874
667	994
667	995
667	1143
667	1233
668	784
668	804
668	831
668	1083
668	1192
668	1201
669	719
669	723
669	749
669	856
669	930
669	1108
669	1118
669	1120
670	753
670	919
670	1082
670	1212
671	830
671	848
671	863
671	868
671	962
671	1045
671	1177
671	1253
672	702
672	732
672	764
672	838
672	1031
672	1055
672	1144
672	1155
672	1177
673	803
673	1000
673	1136
673	1139
673	1252
674	769
674	814
674	845
674	944
674	978
674	1029
674	1079
675	685
675	709
675	741
675	843
675	956
676	711
676	775
676	781
676	1074
676	1214
677	896
677	1015
677	1071
677	1077
677	1121
678	703
678	848
678	1156
678	1254
679	742
679	772
679	786
679	858
679	984
679	1042
679	1228
680	703
680	736
680	819
680	1015
680	1078
680	1144
680	1172
681	800
681	1015
681	1121
681	1141
681	1155
681	1211
682	715
682	744
682	811
682	847
682	987
682	1064
682	1143
682	1162
682	1208
682	1242
683	852
683	856
683	1115
683	1133
683	1142
683	1165
683	1195
683	1241
684	803
684	845
684	851
684	870
684	1035
684	1059
684	1187
685	814
685	830
685	847
685	977
685	1042
685	1139
685	1261
686	752
686	768
686	776
686	806
686	812
686	826
686	834
686	857
686	861
686	991
686	1146
686	1184
687	774
687	952
687	990
687	1112
687	1183
687	1266
688	766
688	812
688	894
688	1035
688	1099
688	1135
688	1178
688	1237
688	1245
689	845
689	879
689	881
689	940
689	987
689	1069
689	1130
689	1202
689	1220
689	1242
690	694
690	721
690	771
690	844
690	855
690	1105
690	1131
690	1155
691	755
691	799
691	826
691	831
691	873
691	926
691	1029
691	1109
691	1182
691	1230
691	1239
692	808
692	817
692	860
692	1086
692	1132
692	1154
692	1171
692	1227
693	718
693	771
693	870
693	943
693	972
693	1029
693	1071
693	1124
693	1153
694	705
694	780
694	794
694	814
694	877
694	996
694	1019
694	1179
694	1228
695	736
695	839
695	845
695	1162
696	716
696	720
696	843
696	851
696	1073
696	1153
696	1236
697	760
697	817
697	857
697	1092
697	1132
697	1178
697	1244
698	791
698	843
698	844
698	1177
698	1179
698	1237
698	1266
699	819
699	858
699	987
699	1133
699	1136
699	1155
699	1177
699	1197
699	1235
700	751
700	779
700	797
700	857
700	1137
700	1144
700	1179
701	844
701	1217
701	1260
702	751
702	788
702	833
702	857
702	1104
702	1137
702	1143
702	1151
702	1183
703	741
703	827
703	918
703	984
703	985
703	1216
703	1226
704	734
704	821
704	852
704	1022
704	1045
704	1091
705	715
705	744
705	765
705	961
705	974
705	1022
705	1139
705	1247
706	720
706	738
706	785
706	848
706	918
706	945
706	1157
706	1230
707	810
707	869
707	1211
707	1260
708	732
708	743
708	777
708	815
708	818
708	839
708	907
708	1014
708	1017
708	1096
708	1116
708	1139
708	1140
708	1166
708	1187
708	1228
708	1243
708	1251
709	764
709	812
709	825
709	868
709	955
709	1021
709	1078
710	1187
710	1197
710	1203
710	1229
711	834
711	835
711	851
711	868
711	881
711	1003
711	1094
711	1158
711	1199
711	1225
712	723
712	764
712	863
712	1055
712	1073
713	803
713	1107
713	1256
714	716
714	725
714	806
714	809
714	842
714	843
714	1115
714	1147
714	1238
715	729
715	740
715	743
715	832
715	845
715	851
715	865
715	888
715	980
715	1105
715	1140
715	1234
716	730
716	762
716	805
716	808
716	856
716	934
716	965
716	998
716	1122
717	721
717	733
717	776
717	815
717	818
717	833
717	843
717	861
717	874
717	935
717	963
717	971
717	1018
717	1095
717	1130
717	1137
717	1150
717	1173
717	1177
717	1182
718	766
718	770
718	800
718	810
718	850
718	871
718	975
718	1120
718	1129
718	1136
718	1226
718	1260
719	762
719	764
719	785
719	821
719	858
719	862
719	962
719	1013
719	1100
719	1113
719	1179
719	1210
719	1262
720	749
720	752
720	795
720	811
720	834
720	850
720	864
720	1026
720	1041
720	1052
720	1115
720	1119
720	1264
721	782
721	795
721	834
721	843
721	1000
721	1126
721	1138
721	1157
722	773
722	799
722	844
722	982
722	1151
722	1209
723	768
723	816
723	862
723	910
723	939
723	946
723	1207
723	1238
723	1247
724	767
724	858
724	1062
724	1193
725	773
725	794
725	847
725	858
725	1211
726	745
726	801
726	851
726	1015
727	887
727	969
728	858
728	1018
728	1086
728	1155
728	1229
728	1237
729	859
729	937
729	997
729	1048
729	1117
729	1218
730	807
730	816
730	948
730	1023
730	1147
731	827
731	858
731	864
731	871
731	1177
731	1250
732	743
732	771
732	857
732	1014
732	1083
732	1102
732	1192
733	948
733	1003
733	1127
734	766
734	775
734	785
734	974
734	1017
734	1085
735	783
735	830
735	865
735	881
735	955
735	999
735	1131
735	1154
735	1220
736	856
736	868
736	1225
736	1228
737	777
737	836
738	801
738	817
738	1003
739	762
739	844
739	883
739	1067
739	1141
739	1253
740	763
740	858
740	881
740	976
740	1023
741	796
741	886
741	1014
741	1143
742	813
742	869
742	953
743	772
743	817
743	844
743	852
743	945
743	1046
743	1204
743	1220
743	1264
744	789
744	793
744	844
744	1112
744	1207
744	1229
745	772
745	780
745	784
745	913
745	951
745	1097
745	1187
746	772
746	773
746	1074
746	1080
746	1137
746	1140
746	1149
746	1243
747	794
747	858
747	1139
747	1229
748	758
748	774
748	850
748	852
748	906
748	992
748	1187
749	800
749	1029
750	784
750	858
750	1111
750	1135
750	1141
750	1146
750	1151
750	1192
750	1233
751	797
751	815
751	876
751	1038
751	1109
751	1131
751	1150
751	1157
751	1196
752	772
752	848
752	953
752	988
752	1005
752	1115
753	963
754	822
754	1141
754	1179
754	1231
755	809
755	840
756	775
756	794
756	809
756	846
756	929
756	1166
756	1216
757	768
757	780
757	844
757	845
757	870
757	1100
757	1121
757	1135
757	1217
757	1226
757	1262
758	852
758	860
758	977
758	1009
758	1209
759	793
759	989
759	998
759	1216
760	816
760	972
760	1066
760	1177
760	1200
760	1230
760	1256
761	1014
761	1160
761	1187
762	774
762	867
762	1110
762	1202
762	1217
763	771
763	813
763	815
763	844
763	868
763	947
763	985
763	1018
763	1029
763	1049
763	1084
763	1179
763	1201
763	1225
764	802
764	815
764	844
764	948
764	1016
764	1022
764	1034
764	1082
764	1108
764	1169
764	1229
764	1236
764	1256
765	820
765	1035
765	1111
765	1116
765	1190
765	1257
765	1258
766	807
766	847
766	850
766	871
766	1055
767	783
767	807
767	810
767	811
767	837
767	876
767	950
767	985
767	1026
767	1133
767	1246
768	769
768	780
768	822
768	845
768	986
768	1186
768	1208
768	1242
768	1265
769	777
769	845
769	872
769	886
769	908
769	991
769	1053
769	1140
769	1232
770	786
770	796
770	845
770	880
770	891
770	982
770	1017
770	1022
770	1112
770	1114
770	1141
770	1146
770	1178
771	791
771	800
771	801
771	808
771	817
771	841
771	855
771	1083
771	1098
771	1104
771	1212
771	1264
772	801
772	808
772	811
772	820
772	841
772	858
772	883
772	1005
772	1029
772	1061
772	1100
772	1131
772	1148
773	786
773	793
773	795
773	808
773	813
773	825
773	972
773	987
773	1061
773	1084
773	1112
773	1143
773	1150
773	1195
773	1226
774	820
774	824
774	856
774	966
774	984
774	1015
774	1135
774	1141
775	800
775	811
775	848
775	999
775	1135
775	1189
775	1211
775	1239
775	1243
775	1260
776	795
776	806
776	812
776	845
776	853
776	999
776	1130
776	1151
776	1179
776	1266
777	822
777	838
777	857
777	866
777	867
777	869
777	893
777	966
777	967
777	971
777	979
777	1035
777	1086
777	1113
777	1115
777	1135
777	1137
777	1198
777	1250
777	1251
778	801
778	824
778	856
778	864
778	871
778	985
778	1001
778	1110
778	1143
778	1159
778	1162
778	1214
778	1227
778	1265
779	805
779	808
779	857
779	869
779	873
779	880
779	924
779	950
779	1005
779	1012
779	1021
779	1022
779	1071
779	1178
779	1199
779	1228
779	1245
779	1266
780	793
780	803
780	1042
780	1118
780	1150
780	1153
780	1165
780	1227
781	859
781	1145
781	1190
781	1261
782	820
782	844
782	1052
782	1212
782	1228
783	793
783	851
783	894
783	1001
783	1018
783	1088
783	1165
783	1175
783	1177
784	939
784	945
784	1143
784	1168
785	827
785	867
785	870
785	976
785	979
785	992
785	1145
785	1234
785	1254
786	857
786	981
786	1016
786	1115
786	1120
786	1165
786	1178
787	857
787	1140
788	794
788	1177
788	1229
789	844
789	846
789	992
789	1021
789	1076
789	1162
790	1085
790	1225
791	795
791	826
791	927
791	976
791	1010
791	1156
792	888
792	1006
792	1047
792	1179
792	1237
793	809
793	855
793	861
793	874
793	922
793	929
793	983
793	987
793	988
793	1037
793	1074
793	1110
793	1135
793	1137
793	1180
793	1183
793	1191
793	1210
793	1225
793	1226
793	1229
794	803
794	807
794	826
794	840
794	845
794	862
794	877
794	900
794	987
794	988
794	1011
794	1018
794	1114
794	1116
794	1139
794	1140
794	1142
794	1175
794	1177
794	1179
794	1213
794	1214
794	1218
794	1239
795	796
795	854
795	858
795	863
795	986
795	987
795	992
795	1015
795	1023
795	1042
795	1081
795	1128
795	1154
795	1160
795	1170
795	1177
795	1184
795	1264
796	840
796	844
796	1033
796	1226
796	1227
796	1229
796	1233
797	952
797	959
797	1066
797	1190
797	1262
798	885
798	998
798	1044
798	1099
798	1243
799	857
799	1038
799	1131
799	1140
799	1200
799	1251
799	1258
800	859
800	938
800	968
800	1013
800	1021
800	1065
800	1094
800	1157
800	1158
800	1243
801	805
801	945
801	991
801	1018
801	1134
801	1141
802	806
802	885
802	951
802	1004
802	1023
802	1034
802	1078
802	1104
802	1112
802	1175
802	1178
802	1206
803	839
803	879
803	1179
803	1233
804	811
804	822
804	843
804	988
804	1081
804	1138
804	1168
805	837
805	983
805	1099
805	1115
805	1177
805	1178
805	1197
805	1216
806	819
806	864
806	875
806	1043
806	1087
806	1260
807	826
807	833
807	845
807	856
807	863
807	944
807	950
807	1068
807	1161
807	1177
807	1178
807	1197
807	1229
807	1236
808	813
808	836
808	883
808	1024
808	1106
808	1113
808	1126
808	1145
808	1177
808	1202
808	1219
808	1247
808	1257
809	858
809	861
809	871
809	878
809	1091
809	1097
809	1137
809	1184
810	811
810	813
810	821
810	869
810	875
810	884
810	944
810	1179
810	1219
810	1264
811	827
811	876
811	964
811	1014
811	1144
811	1186
811	1206
811	1264
812	873
812	947
812	955
812	990
812	1032
812	1048
812	1090
812	1144
812	1155
812	1168
812	1179
812	1181
812	1228
812	1241
812	1245
812	1246
812	1258
812	1261
813	1042
813	1071
813	1145
813	1160
813	1177
813	1189
813	1223
813	1228
813	1235
813	1250
814	820
814	949
814	1114
814	1193
814	1203
814	1205
814	1220
814	1229
815	826
815	847
815	864
815	959
815	968
815	1006
815	1019
815	1040
815	1048
815	1133
815	1177
815	1216
815	1240
815	1261
815	1265
816	822
816	844
816	847
816	904
816	981
816	1026
816	1035
816	1228
816	1230
817	845
817	979
817	990
817	1228
817	1229
818	846
818	881
818	1083
818	1203
819	861
819	1109
819	1207
819	1244
820	841
820	1027
821	1087
822	858
822	1084
823	987
823	1108
823	1250
824	846
824	1163
824	1178
824	1262
825	866
825	1124
825	1141
825	1188
826	851
826	853
826	1157
827	1149
827	1154
827	1162
828	1149
828	1208
828	1232
829	1161
829	1243
830	833
830	989
830	1082
830	1142
830	1144
830	1188
830	1222
831	851
831	1009
831	1231
832	948
832	1011
832	1100
832	1148
832	1240
832	1256
833	856
833	1029
833	1071
833	1073
833	1142
833	1177
834	869
834	873
834	1032
834	1110
834	1218
835	845
835	846
835	1018
835	1036
835	1179
835	1180
835	1239
835	1249
835	1261
836	942
836	1019
836	1225
836	1229
837	1007
838	845
838	1013
838	1041
838	1081
838	1110
838	1161
838	1229
839	873
839	971
839	987
839	1143
839	1181
839	1192
839	1206
839	1248
839	1252
840	915
840	948
840	953
840	996
840	1012
840	1181
841	855
841	986
841	1135
841	1224
841	1264
842	858
842	990
842	1042
842	1076
842	1124
842	1152
842	1176
842	1254
843	1025
843	1212
844	854
844	858
844	861
844	871
844	875
844	880
844	934
844	999
844	1068
844	1082
844	1192
844	1223
844	1226
844	1265
845	852
845	855
845	858
845	867
845	939
845	947
845	993
845	996
845	1012
845	1027
845	1029
845	1032
845	1066
845	1104
845	1135
845	1154
845	1159
845	1160
845	1202
845	1228
845	1229
846	849
846	851
846	857
846	859
846	864
846	876
846	925
846	947
846	948
846	982
846	985
846	1001
846	1026
846	1106
846	1146
846	1153
846	1171
846	1228
846	1241
846	1259
846	1265
847	867
847	936
847	954
847	1074
847	1115
847	1224
847	1238
848	871
848	895
848	948
848	1011
848	1039
848	1083
848	1085
848	1162
848	1177
848	1256
849	946
849	1033
849	1082
849	1228
850	987
850	1083
850	1091
850	1139
850	1150
850	1155
850	1165
850	1202
850	1230
850	1260
851	1015
851	1026
851	1137
851	1142
851	1177
851	1186
851	1225
851	1254
852	864
852	884
852	1128
853	883
853	948
853	976
853	1002
853	1043
854	872
854	880
854	940
854	960
854	1070
854	1153
854	1166
854	1243
854	1259
855	858
855	874
855	893
855	980
855	1049
855	1061
855	1080
855	1137
855	1150
855	1158
855	1177
856	876
856	888
856	965
856	986
856	1007
856	1025
856	1062
856	1091
856	1097
856	1106
856	1133
856	1140
856	1153
856	1159
856	1199
856	1254
857	871
857	879
857	951
857	965
857	971
857	994
857	1001
857	1082
857	1148
857	1178
857	1179
857	1193
857	1228
857	1237
857	1245
857	1252
857	1255
858	886
858	962
858	979
858	990
858	1068
858	1071
858	1083
858	1120
858	1124
858	1140
858	1152
858	1218
858	1228
858	1262
859	868
859	918
859	1002
859	1031
859	1038
859	1142
859	1152
859	1196
859	1256
860	874
860	1058
860	1248
860	1265
861	934
861	948
861	1045
861	1058
861	1178
862	897
862	1064
862	1144
862	1178
862	1209
862	1257
863	945
863	980
863	1114
863	1184
863	1220
864	896
864	964
864	1023
864	1175
864	1179
865	1024
865	1174
865	1177
866	870
866	874
866	946
866	950
866	1081
866	1093
866	1119
866	1139
866	1177
867	902
867	917
867	1088
867	1123
867	1243
867	1265
868	888
868	986
868	1137
868	1232
868	1243
869	960
869	965
869	983
869	1157
869	1193
869	1223
870	883
870	968
870	1047
870	1100
870	1122
871	912
871	982
871	983
871	1034
871	1047
871	1049
871	1087
871	1189
872	878
872	1049
872	1150
872	1200
872	1255
873	953
873	981
873	1007
873	1021
873	1023
873	1078
874	1072
874	1083
874	1165
874	1262
875	906
875	950
876	1109
876	1145
877	1072
877	1120
877	1148
877	1233
877	1259
878	1136
878	1138
878	1237
879	982
879	1228
880	987
880	1068
880	1115
880	1175
880	1178
881	950
881	985
881	1018
881	1178
882	917
882	1071
882	1112
882	1135
882	1151
882	1177
882	1199
883	1099
883	1154
883	1159
883	1179
884	889
884	1129
884	1155
885	1039
885	1104
885	1171
885	1241
886	918
886	1115
886	1144
886	1223
886	1236
886	1238
886	1242
887	898
887	1063
887	1067
887	1087
887	1178
888	972
893	958
893	1018
893	1034
893	1116
894	1223
895	962
896	991
897	1186
898	1014
898	1074
898	1194
900	987
900	1177
902	1187
903	993
903	1175
905	1016
905	1018
910	985
910	1125
911	1144
912	1022
912	1211
913	1105
914	1241
916	1067
916	1200
917	1212
917	1241
918	1032
919	1231
920	1214
920	1256
923	987
924	1023
926	1140
928	1117
930	1241
935	1136
935	1188
936	1165
938	982
940	983
940	1142
940	1144
940	1200
941	1137
941	1151
941	1256
942	1147
942	1213
942	1242
943	999
943	1053
943	1260
944	1163
944	1173
944	1181
946	1049
946	1112
946	1260
947	1069
947	1106
947	1179
947	1262
948	1226
949	1020
949	1135
949	1146
949	1189
949	1214
949	1224
949	1235
950	1113
950	1256
951	1016
951	1050
951	1101
951	1156
952	1020
952	1040
952	1135
952	1265
953	1094
953	1168
953	1219
953	1220
953	1241
953	1250
955	1076
955	1143
955	1257
956	1020
957	995
957	1027
957	1152
957	1223
959	1084
960	996
960	1136
960	1148
960	1211
961	1211
961	1226
964	1109
964	1137
964	1154
965	1157
965	1233
966	1229
968	1142
969	1120
969	1137
969	1227
969	1252
971	985
971	1075
971	1104
972	1115
972	1140
974	1059
974	1116
975	1066
975	1260
975	1261
976	1132
976	1140
976	1219
976	1230
977	1181
978	1146
979	1177
979	1211
979	1222
979	1228
980	1137
980	1173
981	1069
982	1006
982	1010
982	1012
982	1063
982	1207
983	1135
983	1146
983	1179
984	1053
984	1155
984	1159
985	1064
985	1143
985	1160
985	1164
986	1014
986	1114
986	1144
986	1179
986	1225
987	1070
987	1111
987	1116
987	1135
987	1160
988	1006
988	1120
989	1018
989	1046
989	1081
989	1237
990	1081
990	1101
990	1186
991	1262
992	1023
993	1045
993	1181
994	1117
995	1250
996	1078
996	1143
996	1157
996	1184
997	1226
998	1108
998	1142
998	1213
1000	1057
1000	1134
1000	1187
1000	1197
1000	1235
1001	1021
1001	1153
1001	1158
1001	1238
1002	1161
1003	1123
1004	1117
1004	1151
1004	1178
1005	1086
1005	1093
1005	1176
1005	1179
1005	1218
1006	1228
1007	1200
1008	1012
1008	1040
1008	1072
1009	1217
1009	1233
1010	1148
1011	1090
1011	1092
1011	1264
1013	1096
1013	1190
1013	1226
1013	1246
1014	1051
1014	1095
1014	1110
1014	1140
1014	1230
1016	1029
1016	1043
1016	1239
1017	1260
1018	1062
1018	1111
1018	1157
1019	1028
1019	1201
1020	1026
1020	1105
1020	1211
1020	1239
1021	1174
1022	1070
1022	1096
1022	1102
1022	1110
1022	1132
1022	1139
1022	1190
1022	1202
1023	1069
1023	1070
1023	1119
1023	1138
1023	1139
1023	1246
1024	1080
1025	1189
1025	1213
1025	1218
1026	1096
1026	1137
1026	1219
1026	1221
1027	1083
1027	1146
1027	1192
1027	1240
1028	1262
1029	1111
1029	1144
1029	1149
1029	1195
1030	1104
1030	1215
1032	1140
1032	1175
1033	1178
1034	1151
1035	1151
1035	1258
1036	1081
1036	1153
1037	1060
1037	1222
1038	1193
1038	1236
1039	1175
1039	1179
1039	1245
1040	1137
1040	1254
1041	1197
1042	1091
1042	1118
1042	1136
1042	1140
1042	1170
1043	1072
1043	1229
1044	1179
1044	1225
1045	1177
1048	1256
1049	1072
1050	1102
1050	1202
1051	1105
1051	1237
1051	1242
1052	1145
1053	1149
1055	1163
1055	1169
1055	1179
1055	1253
1056	1102
1056	1227
1057	1140
1057	1145
1057	1179
1058	1069
1058	1161
1058	1209
1059	1156
1061	1182
1062	1146
1065	1142
1067	1110
1069	1121
1069	1135
1070	1172
1070	1265
1071	1222
1075	1087
1076	1144
1078	1134
1078	1144
1079	1189
1080	1158
1080	1233
1081	1140
1081	1142
1082	1120
1084	1226
1084	1249
1086	1111
1086	1196
1087	1134
1087	1234
1088	1158
1090	1244
1091	1190
1091	1229
1091	1249
1093	1177
1094	1185
1094	1230
1097	1242
1097	1245
1098	1177
1099	1197
1100	1237
1101	1110
1101	1128
1102	1139
1104	1224
1104	1235
1105	1178
1106	1110
1106	1240
1106	1250
1107	1108
1107	1171
1107	1191
1108	1133
1108	1226
1108	1227
1109	1138
1109	1206
1109	1226
1109	1245
1110	1177
1110	1229
1110	1244
1111	1169
1111	1210
1112	1182
1112	1211
1113	1157
1113	1180
1113	1215
1113	1221
1113	1249
1113	1263
1114	1177
1114	1217
1114	1237
1115	1163
1115	1236
1115	1249
1115	1256
1117	1218
1117	1236
1118	1136
1118	1140
1119	1138
1119	1154
1119	1167
1120	1228
1121	1251
1122	1212
1122	1265
1123	1174
1123	1240
1124	1226
1125	1153
1127	1222
1127	1258
1128	1179
1129	1147
1129	1183
1129	1233
1130	1255
1131	1160
1131	1204
1132	1179
1132	1182
1133	1160
1134	1165
1135	1179
1135	1260
1136	1175
1136	1248
1136	1264
1137	1144
1137	1175
1137	1198
1137	1244
1138	1141
1138	1149
1138	1156
1138	1179
1138	1193
1138	1228
1138	1261
1139	1235
1139	1238
1140	1143
1140	1152
1140	1155
1140	1170
1141	1177
1141	1205
1141	1220
1141	1224
1141	1241
1142	1152
1142	1162
1142	1209
1142	1217
1143	1179
1143	1184
1143	1207
1143	1226
1144	1154
1144	1250
1145	1151
1145	1185
1145	1207
1146	1178
1146	1225
1146	1230
1146	1254
1146	1266
1147	1181
1147	1208
1147	1217
1147	1241
1147	1255
1149	1251
1150	1179
1150	1183
1150	1227
1150	1256
1151	1189
1152	1191
1152	1195
1152	1262
1153	1217
1155	1226
1156	1210
1156	1248
1157	1160
1161	1251
1161	1262
1165	1177
1166	1211
1168	1233
1168	1242
1169	1260
1170	1246
1171	1211
1172	1203
1172	1244
1174	1232
1175	1240
1177	1195
1177	1209
1177	1210
1177	1225
1177	1226
1177	1241
1177	1262
1178	1195
1178	1221
1178	1223
1178	1231
1178	1243
1179	1186
1179	1198
1179	1255
1180	1197
1180	1238
1181	1224
1182	1214
1182	1249
1183	1202
1183	1217
1185	1253
1188	1235
1189	1203
1191	1206
1191	1214
1191	1236
1191	1260
1193	1207
1193	1256
1197	1263
1201	1228
1203	1220
1204	1238
1206	1255
1208	1262
1210	1258
1212	1228
1214	1235
1215	1259
1217	1249
1218	1254
1223	1243
1223	1246
1225	1246
1225	1266
1226	1243
1226	1261
1228	1248
1229	1265
1241	1245
1241	1246
1252	1256
