1	2
1	3
1	4
1	5
1	6
1	7
1	8
1	9
1	10
1	11
1	12
1	13
1	14
1	15
1	16
2	17
2	18
2	19
2	20
3	21
3	22
3	23
3	24
4	25
4	26
4	27
4	28
5	29
5	30
5	31
5	32
6	33
6	34
6	35
6	36
7	37
7	38
7	39
7	40
8	41
8	42
8	43
8	44
9	45
9	46
9	47
9	48
10	49
10	50
10	51
10	52
11	53
11	54
11	55
11	56
12	57
12	58
12	59
12	60
13	61
13	62
13	63
13	64
14	65
14	66
14	67
14	68
15	69
15	70
15	71
15	72
16	73
16	74
16	75
16	76
17	77
17	78
17	79
17	80
18	81
18	82
18	83
18	84
19	85
19	86
19	87
19	88
20	89
20	90
20	91
20	92
21	93
21	94
21	95
21	96
22	97
22	98
22	99
22	100
23	101
23	102
23	103
23	104
24	105
24	106
24	107
24	108
25	109
25	110
25	111
25	112
26	113
26	114
26	115
26	116
27	117
27	118
27	119
27	120
28	121
28	122
28	123
28	124
29	125
29	126
29	127
29	128
30	129
30	130
30	131
30	132
31	133
31	134
31	135
31	136
32	137
32	138
32	139
32	140
33	141
33	142
33	143
33	144
34	145
34	146
34	147
34	148
35	149
35	150
35	151
35	152
36	153
36	154
36	155
36	156
37	157
37	158
37	159
37	160
38	161
38	162
38	163
38	164
39	165
39	166
39	167
39	168
40	169
40	170
40	171
40	172
41	173
41	174
41	175
41	176
42	177
42	178
42	179
42	180
43	181
43	182
43	183
43	184
44	185
44	186
44	187
44	188
45	189
45	190
45	191
45	192
46	193
46	194
46	195
46	196
47	197
47	198
47	199
47	200
48	201
48	202
48	203
48	204
49	205
49	206
49	207
49	208
50	209
50	210
50	211
50	212
51	213
51	214
51	215
51	216
52	217
52	218
52	219
52	220
53	221
53	222
53	223
53	224
54	225
54	226
54	227
54	228
55	229
55	230
55	231
55	232
56	233
56	234
56	235
56	236
57	237
57	238
57	239
57	240
58	241
58	242
58	243
58	244
59	245
59	246
59	247
59	248
60	249
60	250
60	251
60	252
61	253
61	254
61	255
61	256
62	257
62	258
62	259
62	260
63	261
63	262
63	263
63	264
64	265
64	266
64	267
64	268
65	269
65	270
65	271
65	272
66	273
66	274
66	275
66	276
67	277
67	278
67	279
67	280
68	281
68	282
68	283
68	284
69	285
69	286
69	287
69	288
70	289
70	290
70	291
70	292
71	293
71	294
71	295
71	296
72	297
72	298
72	299
72	300
73	301
73	302
73	303
73	304
74	305
74	306
74	307
74	308
75	309
75	310
75	311
75	312
76	313
76	314
76	315
76	316
77	317
77	318
77	319
77	320
78	321
78	322
78	323
78	324
79	325
79	326
79	327
79	328
80	329
80	330
80	331
80	332
81	333
81	334
81	335
81	336
82	337
82	338
82	339
82	340
83	341
83	342
83	343
83	344
84	345
84	346
84	347
84	348
85	349
85	350
85	351
85	352
86	353
86	354
86	355
86	356
87	357
87	358
87	359
87	360
88	361
88	362
88	363
88	364
89	365
89	366
89	367
89	368
90	369
90	370
90	371
90	372
91	373
91	374
91	375
91	376
92	377
92	378
92	379
92	380
93	381
93	382
93	383
93	384
94	385
94	386
94	387
94	388
95	389
95	390
95	391
95	392
96	393
96	394
96	395
96	396
97	397
97	398
97	399
97	400
98	401
98	402
98	403
98	404
99	405
99	406
99	407
99	408
100	409
100	410
100	411
100	412
101	413
101	414
101	415
101	416
102	417
102	418
102	419
102	420
103	421
103	422
103	423
103	424
104	425
104	426
104	427
104	428
105	429
105	430
105	431
105	432
106	433
106	434
106	435
106	436
107	437
107	438
107	439
107	440
108	441
108	442
108	443
108	444
109	445
109	446
109	447
109	448
110	449
110	450
110	451
110	452
111	453
111	454
111	455
111	456
112	457
112	458
112	459
112	460
113	461
113	462
113	463
113	464
114	465
114	466
114	467
114	468
115	469
115	470
115	471
115	472
116	473
116	474
116	475
116	476
117	477
117	478
117	479
117	480
118	481
118	482
118	483
118	484
119	485
119	486
119	487
119	488
120	489
120	490
120	491
120	492
121	493
121	494
121	495
121	496
122	497
122	498
122	499
122	500
123	501
123	502
123	503
123	504
124	505
124	506
124	507
124	508
