1	2
1	3
1	4
1	5
1	6
1	7
1	8
1	9
1	10
1	11
1	12
1	13
1	14
1	15
1	16
1	269
1	304
1	322
1	382
2	16
2	17
2	18
2	19
2	20
2	42
2	65
2	74
2	164
2	176
2	180
2	266
2	269
2	383
2	389
2	403
3	4
3	21
3	22
3	23
3	24
3	105
3	175
3	185
3	204
3	344
3	361
3	391
3	396
3	403
4	25
4	26
4	27
4	28
4	126
4	164
4	188
4	192
4	199
4	218
4	296
4	316
4	323
4	328
4	360
4	368
4	390
4	397
5	6
5	7
5	10
5	14
5	16
5	24
5	29
5	30
5	31
5	32
5	33
5	34
5	35
5	36
5	37
5	38
5	39
5	40
5	41
5	42
5	43
5	44
5	45
5	46
5	47
5	48
5	49
5	50
5	51
5	52
5	53
5	54
5	55
5	56
6	9
6	10
6	14
6	15
6	57
6	58
6	59
6	60
6	61
6	62
6	63
6	64
6	65
6	66
6	67
6	68
6	69
6	70
6	71
6	72
6	73
6	74
6	75
6	76
6	77
6	78
6	79
6	80
7	8
7	11
7	12
7	15
7	81
7	82
7	83
7	84
7	85
7	86
7	87
7	88
7	89
7	90
7	91
7	92
7	93
7	94
7	95
7	96
7	97
7	98
7	99
7	100
7	101
7	102
7	103
7	104
8	15
8	24
8	105
8	106
8	107
8	108
8	109
8	110
8	111
8	112
8	113
8	114
8	115
8	116
8	117
8	118
8	119
8	120
9	14
9	15
9	121
9	122
9	123
9	124
9	125
9	126
9	127
9	128
9	129
9	130
9	131
9	132
9	133
9	134
9	135
9	136
10	11
10	14
10	15
10	137
10	138
10	139
10	140
10	141
10	142
10	143
10	144
10	145
10	146
10	147
10	148
10	149
10	150
10	151
10	152
10	153
10	154
10	155
10	156
10	157
10	158
10	159
10	160
11	13
11	15
11	16
11	161
11	162
11	163
11	164
11	165
11	166
11	167
11	168
11	169
11	170
11	171
11	172
11	173
11	174
11	175
11	176
11	177
11	178
11	179
11	180
11	181
11	182
11	183
11	184
12	15
12	185
12	186
12	187
12	188
12	189
12	190
12	191
12	192
12	193
12	194
12	195
12	196
13	16
13	197
13	198
13	199
13	200
13	201
13	202
13	203
13	204
13	205
13	206
13	207
13	208
14	16
14	209
14	210
14	211
14	212
14	213
14	214
14	215
14	216
14	217
14	218
14	219
14	220
14	221
14	222
14	223
14	224
14	225
14	226
14	227
14	228
14	229
14	230
14	231
14	232
15	16
15	233
15	234
15	235
15	236
15	237
15	238
15	239
15	240
15	241
15	242
15	243
15	244
15	245
15	246
15	247
15	248
15	249
15	250
15	251
15	252
15	253
15	254
15	255
15	256
15	257
15	258
15	259
15	260
15	261
15	262
15	263
15	264
15	265
15	266
15	267
15	268
16	269
16	270
16	271
16	272
16	273
16	274
16	275
16	276
16	277
16	278
16	279
16	280
16	281
16	282
16	283
16	284
16	285
16	286
16	287
16	288
16	289
16	290
16	291
16	292
17	293
17	294
17	295
17	296
18	19
18	20
18	297
18	298
18	299
18	300
18	301
18	302
18	303
18	304
18	305
18	306
18	307
18	308
19	309
19	310
19	311
19	312
19	313
19	314
19	315
19	316
20	317
20	318
20	319
20	320
20	321
20	322
20	323
20	324
21	325
21	326
21	327
21	328
22	23
22	26
22	329
22	330
22	331
22	332
22	333
22	334
22	335
22	336
22	337
22	338
22	339
22	340
23	24
23	341
23	342
23	343
23	344
23	345
23	346
23	347
23	348
23	349
23	350
23	351
23	352
24	353
24	354
24	355
24	356
24	357
24	358
24	359
24	360
24	361
24	362
24	363
24	364
24	365
24	366
24	367
24	368
25	369
25	370
25	371
25	372
26	27
26	28
26	373
26	374
26	375
26	376
26	377
26	378
26	379
26	380
26	381
26	382
26	383
26	384
26	385
26	386
26	387
26	388
27	389
27	390
27	391
27	392
27	393
27	394
27	395
27	396
28	397
28	398
28	399
28	400
28	401
28	402
28	403
28	404
29	30
29	32
29	33
29	35
29	39
29	40
29	41
29	43
29	49
29	54
29	55
30	31
30	33
30	37
30	41
30	42
30	48
30	49
30	52
30	53
30	55
31	33
31	35
31	37
31	38
31	39
31	41
31	42
31	44
31	45
31	46
31	47
31	48
31	55
32	33
32	39
32	41
32	43
32	44
32	50
32	53
32	54
32	300
33	34
33	35
33	38
33	39
33	44
33	45
33	48
33	52
34	35
34	40
34	41
34	42
34	43
34	44
34	49
34	51
34	55
34	56
34	197
35	37
35	38
35	41
35	42
35	44
35	46
35	47
35	49
35	50
35	51
35	53
36	37
36	40
36	41
36	42
36	44
36	45
36	46
36	48
37	38
37	47
37	48
37	54
38	42
38	43
38	44
38	45
38	48
38	49
38	50
38	51
38	52
38	56
38	208
39	40
39	45
39	46
39	48
39	51
39	54
39	55
39	56
40	42
40	43
40	44
40	46
40	48
40	52
40	55
41	44
41	45
41	46
41	50
41	51
41	52
41	54
41	402
42	46
42	48
42	50
42	53
42	54
42	56
43	44
43	45
43	48
43	49
43	52
43	54
43	55
43	397
44	47
44	48
44	55
44	56
44	165
44	378
45	52
46	51
46	55
47	48
47	49
47	50
47	54
48	51
49	52
49	53
50	51
50	54
50	56
51	54
51	167
52	53
52	55
53	54
53	56
53	171
55	56
56	63
57	58
57	63
57	67
57	72
57	73
57	75
57	77
57	80
57	83
57	120
58	62
58	68
58	70
58	71
58	77
58	80
58	361
59	60
59	61
59	64
59	65
59	66
59	67
59	69
59	75
59	77
59	80
60	62
60	64
60	65
60	66
60	69
60	70
60	71
60	72
60	73
60	74
60	75
60	77
60	79
61	65
61	66
61	67
61	68
61	69
61	76
61	78
61	79
61	132
62	63
62	64
62	73
62	75
62	77
62	80
63	64
63	68
63	70
63	72
63	75
63	76
63	79
63	80
64	70
64	72
64	73
64	75
64	76
64	77
64	79
64	80
65	66
65	74
65	77
65	80
66	68
66	70
66	71
66	76
66	77
66	79
66	80
66	176
67	68
67	70
67	71
67	75
67	79
67	80
68	69
68	70
68	72
68	75
68	79
69	74
69	75
69	80
70	71
70	74
70	75
70	78
70	80
71	74
71	76
72	78
72	79
73	75
73	79
74	77
75	76
75	77
75	78
75	79
76	79
76	364
79	80
81	83
81	85
81	86
81	89
81	94
82	83
82	84
82	88
82	91
82	93
82	96
82	97
82	98
82	99
82	101
82	102
83	86
83	90
83	92
83	93
83	94
83	98
83	101
84	86
84	88
84	89
84	90
84	94
84	97
84	99
84	100
84	102
84	103
85	89
85	90
85	93
85	97
85	98
85	99
85	100
85	101
85	102
85	104
86	89
86	95
86	96
86	97
86	102
86	104
87	89
87	90
87	91
87	92
87	94
87	95
87	97
87	100
88	93
88	94
88	101
88	102
88	104
89	91
89	95
89	98
89	101
89	103
90	93
90	94
90	95
90	96
90	100
90	101
90	104
91	93
91	94
91	95
91	97
91	98
91	99
91	102
92	94
92	98
92	101
92	102
93	96
93	97
94	95
94	97
94	98
94	99
94	100
94	101
94	104
95	96
95	101
95	104
96	101
96	102
96	116
97	100
97	101
97	102
98	100
98	101
99	100
99	102
99	103
99	104
100	102
102	104
104	293
104	372
105	108
105	112
105	114
105	117
105	119
105	210
106	111
106	113
106	114
106	118
106	119
106	120
107	108
107	109
107	111
107	112
107	113
107	114
107	115
107	116
107	120
108	114
108	118
108	119
109	110
109	113
109	115
109	119
109	120
110	114
110	118
111	112
111	113
111	117
111	118
111	120
112	115
112	123
112	326
113	114
113	115
114	115
114	118
115	117
115	118
115	120
116	118
116	120
117	181
117	334
118	119
118	120
118	315
119	120
120	381
121	124
121	125
121	128
121	129
121	131
121	136
122	124
122	128
122	129
122	131
122	133
122	134
122	135
123	127
123	130
123	131
123	132
123	133
123	135
123	136
123	370
124	126
124	128
124	129
125	127
125	130
125	372
126	129
126	130
126	133
128	129
128	130
128	132
128	133
128	135
128	136
129	132
129	134
129	135
129	136
129	153
130	131
130	132
130	133
130	135
130	136
131	133
131	360
132	134
133	136
134	135
134	136
135	151
137	140
137	146
137	148
137	149
137	150
137	153
137	155
137	158
138	139
138	140
138	144
138	146
138	149
138	150
138	151
138	152
138	153
138	154
138	158
138	160
139	144
139	147
139	149
139	151
139	152
139	154
139	156
139	159
140	151
140	153
140	155
140	157
141	143
141	146
141	148
141	149
141	151
141	153
141	154
141	156
141	159
141	160
141	354
142	143
142	144
142	145
142	147
142	154
142	156
142	157
143	144
143	146
143	152
143	153
143	156
143	160
144	145
144	152
144	158
144	159
145	147
145	151
145	153
145	156
145	157
145	158
145	169
145	217
146	147
146	149
146	151
146	153
146	155
146	157
146	159
147	149
147	150
147	151
147	158
147	160
147	391
148	151
148	155
148	158
149	150
149	151
149	152
149	155
149	156
149	157
149	160
150	151
150	152
150	153
150	160
150	213
151	152
151	153
151	154
151	160
151	372
152	155
152	159
152	160
153	155
153	157
153	159
154	159
154	160
155	157
155	160
155	360
156	160
156	397
157	158
158	159
158	160
159	160
161	168
161	169
161	171
161	172
161	173
161	174
161	175
161	176
161	177
161	371
162	164
162	166
162	167
162	169
162	170
162	171
162	175
162	177
162	178
162	181
162	364
163	166
163	170
163	171
163	172
163	173
163	176
163	177
163	178
163	181
163	183
164	169
164	171
164	172
164	175
164	180
164	182
164	384
165	167
165	168
165	169
165	171
165	172
165	175
165	178
165	180
165	181
166	167
166	168
166	171
166	172
166	177
166	178
166	183
167	171
167	173
167	176
167	178
167	181
168	173
168	174
168	175
168	178
168	179
168	180
168	184
169	171
169	172
169	174
169	175
169	176
169	177
169	179
169	183
169	205
169	216
169	371
170	171
170	174
170	176
170	177
170	179
170	180
170	184
170	299
171	172
171	173
171	174
171	178
171	181
171	183
172	175
172	178
172	181
172	184
172	241
173	176
173	178
173	180
174	184
175	176
175	177
175	178
175	180
175	183
175	184
176	177
176	179
176	181
176	254
177	179
177	181
177	183
178	183
179	181
179	183
179	184
181	183
182	183
183	304
185	190
185	193
185	194
185	195
186	188
186	189
186	191
186	192
186	193
186	396
187	191
187	194
187	195
187	201
188	193
188	194
188	195
188	196
189	190
189	191
189	194
189	195
189	372
190	191
190	193
190	201
190	203
190	294
191	199
191	251
192	193
192	196
192	287
192	331
193	296
194	195
194	218
195	196
195	248
197	201
197	203
197	205
197	206
197	208
197	262
197	375
198	202
198	205
198	206
198	208
199	200
199	202
199	205
199	403
200	201
200	203
200	204
200	205
200	327
200	371
200	390
201	202
201	203
201	204
202	206
203	205
203	208
204	205
204	206
204	207
205	210
206	207
206	326
207	321
207	393
209	212
209	213
209	216
209	217
209	220
209	224
209	227
209	230
209	231
210	212
210	216
210	218
210	220
210	223
210	224
210	226
210	230
211	213
211	214
211	217
211	220
211	221
211	222
211	226
211	229
211	230
211	232
212	213
212	217
212	219
212	222
212	227
212	229
212	230
213	214
213	215
213	221
213	222
213	224
213	225
213	227
213	228
213	230
214	218
214	219
214	221
214	222
214	224
214	230
215	216
215	217
215	220
215	221
215	223
215	301
216	218
216	219
216	223
216	226
216	230
216	231
217	219
217	220
217	221
217	223
217	226
217	227
217	230
217	231
218	219
218	225
218	226
218	230
219	221
219	226
219	227
220	221
220	222
220	223
220	225
220	227
220	228
220	229
220	231
220	261
220	372
221	225
221	228
222	224
222	226
222	227
222	229
222	231
222	232
222	295
223	224
223	226
223	228
224	228
224	229
224	232
225	226
225	227
225	228
225	232
226	228
226	231
227	230
228	229
228	231
229	230
229	232
230	231
231	232
233	234
233	240
233	244
233	252
233	253
233	255
233	258
233	260
233	262
233	264
233	265
234	244
234	246
234	248
234	249
234	252
234	253
234	254
234	255
234	258
234	263
234	266
234	267
234	268
235	236
235	240
235	241
235	242
235	243
235	244
235	247
235	253
235	254
235	257
235	259
235	260
235	263
235	264
235	265
236	239
236	240
236	241
236	242
236	243
236	244
236	246
236	247
236	249
236	252
236	255
236	257
236	261
236	265
236	266
237	239
237	247
237	249
237	261
237	264
237	328
237	371
238	241
238	244
238	245
238	246
238	248
238	251
238	252
238	254
238	256
238	258
238	259
238	264
238	268
239	243
239	249
239	250
239	252
239	253
239	257
239	258
239	259
239	260
239	266
239	267
239	268
240	244
240	245
240	247
240	248
240	251
240	253
240	260
240	264
240	265
240	280
241	242
241	244
241	248
241	251
241	252
241	254
241	255
241	257
241	258
241	261
241	265
241	266
242	243
242	244
242	246
242	250
242	255
242	256
242	261
242	264
242	266
242	268
243	249
243	251
243	257
243	259
243	261
243	262
243	265
243	266
244	246
244	247
244	253
244	255
244	256
244	260
244	261
244	263
244	265
244	266
244	267
244	268
245	248
245	251
245	252
245	255
245	256
245	259
245	260
245	262
245	264
245	265
245	268
246	247
246	253
246	254
246	256
246	262
246	263
246	266
247	250
247	251
247	252
247	257
247	261
247	262
247	264
247	265
248	249
248	250
248	251
248	252
248	253
248	256
248	257
248	259
248	261
248	263
248	264
248	266
248	267
248	268
249	250
249	251
249	256
249	257
249	259
249	260
249	264
249	265
249	266
249	267
249	279
250	252
250	255
250	256
250	257
250	260
250	267
251	257
251	258
251	260
251	261
251	264
251	266
251	268
252	253
252	255
252	257
252	260
252	262
252	263
252	264
252	265
252	322
253	258
253	259
253	260
253	262
254	255
254	257
254	258
254	260
254	264
254	265
254	266
254	267
254	268
255	257
255	258
255	261
255	264
256	258
256	259
256	263
256	264
256	266
256	267
257	262
257	263
257	264
258	259
258	261
258	263
258	266
258	268
259	262
259	265
259	266
259	268
260	261
260	262
260	263
260	267
260	268
260	399
261	264
261	267
262	263
262	268
263	266
264	267
266	293
269	270
269	271
269	272
269	276
269	279
269	281
269	285
269	286
269	290
269	340
270	272
270	273
270	274
270	275
270	277
270	278
270	280
270	281
270	282
270	283
270	284
270	285
270	288
270	290
270	291
271	274
271	275
271	276
271	278
271	280
271	281
271	282
271	285
271	288
271	289
271	292
272	273
272	274
272	277
272	278
272	280
272	282
272	287
272	290
272	292
273	283
273	285
273	287
273	291
273	292
273	401
274	275
274	282
274	284
274	289
274	290
274	291
274	292
275	278
275	281
275	285
275	288
276	284
276	285
276	289
276	290
276	292
277	279
277	281
277	286
277	288
277	289
277	290
277	291
277	292
278	279
278	285
278	287
278	288
278	290
278	292
278	311
278	349
279	280
279	283
279	287
279	288
279	289
279	290
280	281
280	289
280	291
281	290
281	292
281	361
282	283
282	284
282	288
282	291
283	285
283	290
284	286
284	288
284	292
285	288
285	290
285	292
286	292
287	288
287	290
287	291
287	292
288	292
289	292
290	292
293	295
293	400
294	296
294	314
294	396
296	299
297	298
297	299
297	301
297	306
298	299
298	301
298	302
298	307
298	308
298	346
299	303
299	304
299	305
299	307
299	308
300	301
300	305
300	307
301	302
301	304
301	307
302	303
302	305
302	306
302	308
303	307
305	307
305	401
307	323
309	311
309	314
309	332
310	312
310	313
310	316
311	316
312	315
312	316
313	314
313	394
313	396
314	316
315	316
317	323
317	324
318	319
318	322
318	324
319	322
319	324
320	321
320	322
320	401
321	322
321	371
322	323
322	384
325	326
325	328
327	357
328	331
329	334
329	336
329	338
329	339
329	340
330	332
330	334
331	332
331	335
331	336
331	337
331	338
331	340
332	339
332	340
333	334
333	337
334	336
334	338
334	345
335	337
335	338
335	340
336	338
336	339
337	338
337	339
341	346
341	347
341	351
342	343
342	344
342	348
342	352
343	344
343	349
343	350
343	351
344	347
344	350
344	352
345	347
345	351
345	352
346	348
346	350
346	351
346	352
347	351
348	349
348	351
349	350
351	352
353	360
353	367
354	356
354	358
354	362
354	364
354	365
354	368
355	356
355	358
355	359
355	361
355	363
355	368
356	357
356	358
356	359
356	362
356	363
357	362
357	365
357	366
357	368
358	364
358	366
359	362
359	365
359	366
359	367
360	362
360	364
360	368
361	363
361	364
361	365
361	366
361	367
362	363
362	364
362	365
362	367
363	364
363	365
363	366
363	367
364	365
365	367
366	368
369	371
370	372
371	383
371	393
373	375
373	376
373	377
373	378
373	381
373	387
373	388
374	376
374	377
374	378
374	379
374	381
374	387
375	378
375	381
375	386
375	387
375	388
376	379
376	380
376	381
376	383
377	378
377	385
377	386
377	388
378	380
378	382
378	384
378	385
378	388
378	403
379	381
379	382
379	383
379	385
380	382
380	384
380	385
381	385
381	386
381	387
382	385
383	384
383	386
384	385
384	388
385	387
386	387
389	390
389	392
389	394
389	395
390	391
390	395
391	393
391	395
391	396
393	396
395	396
397	398
397	400
397	404
398	400
398	401
398	402
398	404
399	401
399	403
399	404
400	404
