1	4
2	5
3	8
3	10
4	5
4	8
4	10
4	11
4	14
4	18
4	19
4	20
4	23
4	24
4	29
4	31
4	34
4	35
4	36
4	39
4	41
4	46
4	55
4	56
4	58
4	59
4	60
4	64
4	65
4	66
4	69
4	70
4	71
4	72
4	73
4	74
4	76
4	78
4	103
5	8
5	10
5	11
5	24
5	29
5	31
5	32
5	40
5	45
5	48
5	52
5	54
5	56
5	58
5	59
5	68
5	69
5	70
5	76
5	80
5	101
6	11
7	23
7	24
8	11
8	19
8	23
8	29
8	40
8	50
8	51
8	55
8	59
8	75
8	96
8	102
9	29
10	11
10	14
10	18
10	19
10	29
10	33
10	35
10	36
10	37
10	44
10	50
10	52
10	64
10	74
10	77
10	79
10	88
10	92
11	19
11	20
11	23
11	24
11	29
11	33
11	39
11	40
11	42
11	48
11	56
11	57
11	58
11	62
11	64
11	67
11	73
11	74
11	91
12	14
12	18
12	19
12	20
13	31
13	32
13	33
13	34
14	29
14	60
14	69
14	71
15	35
15	36
15	37
15	38
15	39
15	40
16	41
16	42
16	43
16	44
16	45
16	46
16	47
16	48
17	49
17	50
17	51
17	52
17	53
17	54
18	24
18	37
18	44
18	53
18	79
18	82
19	23
19	24
19	32
19	44
19	73
20	37
20	61
21	55
21	56
22	57
22	58
22	59
22	60
23	29
23	31
23	39
23	45
23	46
23	56
23	65
23	69
23	71
23	77
23	78
23	86
24	43
24	52
24	53
24	55
24	56
24	60
24	61
24	63
24	68
24	76
24	78
24	104
25	61
25	62
25	63
25	64
25	65
25	66
25	67
25	68
26	69
26	70
26	71
26	72
27	73
27	74
27	75
27	76
28	77
28	78
28	79
28	80
29	31
29	32
29	35
29	41
29	54
29	55
29	58
29	59
29	60
29	61
29	65
29	66
29	67
29	68
29	73
29	75
29	77
29	90
29	99
29	104
30	81
30	82
30	83
30	84
30	85
30	86
30	87
30	88
30	89
30	90
30	91
30	92
30	93
30	94
30	95
30	96
30	97
30	98
30	99
30	100
30	101
30	102
30	103
30	104
31	53
32	38
32	67
33	51
33	63
33	70
34	45
34	56
34	64
34	66
36	54
36	68
36	70
37	58
38	72
39	44
39	45
39	70
40	63
40	70
42	79
43	71
43	88
44	74
44	79
44	93
45	51
45	52
45	100
46	55
47	74
48	55
48	70
49	56
49	83
49	90
50	73
50	78
51	63
51	74
52	65
53	56
53	57
53	67
54	58
54	69
54	97
55	65
55	76
55	78
55	80
56	58
56	61
56	72
56	97
57	69
57	75
57	76
58	73
58	78
59	72
59	73
59	75
60	70
60	71
60	75
60	76
61	69
63	94
66	97
67	76
67	79
67	87
68	78
68	96
71	78
74	93
74	98
76	103
80	93
