1	4
1	5
2	10
3	15
4	10
4	28
4	38
5	15
5	32
5	35
6	28
7	32
8	35
9	38
10	16
10	21
11	16
12	21
13	23
14	27
15	23
15	27
16	40
16	43
17	40
17	41
17	42
18	43
18	44
18	45
19	46
19	47
19	48
20	49
20	50
20	51
21	48
21	51
22	52
22	53
22	54
23	54
23	57
24	55
24	56
24	57
25	58
25	59
25	60
26	61
26	62
26	63
27	60
27	63
28	64
28	69
29	64
29	65
29	66
30	67
30	68
30	69
31	70
31	71
31	72
32	72
32	75
33	73
33	74
33	75
34	76
34	77
34	78
35	78
35	81
36	79
36	80
36	81
37	82
37	83
37	84
38	82
38	85
39	85
39	86
39	87
