1	2
1	3
1	4
1	5
1	6
1	10
1	13
1	16
1	18
1	27
1	28
1	36
1	40
1	44
1	49
1	51
1	52
1	72
1	99
1	115
1	130
1	140
1	157
1	159
1	189
1	216
1	220
1	222
1	227
1	265
1	297
2	5
2	6
2	7
2	11
2	13
2	15
2	16
2	23
2	25
2	26
2	32
2	34
2	43
2	47
2	49
2	59
2	60
2	95
2	116
2	134
2	143
2	159
2	216
2	236
2	297
3	5
3	6
3	7
3	8
3	9
3	10
3	11
3	12
3	27
3	33
3	35
3	42
3	47
3	50
3	53
3	54
3	57
3	58
3	62
3	65
3	122
3	133
3	134
3	147
3	154
3	171
3	189
3	200
4	9
4	10
4	11
4	12
4	16
4	17
4	22
4	44
4	48
4	63
4	81
4	95
4	123
4	132
4	144
4	150
4	160
4	194
4	200
4	201
4	252
4	275
4	282
5	6
5	7
5	8
5	13
5	14
5	16
5	17
5	18
5	20
5	36
5	40
5	47
5	56
5	59
5	60
5	65
5	93
5	166
5	215
5	225
5	250
5	264
5	265
5	288
5	295
6	7
6	9
6	12
6	13
6	15
6	16
6	17
6	18
6	24
6	29
6	39
6	46
6	61
6	67
6	97
6	98
6	111
6	112
6	144
6	172
6	187
6	196
6	217
6	259
6	262
6	268
6	276
6	286
7	10
7	13
7	14
7	15
7	19
7	20
7	38
7	50
7	77
7	100
7	102
7	125
7	131
7	140
7	167
7	174
7	182
7	194
7	224
7	248
8	10
8	13
8	15
8	16
8	17
8	21
8	22
8	44
8	62
8	64
8	79
8	87
8	90
8	112
8	129
8	132
8	143
8	153
8	188
8	213
8	265
9	11
9	12
9	22
9	23
9	24
9	40
9	43
9	59
9	64
9	72
9	158
9	163
9	170
9	189
9	201
9	202
9	216
9	274
10	15
10	16
10	17
10	18
10	25
10	26
10	38
10	55
10	57
10	80
10	81
10	96
10	170
10	176
10	185
10	186
10	198
10	208
10	209
10	220
10	223
10	271
10	294
11	12
11	14
11	15
11	17
11	21
11	22
11	25
11	27
11	28
11	29
11	30
11	31
11	32
11	46
11	52
11	66
11	79
11	95
11	109
11	121
11	137
11	140
11	143
11	149
11	182
11	189
11	208
11	225
11	272
12	14
12	15
12	18
12	33
12	34
12	35
12	36
12	42
12	51
12	57
12	64
12	83
12	85
12	88
12	96
12	102
12	118
12	126
12	127
12	134
12	231
12	233
12	251
13	15
13	18
13	21
13	37
13	38
13	39
13	40
13	41
13	42
13	72
13	81
13	87
13	91
13	110
13	121
13	143
13	155
13	156
13	167
13	186
13	251
13	287
13	288
14	17
14	18
14	28
14	35
14	43
14	44
14	45
14	46
14	59
14	120
14	142
14	146
14	156
14	167
14	174
14	188
14	199
14	202
14	203
14	214
14	226
14	247
14	263
14	267
15	28
15	31
15	39
15	47
15	48
15	49
15	50
15	53
15	114
15	121
15	130
15	188
15	190
15	200
15	210
15	223
15	233
15	279
15	285
15	296
16	18
16	51
16	52
16	65
16	86
16	90
16	96
16	101
16	109
16	114
16	122
16	125
16	137
16	139
16	153
16	177
16	196
16	199
16	216
16	223
16	232
16	238
16	271
16	287
16	298
17	53
17	54
17	55
17	56
17	64
17	69
17	98
17	164
17	170
17	171
17	193
17	215
17	265
17	296
18	23
18	38
18	41
18	57
18	58
18	59
18	60
18	77
18	96
18	100
18	107
18	114
18	132
18	143
18	162
18	181
18	195
18	202
18	249
18	250
18	273
19	21
19	61
19	62
19	63
19	64
20	30
20	57
20	60
20	65
20	66
20	67
20	68
20	69
20	70
20	71
20	72
21	29
21	49
21	52
21	73
21	74
21	75
21	76
21	77
21	78
21	79
21	80
21	81
21	82
22	52
22	54
22	83
22	84
22	85
22	86
22	87
22	88
22	89
22	90
23	91
23	92
24	33
24	93
24	94
24	95
24	96
24	97
24	98
25	99
25	100
25	101
25	102
26	58
26	103
26	104
26	105
26	106
26	107
26	108
27	109
27	110
27	111
27	112
28	113
28	114
29	39
29	52
29	115
29	116
29	117
29	118
29	119
29	120
29	121
29	122
30	55
30	123
30	124
30	125
30	126
30	127
30	128
31	129
31	130
32	131
32	132
33	133
33	134
33	135
33	136
34	137
34	138
34	139
34	140
35	141
35	142
35	143
35	144
36	54
36	145
36	146
36	147
36	148
36	149
36	150
37	54
37	55
37	151
37	152
37	153
37	154
37	155
37	156
38	157
38	158
39	159
39	160
39	161
39	162
39	163
39	164
39	165
39	166
40	167
40	168
40	169
40	170
41	48
41	54
41	171
41	172
41	173
41	174
41	175
41	176
42	49
42	52
42	177
42	178
42	179
42	180
42	181
42	182
43	183
43	184
43	185
43	186
44	187
44	188
44	189
44	190
45	191
45	192
46	52
46	193
46	194
46	195
46	196
46	197
46	198
47	199
47	200
48	52
48	201
48	202
48	203
48	204
48	205
48	206
49	54
49	207
49	208
49	209
49	210
49	211
49	212
49	213
49	214
50	52
50	56
50	215
50	216
50	217
50	218
50	219
50	220
51	56
51	221
51	222
51	223
51	224
51	225
51	226
52	53
52	227
52	228
52	229
52	230
52	231
52	232
52	233
52	234
52	235
52	236
52	237
52	238
52	239
52	240
52	241
52	242
52	243
52	244
52	245
52	246
53	247
53	248
53	249
53	250
54	251
54	252
54	253
54	254
54	255
54	256
54	257
54	258
54	259
54	260
54	261
54	262
55	263
55	264
55	265
55	266
55	267
55	268
56	269
56	270
56	271
56	272
56	273
56	274
56	275
56	276
57	277
57	278
57	279
57	280
58	281
58	282
58	283
58	284
58	285
58	286
59	287
59	288
59	289
59	290
60	291
60	292
60	293
60	294
60	295
60	296
60	297
60	298
61	130
61	191
61	256
61	281
62	101
62	189
62	218
62	250
63	127
63	132
63	143
63	148
63	150
63	158
64	208
64	213
64	220
64	271
65	204
65	217
65	225
66	80
67	130
67	146
68	90
69	82
69	114
69	147
69	200
69	278
70	215
71	136
72	115
72	129
72	167
73	220
73	238
73	247
74	110
74	137
74	191
75	170
75	187
75	202
76	131
76	135
76	197
78	204
79	128
79	198
80	286
81	91
81	123
83	140
84	166
84	187
84	296
85	135
85	143
85	267
86	142
86	145
88	130
89	105
89	194
91	126
91	157
91	220
91	247
91	290
92	106
92	113
92	114
92	129
92	192
92	216
93	199
94	114
94	187
94	198
94	289
94	294
95	133
95	134
95	180
95	200
95	203
96	127
96	128
96	157
97	218
97	240
97	281
98	129
98	154
99	224
100	139
100	271
100	281
101	127
101	128
101	183
101	275
102	154
102	226
102	274
102	277
102	296
103	173
103	249
103	282
103	293
104	157
105	173
105	175
107	170
107	280
108	153
108	214
108	247
109	139
109	192
109	199
110	177
110	185
110	191
110	197
111	117
111	145
111	188
111	189
111	200
111	217
112	139
112	186
112	200
112	244
112	248
112	249
112	284
112	292
113	136
113	149
113	159
113	218
113	221
113	249
114	179
114	188
114	189
114	276
114	287
115	197
116	151
116	164
117	196
117	197
117	275
118	158
120	270
121	125
121	257
122	215
122	265
124	140
124	174
124	178
124	193
124	274
125	205
125	298
126	144
127	170
127	205
127	252
128	129
128	164
129	196
129	277
129	287
130	149
130	174
130	178
130	179
130	181
130	253
130	289
131	133
131	175
131	224
131	279
131	287
132	136
132	221
132	279
133	178
134	210
134	275
135	210
135	249
136	187
136	279
137	142
137	156
137	276
137	281
138	170
138	199
138	249
138	261
138	262
139	146
139	191
139	273
141	157
141	170
141	195
141	200
141	278
141	279
143	192
143	279
144	223
144	287
145	186
146	157
146	162
146	187
146	241
147	169
147	250
148	233
149	206
149	249
151	169
151	263
151	288
154	292
156	185
156	229
157	177
157	180
157	200
157	279
158	282
159	201
159	233
160	272
161	255
163	192
164	195
164	255
164	264
164	287
165	191
165	289
165	293
167	191
167	274
168	270
169	192
169	270
170	217
170	292
171	178
171	195
172	187
172	220
173	284
173	287
175	259
175	287
178	186
178	205
178	285
182	250
183	199
183	248
183	280
184	228
184	279
185	278
188	298
189	231
189	288
190	222
190	286
191	200
191	214
191	247
191	278
191	296
192	200
192	214
192	286
194	285
194	294
195	200
195	206
195	275
197	237
199	259
199	278
199	290
199	292
200	224
200	274
200	283
204	223
205	215
205	294
209	272
211	256
211	280
211	282
215	282
219	243
219	276
222	287
223	235
223	284
230	268
231	247
231	268
232	290
235	272
247	280
250	278
255	278
259	286
260	297
266	286
266	295
267	272
268	277
277	289
