1	7
1	8
2	10
3	15
4	45
5	47
6	49
7	10
7	15
7	16
7	26
7	34
7	37
7	42
7	45
7	47
7	49
7	55
7	81
7	90
7	91
7	92
7	93
7	97
7	129
7	130
7	141
7	142
7	171
7	172
7	190
7	203
7	204
7	206
7	207
7	214
7	224
7	242
7	251
7	277
7	280
7	305
7	306
7	308
7	309
7	310
7	322
7	340
7	341
7	375
7	378
7	379
8	10
8	15
8	34
8	37
8	45
8	47
8	49
8	55
8	60
8	62
8	70
8	100
8	134
8	136
8	139
8	152
8	168
8	178
8	179
8	194
8	206
8	217
8	223
8	232
8	236
8	237
8	273
8	286
8	287
8	288
8	290
8	291
8	293
8	299
8	332
8	344
8	362
8	367
8	412
9	55
10	15
10	16
10	25
10	27
10	34
10	37
10	47
10	49
10	55
10	68
10	90
10	91
10	95
10	98
10	103
10	106
10	119
10	122
10	123
10	126
10	127
10	139
10	145
10	146
10	148
10	149
10	151
10	159
10	164
10	168
10	171
10	172
10	173
10	174
10	175
10	181
10	196
10	197
10	203
10	206
10	207
10	210
10	214
10	231
10	237
10	239
10	256
10	257
10	273
10	275
10	277
10	284
10	302
10	303
10	308
10	313
10	317
10	319
10	323
10	328
10	334
10	341
10	342
10	347
10	348
10	356
10	358
10	362
10	374
10	380
10	389
10	403
10	412
10	417
11	16
12	25
12	26
12	27
13	34
13	37
14	42
15	16
15	26
15	27
15	34
15	37
15	42
15	45
15	47
15	49
15	55
15	77
15	84
15	91
15	114
15	115
15	116
15	117
15	120
15	122
15	125
15	132
15	156
15	164
15	166
15	169
15	172
15	173
15	179
15	183
15	188
15	193
15	203
15	245
15	258
15	262
15	277
15	285
15	287
15	291
15	295
15	322
15	324
15	346
15	357
15	359
15	365
15	371
15	372
15	384
15	390
15	395
16	26
16	27
16	37
16	42
16	45
16	47
16	49
16	64
16	69
16	74
16	76
16	85
16	86
16	95
16	100
16	120
16	128
16	161
16	169
16	172
16	175
16	186
16	187
16	189
16	197
16	200
16	203
16	204
16	205
16	206
16	214
16	216
16	218
16	237
16	241
16	250
16	274
16	288
16	291
16	303
16	304
16	312
16	314
16	318
16	320
16	321
16	328
16	331
16	341
16	343
16	351
16	355
16	359
16	375
16	404
17	58
17	59
17	60
17	61
17	62
17	63
17	64
17	65
17	66
17	67
17	68
17	69
17	70
17	71
17	72
17	73
17	74
17	75
17	76
17	77
17	78
17	79
17	80
17	81
18	82
18	83
18	84
18	85
18	86
18	87
18	88
18	89
18	90
19	91
19	92
19	93
19	94
19	95
19	96
20	97
20	98
20	99
20	100
20	101
20	102
20	103
20	104
20	105
21	106
21	107
21	108
21	109
21	110
21	111
21	112
21	113
21	114
21	115
21	116
21	117
22	118
22	119
22	120
22	121
22	122
22	123
23	124
23	125
23	126
23	127
23	128
23	129
23	130
23	131
23	132
23	133
23	134
23	135
23	136
23	137
23	138
24	139
24	140
24	141
24	142
24	143
24	144
24	145
24	146
24	147
25	34
25	37
25	42
25	55
25	62
25	95
25	102
25	119
25	120
25	134
25	135
25	153
25	164
25	167
25	189
25	191
25	205
25	210
25	230
25	235
25	271
25	278
25	286
25	320
25	326
25	331
25	377
25	384
25	406
26	45
26	49
26	65
26	95
26	98
26	117
26	121
26	124
26	133
26	134
26	136
26	146
26	155
26	163
26	168
26	174
26	190
26	193
26	196
26	207
26	286
26	320
26	359
26	364
26	388
27	42
27	49
27	55
27	67
27	93
27	158
27	171
27	174
27	278
27	280
27	330
27	371
28	148
28	149
28	150
28	151
28	152
28	153
28	154
28	155
28	156
28	157
28	158
28	159
28	160
28	161
28	162
29	163
29	164
29	165
29	166
29	167
29	168
30	169
30	170
30	171
31	172
31	173
31	174
32	175
32	176
32	177
32	178
32	179
32	180
32	181
32	182
32	183
33	184
33	185
33	186
33	187
33	188
33	189
33	190
33	191
33	192
33	193
33	194
33	195
34	47
34	49
34	83
34	118
34	119
34	121
34	122
34	135
34	136
34	146
34	147
34	171
34	172
34	173
34	179
34	189
34	191
34	193
34	198
34	199
34	207
34	209
34	229
34	283
34	303
34	360
34	384
34	401
34	409
35	196
35	197
35	198
35	199
35	200
35	201
36	202
36	203
36	204
37	42
37	49
37	55
37	79
37	87
37	96
37	142
37	160
37	161
37	166
37	168
37	169
37	170
37	171
37	173
37	175
37	176
37	187
37	194
37	196
37	198
37	199
37	202
37	205
37	211
37	246
37	293
37	302
37	321
37	332
37	335
37	336
37	354
37	363
37	370
37	377
37	387
38	205
38	206
38	207
39	208
39	209
39	210
39	211
39	212
39	213
39	214
39	215
39	216
39	217
39	218
39	219
39	220
39	221
39	222
40	223
40	224
40	225
40	226
40	227
40	228
40	229
40	230
40	231
40	232
40	233
40	234
40	235
40	236
40	237
40	238
40	239
40	240
41	241
41	242
41	243
41	244
41	245
41	246
41	247
41	248
41	249
41	250
41	251
41	252
41	253
41	254
41	255
41	256
41	257
41	258
41	259
41	260
41	261
41	262
41	263
41	264
42	47
42	49
42	83
42	91
42	93
42	105
42	118
42	119
42	123
42	125
42	140
42	146
42	147
42	158
42	164
42	166
42	169
42	170
42	171
42	174
42	180
42	182
42	190
42	193
42	196
42	204
42	205
42	209
42	211
42	218
42	222
42	225
42	229
42	242
42	248
42	252
42	255
42	284
42	287
42	289
42	297
42	313
42	325
42	331
42	336
42	337
42	338
42	342
42	359
42	392
42	402
42	405
42	407
43	265
43	266
43	267
43	268
43	269
43	270
43	271
43	272
43	273
43	274
43	275
43	276
43	277
43	278
43	279
43	280
43	281
43	282
43	283
43	284
43	285
44	286
44	287
44	288
44	289
44	290
44	291
45	47
45	49
45	55
45	61
45	68
45	71
45	79
45	91
45	96
45	97
45	104
45	119
45	121
45	122
45	123
45	124
45	125
45	133
45	149
45	157
45	158
45	164
45	167
45	168
45	170
45	172
45	174
45	177
45	187
45	189
45	197
45	199
45	200
45	203
45	204
45	207
45	224
45	266
45	271
45	278
45	288
45	319
45	323
45	334
45	340
45	347
45	348
45	349
45	354
45	371
45	374
45	380
45	385
45	403
45	408
46	292
46	293
46	294
46	295
46	296
46	297
46	298
46	299
46	300
46	301
46	302
46	303
46	304
46	305
46	306
47	49
47	55
47	63
47	84
47	88
47	89
47	97
47	99
47	102
47	105
47	118
47	127
47	129
47	144
47	145
47	158
47	169
47	170
47	173
47	181
47	184
47	185
47	189
47	190
47	192
47	197
47	202
47	203
47	205
47	215
47	217
47	218
47	223
47	230
47	236
47	254
47	256
47	272
47	275
47	287
47	290
47	296
47	298
47	311
47	314
47	335
47	337
47	338
47	339
47	342
47	352
47	353
47	356
47	358
47	359
47	363
47	368
47	375
47	376
47	378
47	380
48	307
48	308
48	309
48	310
48	311
48	312
48	313
48	314
48	315
48	316
48	317
48	318
48	319
48	320
48	321
49	55
49	76
49	77
49	79
49	81
49	87
49	88
49	92
49	94
49	98
49	111
49	119
49	123
49	142
49	143
49	158
49	159
49	169
49	173
49	174
49	183
49	189
49	198
49	202
49	220
49	233
49	239
49	240
49	251
49	255
49	272
49	273
49	281
49	283
49	286
49	296
49	299
49	303
49	314
49	330
49	333
49	340
49	352
49	358
49	362
49	365
49	367
49	369
49	375
49	387
49	413
49	415
50	322
50	323
50	324
50	325
50	326
50	327
50	328
50	329
50	330
50	331
50	332
50	333
51	334
51	335
51	336
51	337
51	338
51	339
51	340
51	341
51	342
51	343
51	344
51	345
52	346
52	347
52	348
52	349
52	350
52	351
52	352
52	353
52	354
52	355
52	356
52	357
53	358
53	359
53	360
53	361
53	362
53	363
53	364
53	365
53	366
53	367
53	368
53	369
54	370
54	371
54	372
54	373
54	374
54	375
54	376
54	377
54	378
55	68
55	72
55	74
55	76
55	89
55	90
55	94
55	95
55	104
55	115
55	116
55	117
55	138
55	140
55	146
55	148
55	152
55	153
55	160
55	165
55	169
55	170
55	171
55	174
55	183
55	189
55	199
55	206
55	207
55	222
55	229
55	230
55	250
55	260
55	261
55	271
55	276
55	279
55	286
55	292
55	297
55	322
55	331
55	340
55	355
55	356
55	358
55	373
55	382
55	383
55	409
55	415
56	379
56	380
56	381
56	382
56	383
56	384
56	385
56	386
56	387
56	388
56	389
56	390
56	391
56	392
56	393
57	394
57	395
57	396
57	397
57	398
57	399
57	400
57	401
57	402
57	403
57	404
57	405
57	406
57	407
57	408
57	409
57	410
57	411
57	412
57	413
57	414
57	415
57	416
57	417
58	319
59	87
59	140
59	174
59	276
59	382
60	126
60	175
60	203
60	240
60	250
60	353
60	385
61	187
62	323
63	135
63	138
63	170
63	203
64	94
64	318
65	84
65	114
65	334
66	101
66	199
66	267
67	118
68	114
68	173
68	386
69	174
69	237
69	397
70	104
70	122
70	171
70	205
70	207
70	375
72	93
73	173
73	207
73	291
74	199
74	208
75	207
75	250
76	122
77	173
77	303
78	126
78	236
78	326
78	361
79	118
79	207
79	308
80	170
80	206
80	331
81	310
81	397
82	103
82	285
82	417
83	186
83	260
83	298
83	382
84	136
84	145
84	242
84	322
84	329
85	91
85	103
85	165
85	172
85	196
85	266
85	341
85	373
86	122
86	169
86	171
86	204
86	287
86	297
86	308
87	171
87	288
87	312
87	316
87	367
88	173
88	192
88	201
88	305
89	103
89	197
89	329
89	353
90	163
90	165
90	231
90	316
90	327
90	339
90	404
91	139
91	173
91	182
91	204
91	206
91	282
91	302
91	354
92	120
92	122
92	152
92	167
92	233
92	304
92	377
92	397
93	128
93	207
94	179
94	285
95	171
95	205
95	289
95	316
96	112
96	121
96	203
96	205
96	207
96	228
96	248
96	290
96	329
96	363
97	120
97	198
97	296
97	321
98	118
98	175
98	196
98	288
98	322
98	386
99	110
99	302
99	331
100	172
100	175
100	188
100	294
101	170
101	174
101	215
101	266
101	318
102	180
102	272
102	359
103	368
103	396
104	235
104	257
104	349
105	291
105	297
106	140
106	377
107	173
107	341
107	346
108	168
108	323
108	338
109	119
109	182
109	184
109	305
109	341
109	371
110	238
110	254
111	139
111	291
111	400
113	131
113	173
113	208
113	259
114	168
114	322
114	345
116	140
116	142
116	204
117	144
117	170
117	207
117	291
117	311
117	342
117	398
118	171
118	205
118	275
118	290
118	334
118	383
118	399
119	151
119	180
119	188
119	197
119	217
119	287
119	364
120	170
120	308
120	337
120	375
120	392
121	126
121	147
121	170
121	233
121	351
121	360
121	392
122	164
122	170
122	175
122	210
122	238
122	281
122	321
122	361
122	413
123	155
123	176
123	179
123	233
123	311
123	338
123	352
123	357
123	390
124	240
124	282
125	292
126	255
126	335
127	143
127	205
127	275
127	310
128	208
128	275
128	300
129	182
129	284
129	312
129	332
129	338
130	170
130	179
130	304
130	347
130	352
130	362
131	404
132	245
132	330
133	158
133	373
135	169
135	172
135	207
135	374
136	142
136	290
136	311
136	345
136	368
137	172
137	174
137	275
137	295
137	314
137	396
138	144
138	204
138	301
139	271
139	289
139	320
139	352
140	174
140	207
140	278
140	360
141	165
141	188
141	206
141	233
141	307
141	362
141	417
142	203
142	205
143	347
143	388
145	308
145	326
145	408
146	272
146	319
146	377
147	304
149	177
149	180
149	336
149	344
150	205
151	205
151	282
151	372
152	198
152	267
152	274
152	335
152	355
153	239
153	290
153	340
153	374
154	174
155	204
155	223
155	272
155	331
156	183
156	223
157	214
157	388
158	170
158	289
158	369
158	377
159	291
159	358
160	222
160	225
161	165
162	182
162	186
162	197
162	206
162	289
163	171
163	186
164	169
164	184
164	203
164	205
164	287
164	291
164	333
164	359
164	413
165	207
165	273
165	274
165	345
165	367
166	347
166	357
166	359
167	184
167	206
167	235
167	352
168	312
168	326
168	339
168	360
169	174
169	191
169	207
169	218
169	291
169	344
169	386
169	389
169	398
170	202
170	205
170	269
170	286
170	318
170	334
170	348
170	351
170	383
170	394
171	178
171	196
171	201
171	202
171	207
171	225
171	236
171	287
171	288
171	336
171	368
171	383
171	411
172	184
172	185
172	192
172	197
172	227
172	275
172	289
172	325
172	382
172	395
173	183
173	189
173	209
173	230
173	236
173	290
173	303
173	326
173	356
173	358
173	360
174	182
174	202
174	203
174	228
174	253
174	271
174	285
174	288
174	304
174	338
174	341
174	345
175	204
175	377
176	355
177	207
177	218
177	284
177	299
177	364
178	191
178	344
179	206
179	353
181	261
181	279
181	350
181	379
182	204
182	311
182	340
183	291
183	354
184	365
185	225
185	347
185	400
186	359
186	364
187	207
187	249
188	237
188	241
189	205
189	243
190	207
190	256
190	369
191	221
191	301
191	357
193	337
193	370
193	389
194	203
194	207
194	242
194	403
195	205
195	306
195	346
195	412
196	203
197	246
197	376
198	207
198	289
198	361
198	407
199	206
199	330
199	331
199	348
199	356
200	203
200	236
200	255
200	287
200	291
200	292
200	371
200	394
201	252
201	307
201	364
202	255
202	275
202	285
202	294
202	325
202	332
202	364
202	368
202	373
202	407
203	222
203	239
203	273
203	288
203	307
203	309
203	325
203	337
203	339
203	377
204	212
204	236
204	240
204	249
204	258
204	260
204	276
204	286
204	301
204	313
204	314
204	319
204	350
204	377
204	405
204	407
204	409
205	209
205	214
205	233
205	243
205	273
205	280
205	310
205	324
205	332
205	335
206	271
206	274
206	302
206	304
206	353
206	367
206	377
206	382
207	215
207	373
207	389
210	271
210	311
210	313
210	351
212	285
212	289
212	296
212	321
214	287
214	331
214	352
214	392
215	227
216	297
216	399
218	373
219	375
220	343
221	252
226	323
228	276
230	319
231	315
232	275
233	291
233	360
235	289
235	376
236	346
236	355
237	288
237	401
239	299
241	288
241	353
244	392
245	390
245	410
246	404
247	286
248	286
249	349
250	328
252	349
252	382
255	416
257	309
258	355
259	366
261	287
262	336
263	377
264	307
264	348
265	354
266	376
267	326
267	409
269	336
270	289
271	375
272	286
273	295
274	346
274	410
275	341
277	286
278	377
280	294
281	326
281	331
281	354
285	312
286	293
286	328
286	395
287	327
287	373
287	392
288	300
288	377
288	395
289	324
290	371
290	411
294	315
294	335
294	365
296	332
296	381
297	328
299	344
299	356
301	328
303	355
305	408
306	309
306	320
308	387
310	386
310	411
311	350
311	392
313	338
313	392
314	346
314	382
315	372
318	352
318	362
319	399
320	409
321	362
322	366
322	384
323	398
325	392
327	357
328	336
328	404
331	351
331	384
333	410
334	352
337	385
337	387
338	371
338	377
340	411
341	351
341	364
341	411
345	354
347	365
348	376
349	358
350	376
354	413
355	369
366	389
368	416
371	382
372	404
375	389
375	402
377	389
383	402
