1	5
1	9
2	12
3	13
4	61
4	62
4	63
4	64
4	65
4	66
4	67
4	68
4	69
4	70
4	71
4	72
4	73
4	74
4	75
4	76
4	77
4	78
4	79
4	80
4	81
5	9
5	13
5	46
5	51
5	64
5	80
5	90
5	91
5	98
5	101
5	104
5	109
5	118
5	119
6	82
6	83
6	84
6	85
6	86
6	87
6	88
6	89
6	90
6	91
6	92
6	93
6	94
6	95
6	96
6	97
6	98
6	99
7	100
7	101
7	102
7	103
7	104
7	105
7	106
7	107
7	108
7	109
7	110
7	111
7	112
7	113
7	114
7	115
7	116
7	117
8	118
8	119
8	120
8	121
8	122
8	123
8	124
8	125
8	126
8	127
8	128
8	129
8	130
8	131
8	132
8	133
8	134
8	135
9	12
9	43
9	67
9	71
9	72
9	78
9	83
9	95
9	110
9	135
10	16
10	17
10	18
10	19
10	20
10	21
10	22
10	23
10	24
10	25
10	26
10	27
11	28
11	29
11	30
11	31
11	32
11	33
11	34
11	35
11	36
12	20
12	22
12	25
12	32
12	35
12	36
12	44
12	64
12	69
12	113
13	19
13	37
13	39
13	41
13	52
13	59
13	63
13	83
13	96
13	133
14	37
14	38
14	39
14	40
14	41
14	42
14	43
14	44
14	45
14	46
14	47
14	48
15	49
15	50
15	51
15	52
15	53
15	54
15	55
15	56
15	57
15	58
15	59
15	60
16	17
16	18
16	19
16	20
16	21
16	22
16	23
16	24
16	25
16	26
16	27
17	18
17	19
17	20
17	21
17	22
17	23
17	24
17	25
17	26
17	27
18	19
18	20
18	21
18	22
18	23
18	24
18	25
18	26
18	27
19	20
19	21
19	22
19	23
19	24
19	25
19	26
19	27
20	21
20	22
20	23
20	24
20	25
20	26
20	27
21	22
21	23
21	24
21	25
21	26
21	27
21	76
22	23
22	24
22	25
22	26
22	27
23	24
23	25
23	26
23	27
23	90
24	25
24	26
24	27
24	36
25	26
25	27
25	101
26	27
26	119
27	57
28	29
28	30
28	31
28	32
28	33
28	34
28	35
28	36
29	30
29	31
29	32
29	33
29	34
29	35
29	36
30	31
30	32
30	33
30	34
30	35
30	36
31	32
31	33
31	34
31	35
31	36
32	33
32	34
32	35
32	36
32	126
33	34
33	35
33	36
34	35
34	36
35	36
37	38
37	39
37	40
37	41
37	42
37	43
37	44
37	45
37	46
37	47
37	48
38	39
38	40
38	41
38	42
38	43
38	44
38	45
38	46
38	47
38	48
39	40
39	41
39	42
39	43
39	44
39	45
39	46
39	47
39	48
39	51
40	41
40	42
40	43
40	44
40	45
40	46
40	47
40	48
41	42
41	43
41	44
41	45
41	46
41	47
41	48
42	43
42	44
42	45
42	46
42	47
42	48
43	44
43	45
43	46
43	47
43	48
44	45
44	46
44	47
44	48
45	46
45	47
45	48
46	47
46	48
46	79
47	48
49	50
49	51
49	52
49	53
49	54
49	55
49	56
49	57
49	58
49	59
49	60
50	51
50	52
50	53
50	54
50	55
50	56
50	57
50	58
50	59
50	60
51	52
51	53
51	54
51	55
51	56
51	57
51	58
51	59
51	60
52	53
52	54
52	55
52	56
52	57
52	58
52	59
52	60
53	54
53	55
53	56
53	57
53	58
53	59
53	60
54	55
54	56
54	57
54	58
54	59
54	60
55	56
55	57
55	58
55	59
55	60
55	130
56	57
56	58
56	59
56	60
57	58
57	59
57	60
57	94
58	59
58	60
59	60
61	62
61	63
61	64
61	65
61	66
61	67
61	68
61	69
61	70
61	71
61	72
61	73
61	74
61	75
61	76
61	77
61	78
61	79
61	80
61	81
62	63
62	64
62	65
62	66
62	67
62	68
62	69
62	70
62	71
62	72
62	73
62	74
62	75
62	76
62	77
62	78
62	79
62	80
62	81
63	64
63	65
63	66
63	67
63	68
63	69
63	70
63	71
63	72
63	73
63	74
63	75
63	76
63	77
63	78
63	79
63	80
63	81
64	65
64	66
64	67
64	68
64	69
64	70
64	71
64	72
64	73
64	74
64	75
64	76
64	77
64	78
64	79
64	80
64	81
65	66
65	67
65	68
65	69
65	70
65	71
65	72
65	73
65	74
65	75
65	76
65	77
65	78
65	79
65	80
65	81
66	67
66	68
66	69
66	70
66	71
66	72
66	73
66	74
66	75
66	76
66	77
66	78
66	79
66	80
66	81
67	68
67	69
67	70
67	71
67	72
67	73
67	74
67	75
67	76
67	77
67	78
67	79
67	80
67	81
68	69
68	70
68	71
68	72
68	73
68	74
68	75
68	76
68	77
68	78
68	79
68	80
68	81
68	133
69	70
69	71
69	72
69	73
69	74
69	75
69	76
69	77
69	78
69	79
69	80
69	81
70	71
70	72
70	73
70	74
70	75
70	76
70	77
70	78
70	79
70	80
70	81
70	101
71	72
71	73
71	74
71	75
71	76
71	77
71	78
71	79
71	80
71	81
72	73
72	74
72	75
72	76
72	77
72	78
72	79
72	80
72	81
73	74
73	75
73	76
73	77
73	78
73	79
73	80
73	81
73	122
74	75
74	76
74	77
74	78
74	79
74	80
74	81
75	76
75	77
75	78
75	79
75	80
75	81
76	77
76	78
76	79
76	80
76	81
77	78
77	79
77	80
77	81
77	90
78	79
78	80
78	81
79	80
79	81
80	81
82	83
82	84
82	85
82	86
82	87
82	88
82	89
82	90
82	91
82	92
82	93
82	94
82	95
82	96
82	97
82	98
82	99
83	84
83	85
83	86
83	87
83	88
83	89
83	90
83	91
83	92
83	93
83	94
83	95
83	96
83	97
83	98
83	99
84	85
84	86
84	87
84	88
84	89
84	90
84	91
84	92
84	93
84	94
84	95
84	96
84	97
84	98
84	99
84	123
85	86
85	87
85	88
85	89
85	90
85	91
85	92
85	93
85	94
85	95
85	96
85	97
85	98
85	99
86	87
86	88
86	89
86	90
86	91
86	92
86	93
86	94
86	95
86	96
86	97
86	98
86	99
87	88
87	89
87	90
87	91
87	92
87	93
87	94
87	95
87	96
87	97
87	98
87	99
88	89
88	90
88	91
88	92
88	93
88	94
88	95
88	96
88	97
88	98
88	99
89	90
89	91
89	92
89	93
89	94
89	95
89	96
89	97
89	98
89	99
90	91
90	92
90	93
90	94
90	95
90	96
90	97
90	98
90	99
91	92
91	93
91	94
91	95
91	96
91	97
91	98
91	99
92	93
92	94
92	95
92	96
92	97
92	98
92	99
93	94
93	95
93	96
93	97
93	98
93	99
94	95
94	96
94	97
94	98
94	99
95	96
95	97
95	98
95	99
95	109
96	97
96	98
96	99
97	98
97	99
97	132
98	99
100	101
100	102
100	103
100	104
100	105
100	106
100	107
100	108
100	109
100	110
100	111
100	112
100	113
100	114
100	115
100	116
100	117
101	102
101	103
101	104
101	105
101	106
101	107
101	108
101	109
101	110
101	111
101	112
101	113
101	114
101	115
101	116
101	117
102	103
102	104
102	105
102	106
102	107
102	108
102	109
102	110
102	111
102	112
102	113
102	114
102	115
102	116
102	117
103	104
103	105
103	106
103	107
103	108
103	109
103	110
103	111
103	112
103	113
103	114
103	115
103	116
103	117
104	105
104	106
104	107
104	108
104	109
104	110
104	111
104	112
104	113
104	114
104	115
104	116
104	117
105	106
105	107
105	108
105	109
105	110
105	111
105	112
105	113
105	114
105	115
105	116
105	117
106	107
106	108
106	109
106	110
106	111
106	112
106	113
106	114
106	115
106	116
106	117
107	108
107	109
107	110
107	111
107	112
107	113
107	114
107	115
107	116
107	117
108	109
108	110
108	111
108	112
108	113
108	114
108	115
108	116
108	117
109	110
109	111
109	112
109	113
109	114
109	115
109	116
109	117
110	111
110	112
110	113
110	114
110	115
110	116
110	117
111	112
111	113
111	114
111	115
111	116
111	117
112	113
112	114
112	115
112	116
112	117
113	114
113	115
113	116
113	117
114	115
114	116
114	117
115	116
115	117
116	117
117	124
118	119
118	120
118	121
118	122
118	123
118	124
118	125
118	126
118	127
118	128
118	129
118	130
118	131
118	132
118	133
118	134
118	135
119	120
119	121
119	122
119	123
119	124
119	125
119	126
119	127
119	128
119	129
119	130
119	131
119	132
119	133
119	134
119	135
120	121
120	122
120	123
120	124
120	125
120	126
120	127
120	128
120	129
120	130
120	131
120	132
120	133
120	134
120	135
121	122
121	123
121	124
121	125
121	126
121	127
121	128
121	129
121	130
121	131
121	132
121	133
121	134
121	135
122	123
122	124
122	125
122	126
122	127
122	128
122	129
122	130
122	131
122	132
122	133
122	134
122	135
123	124
123	125
123	126
123	127
123	128
123	129
123	130
123	131
123	132
123	133
123	134
123	135
124	125
124	126
124	127
124	128
124	129
124	130
124	131
124	132
124	133
124	134
124	135
125	126
125	127
125	128
125	129
125	130
125	131
125	132
125	133
125	134
125	135
126	127
126	128
126	129
126	130
126	131
126	132
126	133
126	134
126	135
127	128
127	129
127	130
127	131
127	132
127	133
127	134
127	135
128	129
128	130
128	131
128	132
128	133
128	134
128	135
129	130
129	131
129	132
129	133
129	134
129	135
130	131
130	132
130	133
130	134
130	135
131	132
131	133
131	134
131	135
132	133
132	134
132	135
133	134
133	135
134	135
