1	2
1	3
1	4
1	5
1	6
1	7
1	8
1	9
1	12
1	17
1	22
1	27
1	33
1	34
1	41
1	44
1	45
1	46
1	49
1	50
1	54
1	55
1	64
1	68
1	71
1	73
1	78
1	81
1	85
1	87
2	3
2	4
2	10
2	11
2	12
2	13
2	17
2	19
2	24
2	27
2	29
2	35
2	36
2	42
2	46
2	47
2	50
2	65
2	69
2	71
2	75
2	85
2	87
3	9
3	10
3	11
3	12
3	13
3	14
3	15
3	18
3	24
3	26
3	28
3	31
3	33
3	34
3	36
3	40
3	45
3	51
3	67
3	80
3	84
4	11
4	12
4	16
4	17
4	18
4	19
4	20
4	21
4	22
4	23
4	24
5	11
5	14
5	25
5	26
5	27
5	28
5	29
5	30
5	31
5	32
5	33
6	34
6	35
6	36
7	12
7	37
7	38
7	39
7	40
7	41
7	42
8	43
8	44
8	45
9	46
9	47
9	48
10	49
10	50
10	51
11	15
11	52
11	53
11	54
11	55
11	56
11	57
11	58
11	59
11	60
11	61
11	62
11	63
12	64
12	65
12	66
12	67
12	68
12	69
12	70
12	71
12	72
13	73
13	74
13	75
14	76
14	77
14	78
14	79
14	80
14	81
15	82
15	83
15	84
15	85
15	86
15	87
16	73
16	74
17	49
18	25
18	44
18	74
19	60
19	83
19	84
20	29
20	75
21	31
21	36
21	44
21	73
23	35
23	38
23	46
24	54
24	69
24	74
24	76
24	82
24	86
25	45
26	85
27	35
27	52
27	74
28	47
29	69
31	44
31	86
32	34
32	48
32	74
33	35
33	40
33	72
34	44
34	48
34	49
34	54
34	55
34	75
34	82
35	41
35	43
35	47
35	51
35	57
36	45
36	54
36	58
36	75
36	84
37	61
37	76
38	69
38	81
39	75
39	83
40	47
40	53
41	47
41	50
41	61
41	82
42	64
43	48
43	58
43	61
43	66
43	71
44	49
44	70
44	74
44	80
44	84
44	87
45	48
45	66
45	68
45	72
45	75
46	50
46	68
46	74
46	85
47	57
47	59
47	76
48	59
48	60
48	78
48	85
49	54
49	70
49	73
50	67
50	73
50	78
51	61
51	65
51	73
53	80
55	76
55	78
56	64
60	74
64	75
70	73
71	87
72	77
73	82
74	78
74	83
75	82
75	84
77	83
