1	2
1	3
1	4
1	5
1	6
1	7
1	8
1	9
1	10
1	11
1	12
1	14
1	15
1	17
1	18
1	26
1	29
1	33
1	34
1	35
1	36
1	39
1	45
1	46
1	48
1	58
1	59
1	60
1	64
1	66
1	69
1	71
1	76
1	77
1	80
1	86
1	98
1	128
1	130
1	131
1	163
1	178
1	183
1	204
1	211
1	221
1	222
1	264
1	279
1	286
1	294
1	299
1	308
1	313
1	378
1	400
1	438
1	442
1	445
1	458
1	486
1	489
1	509
1	512
1	518
1	529
1	530
1	567
1	589
1	599
1	607
1	636
1	639
1	669
1	699
1	701
1	715
1	737
1	739
1	742
1	743
1	747
1	768
1	769
1	779
1	783
1	789
1	802
1	809
1	815
1	818
1	819
1	821
1	822
1	825
1	831
1	890
1	924
1	938
1	941
1	948
1	949
1	1008
1	1025
1	1036
1	1040
1	1050
2	3
2	4
2	5
2	6
2	7
2	8
2	9
2	10
2	11
2	12
2	13
2	14
2	16
2	17
2	23
2	28
2	32
2	35
2	36
2	38
2	46
2	48
2	50
2	54
2	63
2	65
2	68
2	70
2	72
2	74
2	89
2	91
2	93
2	94
2	130
2	188
2	201
2	203
2	209
2	210
2	212
2	219
2	222
2	231
2	234
2	240
2	249
2	252
2	257
2	258
2	260
2	272
2	276
2	295
2	333
2	351
2	367
2	382
2	383
2	390
2	402
2	407
2	417
2	438
2	445
2	448
2	466
2	469
2	479
2	489
2	497
2	508
2	512
2	528
2	601
2	613
2	622
2	632
2	654
2	668
2	701
2	703
2	707
2	712
2	725
2	726
2	741
2	749
2	759
2	761
2	773
2	776
2	780
2	789
2	798
2	806
2	819
2	829
2	840
2	870
2	877
2	882
2	906
2	913
2	920
2	930
2	931
2	934
2	937
2	944
2	945
2	948
2	994
2	1042
2	1047
2	1048
3	4
3	6
3	7
3	8
3	9
3	10
3	11
3	12
3	13
3	14
3	15
3	16
3	20
3	21
3	28
3	31
3	32
3	45
3	47
3	51
3	52
3	53
3	55
3	59
3	67
3	69
3	70
3	71
3	72
3	75
3	76
3	80
3	81
3	88
3	91
3	92
3	101
3	113
3	118
3	127
3	143
3	153
3	174
3	180
3	200
3	235
3	239
3	240
3	255
3	263
3	267
3	270
3	284
3	289
3	303
3	304
3	306
3	313
3	318
3	354
3	355
3	379
3	390
3	396
3	433
3	436
3	438
3	444
3	454
3	460
3	477
3	498
3	511
3	513
3	515
3	516
3	517
3	521
3	532
3	542
3	566
3	572
3	573
3	601
3	630
3	649
3	651
3	660
3	670
3	674
3	675
3	679
3	695
3	706
3	712
3	715
3	747
3	752
3	761
3	764
3	770
3	785
3	786
3	800
3	809
3	810
3	819
3	821
3	832
3	838
3	878
3	893
3	911
3	915
3	955
3	967
3	981
3	984
3	985
3	989
3	993
3	999
3	1022
3	1036
3	1039
4	5
4	6
4	7
4	8
4	10
4	11
4	14
4	15
4	16
4	17
4	18
4	20
4	25
4	26
4	38
4	43
4	48
4	65
4	73
4	76
4	80
4	88
4	117
4	132
4	144
4	156
4	163
4	165
4	168
4	179
4	204
4	214
4	221
4	243
4	250
4	261
4	263
4	264
4	286
4	298
4	299
4	310
4	346
4	368
4	373
4	393
4	415
4	430
4	433
4	479
4	489
4	500
4	503
4	506
4	512
4	515
4	518
4	522
4	539
4	549
4	575
4	580
4	589
4	621
4	633
4	641
4	643
4	651
4	663
4	675
4	676
4	679
4	682
4	683
4	684
4	685
4	692
4	695
4	706
4	710
4	717
4	724
4	752
4	780
4	793
4	808
4	811
4	876
4	893
4	920
4	923
4	929
4	933
4	938
4	953
4	955
4	958
4	969
4	973
4	991
4	1005
4	1022
4	1028
4	1029
4	1047
4	1049
5	6
5	9
5	10
5	11
5	12
5	13
5	19
5	20
5	21
5	22
5	23
5	24
5	37
5	38
5	55
5	66
5	69
5	88
5	93
5	103
5	115
5	131
5	164
5	174
5	182
5	187
5	198
5	200
5	202
5	218
5	220
5	223
5	245
5	249
5	254
5	257
5	258
5	268
5	275
5	278
5	293
5	304
5	309
5	310
5	319
5	343
5	349
5	357
5	401
5	403
5	413
5	426
5	436
5	437
5	438
5	446
5	450
5	452
5	473
5	477
5	499
5	500
5	514
5	519
5	525
5	531
5	536
5	548
5	587
5	594
5	596
5	599
5	610
5	619
5	641
5	649
5	668
5	678
5	683
5	684
5	686
5	689
5	690
5	693
5	699
5	701
5	702
5	705
5	711
5	715
5	735
5	742
5	764
5	770
5	775
5	778
5	789
5	790
5	795
5	802
5	806
5	809
5	816
5	827
5	837
5	839
5	858
5	865
5	882
5	890
5	896
5	897
5	898
5	923
5	930
5	938
5	959
5	1007
5	1010
5	1024
5	1035
5	1042
5	1048
6	8
6	9
6	10
6	11
6	12
6	13
6	14
6	15
6	16
6	17
6	25
6	26
6	27
6	28
6	29
6	30
6	61
6	83
6	84
6	91
6	128
6	142
6	173
6	187
6	202
6	211
6	214
6	222
6	225
6	228
6	234
6	246
6	257
6	270
6	276
6	285
6	287
6	288
6	294
6	296
6	297
6	302
6	337
6	346
6	387
6	397
6	399
6	407
6	432
6	437
6	440
6	444
6	452
6	454
6	511
6	514
6	518
6	522
6	552
6	565
6	591
6	600
6	605
6	624
6	637
6	641
6	646
6	659
6	669
6	685
6	702
6	704
6	705
6	721
6	731
6	735
6	738
6	743
6	745
6	756
6	782
6	784
6	795
6	796
6	798
6	803
6	808
6	809
6	811
6	815
6	829
6	834
6	838
6	855
6	858
6	868
6	875
6	897
6	910
6	935
6	939
6	940
6	948
6	958
6	1047
6	1049
7	8
7	9
7	10
7	12
7	15
7	20
7	29
7	31
7	32
7	33
7	39
7	54
7	62
7	66
7	69
7	77
7	119
7	139
7	160
7	168
7	173
7	178
7	181
7	186
7	213
7	228
7	249
7	251
7	256
7	265
7	281
7	285
7	299
7	343
7	347
7	370
7	410
7	412
7	424
7	430
7	436
7	438
7	445
7	446
7	477
7	486
7	488
7	516
7	517
7	545
7	549
7	557
7	571
7	576
7	585
7	614
7	626
7	639
7	643
7	651
7	658
7	696
7	700
7	720
7	724
7	730
7	738
7	739
7	768
7	779
7	780
7	781
7	783
7	789
7	791
7	796
7	805
7	810
7	814
7	821
7	836
7	839
7	851
7	875
7	905
7	909
7	917
7	928
7	929
7	934
7	939
7	945
7	961
8	9
8	11
8	13
8	14
8	15
8	34
8	35
8	36
8	37
8	38
8	39
8	51
8	57
8	61
8	65
8	68
8	71
8	72
8	158
8	163
8	173
8	175
8	182
8	194
8	199
8	200
8	244
8	253
8	260
8	262
8	276
8	285
8	286
8	298
8	303
8	312
8	342
8	343
8	357
8	369
8	375
8	392
8	405
8	412
8	426
8	432
8	440
8	446
8	458
8	464
8	511
8	519
8	548
8	565
8	586
8	645
8	646
8	648
8	650
8	659
8	680
8	683
8	691
8	701
8	707
8	714
8	715
8	740
8	741
8	743
8	756
8	773
8	778
8	779
8	786
8	791
8	796
8	808
8	817
8	819
8	820
8	822
8	823
8	838
8	840
8	846
8	850
8	858
8	865
8	876
8	879
8	883
8	913
8	922
8	924
8	933
8	937
8	951
8	954
8	971
8	975
8	992
8	1000
8	1043
8	1044
8	1048
9	11
9	12
9	13
9	14
9	36
9	40
9	41
9	42
9	43
9	44
9	45
9	53
9	63
9	65
9	69
9	75
9	84
9	86
9	88
9	92
9	120
9	127
9	162
9	168
9	175
9	184
9	186
9	192
9	198
9	205
9	210
9	254
9	256
9	260
9	263
9	278
9	285
9	289
9	291
9	292
9	297
9	307
9	328
9	333
9	350
9	367
9	368
9	376
9	389
9	392
9	393
9	396
9	397
9	404
9	410
9	432
9	436
9	452
9	486
9	503
9	505
9	514
9	515
9	520
9	542
9	564
9	570
9	593
9	639
9	644
9	646
9	648
9	668
9	671
9	701
9	705
9	719
9	726
9	735
9	737
9	743
9	760
9	767
9	768
9	771
9	775
9	782
9	786
9	789
9	802
9	803
9	811
9	820
9	822
9	825
9	846
9	848
9	856
9	869
9	884
9	892
9	893
9	898
9	909
9	923
9	929
9	932
9	934
9	937
9	949
9	951
9	976
9	981
9	994
9	1012
9	1029
9	1045
10	11
10	12
10	13
10	14
10	15
10	16
10	17
10	26
10	29
10	41
10	46
10	47
10	48
10	55
10	56
10	62
10	65
10	69
10	81
10	92
10	118
10	137
10	142
10	162
10	168
10	180
10	187
10	192
10	194
10	205
10	218
10	219
10	226
10	235
10	240
10	241
10	243
10	250
10	255
10	265
10	271
10	278
10	287
10	288
10	304
10	310
10	312
10	328
10	338
10	351
10	352
10	390
10	418
10	428
10	447
10	450
10	491
10	500
10	508
10	519
10	588
10	599
10	639
10	640
10	642
10	646
10	653
10	654
10	661
10	664
10	666
10	667
10	677
10	679
10	684
10	707
10	708
10	710
10	720
10	727
10	728
10	737
10	739
10	742
10	745
10	761
10	771
10	774
10	776
10	780
10	794
10	808
10	810
10	816
10	820
10	826
10	829
10	836
10	839
10	870
10	880
10	886
10	907
10	919
10	921
10	922
10	931
10	936
10	937
10	957
10	958
10	973
10	982
10	1013
11	12
11	13
11	14
11	15
11	37
11	39
11	42
11	49
11	50
11	51
11	52
11	53
11	54
11	55
11	56
11	57
11	59
11	65
11	66
11	77
11	86
11	120
11	138
11	146
11	175
11	182
11	189
11	197
11	207
11	220
11	254
11	258
11	259
11	260
11	264
11	278
11	282
11	298
11	308
11	312
11	313
11	314
11	319
11	326
11	361
11	397
11	398
11	399
11	431
11	450
11	456
11	461
11	471
11	489
11	493
11	494
11	536
11	561
11	599
11	637
11	643
11	645
11	647
11	648
11	678
11	680
11	685
11	691
11	705
11	707
11	708
11	713
11	717
11	719
11	740
11	743
11	763
11	774
11	778
11	783
11	785
11	792
11	802
11	808
11	809
11	812
11	813
11	818
11	835
11	839
11	840
11	850
11	853
11	876
11	878
11	884
11	905
11	907
11	921
11	927
11	931
11	934
11	935
11	938
11	942
11	1012
11	1037
11	1047
12	13
12	34
12	37
12	50
12	57
12	58
12	59
12	60
12	61
12	62
12	63
12	64
12	65
12	66
12	67
12	68
12	69
12	76
12	90
12	164
12	168
12	172
12	179
12	198
12	202
12	222
12	225
12	242
12	250
12	286
12	288
12	300
12	301
12	314
12	332
12	338
12	344
12	350
12	368
12	376
12	399
12	410
12	434
12	436
12	438
12	478
12	479
12	485
12	506
12	515
12	517
12	522
12	525
12	528
12	530
12	538
12	546
12	552
12	567
12	582
12	593
12	643
12	647
12	658
12	671
12	680
12	684
12	690
12	693
12	700
12	701
12	702
12	704
12	708
12	713
12	729
12	734
12	736
12	738
12	744
12	755
12	761
12	765
12	771
12	778
12	784
12	809
12	814
12	826
12	853
12	859
12	882
12	900
12	901
12	902
12	907
12	925
12	928
12	929
12	933
12	937
12	954
12	958
12	966
12	967
12	1009
12	1012
12	1013
12	1031
12	1033
13	14
13	15
13	34
13	39
13	44
13	52
13	57
13	65
13	70
13	71
13	72
13	73
13	96
13	127
13	138
13	163
13	169
13	171
13	177
13	192
13	200
13	207
13	208
13	232
13	234
13	250
13	268
13	284
13	309
13	321
13	324
13	352
13	374
13	381
13	396
13	397
13	400
13	408
13	437
13	447
13	450
13	451
13	453
13	462
13	485
13	492
13	524
13	536
13	547
13	594
13	613
13	626
13	633
13	636
13	643
13	649
13	651
13	652
13	659
13	670
13	678
13	681
13	683
13	684
13	688
13	704
13	707
13	726
13	728
13	748
13	756
13	761
13	778
13	779
13	793
13	797
13	809
13	816
13	817
13	827
13	838
13	869
13	905
13	927
13	929
13	931
13	935
13	939
13	976
13	987
13	992
13	1003
13	1038
13	1040
14	15
14	31
14	37
14	41
14	54
14	65
14	67
14	71
14	73
14	74
14	75
14	76
14	77
14	78
14	129
14	133
14	173
14	180
14	186
14	187
14	202
14	218
14	227
14	245
14	246
14	247
14	270
14	272
14	289
14	294
14	297
14	305
14	312
14	330
14	348
14	406
14	410
14	417
14	424
14	426
14	429
14	435
14	437
14	444
14	488
14	498
14	513
14	529
14	530
14	538
14	548
14	550
14	552
14	564
14	649
14	653
14	672
14	716
14	726
14	728
14	735
14	738
14	739
14	741
14	746
14	755
14	765
14	772
14	810
14	819
14	821
14	828
14	852
14	856
14	864
14	870
14	899
14	903
14	935
14	950
14	973
14	987
14	1008
14	1023
15	17
15	26
15	27
15	29
15	32
15	46
15	58
15	75
15	79
15	80
15	81
15	90
15	97
15	98
15	107
15	153
15	178
15	183
15	206
15	220
15	223
15	234
15	251
15	253
15	255
15	257
15	260
15	261
15	295
15	367
15	384
15	390
15	394
15	405
15	422
15	427
15	430
15	438
15	441
15	447
15	449
15	452
15	475
15	492
15	495
15	499
15	515
15	517
15	519
15	525
15	534
15	551
15	563
15	590
15	658
15	663
15	673
15	675
15	679
15	704
15	707
15	733
15	756
15	758
15	767
15	778
15	783
15	810
15	821
15	823
15	838
15	840
15	862
15	864
15	868
15	869
15	914
15	928
15	940
15	941
15	943
15	976
15	989
15	1014
15	1027
15	1032
15	1039
16	31
16	47
16	48
16	82
16	83
16	84
16	85
16	86
16	87
16	88
16	89
16	90
16	91
16	92
16	93
16	94
16	95
16	96
16	97
16	98
16	99
17	39
17	51
17	61
17	71
17	79
17	81
17	100
17	101
17	102
17	103
17	104
17	105
17	106
17	107
17	108
17	109
17	110
17	111
17	112
17	113
17	114
17	115
17	116
17	117
17	118
17	119
17	120
17	121
17	122
17	123
17	124
17	125
17	126
17	127
17	128
17	129
18	23
18	24
18	25
18	40
18	44
18	46
18	47
18	58
18	72
18	130
18	131
18	132
18	133
18	134
18	135
18	136
18	137
18	138
18	139
18	140
18	141
18	142
18	143
18	144
18	145
18	146
18	147
18	148
18	149
18	150
18	151
18	152
18	153
18	154
18	155
18	156
18	157
18	158
18	159
18	160
18	161
18	162
19	32
19	33
19	58
19	163
19	164
19	165
19	166
19	167
19	168
19	169
19	170
19	171
19	172
19	173
19	174
19	175
19	176
19	177
20	72
20	73
20	178
20	179
20	180
20	181
20	182
20	183
20	184
20	185
20	186
21	29
21	70
21	187
21	188
21	189
21	190
21	191
21	192
21	193
21	194
21	195
21	196
21	197
21	198
22	38
22	40
22	48
22	199
22	200
22	201
22	202
22	203
22	204
22	205
22	206
22	207
22	208
22	209
22	210
23	49
23	70
23	211
23	212
23	213
23	214
23	215
23	216
23	217
23	218
23	219
23	220
23	221
23	222
23	223
23	224
23	225
24	32
24	34
24	46
24	54
24	226
24	227
24	228
24	229
24	230
24	231
24	232
24	233
24	234
24	235
24	236
24	237
24	238
24	239
24	240
24	241
24	242
24	243
25	41
25	53
25	244
25	245
25	246
25	247
25	248
25	249
25	250
25	251
25	252
25	253
25	254
25	255
26	78
26	256
26	257
26	258
26	259
26	260
26	261
27	39
27	47
27	74
27	262
27	263
27	264
27	265
27	266
27	267
27	268
27	269
27	270
27	271
27	272
27	273
28	31
28	58
28	274
28	275
28	276
28	277
28	278
28	279
28	280
28	281
28	282
28	283
28	284
28	285
29	33
29	77
29	286
29	287
29	288
29	289
29	290
29	291
29	292
29	293
29	294
29	295
29	296
29	297
29	298
29	299
29	300
30	46
30	59
30	74
30	76
30	301
30	302
30	303
30	304
30	305
30	306
30	307
30	308
30	309
30	310
30	311
30	312
30	313
30	314
30	315
31	46
31	48
31	79
31	80
31	316
31	317
31	318
31	319
31	320
31	321
31	322
31	323
31	324
31	325
31	326
31	327
31	328
31	329
31	330
31	331
31	332
31	333
31	334
31	335
31	336
31	337
31	338
31	339
32	78
32	340
32	341
32	342
32	343
32	344
32	345
32	346
32	347
32	348
32	349
32	350
32	351
32	352
32	353
32	354
32	355
32	356
32	357
32	358
32	359
32	360
33	42
33	46
33	75
33	79
33	361
33	362
33	363
33	364
33	365
33	366
33	367
33	368
33	369
33	370
33	371
33	372
33	373
33	374
33	375
33	376
33	377
33	378
33	379
33	380
33	381
33	382
33	383
33	384
33	385
33	386
33	387
34	55
34	70
34	388
34	389
34	390
34	391
34	392
34	393
34	394
34	395
34	396
34	397
34	398
34	399
34	400
34	401
34	402
35	60
35	62
35	80
35	403
35	404
35	405
35	406
35	407
35	408
35	409
35	410
35	411
35	412
35	413
35	414
35	415
35	416
35	417
35	418
35	419
35	420
36	60
36	72
36	78
36	421
36	422
36	423
36	424
36	425
36	426
36	427
36	428
36	429
36	430
36	431
36	432
36	433
36	434
36	435
37	48
37	436
37	437
37	438
37	439
37	440
37	441
38	47
38	442
38	443
38	444
38	445
38	446
38	447
38	448
38	449
38	450
38	451
38	452
38	453
39	53
39	57
39	60
39	454
39	455
39	456
39	457
39	458
39	459
39	460
39	461
39	462
39	463
39	464
39	465
39	466
39	467
39	468
39	469
39	470
39	471
39	472
39	473
39	474
40	70
40	81
40	475
40	476
40	477
40	478
40	479
40	480
40	481
40	482
40	483
40	484
40	485
40	486
40	487
40	488
40	489
41	48
41	71
41	79
41	490
41	491
41	492
41	493
41	494
41	495
41	496
41	497
41	498
41	499
41	500
41	501
41	502
41	503
41	504
42	70
42	505
42	506
42	507
42	508
42	509
42	510
42	511
42	512
42	513
43	57
43	514
43	515
43	516
43	517
43	518
43	519
44	54
44	59
44	73
44	520
44	521
44	522
44	523
44	524
44	525
44	526
44	527
44	528
44	529
44	530
44	531
44	532
44	533
44	534
45	68
45	77
45	79
45	535
45	536
45	537
45	538
45	539
45	540
45	541
45	542
45	543
45	544
45	545
45	546
45	547
45	548
45	549
45	550
45	551
45	552
46	64
46	553
46	554
46	555
46	556
46	557
46	558
46	559
46	560
46	561
46	562
46	563
46	564
46	565
46	566
46	567
46	568
46	569
46	570
46	571
46	572
46	573
46	574
46	575
46	576
46	577
46	578
46	579
46	580
46	581
46	582
46	583
46	584
46	585
47	81
47	586
47	587
47	588
47	589
47	590
47	591
47	592
47	593
47	594
47	595
47	596
47	597
47	598
47	599
47	600
47	601
47	602
47	603
48	63
48	77
48	604
48	605
48	606
48	607
48	608
48	609
48	610
48	611
48	612
48	613
48	614
48	615
48	616
48	617
48	618
48	619
48	620
48	621
48	622
48	623
48	624
48	625
48	626
48	627
48	628
48	629
48	630
48	631
48	632
48	633
48	634
48	635
48	636
48	637
48	638
48	639
49	78
49	640
49	641
49	642
49	643
49	644
49	645
49	646
49	647
49	648
50	78
50	649
50	650
50	651
50	652
50	653
50	654
51	59
51	655
51	656
51	657
51	658
51	659
51	660
51	661
51	662
51	663
51	664
51	665
51	666
51	667
51	668
51	669
52	59
52	670
52	671
52	672
52	673
52	674
52	675
52	676
52	677
52	678
53	679
53	680
53	681
53	682
53	683
53	684
53	685
53	686
53	687
54	79
54	688
54	689
54	690
54	691
54	692
54	693
54	694
54	695
54	696
54	697
54	698
54	699
54	700
54	701
54	702
55	703
55	704
55	705
55	706
55	707
55	708
56	66
56	80
56	81
56	709
56	710
56	711
56	712
56	713
56	714
56	715
56	716
56	717
56	718
56	719
56	720
57	721
57	722
57	723
57	724
57	725
57	726
57	727
57	728
57	729
58	730
58	731
58	732
58	733
58	734
58	735
58	736
58	737
58	738
58	739
58	740
58	741
59	742
59	743
59	744
59	745
59	746
59	747
59	748
59	749
59	750
59	751
59	752
59	753
59	754
59	755
59	756
60	70
60	757
60	758
60	759
60	760
60	761
60	762
60	763
60	764
60	765
60	766
60	767
60	768
60	769
60	770
60	771
61	78
61	772
61	773
61	774
61	775
61	776
61	777
61	778
61	779
61	780
62	781
62	782
62	783
62	784
62	785
62	786
63	787
63	788
63	789
63	790
63	791
63	792
63	793
63	794
63	795
64	79
64	796
64	797
64	798
64	799
64	800
64	801
64	802
64	803
64	804
64	805
64	806
64	807
65	808
65	809
65	810
66	811
66	812
66	813
66	814
66	815
66	816
67	74
67	817
67	818
67	819
67	820
67	821
67	822
68	73
68	80
68	823
68	824
68	825
68	826
68	827
68	828
68	829
68	830
68	831
68	832
68	833
68	834
68	835
68	836
68	837
69	838
69	839
69	840
70	77
70	841
70	842
70	843
70	844
70	845
70	846
70	847
70	848
70	849
70	850
70	851
70	852
70	853
70	854
70	855
70	856
70	857
70	858
70	859
70	860
70	861
70	862
70	863
70	864
70	865
70	866
70	867
71	868
71	869
71	870
71	871
71	872
71	873
71	874
71	875
71	876
71	877
71	878
71	879
72	79
72	880
72	881
72	882
72	883
72	884
72	885
72	886
72	887
72	888
72	889
72	890
72	891
72	892
72	893
72	894
72	895
72	896
72	897
72	898
72	899
72	900
73	901
73	902
73	903
73	904
73	905
73	906
73	907
73	908
73	909
73	910
73	911
73	912
74	913
74	914
74	915
74	916
74	917
74	918
74	919
74	920
74	921
74	922
74	923
74	924
74	925
74	926
74	927
75	928
75	929
75	930
75	931
75	932
75	933
76	934
76	935
76	936
76	937
76	938
76	939
76	940
76	941
76	942
77	943
77	944
77	945
77	946
77	947
77	948
77	949
77	950
77	951
77	952
77	953
77	954
77	955
77	956
77	957
77	958
77	959
77	960
78	961
78	962
78	963
78	964
78	965
78	966
78	967
78	968
78	969
78	970
78	971
78	972
78	973
78	974
78	975
78	976
78	977
78	978
78	979
78	980
78	981
79	982
79	983
79	984
79	985
79	986
79	987
79	988
79	989
79	990
79	991
79	992
79	993
79	994
79	995
79	996
79	997
79	998
79	999
79	1000
79	1001
79	1002
79	1003
79	1004
79	1005
79	1006
79	1007
79	1008
80	1009
80	1010
80	1011
80	1012
80	1013
80	1014
80	1015
80	1016
80	1017
80	1018
80	1019
80	1020
80	1021
80	1022
80	1023
80	1024
80	1025
80	1026
80	1027
80	1028
80	1029
81	1030
81	1031
81	1032
81	1033
81	1034
81	1035
81	1036
81	1037
81	1038
81	1039
81	1040
81	1041
81	1042
81	1043
81	1044
81	1045
81	1046
81	1047
81	1048
81	1049
81	1050
82	402
82	503
82	629
82	797
82	886
82	1018
83	114
83	214
83	361
83	516
83	540
83	545
83	595
83	778
83	809
83	1038
84	179
84	663
84	712
84	780
84	809
84	907
85	189
85	570
86	377
86	469
86	481
86	637
86	773
86	907
87	826
87	832
88	197
88	282
88	418
88	436
88	696
88	760
88	822
88	912
88	941
89	120
89	257
89	1044
90	275
90	278
90	356
90	757
90	844
91	399
91	477
91	787
92	244
92	354
92	392
92	417
92	428
92	876
93	178
93	271
93	749
93	794
93	1016
94	483
94	593
94	613
94	728
94	783
95	256
95	611
95	814
95	871
95	893
96	436
96	617
96	663
96	669
96	977
97	111
97	272
97	411
97	439
97	475
97	487
97	506
97	744
97	799
97	935
98	181
98	297
98	406
98	428
98	551
98	651
98	834
98	1012
99	182
99	312
99	340
99	436
99	513
99	539
99	819
99	928
100	257
100	439
101	231
101	421
101	510
101	514
101	675
101	1038
102	189
102	603
102	949
103	270
104	685
104	708
104	859
105	416
105	479
106	378
106	513
106	518
106	559
106	745
106	869
106	941
106	953
107	392
107	420
107	810
108	813
108	838
109	250
109	316
109	508
109	612
109	825
109	912
109	976
110	171
110	289
110	743
111	341
111	532
112	434
112	536
112	828
113	189
113	516
113	1002
114	140
114	261
114	871
115	519
115	820
116	410
116	446
116	510
116	808
116	810
117	228
117	818
118	441
118	533
118	762
119	716
119	876
120	737
120	745
120	988
121	634
121	667
121	936
122	442
122	760
122	781
122	849
122	1034
123	703
123	852
124	765
125	447
125	849
125	928
126	260
126	299
126	391
126	396
126	613
126	859
126	938
127	564
127	705
127	773
127	965
128	800
129	188
129	287
129	439
129	514
129	547
129	688
129	694
129	794
131	400
131	562
133	215
133	599
133	773
133	840
134	236
134	268
134	792
135	190
136	190
136	247
136	254
136	412
137	665
137	821
137	840
138	677
138	828
139	670
139	876
139	942
140	418
140	772
141	416
141	436
141	535
141	808
142	219
142	350
142	793
143	365
143	641
143	683
143	746
143	838
143	909
143	916
144	207
145	332
145	807
145	903
146	294
146	654
147	175
147	185
147	784
147	819
148	1042
149	392
149	429
149	627
149	739
149	962
150	297
150	835
151	364
151	697
151	753
151	813
151	1020
152	280
152	293
152	486
153	332
154	464
154	705
154	831
154	927
154	1002
155	232
155	549
155	641
156	428
156	902
156	912
156	1044
157	224
157	852
158	171
158	217
158	272
158	519
158	575
158	749
158	875
159	177
159	681
160	269
160	672
160	1035
161	205
161	293
161	392
161	577
161	785
161	811
162	239
162	282
162	562
162	947
163	683
163	711
163	851
163	978
164	214
164	635
164	702
164	812
164	894
165	260
165	363
165	458
165	514
165	697
166	183
166	404
166	481
166	515
166	589
166	732
166	786
166	800
166	815
166	821
166	944
166	959
167	270
167	506
167	515
167	781
167	796
167	812
167	863
168	191
168	260
168	326
168	746
168	814
168	819
168	821
168	909
169	206
169	290
169	343
169	348
169	399
169	668
169	706
169	844
169	909
169	1050
170	187
170	247
170	430
170	729
170	739
171	354
171	509
171	516
171	763
171	789
171	938
171	983
172	287
172	350
172	451
172	489
172	571
172	646
172	748
172	831
172	978
173	195
173	248
173	328
173	510
173	718
173	769
173	786
173	801
173	817
173	839
173	866
173	897
173	921
174	225
174	672
175	333
175	381
176	183
176	788
177	208
177	300
177	419
177	627
177	769
177	851
178	499
178	509
178	654
178	666
178	667
178	694
178	776
178	816
178	819
178	844
178	946
178	1000
179	316
179	344
179	430
179	543
179	553
179	634
179	656
179	721
179	732
179	779
179	810
179	816
179	842
179	869
179	931
179	936
180	207
180	231
180	261
180	293
180	312
180	422
180	467
180	474
180	477
180	515
180	598
180	647
180	670
180	880
180	902
180	916
181	202
181	264
181	433
181	592
181	644
181	674
181	678
181	704
181	826
182	221
182	222
182	258
182	447
182	504
182	520
182	637
182	750
182	988
183	214
183	351
183	436
183	437
183	539
183	659
183	721
183	732
183	771
183	783
183	785
183	790
183	916
183	1008
184	234
184	236
184	298
184	439
184	674
184	716
184	720
184	768
184	778
184	806
184	809
184	816
184	830
184	840
184	864
184	903
185	253
185	274
185	378
185	439
185	445
185	641
185	723
185	827
185	869
185	944
186	191
186	199
186	312
186	448
186	483
186	706
186	817
186	835
186	872
186	896
186	902
186	981
187	224
187	226
187	244
187	441
187	453
187	679
187	768
187	868
187	877
187	905
188	220
188	420
188	423
188	591
188	643
188	840
188	855
188	872
188	889
188	936
188	1025
189	484
189	519
189	687
189	810
189	814
189	935
189	996
190	258
190	318
190	420
190	427
190	432
190	679
190	723
190	737
190	809
191	275
191	278
191	294
191	428
191	447
191	480
191	504
191	519
191	541
191	764
191	953
191	990
192	320
192	455
192	569
192	671
192	808
192	893
192	924
192	1013
193	276
193	658
193	696
193	792
193	810
193	843
193	886
193	931
193	960
193	984
194	386
194	439
194	507
194	510
194	707
194	810
194	1020
195	226
195	258
195	313
195	318
195	332
195	650
195	805
195	828
196	207
196	219
196	653
196	657
196	677
197	232
197	268
197	401
197	445
197	516
198	201
198	251
198	297
198	391
198	456
198	511
198	663
198	696
198	708
198	788
198	819
198	821
198	840
198	860
198	994
199	328
199	612
199	662
199	727
199	819
199	1017
200	350
200	398
200	521
200	582
200	703
200	724
200	742
200	768
200	786
201	251
201	268
201	386
201	426
201	496
201	725
201	831
201	1000
202	238
202	263
202	512
202	654
202	713
202	723
202	830
202	838
202	859
202	928
202	955
203	273
203	316
203	476
203	483
203	669
203	690
203	714
203	810
204	287
204	502
204	564
204	597
204	691
204	843
204	1018
204	1028
205	445
205	477
205	496
205	552
205	642
205	818
205	835
205	838
205	868
205	929
205	1019
206	239
206	395
206	496
206	539
206	693
206	709
206	738
207	219
207	258
207	437
207	483
207	488
207	716
207	821
208	260
208	263
208	868
209	366
209	514
209	775
209	788
209	808
209	831
210	321
210	389
210	529
210	690
210	718
210	815
210	940
210	995
211	485
211	650
211	693
211	729
211	735
211	759
211	778
211	802
211	898
211	930
211	942
212	249
212	740
212	930
213	445
213	576
213	938
214	304
214	314
214	376
214	402
214	487
214	701
214	705
214	711
214	767
214	1040
215	437
215	481
215	649
215	698
215	768
215	949
216	296
216	593
216	608
216	620
216	685
216	874
216	915
216	997
217	246
217	534
217	737
217	832
217	948
218	519
218	663
218	1007
219	804
219	839
219	955
219	1031
220	296
220	479
220	665
220	668
220	708
220	778
220	810
221	301
221	402
221	420
221	469
221	706
221	764
221	811
221	835
222	253
222	519
222	531
222	572
222	625
222	832
222	891
223	258
223	432
223	438
223	519
223	665
223	907
224	519
225	516
225	525
225	529
225	546
225	655
225	751
225	826
225	1033
226	360
226	456
226	496
226	580
226	1026
227	814
227	934
227	937
227	954
227	1039
228	263
228	466
228	519
228	810
229	278
229	511
229	679
229	718
229	784
230	319
230	381
230	443
230	533
230	695
230	707
230	879
230	1026
231	449
231	807
231	877
231	1026
232	444
232	535
232	689
232	734
232	771
232	792
232	929
232	931
232	985
233	295
233	352
233	537
233	552
233	990
234	261
234	642
235	278
235	439
235	708
235	726
235	750
235	837
235	961
236	729
236	756
236	793
236	949
236	991
236	1014
237	708
237	810
237	887
238	307
238	491
238	523
238	804
239	555
239	723
239	932
239	1007
240	328
240	450
240	831
240	989
240	996
241	934
241	973
242	405
242	513
242	651
243	391
243	416
243	673
243	733
243	792
244	266
244	317
244	366
244	674
244	710
244	727
244	789
244	798
244	808
245	256
245	400
245	445
245	500
245	592
245	787
245	819
245	933
246	362
246	440
246	518
246	789
246	812
246	902
246	934
247	350
247	436
247	723
247	728
247	750
247	935
248	640
248	677
248	710
248	758
248	887
248	902
248	941
249	504
249	603
249	676
249	709
249	823
249	870
249	874
249	876
250	259
250	304
250	708
250	798
250	813
250	828
250	901
251	259
251	294
251	455
251	506
251	527
251	577
251	721
251	793
251	838
251	855
251	1005
251	1043
252	493
252	549
252	587
252	681
253	268
253	489
253	695
253	807
253	883
254	270
254	405
254	573
254	632
254	649
254	981
255	576
255	711
255	713
255	796
255	839
255	931
255	1043
256	287
256	340
256	488
256	518
256	732
256	771
256	781
256	808
256	821
256	873
256	909
256	930
257	513
257	519
257	575
257	616
257	638
257	678
257	776
257	815
257	820
257	868
257	928
257	977
258	507
258	593
258	645
258	651
258	773
258	778
258	828
258	836
258	923
258	939
258	961
258	1027
259	283
259	314
259	324
259	436
259	535
259	545
259	697
259	776
259	798
259	895
259	938
259	1005
260	358
260	449
260	514
260	537
260	707
260	770
260	901
260	1035
261	364
261	436
261	749
261	809
261	935
261	983
262	650
262	654
262	702
262	798
262	914
262	1020
263	279
263	282
263	300
263	323
263	438
263	661
263	700
263	809
263	825
263	839
263	984
264	425
264	445
264	482
264	501
264	650
264	704
264	795
264	810
264	893
264	928
265	646
265	722
265	764
265	782
265	808
265	815
265	817
265	883
266	516
266	674
267	438
267	453
267	689
267	699
267	903
267	956
268	276
268	279
268	512
268	521
268	714
268	819
268	839
268	892
269	394
269	441
269	452
269	516
269	652
269	704
269	709
269	757
269	855
269	938
269	942
270	444
270	512
270	652
270	684
270	710
270	716
270	845
271	419
271	509
271	550
271	552
271	642
271	722
271	736
271	755
271	788
271	827
271	887
272	283
272	434
272	489
272	609
272	679
272	712
272	745
272	778
272	891
272	934
272	990
273	285
273	438
273	677
273	837
274	388
274	636
274	681
274	781
274	803
274	808
274	931
274	939
275	508
275	703
275	795
275	816
275	925
275	931
275	1045
276	392
276	454
276	497
276	498
276	527
276	649
276	698
276	792
276	803
276	903
277	460
277	584
277	681
277	685
277	994
278	335
278	437
278	569
278	647
278	707
278	756
278	811
279	328
279	440
279	441
279	467
279	478
279	498
279	681
279	682
279	779
279	808
279	811
279	839
279	908
280	505
280	787
280	864
280	914
281	304
281	595
281	958
282	631
282	703
282	711
282	729
282	760
282	785
282	949
283	707
283	819
283	834
283	838
283	878
283	948
284	432
284	458
284	544
284	654
284	774
284	792
284	804
284	870
284	919
284	1003
285	441
285	687
285	722
286	337
286	612
286	731
286	928
287	599
287	703
287	820
287	932
288	388
288	650
288	729
288	782
288	858
289	369
289	494
289	571
290	476
290	536
290	560
290	770
290	865
290	874
291	587
291	651
291	654
291	752
292	470
292	503
292	511
292	682
292	711
292	770
292	795
292	809
292	840
292	936
293	439
293	504
293	701
293	729
293	817
293	840
294	337
294	469
294	747
294	874
294	925
295	435
295	465
295	643
295	752
295	809
295	810
295	874
295	876
295	1049
296	794
296	809
296	836
296	856
296	892
297	317
297	343
297	484
297	783
297	792
297	893
297	909
297	942
298	339
298	441
298	512
298	670
298	736
298	782
298	903
299	348
299	483
299	490
299	642
299	692
299	810
299	819
299	880
300	659
300	788
300	883
300	925
301	489
301	544
301	635
301	640
302	498
302	715
302	823
302	918
303	727
303	751
303	782
303	839
303	976
304	401
304	673
304	762
304	829
304	903
304	943
304	979
305	348
305	503
305	698
305	701
305	812
305	966
305	1018
306	463
306	477
306	639
307	331
307	686
307	725
307	928
308	327
308	359
308	441
308	452
308	793
308	826
308	872
309	350
309	436
309	446
309	645
309	760
309	838
310	730
310	840
311	460
311	467
311	582
311	649
311	673
311	894
311	933
311	936
312	475
312	531
312	604
313	317
313	319
313	521
313	664
313	689
313	731
313	737
313	757
313	928
313	960
314	445
314	496
314	559
314	772
314	818
314	822
314	908
314	962
314	1019
315	508
315	601
315	735
316	365
316	629
316	721
318	700
319	793
319	806
319	1013
320	482
321	597
321	741
321	775
322	483
322	735
323	497
323	649
323	853
325	399
325	510
325	860
326	710
326	784
326	861
327	367
327	652
328	528
328	715
328	731
328	777
328	851
329	673
329	713
329	737
329	790
329	888
330	507
330	610
330	704
330	808
330	874
330	962
331	430
331	439
331	562
331	580
331	688
331	711
331	714
331	808
332	734
332	740
333	661
333	725
333	812
334	651
334	878
334	974
335	391
335	678
335	914
335	952
336	513
336	807
337	539
337	734
337	805
337	820
338	384
338	486
338	496
339	801
339	942
340	623
340	750
340	818
341	453
341	517
341	654
341	893
342	456
342	876
343	598
343	684
343	829
344	667
345	512
345	650
345	747
345	941
345	954
346	436
346	688
346	956
346	994
347	907
347	1003
348	682
348	936
348	939
349	806
350	517
350	732
350	734
351	390
351	429
351	503
351	560
351	828
352	514
352	1014
352	1048
353	400
353	516
353	594
353	839
353	849
353	966
354	434
354	645
354	897
354	1018
355	735
355	810
355	970
356	523
356	552
356	681
356	702
356	779
356	941
357	600
357	813
358	517
358	762
358	934
359	751
359	758
359	804
360	505
360	666
361	926
361	977
361	1034
362	809
362	840
362	989
363	507
363	650
363	765
364	441
364	446
364	480
364	584
364	689
365	418
365	649
365	675
365	997
366	814
367	478
367	487
367	649
367	816
367	887
367	929
368	838
368	929
368	1013
369	428
369	723
370	662
370	759
371	439
371	440
371	590
371	928
373	756
373	775
373	795
373	901
374	696
374	860
375	518
375	627
375	751
375	808
376	868
376	899
376	1043
377	438
377	479
378	480
378	580
378	650
379	415
379	701
379	904
380	513
380	747
380	906
381	737
381	899
381	928
382	399
383	807
383	1025
384	808
385	593
386	428
386	937
387	619
387	844
388	412
388	494
388	705
388	713
388	795
389	446
389	761
389	805
389	889
389	954
390	745
390	783
390	785
391	523
391	736
391	818
391	819
391	1042
392	539
392	649
392	704
392	725
392	806
392	808
392	819
392	835
392	895
393	749
393	822
393	823
394	415
394	515
394	612
394	786
394	898
395	438
395	511
395	695
395	778
396	470
396	620
396	812
396	863
397	509
397	618
397	640
397	689
398	447
398	513
398	700
398	1016
398	1021
399	655
399	754
399	797
399	930
400	449
400	713
400	814
400	940
401	445
401	615
401	725
401	981
402	436
402	729
403	516
403	652
403	732
403	787
403	828
404	689
404	738
404	787
405	541
405	757
405	958
406	658
406	706
406	725
406	800
406	816
406	878
406	976
406	1022
407	662
407	706
407	811
407	832
407	897
407	949
408	688
408	714
408	809
409	443
409	458
409	636
409	795
409	932
410	437
410	642
410	810
410	966
411	455
411	500
411	775
411	932
411	944
411	978
412	424
412	511
412	522
412	545
413	738
413	791
413	1018
414	705
414	908
415	519
415	641
415	1050
416	639
416	691
416	805
416	810
417	452
417	576
418	646
418	804
418	835
419	464
419	676
419	762
419	809
419	872
419	909
420	640
420	819
420	869
421	481
421	485
421	535
421	589
421	862
421	939
422	453
422	808
422	856
422	964
422	1027
422	1046
423	459
423	518
423	649
423	652
423	697
423	704
423	756
423	782
424	489
424	790
424	815
424	906
424	939
425	587
425	601
425	663
425	688
425	808
426	508
426	558
426	703
426	729
426	740
426	835
426	869
426	872
426	1013
427	733
427	749
427	798
428	671
428	790
428	806
428	995
429	559
429	648
429	702
429	776
429	779
429	839
429	934
429	1009
430	519
430	686
430	723
431	438
431	486
431	526
431	649
431	661
431	703
431	816
431	837
432	674
432	799
433	574
433	668
433	722
433	763
433	1009
433	1042
434	436
434	479
434	530
434	651
434	888
434	892
434	1005
435	436
435	444
435	669
435	741
435	782
435	817
435	908
435	1007
435	1022
436	545
436	635
436	772
436	809
436	852
436	982
436	989
437	444
437	484
437	497
437	504
437	666
437	706
437	727
437	768
437	780
437	818
438	467
438	510
438	524
438	619
438	675
438	692
438	814
438	915
438	940
438	970
439	474
439	478
439	501
439	515
439	643
439	679
439	760
439	806
439	838
439	839
439	840
439	931
439	933
439	935
439	950
440	482
440	530
440	538
440	650
440	663
440	757
440	763
440	771
440	797
440	806
440	838
440	840
440	855
440	861
440	874
440	971
440	995
441	493
441	546
441	622
441	675
441	677
441	776
441	810
441	840
441	908
441	936
441	938
441	986
441	992
442	478
442	656
442	749
442	785
442	786
442	930
442	972
443	553
443	677
443	781
443	822
443	958
444	461
444	548
444	644
444	832
444	909
444	1030
445	703
445	706
445	712
445	939
445	1047
446	653
446	672
446	705
446	706
446	940
447	468
447	510
447	512
447	546
447	688
447	755
447	967
448	593
448	689
448	946
449	477
449	496
449	517
449	539
449	595
449	803
449	811
449	817
449	884
449	925
449	939
449	990
450	768
450	940
450	1038
451	482
451	543
451	641
451	779
451	800
451	802
452	710
452	871
452	942
452	949
452	1005
453	769
453	774
453	842
454	769
455	674
455	699
455	718
455	766
455	946
456	699
457	620
457	751
457	778
457	980
458	741
460	492
460	977
461	514
461	554
461	590
461	809
462	728
462	737
462	782
462	808
463	562
463	793
463	910
463	933
463	934
463	966
463	1048
465	489
465	651
465	673
465	907
465	929
465	935
466	929
467	720
467	944
467	953
468	551
468	654
468	925
469	893
469	939
470	543
470	686
470	726
471	514
472	541
472	754
472	827
472	898
473	517
473	647
473	803
474	481
474	486
474	529
474	567
474	751
474	915
474	990
475	676
475	685
475	689
475	690
475	743
475	748
476	502
476	813
476	821
476	852
476	928
477	518
477	529
477	591
477	722
477	746
477	947
477	1011
477	1029
478	537
478	589
478	819
479	675
479	719
479	901
479	996
480	703
481	587
481	704
481	714
481	820
481	821
481	977
481	1050
482	695
482	885
482	999
483	547
483	806
484	641
484	649
484	761
484	950
485	835
485	840
485	1010
486	587
486	700
486	925
486	941
487	729
487	741
487	797
487	816
487	818
487	989
488	545
488	593
488	988
488	1009
489	493
489	597
489	641
489	652
489	684
489	707
489	772
489	841
489	978
489	989
490	785
491	692
491	780
491	824
492	512
492	667
492	679
492	714
492	806
492	957
493	531
493	732
493	796
493	816
493	933
494	523
494	682
494	697
494	813
495	580
495	649
495	671
495	694
496	732
496	812
496	831
496	840
496	1012
496	1015
496	1041
497	521
497	531
497	630
497	675
497	777
497	778
497	941
497	1047
498	591
498	656
498	780
498	781
498	974
499	776
499	840
500	505
500	820
500	870
500	943
501	544
501	649
501	769
501	876
501	945
501	997
503	796
503	856
503	892
503	912
503	934
504	592
504	679
504	705
504	827
504	878
505	515
505	690
505	789
505	808
505	810
505	812
505	839
505	909
505	979
505	1031
505	1033
506	518
506	703
506	786
506	788
506	793
506	797
506	839
506	893
506	922
506	931
507	518
507	530
507	677
507	700
507	701
507	727
507	817
507	879
507	962
507	985
508	545
508	774
508	863
508	1008
508	1014
509	533
509	703
509	764
509	782
509	875
509	881
509	921
510	551
510	598
510	650
510	732
510	798
510	835
511	567
511	577
511	705
511	791
511	951
512	601
512	760
512	813
512	830
512	861
513	598
513	689
513	705
513	788
513	915
513	924
513	934
513	984
513	1031
514	550
514	573
514	613
514	648
514	661
514	711
514	747
514	759
514	931
514	946
515	647
515	669
515	684
515	706
515	707
515	712
515	729
515	746
515	781
515	914
515	930
515	953
515	970
515	1029
516	644
516	796
516	807
516	840
516	911
516	980
516	1036
517	537
517	550
517	674
517	680
517	684
517	687
517	698
517	707
517	709
517	715
517	882
518	559
518	585
518	708
518	812
518	871
518	881
518	893
518	1001
519	523
519	714
519	726
519	777
519	816
519	827
519	839
519	993
519	1019
520	741
520	931
521	647
521	699
522	593
522	596
522	689
522	701
522	793
522	929
522	995
523	649
523	798
523	839
523	1004
523	1026
524	539
524	602
524	626
524	809
524	810
524	894
525	707
525	800
525	938
525	942
525	999
526	657
526	665
526	812
526	907
526	939
526	946
527	814
527	849
527	1032
528	600
528	868
528	1040
529	689
529	711
529	740
529	767
529	786
529	799
529	835
529	908
530	618
530	839
531	722
531	756
531	786
531	820
532	605
532	649
532	842
532	932
532	933
533	651
533	699
533	702
533	706
533	811
533	900
533	941
534	682
534	739
534	744
534	809
534	810
534	900
535	564
535	704
536	725
536	726
536	755
536	779
536	836
536	1000
537	651
537	681
537	773
537	876
538	645
538	812
538	864
539	667
539	686
539	713
539	748
539	933
539	1021
540	895
540	1006
541	560
541	649
541	686
541	895
541	917
542	671
542	768
543	603
543	825
544	600
544	749
544	862
544	1028
545	746
546	986
547	648
547	927
548	648
548	660
548	723
548	868
548	925
548	1037
549	748
549	797
549	902
549	976
549	1022
550	611
550	650
550	725
550	818
550	929
551	843
551	877
552	572
552	727
552	877
552	995
553	629
553	653
553	822
553	962
554	687
554	723
554	988
556	813
557	786
560	1048
561	865
562	640
562	641
562	862
563	839
563	892
564	704
564	786
564	855
565	657
567	676
567	700
570	684
570	943
571	691
571	753
571	796
571	859
571	1020
572	711
572	814
572	1025
573	657
574	739
574	835
574	980
575	711
575	740
576	835
577	602
577	988
578	745
578	810
578	977
579	730
579	817
579	1043
580	1046
581	614
581	868
582	803
583	635
583	743
583	935
584	934
585	674
586	712
586	732
586	870
586	949
587	695
587	708
587	1012
588	732
588	814
588	1044
589	655
589	723
590	687
591	663
592	822
593	670
593	822
594	649
595	676
595	736
595	788
595	1005
596	632
596	713
596	788
596	851
596	903
596	960
596	981
597	688
597	707
597	743
597	762
597	831
597	879
598	907
598	965
600	663
600	690
601	678
601	809
601	918
601	921
602	740
602	793
602	871
602	929
603	684
603	757
603	785
603	932
603	938
603	956
603	1007
604	760
605	654
606	643
607	819
607	905
608	678
608	688
608	932
609	647
609	692
609	697
609	821
610	740
610	804
610	942
612	1040
614	641
614	1007
615	819
615	862
615	1023
616	757
616	933
617	783
617	980
618	785
618	813
619	1045
620	661
621	709
621	803
621	933
622	960
625	815
625	880
627	1045
629	686
629	729
631	673
631	704
631	789
633	668
634	784
635	715
636	797
637	799
637	809
637	927
638	709
639	669
640	764
640	808
640	832
640	853
640	962
641	691
641	740
641	773
641	786
641	793
641	812
641	815
641	957
641	1011
642	786
642	791
642	820
642	925
642	1041
643	680
643	695
643	707
643	717
643	766
643	773
643	784
643	790
643	799
643	808
643	811
643	817
643	859
643	888
643	909
643	940
643	942
644	650
644	811
644	812
644	869
644	938
644	989
645	657
645	660
645	661
645	704
645	705
645	787
645	890
645	973
646	692
646	725
646	792
646	877
646	1002
647	829
647	877
647	970
648	668
648	676
648	764
648	773
648	811
648	821
648	939
648	959
648	976
648	1011
649	667
649	714
649	737
649	808
649	913
649	942
649	983
649	1012
650	663
650	667
650	670
650	671
650	705
650	715
650	788
650	810
650	817
650	862
650	876
650	906
650	913
650	924
650	930
650	937
650	954
651	657
651	670
651	672
651	722
651	782
651	808
651	809
651	813
651	830
651	871
651	876
651	905
651	939
652	677
652	733
652	888
652	909
652	932
652	957
652	966
652	974
652	990
653	660
653	680
653	704
653	813
653	874
653	883
653	903
653	993
653	1001
654	700
654	705
654	784
654	867
654	909
655	672
655	681
655	779
655	810
655	907
655	960
656	815
656	883
657	766
657	863
658	705
658	708
658	769
658	784
658	920
658	1031
659	722
659	840
660	735
660	753
660	810
660	918
660	1012
661	735
661	769
661	877
662	671
662	809
662	883
662	886
663	886
664	790
664	812
664	932
664	960
665	691
665	703
665	759
665	770
665	878
665	923
665	928
665	972
666	714
666	762
666	785
666	951
667	698
667	715
668	755
668	776
668	792
668	881
668	969
668	1029
669	732
669	786
669	932
670	777
670	822
670	839
670	1047
671	727
671	779
671	808
671	818
671	1042
672	680
672	703
672	942
673	706
673	745
673	783
673	970
673	976
674	681
674	687
674	793
674	808
674	875
674	889
674	906
674	941
675	774
675	777
675	782
675	820
675	917
675	937
675	945
676	686
676	719
676	809
677	731
677	759
677	875
677	925
677	929
678	704
678	802
678	819
678	823
678	840
678	870
678	921
678	923
678	931
679	734
679	752
679	768
679	817
679	820
679	833
679	838
679	900
679	940
680	712
680	777
680	809
680	825
680	928
681	723
681	729
681	809
681	885
681	898
681	899
681	902
681	935
682	750
682	1027
683	703
683	799
683	830
683	847
683	907
683	960
684	698
684	730
684	808
684	823
684	831
684	877
684	939
684	949
684	973
684	1016
685	909
685	955
685	970
685	1015
686	765
686	929
686	933
686	981
687	689
687	708
687	767
687	784
687	802
687	808
687	839
687	886
687	911
687	1047
688	709
688	802
688	820
690	813
690	929
691	726
691	761
691	959
692	752
692	839
692	863
693	840
693	922
693	933
693	957
693	959
693	1032
694	706
694	724
694	869
694	904
694	958
694	967
694	1015
694	1017
695	706
695	707
695	817
696	733
696	819
696	931
696	990
697	718
697	932
697	970
698	725
698	816
699	815
700	922
700	1048
701	905
702	811
702	813
702	840
702	929
703	715
703	796
703	800
703	813
703	815
703	816
703	908
703	1020
704	730
704	838
704	840
704	877
704	898
704	917
704	925
704	1039
705	722
705	754
705	765
705	778
705	831
705	933
705	935
706	716
706	920
706	999
706	1036
707	762
707	767
707	889
707	910
708	717
708	731
708	756
708	816
708	838
708	875
708	1014
709	797
709	921
709	927
709	935
709	936
710	813
710	821
710	878
710	923
710	924
710	965
711	810
711	816
711	839
711	844
711	845
712	762
712	788
712	814
712	871
713	741
714	748
714	752
714	803
714	926
714	933
715	736
715	760
715	803
715	979
715	1002
716	736
716	831
716	840
716	953
716	961
716	1004
717	808
717	814
717	869
717	962
718	807
718	809
719	721
720	744
720	783
721	788
721	821
721	868
721	897
721	920
721	925
721	933
722	755
722	782
722	784
722	843
722	897
722	949
722	997
722	1044
722	1049
723	802
723	911
723	953
724	742
724	798
724	808
725	730
725	813
725	826
725	839
726	742
726	799
726	877
726	954
726	978
727	763
727	786
727	875
727	931
728	765
728	781
728	800
729	797
729	893
730	760
730	786
730	1008
731	783
731	809
731	832
731	921
731	939
731	993
733	933
735	803
735	936
736	773
736	839
736	840
736	851
736	852
736	992
737	780
737	922
738	801
738	829
738	895
739	763
739	809
739	822
739	872
739	878
739	896
740	768
740	804
740	821
740	838
740	922
741	791
742	933
742	934
742	1046
743	775
743	1047
744	857
745	803
745	827
745	925
745	966
746	904
746	973
746	1023
747	863
747	911
748	830
748	838
749	776
749	810
749	826
749	864
750	809
750	985
751	819
751	838
754	801
755	787
755	812
755	918
756	977
756	1016
757	809
757	814
757	969
757	1047
758	777
758	782
758	783
758	792
758	899
758	971
759	838
759	931
759	1019
759	1037
761	822
761	823
761	887
761	901
761	931
762	783
762	991
763	807
763	914
763	929
763	957
764	777
764	783
764	862
764	910
764	938
765	947
766	786
766	819
766	820
766	934
767	1046
768	808
768	981
768	990
769	871
770	778
770	816
770	930
771	794
772	812
772	821
772	908
772	933
772	976
772	988
773	783
773	819
773	1024
773	1032
774	870
774	927
774	954
774	1025
775	794
775	809
775	816
775	878
775	912
775	942
776	824
777	789
777	815
777	969
778	812
778	816
778	840
778	923
779	821
779	1012
780	785
780	794
780	802
780	870
780	984
781	793
781	807
781	823
781	838
781	875
781	902
781	937
782	787
782	807
782	903
782	906
782	1028
782	1043
783	821
783	838
783	876
783	880
783	908
783	929
783	1017
784	815
784	837
784	849
784	912
784	941
784	1004
785	790
785	791
785	802
785	808
785	825
785	880
785	954
785	977
785	1037
786	922
786	928
786	995
786	1021
787	872
787	903
787	906
787	928
787	932
787	939
788	927
788	937
788	972
789	853
790	891
790	894
790	958
791	801
791	804
791	868
792	867
792	901
793	920
793	1038
793	1046
794	818
794	895
794	896
794	925
795	809
795	886
795	941
796	948
796	1008
797	871
798	809
798	901
798	906
799	832
799	839
799	990
800	866
800	917
800	978
801	809
801	839
801	937
802	838
802	844
802	868
802	909
802	1036
803	951
803	996
805	826
805	922
805	1017
806	1021
807	813
807	816
807	899
808	838
808	840
808	848
808	862
808	866
808	914
808	920
808	930
808	970
808	1000
808	1033
808	1043
809	840
809	912
809	938
809	959
809	1004
810	841
810	1046
811	924
811	930
811	999
811	1008
812	920
812	975
813	869
813	956
814	865
814	879
814	889
814	974
814	1007
814	1023
815	838
815	844
815	860
815	924
815	1005
816	928
817	876
817	899
817	1012
817	1017
818	884
818	943
819	877
819	1016
820	838
820	840
820	906
820	936
821	840
821	878
821	907
821	933
821	945
821	1040
823	928
824	868
826	909
827	949
828	840
828	1027
829	902
830	839
830	1016
831	840
832	920
833	904
834	1002
835	934
836	839
836	869
837	1048
838	870
838	931
838	940
838	944
838	1047
839	849
839	910
839	912
839	933
839	941
839	942
839	990
839	1036
840	908
840	950
840	954
840	955
840	1014
840	1030
840	1036
841	933
841	1036
842	922
842	1012
845	938
846	878
846	1027
848	929
849	930
851	938
853	920
854	978
854	1045
855	878
857	892
859	977
860	950
860	1030
865	902
866	876
868	1014
869	1021
870	914
870	930
873	919
873	928
873	965
876	889
876	1029
879	944
880	968
880	991
884	929
887	964
889	959
890	925
895	936
895	987
896	953
896	979
898	913
898	1042
900	946
901	999
903	968
903	1012
904	951
905	920
905	1003
905	1022
906	913
906	920
906	1049
910	961
911	938
911	1012
911	1017
912	965
914	934
915	995
915	1044
916	945
917	1022
921	958
927	1046
928	992
929	967
929	998
929	1023
930	963
930	1005
930	1017
931	934
934	944
935	1025
935	1049
937	956
939	1022
944	962
944	966
944	1037
944	1044
946	961
947	993
948	1002
952	964
952	965
952	973
952	1044
953	996
969	1023
970	1034
972	1043
974	996
986	1013
987	1022
1001	1038
1007	1024
1014	1039
1016	1033
1017	1033
1025	1032
