1	2
1	3
1	4
1	5
1	6
1	17
1	18
1	20
1	24
1	25
1	27
1	43
1	44
1	62
1	69
1	71
1	79
1	84
1	93
1	99
1	115
1	117
1	118
1	125
1	133
1	151
1	166
1	176
1	190
1	196
1	202
1	207
1	238
1	246
1	275
1	282
1	283
1	292
1	299
1	304
1	310
1	312
1	343
1	361
1	366
1	373
1	375
1	380
1	381
1	387
2	3
2	4
2	5
2	6
2	8
2	12
2	15
2	17
2	25
2	26
2	30
2	32
2	50
2	54
2	68
2	71
2	75
2	78
2	120
2	123
2	130
2	170
2	180
2	199
2	201
2	207
2	222
2	228
2	233
2	246
2	256
2	262
2	269
2	278
2	281
2	287
2	289
2	315
2	338
2	339
2	347
2	360
2	372
2	375
2	377
2	385
2	388
2	392
3	4
3	5
3	6
3	7
3	8
3	9
3	10
3	11
3	12
3	13
3	14
3	19
3	31
3	40
3	43
3	44
3	49
3	50
3	80
3	86
3	93
3	96
3	105
3	111
3	117
3	121
3	131
3	134
3	136
3	139
3	142
3	159
3	168
3	172
3	179
3	192
3	193
3	200
3	213
3	216
3	220
3	221
3	236
3	268
3	274
3	280
3	286
3	296
3	315
3	326
3	330
3	342
3	368
3	369
3	381
3	396
3	401
4	5
4	6
4	15
4	16
4	17
4	18
4	20
4	22
4	32
4	55
4	75
4	77
4	105
4	122
4	133
4	140
4	144
4	151
4	152
4	160
4	169
4	173
4	181
4	182
4	189
4	192
4	193
4	201
4	202
4	233
4	235
4	238
4	240
4	260
4	262
4	266
4	291
4	299
4	332
4	346
4	351
4	366
4	374
4	399
4	406
5	6
5	7
5	13
5	19
5	20
5	21
5	22
5	23
5	24
5	73
5	79
5	86
5	93
5	97
5	108
5	113
5	139
5	157
5	162
5	167
5	169
5	172
5	175
5	184
5	185
5	186
5	187
5	196
5	206
5	212
5	226
5	228
5	258
5	265
5	268
5	269
5	272
5	276
5	280
5	282
5	287
5	299
5	312
5	328
5	329
5	339
5	361
5	362
5	379
5	381
5	386
5	401
6	9
6	22
6	25
6	26
6	27
6	28
6	29
6	30
6	34
6	57
6	62
6	64
6	70
6	80
6	81
6	88
6	94
6	100
6	102
6	109
6	121
6	127
6	142
6	167
6	168
6	169
6	170
6	171
6	174
6	182
6	183
6	187
6	191
6	198
6	203
6	205
6	219
6	220
6	227
6	228
6	237
6	242
6	245
6	252
6	255
6	260
6	265
6	267
6	276
6	283
6	286
6	290
6	302
6	315
6	325
6	339
6	340
6	346
6	376
6	390
7	8
7	9
7	10
7	11
7	12
7	13
7	14
7	17
7	31
7	32
7	33
7	34
7	35
7	36
7	37
7	38
7	39
7	40
7	41
7	42
7	43
7	44
7	45
7	46
7	47
7	48
8	9
8	10
8	11
8	12
8	13
8	14
8	19
8	49
8	50
8	51
8	52
8	53
8	54
8	55
8	56
8	57
8	58
8	59
8	60
8	61
8	62
8	63
8	64
8	65
8	66
8	67
8	68
9	10
9	11
9	12
9	13
9	14
9	69
9	70
9	71
9	72
9	73
9	74
9	75
9	76
9	77
9	78
9	79
9	80
9	81
9	82
9	83
9	84
10	11
10	12
10	13
10	14
10	18
10	85
10	86
10	87
10	88
10	89
10	90
10	91
10	92
10	93
10	94
10	95
10	96
10	97
10	98
10	99
10	100
10	101
10	102
11	12
11	13
11	14
11	103
11	104
11	105
11	106
11	107
11	108
11	109
11	110
11	111
11	112
11	113
11	114
11	115
11	116
11	117
11	118
12	13
12	14
12	119
12	120
12	121
12	122
12	123
12	124
12	125
12	126
12	127
12	128
12	129
12	130
12	131
12	132
12	133
12	134
12	135
12	136
13	14
13	137
13	138
13	139
13	140
13	141
13	142
13	143
13	144
13	145
13	146
13	147
13	148
13	149
13	150
13	151
13	152
14	30
14	153
14	154
14	155
14	156
14	157
14	158
14	159
14	160
14	161
14	162
14	163
14	164
14	165
14	166
14	167
14	168
14	169
14	170
15	16
15	17
15	18
15	21
15	171
15	172
15	173
15	174
15	175
15	176
15	177
15	178
15	179
15	180
15	181
15	182
16	17
16	18
16	24
16	183
16	184
16	185
16	186
16	187
16	188
16	189
16	190
16	191
16	192
17	18
17	193
17	194
17	195
17	196
17	197
17	198
17	199
17	200
17	201
17	202
17	203
17	204
17	205
17	206
18	26
18	28
18	207
18	208
18	209
18	210
18	211
18	212
18	213
18	214
18	215
18	216
18	217
18	218
18	219
18	220
18	221
18	222
18	223
18	224
19	20
19	21
19	22
19	23
19	24
19	225
19	226
19	227
19	228
19	229
19	230
19	231
19	232
19	233
19	234
19	235
19	236
19	237
19	238
20	21
20	22
20	23
20	24
20	239
20	240
20	241
20	242
20	243
20	244
20	245
20	246
20	247
20	248
20	249
20	250
20	251
20	252
21	22
21	23
21	24
21	253
21	254
21	255
21	256
21	257
21	258
21	259
21	260
21	261
21	262
21	263
21	264
21	265
21	266
22	23
22	24
22	27
22	267
22	268
22	269
22	270
22	271
22	272
22	273
22	274
22	275
22	276
22	277
22	278
22	279
22	280
23	24
23	281
23	282
23	283
23	284
23	285
23	286
23	287
23	288
23	289
23	290
23	291
23	292
24	26
24	28
24	30
24	293
24	294
24	295
24	296
24	297
24	298
24	299
24	300
24	301
24	302
24	303
24	304
24	305
24	306
24	307
24	308
24	309
24	310
24	311
24	312
24	313
24	314
25	26
25	27
25	28
25	29
25	30
25	315
25	316
25	317
25	318
25	319
25	320
25	321
25	322
25	323
25	324
25	325
25	326
25	327
25	328
26	27
26	28
26	29
26	30
26	329
26	330
26	331
26	332
26	333
26	334
26	335
26	336
26	337
26	338
26	339
26	340
26	341
26	342
26	343
26	344
26	345
26	346
27	28
27	29
27	30
27	347
27	348
27	349
27	350
27	351
27	352
27	353
27	354
27	355
27	356
27	357
27	358
27	359
27	360
27	361
27	362
28	29
28	30
28	363
28	364
28	365
28	366
28	367
28	368
28	369
28	370
28	371
28	372
28	373
28	374
28	375
28	376
28	377
28	378
29	30
29	379
29	380
29	381
29	382
29	383
29	384
29	385
29	386
29	387
29	388
29	389
29	390
30	391
30	392
30	393
30	394
30	395
30	396
30	397
30	398
30	399
30	400
30	401
30	402
30	403
30	404
30	405
30	406
31	32
31	33
31	34
31	35
31	36
31	37
31	38
31	39
31	40
31	41
31	42
31	43
31	44
31	45
31	46
31	47
31	48
31	67
31	103
31	151
31	226
32	33
32	34
32	35
32	36
32	37
32	38
32	39
32	40
32	41
32	42
32	43
32	44
32	45
32	46
32	47
32	48
32	207
32	236
32	240
33	34
33	35
33	36
33	37
33	38
33	39
33	40
33	41
33	42
33	43
33	44
33	45
33	46
33	47
33	48
33	119
33	213
33	270
33	347
34	35
34	36
34	37
34	38
34	39
34	40
34	41
34	42
34	43
34	44
34	45
34	46
34	47
34	48
34	199
34	289
34	386
35	36
35	37
35	38
35	39
35	40
35	41
35	42
35	43
35	44
35	45
35	46
35	47
35	48
35	52
35	61
35	143
36	37
36	38
36	39
36	40
36	41
36	42
36	43
36	44
36	45
36	46
36	47
36	48
36	105
36	229
36	396
37	38
37	39
37	40
37	41
37	42
37	43
37	44
37	45
37	46
37	47
37	48
37	200
37	357
38	39
38	40
38	41
38	42
38	43
38	44
38	45
38	46
38	47
38	48
38	299
39	40
39	41
39	42
39	43
39	44
39	45
39	46
39	47
39	48
39	100
39	176
40	41
40	42
40	43
40	44
40	45
40	46
40	47
40	48
40	210
40	385
41	42
41	43
41	44
41	45
41	46
41	47
41	48
41	59
41	183
41	380
42	43
42	44
42	45
42	46
42	47
42	48
42	178
42	295
43	44
43	45
43	46
43	47
43	48
44	45
44	46
44	47
44	48
44	177
44	310
45	46
45	47
45	48
45	54
45	159
45	191
45	218
45	361
45	364
46	47
46	48
46	114
46	354
46	360
47	48
47	94
47	258
47	311
47	353
48	74
48	84
48	98
48	103
48	382
48	386
49	50
49	51
49	52
49	53
49	54
49	55
49	56
49	57
49	58
49	59
49	60
49	61
49	62
49	63
49	64
49	65
49	66
49	67
49	68
49	241
50	51
50	52
50	53
50	54
50	55
50	56
50	57
50	58
50	59
50	60
50	61
50	62
50	63
50	64
50	65
50	66
50	67
50	68
50	132
50	216
50	233
50	294
50	310
51	52
51	53
51	54
51	55
51	56
51	57
51	58
51	59
51	60
51	61
51	62
51	63
51	64
51	65
51	66
51	67
51	68
52	53
52	54
52	55
52	56
52	57
52	58
52	59
52	60
52	61
52	62
52	63
52	64
52	65
52	66
52	67
52	68
52	164
53	54
53	55
53	56
53	57
53	58
53	59
53	60
53	61
53	62
53	63
53	64
53	65
53	66
53	67
53	68
53	76
53	89
53	322
54	55
54	56
54	57
54	58
54	59
54	60
54	61
54	62
54	63
54	64
54	65
54	66
54	67
54	68
54	318
54	392
55	56
55	57
55	58
55	59
55	60
55	61
55	62
55	63
55	64
55	65
55	66
55	67
55	68
55	403
56	57
56	58
56	59
56	60
56	61
56	62
56	63
56	64
56	65
56	66
56	67
56	68
56	183
56	320
57	58
57	59
57	60
57	61
57	62
57	63
57	64
57	65
57	66
57	67
57	68
57	76
57	140
58	59
58	60
58	61
58	62
58	63
58	64
58	65
58	66
58	67
58	68
58	374
59	60
59	61
59	62
59	63
59	64
59	65
59	66
59	67
59	68
59	320
59	356
60	61
60	62
60	63
60	64
60	65
60	66
60	67
60	68
60	266
61	62
61	63
61	64
61	65
61	66
61	67
61	68
61	80
61	258
61	373
62	63
62	64
62	65
62	66
62	67
62	68
62	383
63	64
63	65
63	66
63	67
63	68
63	351
63	406
64	65
64	66
64	67
64	68
64	105
64	173
64	188
64	205
64	345
64	384
65	66
65	67
65	68
65	133
65	160
65	218
66	67
66	68
66	178
66	283
67	68
67	89
68	95
68	201
69	70
69	71
69	72
69	73
69	74
69	75
69	76
69	77
69	78
69	79
69	80
69	81
69	82
69	83
69	84
69	121
69	399
70	71
70	72
70	73
70	74
70	75
70	76
70	77
70	78
70	79
70	80
70	81
70	82
70	83
70	84
70	175
70	201
70	221
70	254
70	271
71	72
71	73
71	74
71	75
71	76
71	77
71	78
71	79
71	80
71	81
71	82
71	83
71	84
72	73
72	74
72	75
72	76
72	77
72	78
72	79
72	80
72	81
72	82
72	83
72	84
72	138
72	293
72	382
73	74
73	75
73	76
73	77
73	78
73	79
73	80
73	81
73	82
73	83
73	84
73	248
73	261
73	286
73	375
74	75
74	76
74	77
74	78
74	79
74	80
74	81
74	82
74	83
74	84
74	86
74	115
75	76
75	77
75	78
75	79
75	80
75	81
75	82
75	83
75	84
75	276
76	77
76	78
76	79
76	80
76	81
76	82
76	83
76	84
76	111
76	317
76	352
77	78
77	79
77	80
77	81
77	82
77	83
77	84
77	255
77	336
78	79
78	80
78	81
78	82
78	83
78	84
78	99
79	80
79	81
79	82
79	83
79	84
79	88
79	108
79	346
80	81
80	82
80	83
80	84
80	274
81	82
81	83
81	84
81	112
81	171
82	83
82	84
82	245
82	405
83	84
83	292
83	337
84	102
84	111
84	132
84	177
84	183
84	343
85	86
85	87
85	88
85	89
85	90
85	91
85	92
85	93
85	94
85	95
85	96
85	97
85	98
85	99
85	100
85	101
85	102
85	173
86	87
86	88
86	89
86	90
86	91
86	92
86	93
86	94
86	95
86	96
86	97
86	98
86	99
86	100
86	101
86	102
86	197
86	236
87	88
87	89
87	90
87	91
87	92
87	93
87	94
87	95
87	96
87	97
87	98
87	99
87	100
87	101
87	102
88	89
88	90
88	91
88	92
88	93
88	94
88	95
88	96
88	97
88	98
88	99
88	100
88	101
88	102
88	225
88	284
88	398
89	90
89	91
89	92
89	93
89	94
89	95
89	96
89	97
89	98
89	99
89	100
89	101
89	102
89	108
89	123
89	321
89	348
90	91
90	92
90	93
90	94
90	95
90	96
90	97
90	98
90	99
90	100
90	101
90	102
90	107
90	270
90	297
91	92
91	93
91	94
91	95
91	96
91	97
91	98
91	99
91	100
91	101
91	102
92	93
92	94
92	95
92	96
92	97
92	98
92	99
92	100
92	101
92	102
92	151
92	248
93	94
93	95
93	96
93	97
93	98
93	99
93	100
93	101
93	102
93	199
93	281
94	95
94	96
94	97
94	98
94	99
94	100
94	101
94	102
94	116
94	280
94	346
95	96
95	97
95	98
95	99
95	100
95	101
95	102
95	402
96	97
96	98
96	99
96	100
96	101
96	102
96	138
96	172
97	98
97	99
97	100
97	101
97	102
97	355
98	99
98	100
98	101
98	102
98	392
99	100
99	101
99	102
100	101
100	102
100	126
100	185
100	319
101	102
101	144
101	157
101	292
101	293
102	198
103	104
103	105
103	106
103	107
103	108
103	109
103	110
103	111
103	112
103	113
103	114
103	115
103	116
103	117
103	118
104	105
104	106
104	107
104	108
104	109
104	110
104	111
104	112
104	113
104	114
104	115
104	116
104	117
104	118
104	145
104	164
105	106
105	107
105	108
105	109
105	110
105	111
105	112
105	113
105	114
105	115
105	116
105	117
105	118
105	151
105	254
105	288
105	317
106	107
106	108
106	109
106	110
106	111
106	112
106	113
106	114
106	115
106	116
106	117
106	118
106	174
106	347
107	108
107	109
107	110
107	111
107	112
107	113
107	114
107	115
107	116
107	117
107	118
107	120
107	274
107	352
108	109
108	110
108	111
108	112
108	113
108	114
108	115
108	116
108	117
108	118
108	244
108	360
109	110
109	111
109	112
109	113
109	114
109	115
109	116
109	117
109	118
109	299
109	331
110	111
110	112
110	113
110	114
110	115
110	116
110	117
110	118
110	262
111	112
111	113
111	114
111	115
111	116
111	117
111	118
111	352
111	398
112	113
112	114
112	115
112	116
112	117
112	118
112	163
112	205
112	295
112	297
112	357
113	114
113	115
113	116
113	117
113	118
114	115
114	116
114	117
114	118
114	262
114	349
115	116
115	117
115	118
115	140
115	289
115	353
116	117
116	118
116	165
116	225
116	288
117	118
117	211
117	396
118	134
118	184
118	203
118	225
118	277
119	120
119	121
119	122
119	123
119	124
119	125
119	126
119	127
119	128
119	129
119	130
119	131
119	132
119	133
119	134
119	135
119	136
119	216
119	246
119	351
120	121
120	122
120	123
120	124
120	125
120	126
120	127
120	128
120	129
120	130
120	131
120	132
120	133
120	134
120	135
120	136
120	397
121	122
121	123
121	124
121	125
121	126
121	127
121	128
121	129
121	130
121	131
121	132
121	133
121	134
121	135
121	136
121	338
122	123
122	124
122	125
122	126
122	127
122	128
122	129
122	130
122	131
122	132
122	133
122	134
122	135
122	136
122	216
122	218
122	250
122	386
123	124
123	125
123	126
123	127
123	128
123	129
123	130
123	131
123	132
123	133
123	134
123	135
123	136
124	125
124	126
124	127
124	128
124	129
124	130
124	131
124	132
124	133
124	134
124	135
124	136
124	313
124	372
125	126
125	127
125	128
125	129
125	130
125	131
125	132
125	133
125	134
125	135
125	136
125	180
126	127
126	128
126	129
126	130
126	131
126	132
126	133
126	134
126	135
126	136
126	227
126	247
126	298
127	128
127	129
127	130
127	131
127	132
127	133
127	134
127	135
127	136
127	367
128	129
128	130
128	131
128	132
128	133
128	134
128	135
128	136
128	296
128	369
129	130
129	131
129	132
129	133
129	134
129	135
129	136
129	361
130	131
130	132
130	133
130	134
130	135
130	136
130	236
130	268
131	132
131	133
131	134
131	135
131	136
131	342
131	380
132	133
132	134
132	135
132	136
132	168
132	335
132	368
133	134
133	135
133	136
133	170
134	135
134	136
135	136
135	232
135	254
135	270
135	392
136	194
136	378
137	138
137	139
137	140
137	141
137	142
137	143
137	144
137	145
137	146
137	147
137	148
137	149
137	150
137	151
137	152
138	139
138	140
138	141
138	142
138	143
138	144
138	145
138	146
138	147
138	148
138	149
138	150
138	151
138	152
138	177
138	191
138	196
138	358
139	140
139	141
139	142
139	143
139	144
139	145
139	146
139	147
139	148
139	149
139	150
139	151
139	152
139	197
139	212
139	251
139	403
140	141
140	142
140	143
140	144
140	145
140	146
140	147
140	148
140	149
140	150
140	151
140	152
140	173
140	236
140	275
140	310
140	402
141	142
141	143
141	144
141	145
141	146
141	147
141	148
141	149
141	150
141	151
141	152
141	238
141	352
141	380
141	389
142	143
142	144
142	145
142	146
142	147
142	148
142	149
142	150
142	151
142	152
142	197
142	255
142	268
142	291
142	292
143	144
143	145
143	146
143	147
143	148
143	149
143	150
143	151
143	152
143	288
143	347
143	386
144	145
144	146
144	147
144	148
144	149
144	150
144	151
144	152
144	172
144	213
145	146
145	147
145	148
145	149
145	150
145	151
145	152
145	166
145	253
145	392
146	147
146	148
146	149
146	150
146	151
146	152
146	158
146	206
147	148
147	149
147	150
147	151
147	152
148	149
148	150
148	151
148	152
148	249
148	323
148	377
148	397
149	150
149	151
149	152
150	151
150	152
150	184
150	359
151	152
152	364
153	154
153	155
153	156
153	157
153	158
153	159
153	160
153	161
153	162
153	163
153	164
153	165
153	166
153	167
153	168
153	169
153	170
153	197
153	202
153	361
154	155
154	156
154	157
154	158
154	159
154	160
154	161
154	162
154	163
154	164
154	165
154	166
154	167
154	168
154	169
154	170
154	193
154	318
154	332
155	156
155	157
155	158
155	159
155	160
155	161
155	162
155	163
155	164
155	165
155	166
155	167
155	168
155	169
155	170
155	370
156	157
156	158
156	159
156	160
156	161
156	162
156	163
156	164
156	165
156	166
156	167
156	168
156	169
156	170
156	275
156	303
157	158
157	159
157	160
157	161
157	162
157	163
157	164
157	165
157	166
157	167
157	168
157	169
157	170
158	159
158	160
158	161
158	162
158	163
158	164
158	165
158	166
158	167
158	168
158	169
158	170
158	325
158	358
158	387
159	160
159	161
159	162
159	163
159	164
159	165
159	166
159	167
159	168
159	169
159	170
159	227
160	161
160	162
160	163
160	164
160	165
160	166
160	167
160	168
160	169
160	170
161	162
161	163
161	164
161	165
161	166
161	167
161	168
161	169
161	170
162	163
162	164
162	165
162	166
162	167
162	168
162	169
162	170
162	291
162	324
163	164
163	165
163	166
163	167
163	168
163	169
163	170
163	205
164	165
164	166
164	167
164	168
164	169
164	170
165	166
165	167
165	168
165	169
165	170
165	184
166	167
166	168
166	169
166	170
166	193
167	168
167	169
167	170
167	200
167	390
168	169
168	170
168	196
168	231
169	170
169	223
169	283
169	311
169	399
170	184
170	220
170	249
170	308
170	389
171	172
171	173
171	174
171	175
171	176
171	177
171	178
171	179
171	180
171	181
171	182
171	184
171	198
171	202
171	206
171	229
171	247
171	305
171	371
171	389
172	173
172	174
172	175
172	176
172	177
172	178
172	179
172	180
172	181
172	182
172	184
172	263
173	174
173	175
173	176
173	177
173	178
173	179
173	180
173	181
173	182
173	213
173	255
173	279
173	328
173	374
173	379
174	175
174	176
174	177
174	178
174	179
174	180
174	181
174	182
175	176
175	177
175	178
175	179
175	180
175	181
175	182
175	192
175	255
175	270
176	177
176	178
176	179
176	180
176	181
176	182
176	255
177	178
177	179
177	180
177	181
177	182
177	367
178	179
178	180
178	181
178	182
178	346
179	180
179	181
179	182
179	294
179	329
180	181
180	182
181	182
181	183
181	213
181	274
181	391
182	345
182	381
183	184
183	185
183	186
183	187
183	188
183	189
183	190
183	191
183	192
183	267
184	185
184	186
184	187
184	188
184	189
184	190
184	191
184	192
184	195
184	205
184	249
184	374
185	186
185	187
185	188
185	189
185	190
185	191
185	192
185	260
185	277
185	335
185	352
185	361
186	187
186	188
186	189
186	190
186	191
186	192
186	211
186	287
187	188
187	189
187	190
187	191
187	192
187	277
187	289
187	311
187	365
188	189
188	190
188	191
188	192
189	190
189	191
189	192
190	191
190	192
190	221
190	275
190	319
191	192
192	315
192	317
192	346
193	194
193	195
193	196
193	197
193	198
193	199
193	200
193	201
193	202
193	203
193	204
193	205
193	206
193	353
193	359
193	397
194	195
194	196
194	197
194	198
194	199
194	200
194	201
194	202
194	203
194	204
194	205
194	206
194	315
194	330
195	196
195	197
195	198
195	199
195	200
195	201
195	202
195	203
195	204
195	205
195	206
195	235
196	197
196	198
196	199
196	200
196	201
196	202
196	203
196	204
196	205
196	206
196	269
196	376
197	198
197	199
197	200
197	201
197	202
197	203
197	204
197	205
197	206
197	362
198	199
198	200
198	201
198	202
198	203
198	204
198	205
198	206
199	200
199	201
199	202
199	203
199	204
199	205
199	206
199	291
199	328
199	359
200	201
200	202
200	203
200	204
200	205
200	206
200	214
200	300
200	357
201	202
201	203
201	204
201	205
201	206
201	287
201	324
202	203
202	204
202	205
202	206
202	271
203	204
203	205
203	206
203	290
204	205
204	206
204	380
205	206
206	290
206	335
206	358
206	383
206	387
207	208
207	209
207	210
207	211
207	212
207	213
207	214
207	215
207	216
207	217
207	218
207	219
207	220
207	221
207	222
207	223
207	224
207	319
207	352
208	209
208	210
208	211
208	212
208	213
208	214
208	215
208	216
208	217
208	218
208	219
208	220
208	221
208	222
208	223
208	224
209	210
209	211
209	212
209	213
209	214
209	215
209	216
209	217
209	218
209	219
209	220
209	221
209	222
209	223
209	224
209	342
210	211
210	212
210	213
210	214
210	215
210	216
210	217
210	218
210	219
210	220
210	221
210	222
210	223
210	224
210	283
210	338
210	366
211	212
211	213
211	214
211	215
211	216
211	217
211	218
211	219
211	220
211	221
211	222
211	223
211	224
211	245
212	213
212	214
212	215
212	216
212	217
212	218
212	219
212	220
212	221
212	222
212	223
212	224
212	227
212	284
213	214
213	215
213	216
213	217
213	218
213	219
213	220
213	221
213	222
213	223
213	224
214	215
214	216
214	217
214	218
214	219
214	220
214	221
214	222
214	223
214	224
214	247
214	270
215	216
215	217
215	218
215	219
215	220
215	221
215	222
215	223
215	224
216	217
216	218
216	219
216	220
216	221
216	222
216	223
216	224
216	329
217	218
217	219
217	220
217	221
217	222
217	223
217	224
217	355
218	219
218	220
218	221
218	222
218	223
218	224
218	327
218	374
219	220
219	221
219	222
219	223
219	224
219	291
220	221
220	222
220	223
220	224
220	284
220	315
220	316
220	349
220	396
221	222
221	223
221	224
221	283
222	223
222	224
223	224
224	274
224	328
225	226
225	227
225	228
225	229
225	230
225	231
225	232
225	233
225	234
225	235
225	236
225	237
225	238
225	241
225	252
225	369
226	227
226	228
226	229
226	230
226	231
226	232
226	233
226	234
226	235
226	236
226	237
226	238
226	245
227	228
227	229
227	230
227	231
227	232
227	233
227	234
227	235
227	236
227	237
227	238
227	337
227	343
228	229
228	230
228	231
228	232
228	233
228	234
228	235
228	236
228	237
228	238
228	260
228	317
228	328
228	352
228	394
228	395
229	230
229	231
229	232
229	233
229	234
229	235
229	236
229	237
229	238
230	231
230	232
230	233
230	234
230	235
230	236
230	237
230	238
230	267
230	338
230	404
231	232
231	233
231	234
231	235
231	236
231	237
231	238
231	288
231	385
232	233
232	234
232	235
232	236
232	237
232	238
232	318
232	342
232	394
233	234
233	235
233	236
233	237
233	238
234	235
234	236
234	237
234	238
234	371
235	236
235	237
235	238
236	237
236	238
236	344
237	238
238	241
238	393
239	240
239	241
239	242
239	243
239	244
239	245
239	246
239	247
239	248
239	249
239	250
239	251
239	252
239	309
239	383
240	241
240	242
240	243
240	244
240	245
240	246
240	247
240	248
240	249
240	250
240	251
240	252
240	271
240	277
240	285
241	242
241	243
241	244
241	245
241	246
241	247
241	248
241	249
241	250
241	251
241	252
241	380
241	384
242	243
242	244
242	245
242	246
242	247
242	248
242	249
242	250
242	251
242	252
243	244
243	245
243	246
243	247
243	248
243	249
243	250
243	251
243	252
243	263
243	403
244	245
244	246
244	247
244	248
244	249
244	250
244	251
244	252
244	286
245	246
245	247
245	248
245	249
245	250
245	251
245	252
245	284
245	311
245	349
245	375
245	395
246	247
246	248
246	249
246	250
246	251
246	252
246	281
246	353
246	381
247	248
247	249
247	250
247	251
247	252
247	273
248	249
248	250
248	251
248	252
248	282
248	372
249	250
249	251
249	252
249	377
250	251
250	252
251	252
251	311
252	264
253	254
253	255
253	256
253	257
253	258
253	259
253	260
253	261
253	262
253	263
253	264
253	265
253	266
254	255
254	256
254	257
254	258
254	259
254	260
254	261
254	262
254	263
254	264
254	265
254	266
255	256
255	257
255	258
255	259
255	260
255	261
255	262
255	263
255	264
255	265
255	266
255	273
255	404
256	257
256	258
256	259
256	260
256	261
256	262
256	263
256	264
256	265
256	266
256	278
257	258
257	259
257	260
257	261
257	262
257	263
257	264
257	265
257	266
258	259
258	260
258	261
258	262
258	263
258	264
258	265
258	266
258	354
258	388
259	260
259	261
259	262
259	263
259	264
259	265
259	266
260	261
260	262
260	263
260	264
260	265
260	266
260	287
260	289
260	313
260	405
261	262
261	263
261	264
261	265
261	266
262	263
262	264
262	265
262	266
262	313
263	264
263	265
263	266
263	312
263	334
263	399
264	265
264	266
264	274
265	266
265	372
267	268
267	269
267	270
267	271
267	272
267	273
267	274
267	275
267	276
267	277
267	278
267	279
267	280
267	310
268	269
268	270
268	271
268	272
268	273
268	274
268	275
268	276
268	277
268	278
268	279
268	280
268	341
268	397
268	399
269	270
269	271
269	272
269	273
269	274
269	275
269	276
269	277
269	278
269	279
269	280
269	392
270	271
270	272
270	273
270	274
270	275
270	276
270	277
270	278
270	279
270	280
270	369
270	390
271	272
271	273
271	274
271	275
271	276
271	277
271	278
271	279
271	280
271	317
271	383
272	273
272	274
272	275
272	276
272	277
272	278
272	279
272	280
272	383
272	384
272	389
273	274
273	275
273	276
273	277
273	278
273	279
273	280
273	331
274	275
274	276
274	277
274	278
274	279
274	280
274	324
274	373
275	276
275	277
275	278
275	279
275	280
275	358
275	381
276	277
276	278
276	279
276	280
276	281
276	328
276	402
277	278
277	279
277	280
278	279
278	280
278	309
278	329
278	352
278	383
278	395
279	280
279	315
280	339
281	282
281	283
281	284
281	285
281	286
281	287
281	288
281	289
281	290
281	291
281	292
281	310
281	380
282	283
282	284
282	285
282	286
282	287
282	288
282	289
282	290
282	291
282	292
283	284
283	285
283	286
283	287
283	288
283	289
283	290
283	291
283	292
283	388
283	402
284	285
284	286
284	287
284	288
284	289
284	290
284	291
284	292
285	286
285	287
285	288
285	289
285	290
285	291
285	292
285	308
285	353
286	287
286	288
286	289
286	290
286	291
286	292
286	337
287	288
287	289
287	290
287	291
287	292
287	386
288	289
288	290
288	291
288	292
288	354
288	383
289	290
289	291
289	292
289	376
289	401
290	291
290	292
291	292
292	331
293	294
293	295
293	296
293	297
293	298
293	299
293	300
293	301
293	302
293	303
293	304
293	305
293	306
293	307
293	308
293	309
293	310
293	311
293	312
293	313
293	314
293	320
293	403
294	295
294	296
294	297
294	298
294	299
294	300
294	301
294	302
294	303
294	304
294	305
294	306
294	307
294	308
294	309
294	310
294	311
294	312
294	313
294	314
294	365
295	296
295	297
295	298
295	299
295	300
295	301
295	302
295	303
295	304
295	305
295	306
295	307
295	308
295	309
295	310
295	311
295	312
295	313
295	314
295	338
296	297
296	298
296	299
296	300
296	301
296	302
296	303
296	304
296	305
296	306
296	307
296	308
296	309
296	310
296	311
296	312
296	313
296	314
297	298
297	299
297	300
297	301
297	302
297	303
297	304
297	305
297	306
297	307
297	308
297	309
297	310
297	311
297	312
297	313
297	314
297	342
298	299
298	300
298	301
298	302
298	303
298	304
298	305
298	306
298	307
298	308
298	309
298	310
298	311
298	312
298	313
298	314
299	300
299	301
299	302
299	303
299	304
299	305
299	306
299	307
299	308
299	309
299	310
299	311
299	312
299	313
299	314
300	301
300	302
300	303
300	304
300	305
300	306
300	307
300	308
300	309
300	310
300	311
300	312
300	313
300	314
301	302
301	303
301	304
301	305
301	306
301	307
301	308
301	309
301	310
301	311
301	312
301	313
301	314
301	323
302	303
302	304
302	305
302	306
302	307
302	308
302	309
302	310
302	311
302	312
302	313
302	314
303	304
303	305
303	306
303	307
303	308
303	309
303	310
303	311
303	312
303	313
303	314
303	320
303	358
304	305
304	306
304	307
304	308
304	309
304	310
304	311
304	312
304	313
304	314
304	380
305	306
305	307
305	308
305	309
305	310
305	311
305	312
305	313
305	314
306	307
306	308
306	309
306	310
306	311
306	312
306	313
306	314
307	308
307	309
307	310
307	311
307	312
307	313
307	314
308	309
308	310
308	311
308	312
308	313
308	314
309	310
309	311
309	312
309	313
309	314
309	401
310	311
310	312
310	313
310	314
310	378
311	312
311	313
311	314
312	313
312	314
313	314
314	364
315	316
315	317
315	318
315	319
315	320
315	321
315	322
315	323
315	324
315	325
315	326
315	327
315	328
316	317
316	318
316	319
316	320
316	321
316	322
316	323
316	324
316	325
316	326
316	327
316	328
316	387
317	318
317	319
317	320
317	321
317	322
317	323
317	324
317	325
317	326
317	327
317	328
317	334
318	319
318	320
318	321
318	322
318	323
318	324
318	325
318	326
318	327
318	328
318	388
318	406
319	320
319	321
319	322
319	323
319	324
319	325
319	326
319	327
319	328
319	386
320	321
320	322
320	323
320	324
320	325
320	326
320	327
320	328
321	322
321	323
321	324
321	325
321	326
321	327
321	328
322	323
322	324
322	325
322	326
322	327
322	328
323	324
323	325
323	326
323	327
323	328
323	346
324	325
324	326
324	327
324	328
325	326
325	327
325	328
326	327
326	328
326	340
326	373
326	376
327	328
329	330
329	331
329	332
329	333
329	334
329	335
329	336
329	337
329	338
329	339
329	340
329	341
329	342
329	343
329	344
329	345
329	346
330	331
330	332
330	333
330	334
330	335
330	336
330	337
330	338
330	339
330	340
330	341
330	342
330	343
330	344
330	345
330	346
331	332
331	333
331	334
331	335
331	336
331	337
331	338
331	339
331	340
331	341
331	342
331	343
331	344
331	345
331	346
331	354
332	333
332	334
332	335
332	336
332	337
332	338
332	339
332	340
332	341
332	342
332	343
332	344
332	345
332	346
333	334
333	335
333	336
333	337
333	338
333	339
333	340
333	341
333	342
333	343
333	344
333	345
333	346
334	335
334	336
334	337
334	338
334	339
334	340
334	341
334	342
334	343
334	344
334	345
334	346
334	351
335	336
335	337
335	338
335	339
335	340
335	341
335	342
335	343
335	344
335	345
335	346
336	337
336	338
336	339
336	340
336	341
336	342
336	343
336	344
336	345
336	346
337	338
337	339
337	340
337	341
337	342
337	343
337	344
337	345
337	346
338	339
338	340
338	341
338	342
338	343
338	344
338	345
338	346
339	340
339	341
339	342
339	343
339	344
339	345
339	346
340	341
340	342
340	343
340	344
340	345
340	346
341	342
341	343
341	344
341	345
341	346
342	343
342	344
342	345
342	346
342	364
342	385
343	344
343	345
343	346
344	345
344	346
344	380
345	346
347	348
347	349
347	350
347	351
347	352
347	353
347	354
347	355
347	356
347	357
347	358
347	359
347	360
347	361
347	362
348	349
348	350
348	351
348	352
348	353
348	354
348	355
348	356
348	357
348	358
348	359
348	360
348	361
348	362
349	350
349	351
349	352
349	353
349	354
349	355
349	356
349	357
349	358
349	359
349	360
349	361
349	362
350	351
350	352
350	353
350	354
350	355
350	356
350	357
350	358
350	359
350	360
350	361
350	362
351	352
351	353
351	354
351	355
351	356
351	357
351	358
351	359
351	360
351	361
351	362
352	353
352	354
352	355
352	356
352	357
352	358
352	359
352	360
352	361
352	362
353	354
353	355
353	356
353	357
353	358
353	359
353	360
353	361
353	362
354	355
354	356
354	357
354	358
354	359
354	360
354	361
354	362
355	356
355	357
355	358
355	359
355	360
355	361
355	362
355	385
355	401
356	357
356	358
356	359
356	360
356	361
356	362
357	358
357	359
357	360
357	361
357	362
358	359
358	360
358	361
358	362
358	377
359	360
359	361
359	362
360	361
360	362
361	362
361	399
362	402
363	364
363	365
363	366
363	367
363	368
363	369
363	370
363	371
363	372
363	373
363	374
363	375
363	376
363	377
363	378
364	365
364	366
364	367
364	368
364	369
364	370
364	371
364	372
364	373
364	374
364	375
364	376
364	377
364	378
365	366
365	367
365	368
365	369
365	370
365	371
365	372
365	373
365	374
365	375
365	376
365	377
365	378
366	367
366	368
366	369
366	370
366	371
366	372
366	373
366	374
366	375
366	376
366	377
366	378
366	387
366	388
367	368
367	369
367	370
367	371
367	372
367	373
367	374
367	375
367	376
367	377
367	378
368	369
368	370
368	371
368	372
368	373
368	374
368	375
368	376
368	377
368	378
369	370
369	371
369	372
369	373
369	374
369	375
369	376
369	377
369	378
370	371
370	372
370	373
370	374
370	375
370	376
370	377
370	378
371	372
371	373
371	374
371	375
371	376
371	377
371	378
372	373
372	374
372	375
372	376
372	377
372	378
373	374
373	375
373	376
373	377
373	378
374	375
374	376
374	377
374	378
375	376
375	377
375	378
376	377
376	378
377	378
379	380
379	381
379	382
379	383
379	384
379	385
379	386
379	387
379	388
379	389
379	390
380	381
380	382
380	383
380	384
380	385
380	386
380	387
380	388
380	389
380	390
381	382
381	383
381	384
381	385
381	386
381	387
381	388
381	389
381	390
381	397
382	383
382	384
382	385
382	386
382	387
382	388
382	389
382	390
383	384
383	385
383	386
383	387
383	388
383	389
383	390
384	385
384	386
384	387
384	388
384	389
384	390
385	386
385	387
385	388
385	389
385	390
386	387
386	388
386	389
386	390
387	388
387	389
387	390
388	389
388	390
389	390
391	392
391	393
391	394
391	395
391	396
391	397
391	398
391	399
391	400
391	401
391	402
391	403
391	404
391	405
391	406
392	393
392	394
392	395
392	396
392	397
392	398
392	399
392	400
392	401
392	402
392	403
392	404
392	405
392	406
393	394
393	395
393	396
393	397
393	398
393	399
393	400
393	401
393	402
393	403
393	404
393	405
393	406
394	395
394	396
394	397
394	398
394	399
394	400
394	401
394	402
394	403
394	404
394	405
394	406
395	396
395	397
395	398
395	399
395	400
395	401
395	402
395	403
395	404
395	405
395	406
396	397
396	398
396	399
396	400
396	401
396	402
396	403
396	404
396	405
396	406
397	398
397	399
397	400
397	401
397	402
397	403
397	404
397	405
397	406
398	399
398	400
398	401
398	402
398	403
398	404
398	405
398	406
399	400
399	401
399	402
399	403
399	404
399	405
399	406
400	401
400	402
400	403
400	404
400	405
400	406
401	402
401	403
401	404
401	405
401	406
402	403
402	404
402	405
402	406
403	404
403	405
403	406
404	405
404	406
405	406
