1	2
1	3
1	4
1	5
1	6
1	7
1	8
1	9
1	10
1	11
1	12
1	13
1	14
1	15
1	16
1	24
1	34
1	89
1	99
1	161
1	167
1	175
1	184
1	220
1	233
1	235
1	241
1	246
1	248
1	257
1	262
1	264
1	277
1	280
1	287
1	291
1	294
1	312
1	322
1	325
1	328
1	330
1	344
1	345
1	350
1	355
1	356
1	366
1	370
1	382
1	387
1	399
1	400
1	401
1	405
2	3
2	4
2	12
2	17
2	18
2	19
2	20
2	23
2	24
2	38
2	63
2	76
2	91
2	96
2	118
2	119
2	130
2	140
2	146
2	156
2	199
2	219
2	228
2	235
2	242
2	253
2	264
2	265
2	266
2	270
2	287
2	298
2	302
2	303
2	326
2	328
2	329
2	345
2	354
2	358
2	364
2	368
2	386
2	394
2	405
2	406
3	4
3	6
3	11
3	14
3	21
3	22
3	23
3	24
3	32
3	52
3	55
3	69
3	99
3	100
3	137
3	148
3	160
3	167
3	176
3	195
3	234
3	235
3	247
3	253
3	256
3	257
3	262
3	264
3	265
3	281
3	305
3	308
3	310
3	312
3	338
3	356
3	358
3	363
3	366
3	370
3	378
3	394
3	399
4	12
4	16
4	19
4	23
4	25
4	26
4	27
4	28
4	29
4	45
4	48
4	80
4	93
4	99
4	102
4	109
4	111
4	113
4	139
4	146
4	177
4	194
4	212
4	217
4	221
4	234
4	238
4	241
4	246
4	247
4	248
4	251
4	254
4	255
4	287
4	290
4	293
4	294
4	299
4	303
4	304
4	325
4	334
4	344
4	346
4	353
4	354
4	355
4	362
4	363
4	368
4	378
4	385
4	399
4	400
4	401
4	408
4	411
5	6
5	7
5	8
5	9
5	10
5	11
5	19
5	29
5	30
5	31
5	32
5	33
5	34
5	35
5	36
5	37
5	38
5	39
5	40
5	41
5	42
5	43
5	44
5	45
5	46
5	47
5	48
5	49
5	50
5	51
5	52
5	53
5	54
5	55
5	56
5	57
5	58
5	59
5	60
6	7
6	8
6	9
6	10
6	11
6	61
6	62
6	63
6	64
6	65
6	66
6	67
6	68
6	69
6	70
6	71
6	72
6	73
6	74
6	75
6	76
6	77
6	78
6	79
6	80
6	81
6	82
6	83
6	84
6	85
6	86
6	87
6	88
7	8
7	9
7	10
7	11
7	89
7	90
7	91
7	92
7	93
7	94
7	95
7	96
7	97
7	98
7	99
7	100
7	101
7	102
7	103
7	104
7	105
7	106
7	107
7	108
7	109
7	110
7	111
7	112
7	113
7	114
7	115
7	116
8	9
8	10
8	11
8	17
8	117
8	118
8	119
8	120
8	121
8	122
8	123
8	124
8	125
8	126
8	127
8	128
8	129
8	130
8	131
8	132
8	133
8	134
8	135
8	136
8	137
8	138
8	139
8	140
8	141
8	142
8	143
8	144
8	145
8	146
8	147
8	148
9	10
9	11
9	149
9	150
9	151
9	152
9	153
9	154
9	155
9	156
9	157
9	158
9	159
9	160
9	161
9	162
9	163
9	164
9	165
9	166
9	167
9	168
9	169
9	170
9	171
9	172
9	173
9	174
9	175
9	176
10	11
10	177
10	178
10	179
10	180
10	181
10	182
10	183
10	184
10	185
10	186
10	187
10	188
10	189
10	190
10	191
10	192
10	193
10	194
10	195
10	196
10	197
10	198
10	199
10	200
10	201
10	202
10	203
10	204
11	205
11	206
11	207
11	208
11	209
11	210
11	211
11	212
11	213
11	214
11	215
11	216
11	217
11	218
11	219
11	220
11	221
11	222
11	223
11	224
11	225
11	226
11	227
11	228
11	229
11	230
11	231
11	232
12	233
12	234
12	235
12	236
13	28
13	237
13	238
13	239
13	240
13	241
13	242
13	243
13	244
14	245
14	246
14	247
14	248
15	20
15	26
15	249
15	250
15	251
15	252
15	253
15	254
15	255
15	256
15	257
15	258
15	259
15	260
16	261
16	262
16	263
16	264
17	18
17	24
17	265
17	266
17	267
17	268
17	269
17	270
17	271
17	272
17	273
17	274
17	275
17	276
17	277
17	278
17	279
17	280
18	21
18	281
18	282
18	283
18	284
18	285
18	286
18	287
18	288
18	289
18	290
18	291
18	292
19	26
19	293
19	294
19	295
19	296
19	297
19	298
19	299
19	300
19	301
19	302
19	303
19	304
20	305
20	306
20	307
20	308
20	309
20	310
20	311
20	312
21	22
21	27
21	313
21	314
21	315
21	316
21	317
21	318
21	319
21	320
21	321
21	322
21	323
21	324
21	325
21	326
21	327
21	328
22	27
22	28
22	329
22	330
22	331
22	332
22	333
22	334
22	335
22	336
22	337
22	338
22	339
22	340
22	341
22	342
22	343
22	344
23	25
23	345
23	346
23	347
23	348
23	349
23	350
23	351
23	352
24	353
24	354
24	355
24	356
24	357
24	358
24	359
24	360
25	26
25	361
25	362
25	363
25	364
25	365
25	366
25	367
25	368
25	369
25	370
25	371
25	372
26	373
26	374
26	375
26	376
26	377
26	378
26	379
26	380
26	381
26	382
26	383
26	384
26	385
26	386
26	387
26	388
27	389
27	390
27	391
27	392
27	393
27	394
27	395
27	396
27	397
27	398
27	399
27	400
28	401
28	402
28	403
28	404
28	405
28	406
28	407
28	408
28	409
28	410
28	411
28	412
29	30
29	31
29	32
29	33
29	34
29	35
29	36
29	37
29	38
29	39
29	40
29	41
29	42
29	43
29	44
29	45
29	46
29	47
29	99
30	31
30	32
30	33
30	34
30	35
30	36
30	37
30	38
30	39
30	40
30	41
30	42
30	43
30	44
30	45
30	46
30	47
30	365
30	372
31	32
31	33
31	34
31	35
31	36
31	37
31	38
31	39
31	40
31	41
31	42
31	43
31	44
31	45
31	46
31	47
32	33
32	34
32	35
32	36
32	37
32	38
32	39
32	40
32	41
32	42
32	43
32	44
32	45
32	46
32	47
33	34
33	35
33	36
33	37
33	38
33	39
33	40
33	41
33	42
33	43
33	44
33	45
33	46
33	47
33	123
33	395
34	35
34	36
34	37
34	38
34	39
34	40
34	41
34	42
34	43
34	44
34	45
34	46
34	47
35	36
35	37
35	38
35	39
35	40
35	41
35	42
35	43
35	44
35	45
35	46
35	47
35	285
36	37
36	38
36	39
36	40
36	41
36	42
36	43
36	44
36	45
36	46
36	47
36	348
36	365
37	38
37	39
37	40
37	41
37	42
37	43
37	44
37	45
37	46
37	47
38	39
38	40
38	41
38	42
38	43
38	44
38	45
38	46
38	47
38	343
39	40
39	41
39	42
39	43
39	44
39	45
39	46
39	47
40	41
40	42
40	43
40	44
40	45
40	46
40	47
40	231
40	288
41	42
41	43
41	44
41	45
41	46
41	47
41	130
42	43
42	44
42	45
42	46
42	47
42	247
43	44
43	45
43	46
43	47
43	131
43	336
43	396
44	45
44	46
44	47
44	246
44	287
45	46
45	47
45	312
46	47
46	287
47	138
47	235
47	264
48	282
49	216
50	243
51	130
53	378
54	320
55	266
55	381
56	274
56	299
56	406
57	295
58	143
58	250
58	411
59	333
59	351
59	368
60	178
61	62
61	63
61	64
61	65
61	66
61	67
61	68
61	69
61	70
61	71
61	72
61	73
61	74
61	75
61	76
61	77
61	126
62	63
62	64
62	65
62	66
62	67
62	68
62	69
62	70
62	71
62	72
62	73
62	74
62	75
62	76
62	77
63	64
63	65
63	66
63	67
63	68
63	69
63	70
63	71
63	72
63	73
63	74
63	75
63	76
63	77
64	65
64	66
64	67
64	68
64	69
64	70
64	71
64	72
64	73
64	74
64	75
64	76
64	77
64	254
64	329
64	356
65	66
65	67
65	68
65	69
65	70
65	71
65	72
65	73
65	74
65	75
65	76
65	77
65	257
65	319
66	67
66	68
66	69
66	70
66	71
66	72
66	73
66	74
66	75
66	76
66	77
66	204
66	245
66	312
66	409
67	68
67	69
67	70
67	71
67	72
67	73
67	74
67	75
67	76
67	77
68	69
68	70
68	71
68	72
68	73
68	74
68	75
68	76
68	77
68	134
68	285
68	317
69	70
69	71
69	72
69	73
69	74
69	75
69	76
69	77
69	126
69	317
69	351
70	71
70	72
70	73
70	74
70	75
70	76
70	77
70	246
70	372
71	72
71	73
71	74
71	75
71	76
71	77
71	251
72	73
72	74
72	75
72	76
72	77
72	210
72	236
73	74
73	75
73	76
73	77
73	235
73	374
74	75
74	76
74	77
74	233
75	76
75	77
76	77
76	235
79	227
80	236
81	125
81	218
81	247
82	117
82	347
83	166
83	233
83	248
83	298
83	336
84	93
84	172
84	363
85	322
85	412
86	127
86	323
87	220
87	290
88	91
89	90
89	91
89	92
89	93
89	94
89	95
89	96
89	97
89	98
89	99
89	100
89	101
89	102
89	103
89	104
89	105
89	239
89	274
89	330
89	358
90	91
90	92
90	93
90	94
90	95
90	96
90	97
90	98
90	99
90	100
90	101
90	102
90	103
90	104
90	105
90	187
91	92
91	93
91	94
91	95
91	96
91	97
91	98
91	99
91	100
91	101
91	102
91	103
91	104
91	105
91	120
91	167
91	308
92	93
92	94
92	95
92	96
92	97
92	98
92	99
92	100
92	101
92	102
92	103
92	104
92	105
93	94
93	95
93	96
93	97
93	98
93	99
93	100
93	101
93	102
93	103
93	104
93	105
93	237
94	95
94	96
94	97
94	98
94	99
94	100
94	101
94	102
94	103
94	104
94	105
94	133
94	238
95	96
95	97
95	98
95	99
95	100
95	101
95	102
95	103
95	104
95	105
95	325
95	351
95	383
95	389
96	97
96	98
96	99
96	100
96	101
96	102
96	103
96	104
96	105
97	98
97	99
97	100
97	101
97	102
97	103
97	104
97	105
98	99
98	100
98	101
98	102
98	103
98	104
98	105
99	100
99	101
99	102
99	103
99	104
99	105
99	368
100	101
100	102
100	103
100	104
100	105
100	177
101	102
101	103
101	104
101	105
101	296
101	301
102	103
102	104
102	105
103	104
103	105
103	134
103	249
103	325
104	105
104	235
105	243
108	244
108	261
109	374
111	332
112	342
113	260
113	341
114	308
114	379
115	235
116	233
116	398
117	118
117	119
117	120
117	121
117	122
117	123
117	124
117	125
117	126
117	127
117	128
117	129
117	130
117	131
117	132
117	133
117	134
117	135
117	210
118	119
118	120
118	121
118	122
118	123
118	124
118	125
118	126
118	127
118	128
118	129
118	130
118	131
118	132
118	133
118	134
118	135
118	299
119	120
119	121
119	122
119	123
119	124
119	125
119	126
119	127
119	128
119	129
119	130
119	131
119	132
119	133
119	134
119	135
119	218
119	251
119	325
119	345
120	121
120	122
120	123
120	124
120	125
120	126
120	127
120	128
120	129
120	130
120	131
120	132
120	133
120	134
120	135
120	233
120	264
120	299
121	122
121	123
121	124
121	125
121	126
121	127
121	128
121	129
121	130
121	131
121	132
121	133
121	134
121	135
121	324
122	123
122	124
122	125
122	126
122	127
122	128
122	129
122	130
122	131
122	132
122	133
122	134
122	135
122	155
122	214
123	124
123	125
123	126
123	127
123	128
123	129
123	130
123	131
123	132
123	133
123	134
123	135
123	282
123	308
123	310
124	125
124	126
124	127
124	128
124	129
124	130
124	131
124	132
124	133
124	134
124	135
124	316
125	126
125	127
125	128
125	129
125	130
125	131
125	132
125	133
125	134
125	135
126	127
126	128
126	129
126	130
126	131
126	132
126	133
126	134
126	135
127	128
127	129
127	130
127	131
127	132
127	133
127	134
127	135
128	129
128	130
128	131
128	132
128	133
128	134
128	135
129	130
129	131
129	132
129	133
129	134
129	135
129	395
130	131
130	132
130	133
130	134
130	135
130	234
130	281
131	132
131	133
131	134
131	135
131	359
132	133
132	134
132	135
133	134
133	135
133	294
134	135
135	230
135	291
135	340
135	384
135	390
136	159
137	246
137	399
138	240
139	188
140	309
140	364
142	337
142	350
143	170
143	190
143	394
144	259
145	236
145	258
146	293
146	379
148	258
148	327
149	150
149	151
149	152
149	153
149	154
149	155
149	156
149	157
149	158
149	159
149	160
149	161
149	162
149	163
149	164
149	165
149	189
149	344
150	151
150	152
150	153
150	154
150	155
150	156
150	157
150	158
150	159
150	160
150	161
150	162
150	163
150	164
150	165
150	248
151	152
151	153
151	154
151	155
151	156
151	157
151	158
151	159
151	160
151	161
151	162
151	163
151	164
151	165
151	213
151	401
152	153
152	154
152	155
152	156
152	157
152	158
152	159
152	160
152	161
152	162
152	163
152	164
152	165
152	278
153	154
153	155
153	156
153	157
153	158
153	159
153	160
153	161
153	162
153	163
153	164
153	165
153	382
154	155
154	156
154	157
154	158
154	159
154	160
154	161
154	162
154	163
154	164
154	165
154	293
154	377
154	410
155	156
155	157
155	158
155	159
155	160
155	161
155	162
155	163
155	164
155	165
155	248
156	157
156	158
156	159
156	160
156	161
156	162
156	163
156	164
156	165
156	288
157	158
157	159
157	160
157	161
157	162
157	163
157	164
157	165
157	400
158	159
158	160
158	161
158	162
158	163
158	164
158	165
158	278
158	295
158	363
159	160
159	161
159	162
159	163
159	164
159	165
159	287
160	161
160	162
160	163
160	164
160	165
160	247
160	353
161	162
161	163
161	164
161	165
161	350
162	163
162	164
162	165
163	164
163	165
163	208
163	233
163	306
164	165
166	345
167	240
167	324
169	261
169	350
170	240
171	240
171	349
172	262
172	381
173	288
175	242
175	297
176	297
176	308
177	178
177	179
177	180
177	181
177	182
177	183
177	184
177	185
177	186
177	187
177	188
177	189
177	190
177	191
177	192
177	193
177	316
178	179
178	180
178	181
178	182
178	183
178	184
178	185
178	186
178	187
178	188
178	189
178	190
178	191
178	192
178	193
178	226
178	235
178	294
178	295
179	180
179	181
179	182
179	183
179	184
179	185
179	186
179	187
179	188
179	189
179	190
179	191
179	192
179	193
179	259
179	277
179	301
180	181
180	182
180	183
180	184
180	185
180	186
180	187
180	188
180	189
180	190
180	191
180	192
180	193
180	291
181	182
181	183
181	184
181	185
181	186
181	187
181	188
181	189
181	190
181	191
181	192
181	193
182	183
182	184
182	185
182	186
182	187
182	188
182	189
182	190
182	191
182	192
182	193
183	184
183	185
183	186
183	187
183	188
183	189
183	190
183	191
183	192
183	193
184	185
184	186
184	187
184	188
184	189
184	190
184	191
184	192
184	193
185	186
185	187
185	188
185	189
185	190
185	191
185	192
185	193
185	274
185	296
186	187
186	188
186	189
186	190
186	191
186	192
186	193
186	280
186	285
186	332
187	188
187	189
187	190
187	191
187	192
187	193
187	234
188	189
188	190
188	191
188	192
188	193
188	236
188	372
189	190
189	191
189	192
189	193
189	259
190	191
190	192
190	193
190	369
191	192
191	193
191	285
191	390
192	193
192	350
192	359
193	364
195	242
195	346
196	226
197	288
197	412
199	264
199	404
200	404
203	303
204	245
204	246
205	206
205	207
205	208
205	209
205	210
205	211
205	212
205	213
205	214
205	215
205	216
205	217
205	218
205	219
205	220
205	221
206	207
206	208
206	209
206	210
206	211
206	212
206	213
206	214
206	215
206	216
206	217
206	218
206	219
206	220
206	221
206	299
207	208
207	209
207	210
207	211
207	212
207	213
207	214
207	215
207	216
207	217
207	218
207	219
207	220
207	221
207	299
208	209
208	210
208	211
208	212
208	213
208	214
208	215
208	216
208	217
208	218
208	219
208	220
208	221
208	376
209	210
209	211
209	212
209	213
209	214
209	215
209	216
209	217
209	218
209	219
209	220
209	221
209	248
209	251
210	211
210	212
210	213
210	214
210	215
210	216
210	217
210	218
210	219
210	220
210	221
211	212
211	213
211	214
211	215
211	216
211	217
211	218
211	219
211	220
211	221
212	213
212	214
212	215
212	216
212	217
212	218
212	219
212	220
212	221
212	379
213	214
213	215
213	216
213	217
213	218
213	219
213	220
213	221
214	215
214	216
214	217
214	218
214	219
214	220
214	221
214	263
214	348
215	216
215	217
215	218
215	219
215	220
215	221
215	243
215	291
216	217
216	218
216	219
216	220
216	221
217	218
217	219
217	220
217	221
217	263
217	399
218	219
218	220
218	221
219	220
219	221
219	344
220	221
221	236
221	287
221	303
222	237
222	295
222	313
222	407
223	246
226	258
228	243
228	349
229	272
229	389
230	299
230	351
231	245
232	322
232	354
233	234
233	256
233	272
233	288
233	303
233	308
233	309
233	360
233	397
233	405
234	246
234	286
234	302
234	348
234	353
234	357
234	375
234	412
235	247
235	253
235	254
235	263
235	272
235	292
235	302
235	318
236	256
236	341
236	354
236	358
236	407
236	408
237	238
237	239
237	240
237	341
237	342
237	389
238	239
238	240
238	281
238	307
238	368
238	370
238	379
239	240
239	294
239	311
239	337
239	370
239	397
240	247
240	316
240	403
240	404
241	253
241	266
241	306
241	343
241	351
242	287
242	314
242	332
242	350
242	360
242	407
243	259
243	267
243	404
244	257
244	275
244	285
244	323
244	360
245	246
245	274
245	275
245	281
245	347
245	354
245	365
245	405
246	253
246	263
246	286
246	306
246	337
246	393
246	407
247	290
247	292
247	338
247	344
247	362
247	372
248	259
248	261
248	266
248	292
248	341
248	346
248	383
249	250
249	251
249	252
249	253
249	254
249	255
249	372
250	251
250	252
250	253
250	254
250	255
250	384
250	406
251	252
251	253
251	254
251	255
251	356
252	253
252	254
252	255
252	274
253	254
253	255
253	400
253	404
254	255
254	307
254	341
254	358
254	401
256	352
257	263
257	408
258	316
259	281
259	393
259	396
259	402
260	264
260	344
261	262
261	287
261	298
261	309
261	319
261	380
261	394
262	283
262	288
262	310
262	339
262	363
262	368
262	372
262	373
263	272
263	273
263	280
263	288
263	311
264	337
264	350
264	391
264	393
264	394
264	410
265	266
265	267
265	268
265	269
265	270
265	271
265	272
265	273
265	387
266	267
266	268
266	269
266	270
266	271
266	272
266	273
267	268
267	269
267	270
267	271
267	272
267	273
267	354
268	269
268	270
268	271
268	272
268	273
269	270
269	271
269	272
269	273
269	283
269	344
269	365
270	271
270	272
270	273
270	360
271	272
271	273
271	389
272	273
273	283
274	311
274	367
276	326
276	345
276	368
279	284
279	332
279	348
280	312
281	282
281	283
281	284
281	285
281	286
281	287
281	310
282	283
282	284
282	285
282	286
282	287
282	321
282	349
283	284
283	285
283	286
283	287
284	285
284	286
284	287
284	330
285	286
285	287
285	293
285	297
285	338
285	375
286	287
286	358
286	407
287	297
287	378
287	396
288	312
288	358
289	370
290	311
291	355
291	359
292	336
292	398
293	294
293	295
293	296
293	297
293	298
293	299
293	409
294	295
294	296
294	297
294	298
294	299
295	296
295	297
295	298
295	299
295	396
296	297
296	298
296	299
296	330
297	298
297	299
297	358
298	299
298	329
299	305
299	307
299	337
299	340
299	346
300	369
300	399
301	355
302	316
303	356
303	373
303	383
303	397
304	392
305	306
305	307
305	308
305	345
305	411
306	307
306	308
306	354
307	308
307	336
308	339
308	347
308	409
309	324
309	366
311	369
311	372
312	331
312	337
312	345
313	314
313	315
313	316
313	317
313	318
313	319
313	320
313	321
313	346
313	380
314	315
314	316
314	317
314	318
314	319
314	320
314	321
315	316
315	317
315	318
315	319
315	320
315	321
315	387
316	317
316	318
316	319
316	320
316	321
316	359
317	318
317	319
317	320
317	321
317	348
318	319
318	320
318	321
319	320
319	321
319	394
320	321
321	408
324	354
324	400
326	390
327	338
329	330
329	331
329	332
329	333
329	334
329	335
329	336
329	337
330	331
330	332
330	333
330	334
330	335
330	336
330	337
330	407
330	410
331	332
331	333
331	334
331	335
331	336
331	337
332	333
332	334
332	335
332	336
332	337
333	334
333	335
333	336
333	337
334	335
334	336
334	337
335	336
335	337
335	381
336	337
336	350
340	355
340	392
341	411
342	356
343	350
343	380
343	384
345	346
345	347
345	348
345	366
346	347
346	348
346	366
347	348
348	364
348	394
349	396
350	410
352	360
352	385
353	354
353	355
353	356
353	368
354	355
354	356
355	356
355	364
356	412
357	369
357	394
359	366
359	382
359	400
360	364
361	362
361	363
361	364
361	365
361	366
361	367
361	374
362	363
362	364
362	365
362	366
362	367
363	364
363	365
363	366
363	367
364	365
364	366
364	367
364	375
365	366
365	367
366	367
367	406
367	411
373	374
373	375
373	376
373	377
373	378
373	379
373	380
373	381
374	375
374	376
374	377
374	378
374	379
374	380
374	381
375	376
375	377
375	378
375	379
375	380
375	381
376	377
376	378
376	379
376	380
376	381
376	394
376	407
377	378
377	379
377	380
377	381
377	399
378	379
378	380
378	381
379	380
379	381
380	381
381	412
385	393
389	390
389	391
389	392
389	393
389	394
389	395
390	391
390	392
390	393
390	394
390	395
391	392
391	393
391	394
391	395
392	393
392	394
392	395
392	412
393	394
393	395
394	395
394	412
401	402
401	403
401	404
401	405
401	406
401	407
402	403
402	404
402	405
402	406
402	407
403	404
403	405
403	406
403	407
404	405
404	406
404	407
405	406
405	407
406	407
