1	2
1	3
1	4
1	5
1	6
1	7
1	8
1	9
1	12
1	19
1	42
1	113
1	115
2	3
2	10
2	11
2	12
2	17
2	22
2	25
2	50
2	58
2	60
2	63
2	81
2	84
2	97
3	9
3	13
3	14
3	15
3	17
3	30
3	75
3	108
3	109
3	111
4	8
4	16
4	17
4	18
4	19
4	20
4	21
5	7
5	9
5	11
5	22
5	23
5	24
5	25
5	26
5	27
5	28
5	29
5	30
5	31
5	32
5	33
6	9
6	13
6	34
6	35
6	36
6	37
6	38
6	39
6	40
6	41
6	42
7	8
7	9
7	43
7	44
7	45
7	46
7	47
7	48
7	49
7	50
7	51
7	52
7	53
7	54
8	55
8	56
8	57
8	58
8	59
8	60
8	61
8	62
8	63
9	14
9	64
9	65
9	66
9	67
9	68
9	69
9	70
9	71
9	72
9	73
9	74
9	75
9	76
9	77
9	78
10	11
10	79
10	80
10	81
10	82
10	83
10	84
11	85
11	86
11	87
11	88
11	89
11	90
11	91
11	92
11	93
12	94
12	95
12	96
13	97
13	98
13	99
13	100
13	101
13	102
14	15
14	103
14	104
14	105
14	106
14	107
14	108
14	109
14	110
14	111
15	112
15	113
15	114
15	115
15	116
15	117
16	18
16	21
16	113
17	18
17	20
17	21
18	94
19	46
19	79
19	90
20	21
20	115
22	23
22	24
22	27
22	80
22	96
23	29
23	30
23	31
23	32
23	42
24	26
24	30
24	31
25	26
25	27
25	28
25	29
25	31
25	32
25	41
25	93
25	107
26	27
26	28
26	39
26	55
26	96
27	30
27	113
28	29
28	30
28	84
28	94
29	30
29	31
29	32
29	100
30	31
30	32
31	104
33	38
34	36
34	37
34	38
34	40
36	38
36	39
36	40
36	41
36	43
36	67
37	41
38	39
38	42
38	47
38	84
38	105
39	41
39	42
39	49
40	59
41	42
42	96
43	46
43	47
43	53
43	94
44	49
44	50
44	51
44	52
44	54
45	50
45	52
45	53
45	54
46	50
46	51
46	56
46	96
47	48
47	54
48	50
48	53
48	54
49	50
49	51
49	53
50	51
51	52
51	53
51	109
53	54
53	107
53	113
55	58
55	59
55	60
55	105
56	57
56	59
56	106
57	61
57	62
57	63
58	61
58	63
58	91
59	61
60	61
60	63
61	62
61	90
62	97
63	68
64	65
64	67
64	68
64	70
64	74
64	77
64	115
65	66
65	70
65	76
65	78
66	67
66	69
66	70
66	76
66	97
67	71
67	76
67	78
68	72
68	74
68	77
69	70
69	73
69	74
70	71
70	72
70	73
70	75
70	77
71	74
71	76
72	73
72	76
72	77
73	75
73	77
73	106
74	76
74	77
74	78
75	76
75	78
76	77
77	78
79	80
80	81
80	83
80	84
80	116
81	83
81	84
82	104
83	98
83	114
84	87
84	98
85	86
85	89
85	90
85	91
85	92
85	93
86	91
87	90
88	91
88	98
88	107
89	92
89	93
89	100
90	116
91	92
91	93
92	93
94	95
94	109
94	117
95	101
97	98
97	99
97	102
98	99
100	101
100	102
100	109
103	106
103	107
103	108
103	110
104	107
105	106
105	107
105	111
106	109
106	110
107	108
107	110
107	111
109	111
111	112
112	114
113	115
113	117
114	115
114	117
115	117
