1	9
2	12
3	14
4	52
4	53
4	54
4	55
4	56
4	57
4	58
4	59
4	60
4	61
4	62
4	63
4	64
4	65
4	66
4	67
4	68
4	69
5	70
5	71
5	72
5	73
5	74
5	75
5	76
5	77
5	78
5	79
5	80
5	81
5	82
5	83
5	84
5	85
5	86
5	87
6	88
6	89
6	90
6	91
6	92
6	93
6	94
6	95
6	96
6	97
6	98
6	99
6	100
6	101
6	102
6	103
6	104
6	105
7	106
7	107
7	108
7	109
7	110
7	111
7	112
7	113
7	114
7	115
7	116
7	117
7	118
7	119
7	120
7	121
7	122
7	123
8	124
8	125
8	126
8	127
8	128
8	129
8	130
8	131
8	132
8	133
8	134
8	135
8	136
8	137
8	138
8	139
8	140
8	141
9	12
9	14
9	54
9	55
9	56
9	60
9	62
9	64
9	70
9	73
9	76
9	78
9	79
9	88
9	91
9	98
9	100
9	106
9	118
9	119
9	139
9	141
10	16
10	17
10	18
10	19
10	20
10	21
10	22
10	23
10	24
11	25
11	26
11	27
11	28
11	29
11	30
11	31
11	32
11	33
12	19
12	22
12	23
12	29
12	33
13	34
13	35
13	36
13	37
13	38
13	39
13	40
13	41
13	42
14	34
14	36
14	37
14	44
14	50
15	43
15	44
15	45
15	46
15	47
15	48
15	49
15	50
15	51
16	17
16	18
16	19
16	20
16	21
16	22
16	23
16	24
17	18
17	19
17	20
17	21
17	22
17	23
17	24
18	19
18	20
18	21
18	22
18	23
18	24
19	20
19	21
19	22
19	23
19	24
19	30
20	21
20	22
20	23
20	24
21	22
21	23
21	24
22	23
22	24
23	24
25	26
25	27
25	28
25	29
25	30
25	31
25	32
25	33
26	27
26	28
26	29
26	30
26	31
26	32
26	33
27	28
27	29
27	30
27	31
27	32
27	33
28	29
28	30
28	31
28	32
28	33
29	30
29	31
29	32
29	33
30	31
30	32
30	33
31	32
31	33
32	33
34	35
34	36
34	37
34	38
34	39
34	40
34	41
34	42
35	36
35	37
35	38
35	39
35	40
35	41
35	42
36	37
36	38
36	39
36	40
36	41
36	42
37	38
37	39
37	40
37	41
37	42
37	46
38	39
38	40
38	41
38	42
39	40
39	41
39	42
40	41
40	42
41	42
43	44
43	45
43	46
43	47
43	48
43	49
43	50
43	51
44	45
44	46
44	47
44	48
44	49
44	50
44	51
45	46
45	47
45	48
45	49
45	50
45	51
46	47
46	48
46	49
46	50
46	51
47	48
47	49
47	50
47	51
48	49
48	50
48	51
49	50
49	51
50	51
52	53
52	54
52	55
52	56
52	57
52	58
52	59
52	60
52	61
52	62
52	63
52	64
52	65
52	66
52	67
52	68
52	69
53	54
53	55
53	56
53	57
53	58
53	59
53	60
53	61
53	62
53	63
53	64
53	65
53	66
53	67
53	68
53	69
54	55
54	56
54	57
54	58
54	59
54	60
54	61
54	62
54	63
54	64
54	65
54	66
54	67
54	68
54	69
55	56
55	57
55	58
55	59
55	60
55	61
55	62
55	63
55	64
55	65
55	66
55	67
55	68
55	69
56	57
56	58
56	59
56	60
56	61
56	62
56	63
56	64
56	65
56	66
56	67
56	68
56	69
57	58
57	59
57	60
57	61
57	62
57	63
57	64
57	65
57	66
57	67
57	68
57	69
57	104
58	59
58	60
58	61
58	62
58	63
58	64
58	65
58	66
58	67
58	68
58	69
58	113
59	60
59	61
59	62
59	63
59	64
59	65
59	66
59	67
59	68
59	69
60	61
60	62
60	63
60	64
60	65
60	66
60	67
60	68
60	69
61	62
61	63
61	64
61	65
61	66
61	67
61	68
61	69
62	63
62	64
62	65
62	66
62	67
62	68
62	69
63	64
63	65
63	66
63	67
63	68
63	69
64	65
64	66
64	67
64	68
64	69
65	66
65	67
65	68
65	69
65	124
66	67
66	68
66	69
67	68
67	69
68	69
69	82
70	71
70	72
70	73
70	74
70	75
70	76
70	77
70	78
70	79
70	80
70	81
70	82
70	83
70	84
70	85
70	86
70	87
71	72
71	73
71	74
71	75
71	76
71	77
71	78
71	79
71	80
71	81
71	82
71	83
71	84
71	85
71	86
71	87
72	73
72	74
72	75
72	76
72	77
72	78
72	79
72	80
72	81
72	82
72	83
72	84
72	85
72	86
72	87
72	90
73	74
73	75
73	76
73	77
73	78
73	79
73	80
73	81
73	82
73	83
73	84
73	85
73	86
73	87
74	75
74	76
74	77
74	78
74	79
74	80
74	81
74	82
74	83
74	84
74	85
74	86
74	87
75	76
75	77
75	78
75	79
75	80
75	81
75	82
75	83
75	84
75	85
75	86
75	87
76	77
76	78
76	79
76	80
76	81
76	82
76	83
76	84
76	85
76	86
76	87
77	78
77	79
77	80
77	81
77	82
77	83
77	84
77	85
77	86
77	87
78	79
78	80
78	81
78	82
78	83
78	84
78	85
78	86
78	87
79	80
79	81
79	82
79	83
79	84
79	85
79	86
79	87
79	131
80	81
80	82
80	83
80	84
80	85
80	86
80	87
81	82
81	83
81	84
81	85
81	86
81	87
82	83
82	84
82	85
82	86
82	87
83	84
83	85
83	86
83	87
84	85
84	86
84	87
85	86
85	87
86	87
87	115
88	89
88	90
88	91
88	92
88	93
88	94
88	95
88	96
88	97
88	98
88	99
88	100
88	101
88	102
88	103
88	104
88	105
89	90
89	91
89	92
89	93
89	94
89	95
89	96
89	97
89	98
89	99
89	100
89	101
89	102
89	103
89	104
89	105
90	91
90	92
90	93
90	94
90	95
90	96
90	97
90	98
90	99
90	100
90	101
90	102
90	103
90	104
90	105
91	92
91	93
91	94
91	95
91	96
91	97
91	98
91	99
91	100
91	101
91	102
91	103
91	104
91	105
92	93
92	94
92	95
92	96
92	97
92	98
92	99
92	100
92	101
92	102
92	103
92	104
92	105
93	94
93	95
93	96
93	97
93	98
93	99
93	100
93	101
93	102
93	103
93	104
93	105
94	95
94	96
94	97
94	98
94	99
94	100
94	101
94	102
94	103
94	104
94	105
95	96
95	97
95	98
95	99
95	100
95	101
95	102
95	103
95	104
95	105
96	97
96	98
96	99
96	100
96	101
96	102
96	103
96	104
96	105
97	98
97	99
97	100
97	101
97	102
97	103
97	104
97	105
98	99
98	100
98	101
98	102
98	103
98	104
98	105
99	100
99	101
99	102
99	103
99	104
99	105
100	101
100	102
100	103
100	104
100	105
101	102
101	103
101	104
101	105
101	133
102	103
102	104
102	105
103	104
103	105
103	109
104	105
106	107
106	108
106	109
106	110
106	111
106	112
106	113
106	114
106	115
106	116
106	117
106	118
106	119
106	120
106	121
106	122
106	123
107	108
107	109
107	110
107	111
107	112
107	113
107	114
107	115
107	116
107	117
107	118
107	119
107	120
107	121
107	122
107	123
108	109
108	110
108	111
108	112
108	113
108	114
108	115
108	116
108	117
108	118
108	119
108	120
108	121
108	122
108	123
109	110
109	111
109	112
109	113
109	114
109	115
109	116
109	117
109	118
109	119
109	120
109	121
109	122
109	123
110	111
110	112
110	113
110	114
110	115
110	116
110	117
110	118
110	119
110	120
110	121
110	122
110	123
111	112
111	113
111	114
111	115
111	116
111	117
111	118
111	119
111	120
111	121
111	122
111	123
112	113
112	114
112	115
112	116
112	117
112	118
112	119
112	120
112	121
112	122
112	123
113	114
113	115
113	116
113	117
113	118
113	119
113	120
113	121
113	122
113	123
114	115
114	116
114	117
114	118
114	119
114	120
114	121
114	122
114	123
115	116
115	117
115	118
115	119
115	120
115	121
115	122
115	123
116	117
116	118
116	119
116	120
116	121
116	122
116	123
117	118
117	119
117	120
117	121
117	122
117	123
117	124
118	119
118	120
118	121
118	122
118	123
119	120
119	121
119	122
119	123
120	121
120	122
120	123
121	122
121	123
122	123
124	125
124	126
124	127
124	128
124	129
124	130
124	131
124	132
124	133
124	134
124	135
124	136
124	137
124	138
124	139
124	140
124	141
125	126
125	127
125	128
125	129
125	130
125	131
125	132
125	133
125	134
125	135
125	136
125	137
125	138
125	139
125	140
125	141
126	127
126	128
126	129
126	130
126	131
126	132
126	133
126	134
126	135
126	136
126	137
126	138
126	139
126	140
126	141
127	128
127	129
127	130
127	131
127	132
127	133
127	134
127	135
127	136
127	137
127	138
127	139
127	140
127	141
128	129
128	130
128	131
128	132
128	133
128	134
128	135
128	136
128	137
128	138
128	139
128	140
128	141
129	130
129	131
129	132
129	133
129	134
129	135
129	136
129	137
129	138
129	139
129	140
129	141
130	131
130	132
130	133
130	134
130	135
130	136
130	137
130	138
130	139
130	140
130	141
131	132
131	133
131	134
131	135
131	136
131	137
131	138
131	139
131	140
131	141
132	133
132	134
132	135
132	136
132	137
132	138
132	139
132	140
132	141
133	134
133	135
133	136
133	137
133	138
133	139
133	140
133	141
134	135
134	136
134	137
134	138
134	139
134	140
134	141
135	136
135	137
135	138
135	139
135	140
135	141
136	137
136	138
136	139
136	140
136	141
137	138
137	139
137	140
137	141
138	139
138	140
138	141
139	140
139	141
140	141
