1	7
1	8
2	10
3	13
4	50
4	51
4	52
4	59
5	62
5	65
5	68
6	71
6	76
6	77
6	81
7	10
7	18
7	25
7	30
7	51
7	52
7	59
7	62
7	71
7	77
7	89
7	208
7	217
7	218
7	225
7	229
7	246
7	250
7	252
7	257
7	260
7	265
7	283
7	285
7	303
7	310
7	311
7	318
7	329
7	343
7	354
7	356
7	362
7	369
7	449
7	509
7	513
7	520
7	533
7	553
7	565
7	575
7	580
7	596
7	604
7	642
7	660
7	668
7	676
7	693
7	699
7	701
7	707
7	743
7	763
7	790
7	816
7	851
7	855
7	884
7	894
7	902
7	908
7	909
7	920
7	922
7	979
7	980
7	1005
7	1006
7	1013
7	1023
7	1077
7	1098
7	1100
7	1105
7	1146
7	1149
7	1180
8	10
8	13
8	23
8	37
8	48
8	51
8	52
8	62
8	65
8	71
8	76
8	81
8	89
8	90
8	123
8	125
8	128
8	133
8	141
8	151
8	247
8	257
8	258
8	261
8	274
8	290
8	296
8	311
8	316
8	320
8	345
8	353
8	397
8	417
8	446
8	448
8	459
8	489
8	497
8	499
8	510
8	561
8	566
8	584
8	591
8	604
8	610
8	622
8	628
8	651
8	715
8	726
8	729
8	736
8	746
8	765
8	775
8	781
8	782
8	836
8	854
8	866
8	1035
8	1067
8	1092
8	1134
8	1144
8	1152
8	1153
8	1178
9	89
9	90
9	91
9	93
10	13
10	18
10	22
10	25
10	37
10	50
10	51
10	62
10	65
10	71
10	76
10	77
10	89
10	91
10	107
10	113
10	138
10	158
10	166
10	167
10	194
10	202
10	204
10	206
10	223
10	233
10	244
10	246
10	248
10	256
10	260
10	264
10	292
10	326
10	332
10	336
10	338
10	340
10	343
10	345
10	349
10	359
10	362
10	410
10	414
10	416
10	422
10	428
10	443
10	451
10	478
10	503
10	516
10	517
10	519
10	534
10	536
10	539
10	544
10	560
10	562
10	572
10	574
10	580
10	582
10	589
10	597
10	601
10	602
10	605
10	607
10	624
10	636
10	654
10	677
10	684
10	712
10	720
10	722
10	769
10	781
10	792
10	796
10	817
10	820
10	832
10	833
10	835
10	836
10	850
10	851
10	857
10	861
10	884
10	901
10	902
10	905
10	912
10	918
10	934
10	937
10	938
10	944
10	974
10	975
10	977
10	978
10	996
10	999
10	1002
10	1017
10	1031
10	1051
10	1054
10	1059
10	1063
10	1073
10	1076
10	1086
10	1087
10	1095
10	1101
10	1111
10	1113
10	1131
10	1168
10	1176
10	1184
11	18
12	22
12	23
12	25
12	30
13	22
13	30
13	31
13	37
13	46
13	48
13	50
13	52
13	59
13	62
13	65
13	68
13	71
13	76
13	77
13	81
13	90
13	93
13	96
13	139
13	144
13	165
13	168
13	171
13	173
13	174
13	178
13	211
13	218
13	247
13	259
13	263
13	265
13	278
13	285
13	293
13	294
13	326
13	331
13	342
13	353
13	363
13	368
13	377
13	388
13	411
13	437
13	447
13	450
13	465
13	468
13	482
13	483
13	497
13	501
13	528
13	554
13	571
13	576
13	579
13	580
13	583
13	585
13	586
13	589
13	601
13	608
13	626
13	628
13	630
13	631
13	640
13	642
13	659
13	677
13	679
13	684
13	689
13	706
13	713
13	721
13	723
13	736
13	738
13	745
13	749
13	758
13	776
13	780
13	782
13	785
13	794
13	820
13	821
13	836
13	853
13	905
13	915
13	937
13	938
13	940
13	945
13	949
13	950
13	956
13	979
13	1004
13	1022
13	1047
13	1062
13	1066
13	1068
13	1072
13	1075
13	1130
13	1147
13	1179
13	1184
14	31
14	37
15	46
15	48
16	94
16	95
16	96
16	97
16	98
16	99
16	100
16	101
16	102
16	103
16	104
16	105
16	106
16	107
16	108
16	109
16	110
16	111
16	112
16	113
16	114
16	115
16	116
16	117
16	118
16	119
16	120
16	121
16	122
16	123
16	124
16	125
16	126
16	127
16	128
16	129
16	130
16	131
16	132
17	133
17	134
17	135
17	136
17	137
17	138
17	139
17	140
17	141
17	142
17	143
17	144
17	145
17	146
17	147
17	148
17	149
17	150
17	151
17	152
17	153
18	25
18	46
18	52
18	81
18	89
18	90
18	93
18	102
18	124
18	134
18	137
18	151
18	153
18	155
18	173
18	179
18	181
18	189
18	194
18	208
18	215
18	219
18	241
18	246
18	251
18	264
18	273
18	282
18	296
18	297
18	309
18	318
18	330
18	336
18	342
18	350
18	362
18	366
18	371
18	379
18	387
18	396
18	399
18	414
18	420
18	422
18	444
18	450
18	487
18	494
18	546
18	556
18	577
18	578
18	579
18	585
18	589
18	610
18	641
18	648
18	657
18	659
18	661
18	669
18	672
18	674
18	689
18	717
18	753
18	779
18	781
18	792
18	802
18	805
18	808
18	810
18	846
18	863
18	874
18	878
18	888
18	889
18	893
18	906
18	908
18	929
18	930
18	931
18	963
18	972
18	983
18	1001
18	1009
18	1021
18	1032
18	1041
18	1044
18	1056
18	1061
18	1072
18	1077
18	1105
18	1128
18	1130
18	1133
18	1135
18	1151
18	1153
18	1169
18	1177
18	1178
19	154
19	155
19	156
19	157
19	158
19	159
19	160
19	161
19	162
19	163
19	164
19	165
19	166
19	167
19	168
19	169
19	170
19	171
19	172
19	173
19	174
19	175
19	176
19	177
20	178
20	179
20	180
20	181
20	182
20	183
20	184
20	185
20	186
20	187
20	188
20	189
20	190
20	191
20	192
21	193
21	194
21	195
21	196
21	197
21	198
21	199
21	200
21	201
21	202
21	203
21	204
21	205
21	206
21	207
21	208
21	209
21	210
21	211
21	212
21	213
21	214
21	215
21	216
22	23
22	25
22	30
22	97
22	166
22	167
22	175
22	189
22	206
22	211
22	230
22	246
22	254
22	256
22	275
22	280
22	324
22	332
22	477
22	521
22	592
22	597
22	600
22	605
22	637
22	658
22	662
22	728
22	738
22	742
22	784
22	801
22	826
22	880
22	921
22	939
22	978
22	1056
22	1081
22	1090
22	1100
22	1102
22	1150
23	25
23	30
23	31
23	46
23	137
23	155
23	157
23	164
23	171
23	186
23	193
23	217
23	222
23	229
23	245
23	250
23	269
23	377
23	444
23	555
23	562
23	682
23	725
23	773
23	796
23	799
23	830
23	895
23	909
23	1027
23	1076
23	1159
24	217
24	218
24	219
24	220
24	221
24	222
24	223
24	224
24	225
24	226
24	227
24	228
24	229
24	230
24	231
24	232
24	233
24	234
25	30
25	59
25	182
25	185
25	187
25	194
25	196
25	199
25	206
25	220
25	224
25	231
25	236
25	239
25	248
25	252
25	275
25	295
25	302
25	412
25	418
25	601
25	717
25	738
25	789
25	833
25	836
25	849
25	860
25	1003
25	1033
25	1061
25	1087
25	1116
26	235
26	236
26	237
26	238
26	239
26	240
26	241
26	242
26	243
26	244
26	245
26	246
26	247
26	248
26	249
26	250
26	251
26	252
26	253
26	254
26	255
27	256
27	257
27	258
27	259
27	260
27	261
27	262
27	263
27	264
27	265
27	266
27	267
28	268
28	269
28	270
28	271
28	272
28	273
28	274
28	275
28	276
28	277
28	278
28	279
28	280
28	281
28	282
28	283
28	284
28	285
28	286
28	287
28	288
28	289
28	290
28	291
28	292
28	293
28	294
29	295
29	296
29	297
29	298
29	299
29	300
29	301
29	302
29	303
29	304
29	305
29	306
29	307
29	308
29	309
29	310
29	311
29	312
30	37
30	125
30	139
30	177
30	185
30	214
30	233
30	234
30	239
30	261
30	264
30	268
30	272
30	333
30	334
30	339
30	353
30	490
30	503
30	555
30	598
30	697
30	743
30	760
30	790
30	816
30	856
30	912
30	959
30	979
30	994
30	1017
30	1039
30	1089
30	1095
30	1110
30	1119
30	1134
30	1158
31	68
31	109
31	115
31	138
31	143
31	158
31	172
31	224
31	260
31	314
31	316
31	321
31	328
31	331
31	332
31	338
31	345
31	355
31	358
31	368
31	384
31	388
31	390
31	399
31	401
31	409
31	411
31	416
31	419
31	435
31	452
31	480
31	492
31	532
31	537
31	562
31	587
31	607
31	609
31	632
31	667
31	698
31	732
31	733
31	746
31	763
31	793
31	808
31	820
31	850
31	860
31	910
31	936
31	945
31	951
31	973
31	974
31	1049
31	1072
31	1086
31	1088
31	1091
31	1100
31	1116
31	1124
31	1125
31	1126
31	1176
32	313
32	314
32	315
32	316
32	317
32	318
32	319
32	320
32	321
32	322
32	323
32	324
32	325
32	326
32	327
32	328
32	329
32	330
33	331
33	332
33	333
33	334
33	335
33	336
33	337
33	338
33	339
33	340
33	341
33	342
33	343
33	344
33	345
34	346
34	347
34	348
34	349
34	350
34	351
34	352
34	353
34	354
34	355
34	356
34	357
34	358
34	359
34	360
35	361
35	362
35	363
35	364
35	365
35	366
35	367
35	368
35	369
35	370
35	371
35	372
35	373
35	374
35	375
35	376
35	377
35	378
35	379
35	380
35	381
35	382
35	383
35	384
36	385
36	386
36	387
36	388
36	389
36	390
36	391
36	392
36	393
36	394
36	395
36	396
36	397
36	398
36	399
37	46
37	48
37	77
37	93
37	136
37	191
37	218
37	225
37	247
37	302
37	325
37	327
37	334
37	336
37	338
37	350
37	353
37	357
37	360
37	364
37	367
37	378
37	387
37	393
37	402
37	408
37	461
37	510
37	565
37	588
37	598
37	605
37	616
37	624
37	669
37	670
37	681
37	685
37	765
37	790
37	810
37	835
37	841
37	875
37	891
37	912
37	970
37	986
37	991
37	1068
37	1088
37	1109
37	1128
37	1146
37	1154
38	400
38	401
38	402
38	403
38	404
38	405
38	406
38	407
38	408
38	409
38	410
38	411
38	412
38	413
38	414
38	415
38	416
38	417
39	418
39	419
39	420
39	421
39	422
39	423
39	424
39	425
39	426
39	427
39	428
39	429
39	430
39	431
39	432
39	433
39	434
39	435
40	436
40	437
40	438
40	439
40	440
40	441
40	442
40	443
40	444
40	445
40	446
40	447
40	448
40	449
40	450
40	451
40	452
40	453
40	454
40	455
40	456
40	457
40	458
40	459
40	460
40	461
40	462
41	463
41	464
41	465
41	466
41	467
41	468
41	469
41	470
41	471
41	472
41	473
41	474
41	475
41	476
41	477
41	478
41	479
41	480
41	481
41	482
41	483
41	484
41	485
41	486
41	487
41	488
41	489
41	490
41	491
41	492
42	493
42	494
42	495
42	496
42	497
42	498
42	499
42	500
42	501
42	502
42	503
42	504
42	505
42	506
42	507
42	508
42	509
42	510
42	511
42	512
42	513
42	514
42	515
42	516
42	517
42	518
42	519
43	520
43	521
43	522
43	523
43	524
43	525
43	526
43	527
43	528
43	529
43	530
43	531
43	532
43	533
43	534
43	535
43	536
43	537
43	538
43	539
43	540
43	541
43	542
43	543
43	544
43	545
43	546
43	547
43	548
43	549
43	550
43	551
43	552
44	553
44	554
44	555
44	556
44	557
44	558
44	559
44	560
44	561
44	562
44	563
44	564
44	565
44	566
44	567
45	568
45	569
45	570
45	571
45	572
45	573
45	574
45	575
45	576
45	577
45	578
45	579
45	580
45	581
45	582
46	52
46	71
46	77
46	93
46	111
46	180
46	187
46	201
46	214
46	249
46	253
46	260
46	266
46	281
46	291
46	298
46	301
46	307
46	317
46	332
46	344
46	347
46	349
46	353
46	370
46	372
46	376
46	389
46	401
46	404
46	409
46	413
46	422
46	445
46	449
46	459
46	462
46	478
46	483
46	499
46	506
46	518
46	524
46	549
46	551
46	565
46	567
46	572
46	584
46	585
46	595
46	673
46	697
46	700
46	712
46	775
46	792
46	794
46	815
46	840
46	848
46	855
46	858
46	863
46	887
46	909
46	940
46	953
46	961
46	962
46	998
46	1029
46	1057
46	1115
46	1130
46	1149
46	1157
47	583
47	584
47	585
47	586
47	587
47	588
47	589
47	590
47	591
48	50
48	51
48	91
48	137
48	215
48	265
48	285
48	303
48	312
48	331
48	379
48	412
48	418
48	451
48	454
48	472
48	479
48	480
48	485
48	487
48	488
48	503
48	506
48	513
48	529
48	546
48	562
48	572
48	578
48	610
48	618
48	631
48	710
48	720
48	723
48	766
48	798
48	804
48	815
48	818
48	821
48	822
48	845
48	858
48	877
48	892
48	893
48	900
48	907
48	929
48	958
48	972
48	1011
48	1019
48	1054
48	1070
48	1145
49	592
49	593
49	594
49	595
49	596
49	597
49	598
49	599
49	600
49	601
49	602
49	603
49	604
49	605
49	606
49	607
49	608
49	609
49	610
49	611
49	612
50	51
50	52
50	59
50	65
50	76
50	112
50	148
50	198
50	221
50	261
50	267
50	327
50	332
50	337
50	390
50	392
50	403
50	455
50	462
50	472
50	538
50	592
50	602
50	634
50	643
50	672
50	683
50	739
50	765
50	768
50	771
50	775
50	777
50	800
50	837
50	845
50	862
50	888
50	893
50	920
50	932
50	996
50	1068
50	1077
50	1109
50	1116
50	1128
50	1150
50	1182
51	59
51	62
51	91
51	93
51	115
51	164
51	240
51	245
51	258
51	263
51	343
51	383
51	415
51	418
51	464
51	475
51	479
51	532
51	591
51	600
51	611
51	615
51	619
51	621
51	643
51	658
51	659
51	672
51	675
51	685
51	687
51	713
51	722
51	736
51	759
51	762
51	774
51	804
51	884
51	891
51	904
51	991
51	1009
51	1083
51	1121
51	1148
51	1180
51	1184
52	65
52	77
52	91
52	182
52	243
52	297
52	341
52	345
52	353
52	365
52	369
52	399
52	405
52	408
52	437
52	478
52	495
52	581
52	615
52	639
52	690
52	696
52	707
52	737
52	741
52	743
52	748
52	758
52	761
52	787
52	858
52	862
52	960
52	963
52	964
52	1035
52	1060
52	1062
52	1076
52	1141
52	1169
53	613
53	614
53	615
53	616
53	617
53	618
53	619
53	620
53	621
53	622
53	623
53	624
53	625
53	626
53	627
53	628
53	629
53	630
53	631
53	632
53	633
53	634
53	635
53	636
53	637
53	638
53	639
53	640
53	641
53	642
54	643
54	644
54	645
54	646
54	647
54	648
54	649
54	650
54	651
54	652
54	653
54	654
54	655
54	656
54	657
54	658
54	659
54	660
54	661
54	662
54	663
54	664
54	665
54	666
55	667
55	668
55	669
55	670
55	671
55	672
55	673
55	674
55	675
55	676
55	677
55	678
55	679
55	680
55	681
55	682
55	683
55	684
56	685
56	686
56	687
56	688
56	689
56	690
56	691
56	692
56	693
56	694
56	695
56	696
56	697
56	698
56	699
56	700
56	701
56	702
56	703
56	704
56	705
57	706
57	707
57	708
57	709
57	710
57	711
57	712
57	713
57	714
57	715
57	716
57	717
57	718
57	719
57	720
57	721
57	722
57	723
57	724
57	725
57	726
57	727
57	728
57	729
58	730
58	731
58	732
58	733
58	734
58	735
58	736
58	737
58	738
58	739
58	740
58	741
58	742
58	743
58	744
59	68
59	145
59	182
59	222
59	236
59	329
59	423
59	430
59	431
59	560
59	563
59	570
59	604
59	614
59	616
59	622
59	643
59	646
59	656
59	660
59	676
59	699
59	718
59	725
59	729
59	736
59	768
59	794
59	823
59	850
59	886
59	891
59	914
59	950
59	966
59	1132
59	1140
59	1163
60	745
60	746
60	747
60	748
60	749
60	750
60	751
60	752
60	753
60	754
60	755
60	756
60	757
60	758
60	759
60	760
60	761
60	762
60	763
60	764
60	765
61	766
61	767
61	768
61	769
61	770
61	771
61	772
61	773
61	774
61	775
61	776
61	777
61	778
61	779
61	780
62	68
62	71
62	76
62	91
62	166
62	186
62	211
62	251
62	316
62	317
62	325
62	337
62	352
62	360
62	393
62	413
62	421
62	426
62	430
62	456
62	485
62	491
62	578
62	631
62	637
62	702
62	775
62	780
62	781
62	789
62	804
62	806
62	812
62	816
62	826
62	837
62	838
62	845
62	858
62	860
62	898
62	907
62	943
62	958
62	983
62	986
62	1052
62	1065
62	1073
62	1076
62	1085
62	1161
62	1184
63	781
63	782
63	783
63	784
63	785
63	786
63	787
63	788
63	789
63	790
63	791
63	792
63	793
63	794
63	795
63	796
63	797
63	798
64	799
64	800
64	801
64	802
64	803
64	804
64	805
64	806
64	807
64	808
64	809
64	810
64	811
64	812
64	813
65	68
65	91
65	93
65	113
65	114
65	152
65	178
65	200
65	258
65	261
65	265
65	316
65	341
65	372
65	384
65	500
65	518
65	559
65	578
65	589
65	599
65	632
65	636
65	669
65	681
65	712
65	740
65	741
65	772
65	782
65	804
65	818
65	986
65	1018
65	1061
65	1099
65	1139
65	1179
66	814
66	815
66	816
66	817
66	818
66	819
66	820
66	821
66	822
66	823
66	824
66	825
66	826
66	827
66	828
66	829
66	830
66	831
67	832
67	833
67	834
67	835
67	836
67	837
67	838
67	839
67	840
67	841
67	842
67	843
67	844
67	845
67	846
68	76
68	77
68	91
68	122
68	194
68	211
68	220
68	238
68	277
68	326
68	340
68	352
68	406
68	449
68	537
68	557
68	561
68	563
68	618
68	656
68	663
68	666
68	670
68	674
68	685
68	697
68	702
68	716
68	722
68	724
68	742
68	766
68	774
68	780
68	782
68	798
68	800
68	801
68	803
68	809
68	813
68	817
68	824
68	828
68	836
68	853
68	854
68	859
68	906
68	910
68	948
68	967
68	981
68	1005
68	1023
68	1029
68	1037
68	1090
68	1107
68	1172
68	1180
69	847
69	848
69	849
69	850
69	851
69	852
69	853
69	854
69	855
69	856
69	857
69	858
69	859
69	860
69	861
70	862
70	863
70	864
70	865
70	866
70	867
70	868
70	869
70	870
70	871
70	872
70	873
70	874
70	875
70	876
70	877
70	878
70	879
70	880
70	881
70	882
70	883
70	884
70	885
71	76
71	77
71	81
71	111
71	115
71	189
71	250
71	298
71	318
71	353
71	378
71	437
71	453
71	574
71	581
71	676
71	711
71	721
71	733
71	838
71	864
71	876
71	888
71	891
71	893
71	895
71	905
71	906
71	908
71	915
71	922
71	938
71	948
71	961
71	994
71	996
71	1002
71	1105
71	1152
72	886
72	887
72	888
72	889
72	890
72	891
72	892
72	893
72	894
72	895
72	896
72	897
72	898
72	899
72	900
72	901
72	902
72	903
73	904
73	905
73	906
73	907
73	908
73	909
73	910
73	911
73	912
74	913
74	914
74	915
74	916
74	917
74	918
74	919
74	920
74	921
74	922
74	923
74	924
74	925
74	926
74	927
74	928
74	929
74	930
74	931
74	932
74	933
75	934
75	935
75	936
75	937
75	938
75	939
75	940
75	941
75	942
75	943
75	944
75	945
75	946
75	947
75	948
75	949
75	950
75	951
76	77
76	118
76	121
76	147
76	148
76	208
76	215
76	217
76	277
76	342
76	396
76	423
76	440
76	449
76	455
76	456
76	473
76	481
76	648
76	695
76	703
76	718
76	749
76	789
76	792
76	809
76	815
76	834
76	851
76	871
76	875
76	885
76	887
76	895
76	958
76	969
76	972
76	993
76	994
76	1060
76	1076
76	1086
76	1097
76	1107
76	1175
77	93
77	235
77	251
77	276
77	354
77	403
77	421
77	482
77	497
77	509
77	562
77	585
77	641
77	645
77	791
77	809
77	871
77	874
77	888
77	892
77	911
77	916
77	918
77	936
77	939
77	975
77	980
77	993
77	1035
77	1098
77	1141
78	952
78	953
78	954
78	955
78	956
78	957
78	958
78	959
78	960
78	961
78	962
78	963
78	964
78	965
78	966
78	967
78	968
78	969
78	970
78	971
78	972
78	973
78	974
78	975
79	976
79	977
79	978
79	979
79	980
79	981
79	982
79	983
79	984
79	985
79	986
79	987
79	988
79	989
79	990
79	991
79	992
79	993
79	994
79	995
79	996
79	997
79	998
79	999
80	1000
80	1001
80	1002
80	1003
80	1004
80	1005
80	1006
80	1007
80	1008
80	1009
80	1010
80	1011
80	1012
80	1013
80	1014
80	1015
80	1016
80	1017
80	1018
80	1019
80	1020
81	109
81	111
81	263
81	275
81	276
81	334
81	360
81	367
81	404
81	431
81	498
81	527
81	571
81	575
81	641
81	704
81	742
81	780
81	787
81	855
81	874
81	878
81	896
81	899
81	907
81	917
81	918
81	924
81	939
81	940
81	958
81	962
81	993
81	1009
81	1021
81	1078
81	1145
81	1174
82	1021
82	1022
82	1023
82	1024
82	1025
82	1026
82	1027
82	1028
82	1029
82	1030
82	1031
82	1032
82	1033
82	1034
82	1035
82	1036
82	1037
82	1038
82	1039
82	1040
82	1041
83	1042
83	1043
83	1044
83	1045
83	1046
83	1047
83	1048
83	1049
83	1050
83	1051
83	1052
83	1053
83	1054
83	1055
83	1056
83	1057
83	1058
83	1059
83	1060
83	1061
83	1062
84	1063
84	1064
84	1065
84	1066
84	1067
84	1068
84	1069
84	1070
84	1071
84	1072
84	1073
84	1074
84	1075
84	1076
84	1077
84	1078
84	1079
84	1080
84	1081
84	1082
84	1083
84	1084
84	1085
84	1086
85	1087
85	1088
85	1089
85	1090
85	1091
85	1092
85	1093
85	1094
85	1095
85	1096
85	1097
85	1098
85	1099
85	1100
85	1101
85	1102
85	1103
85	1104
86	1105
86	1106
86	1107
86	1108
86	1109
86	1110
86	1111
86	1112
86	1113
86	1114
86	1115
86	1116
86	1117
86	1118
86	1119
87	1120
87	1121
87	1122
87	1123
87	1124
87	1125
87	1126
87	1127
87	1128
87	1129
87	1130
87	1131
87	1132
87	1133
87	1134
87	1135
87	1136
87	1137
87	1138
87	1139
87	1140
88	1141
88	1142
88	1143
88	1144
88	1145
88	1146
88	1147
88	1148
88	1149
88	1150
88	1151
88	1152
88	1153
88	1154
88	1155
89	90
89	91
89	140
89	163
89	165
89	220
89	279
89	301
89	325
89	334
89	339
89	340
89	345
89	418
89	439
89	447
89	599
89	822
89	976
89	1027
89	1040
89	1045
89	1049
89	1078
89	1082
89	1095
89	1100
89	1103
89	1149
89	1177
89	1181
90	91
90	105
90	201
90	220
90	267
90	317
90	359
90	369
90	370
90	414
90	416
90	447
90	479
90	492
90	505
90	519
90	560
90	561
90	572
90	588
90	605
90	624
90	628
90	649
90	674
90	689
90	709
90	749
90	780
90	782
90	875
90	950
90	979
90	1021
90	1028
90	1030
90	1042
90	1053
90	1086
90	1087
90	1090
90	1108
90	1115
90	1116
90	1132
90	1145
90	1146
90	1152
90	1159
90	1165
91	93
91	106
91	119
91	134
91	166
91	169
91	183
91	194
91	204
91	318
91	328
91	347
91	387
91	434
91	450
91	580
91	591
91	597
91	655
91	656
91	742
91	773
91	781
91	810
91	819
91	834
91	890
91	913
91	955
91	1029
91	1039
91	1105
91	1116
91	1123
91	1137
91	1154
91	1183
92	1156
92	1157
92	1158
92	1159
92	1160
92	1161
92	1162
92	1163
92	1164
92	1165
92	1166
92	1167
92	1168
92	1169
92	1170
92	1171
92	1172
92	1173
92	1174
92	1175
92	1176
92	1177
92	1178
92	1179
92	1180
92	1181
92	1182
92	1183
92	1184
92	1185
93	277
93	299
93	339
93	531
93	577
93	586
93	625
93	645
93	653
93	748
93	761
93	784
93	826
93	837
93	866
93	872
93	932
93	969
93	992
93	1045
93	1050
93	1053
93	1081
93	1101
93	1125
93	1134
93	1156
94	95
94	97
94	98
94	99
94	102
94	103
94	104
94	105
94	111
94	115
94	117
94	120
94	121
94	122
94	123
94	124
94	125
94	126
94	128
94	129
94	131
94	132
94	631
94	818
94	926
94	1156
95	98
95	100
95	101
95	102
95	104
95	105
95	108
95	110
95	111
95	113
95	114
95	116
95	119
95	120
95	125
95	127
95	129
95	151
95	641
95	1140
96	97
96	98
96	99
96	101
96	107
96	112
96	114
96	115
96	117
96	119
96	120
96	121
96	122
96	124
96	129
96	819
96	945
97	98
97	104
97	105
97	106
97	114
97	115
97	116
97	117
97	120
97	124
97	125
97	127
97	242
97	267
97	694
97	831
98	99
98	103
98	104
98	108
98	113
98	114
98	115
98	120
98	125
98	129
98	130
98	131
98	132
98	205
98	522
98	1056
99	103
99	105
99	108
99	112
99	113
99	114
99	116
99	121
99	129
99	130
100	101
100	107
100	109
100	110
100	111
100	112
100	116
100	117
100	118
100	126
100	128
100	132
100	319
100	926
101	102
101	103
101	107
101	108
101	111
101	112
101	116
101	118
101	122
101	123
101	124
101	127
101	128
101	131
102	103
102	104
102	108
102	113
102	119
102	126
102	127
102	128
102	129
102	130
102	582
103	104
103	109
103	110
103	113
103	116
103	118
103	125
103	130
103	131
103	132
103	501
103	839
103	913
104	109
104	110
104	116
104	118
104	119
104	120
104	126
104	128
104	130
104	132
104	490
104	666
104	955
105	106
105	107
105	110
105	119
105	123
105	124
105	222
105	403
105	442
105	848
105	1091
106	111
106	114
106	116
106	117
106	122
106	123
106	125
106	126
106	130
106	132
106	360
106	390
106	414
106	622
106	907
107	109
107	111
107	113
107	115
107	116
107	117
107	118
107	120
107	122
107	126
107	127
107	131
107	174
107	664
107	1058
107	1161
108	111
108	112
108	118
108	119
108	121
108	124
108	128
108	129
108	130
108	132
109	116
109	126
109	127
109	128
109	130
109	420
109	599
109	888
109	1101
110	113
110	114
110	115
110	119
110	120
110	121
110	126
110	129
110	457
110	594
111	114
111	115
111	116
111	118
111	120
111	121
111	129
111	130
111	131
111	463
111	541
111	627
111	781
112	117
112	118
112	122
112	382
112	555
112	770
113	116
113	117
113	118
113	119
113	121
113	122
113	124
113	126
113	128
113	131
113	761
113	932
113	1158
114	115
114	116
114	119
114	122
114	123
114	125
114	130
114	789
114	1182
115	120
115	122
115	123
115	124
115	126
115	132
115	206
115	256
115	311
115	477
115	533
115	993
115	1033
116	118
116	122
116	125
116	126
116	127
116	131
116	257
116	943
116	1162
117	119
117	126
117	127
117	130
117	267
117	979
118	120
118	121
118	126
118	127
118	129
118	130
118	132
118	135
118	225
118	569
118	643
119	121
119	124
119	126
119	128
119	130
119	131
119	623
119	931
119	1127
120	122
120	127
120	130
120	131
120	132
121	124
121	127
121	129
121	131
121	132
121	246
121	848
121	852
122	125
122	128
122	132
122	204
122	225
122	248
122	419
122	837
122	902
123	124
123	125
123	126
123	128
123	129
123	130
123	132
123	178
123	395
123	904
124	127
124	128
124	129
124	131
124	132
124	152
124	1041
124	1044
124	1067
125	126
125	128
125	129
125	132
125	568
125	716
126	127
126	130
126	131
126	132
126	749
126	918
127	129
127	131
127	132
127	386
127	800
127	947
127	1035
128	130
128	132
128	205
128	1026
129	130
129	132
129	471
129	591
129	853
129	854
129	956
130	132
130	340
130	832
131	132
131	680
131	748
131	793
131	1015
132	135
132	354
132	401
132	932
132	947
132	1033
133	138
133	141
133	142
133	146
133	148
133	149
133	152
133	178
133	331
133	337
133	429
133	770
133	908
133	986
133	1116
134	136
134	137
134	142
134	143
134	146
134	147
134	148
134	149
134	151
134	248
134	435
134	841
134	1056
135	136
135	138
135	142
135	145
135	148
135	152
135	153
135	263
135	599
135	666
135	1122
136	138
136	140
136	142
136	143
136	145
136	147
136	148
136	151
136	168
136	642
136	888
136	903
136	911
136	982
137	139
137	149
137	150
137	153
137	194
137	408
137	722
137	852
137	1023
138	142
138	143
138	145
138	146
138	149
138	151
138	270
138	418
138	474
138	584
138	1087
139	140
139	144
139	146
139	147
139	148
139	151
139	153
139	179
139	225
139	266
139	268
139	274
139	504
140	142
140	145
140	149
140	153
140	188
140	214
140	585
140	681
140	714
140	902
140	1018
141	143
141	144
141	148
141	150
141	151
141	152
141	153
141	240
141	757
142	145
142	147
142	149
142	152
142	274
142	772
142	961
142	1021
143	144
143	145
143	150
143	151
143	205
143	206
143	638
143	794
143	813
143	817
144	149
144	150
144	152
144	182
144	461
144	928
144	968
145	146
145	149
145	152
145	199
145	325
145	356
145	367
145	818
145	903
145	1018
145	1134
146	148
146	150
146	862
147	150
147	151
147	153
147	201
147	825
147	1127
147	1169
148	150
148	152
148	153
148	308
148	327
148	602
148	911
148	996
148	1071
148	1153
149	151
149	152
149	182
149	322
149	464
149	553
149	641
149	747
149	891
150	690
150	738
150	986
151	152
151	439
151	803
151	854
151	872
151	941
151	996
151	1168
152	281
152	567
152	1103
153	280
153	575
153	721
153	1092
154	155
154	156
154	157
154	159
154	160
154	161
154	162
154	166
154	168
154	170
154	173
154	264
154	307
154	330
154	389
154	883
155	156
155	161
155	162
155	163
155	164
155	166
155	167
155	170
155	171
155	175
155	732
155	1149
156	158
156	159
156	160
156	162
156	164
156	166
156	168
156	169
156	171
156	172
156	174
156	274
156	1122
157	159
157	160
157	163
157	165
157	200
157	259
157	404
157	552
158	159
158	160
158	162
158	163
158	171
158	173
158	174
158	176
158	207
158	580
159	162
159	163
159	164
159	167
159	169
159	170
159	171
159	173
159	177
159	328
159	338
159	570
159	665
159	1136
160	163
160	166
160	168
160	171
160	172
160	173
160	175
160	239
160	310
160	406
160	684
160	773
160	892
160	1012
160	1022
161	165
161	168
161	170
161	171
161	172
161	173
161	174
161	175
161	176
161	264
161	348
161	768
161	812
161	990
161	991
161	1073
162	166
162	170
162	171
162	172
162	173
162	177
162	391
162	850
162	947
163	164
163	167
163	168
163	171
163	177
163	415
163	659
163	1031
164	167
164	168
164	169
164	171
164	172
164	174
164	175
164	198
164	404
164	588
164	768
164	913
165	169
165	170
165	176
165	842
165	854
166	167
166	169
166	171
166	214
166	302
166	567
166	673
166	683
166	927
166	1160
167	173
167	807
167	954
168	174
168	177
168	296
168	346
168	779
168	1127
169	170
169	173
169	174
169	175
169	176
169	465
169	679
169	850
169	1178
170	177
170	283
170	309
170	320
170	671
170	903
171	173
171	176
171	177
171	392
171	588
171	786
171	1126
172	173
172	174
172	175
172	177
172	247
172	537
172	912
172	928
172	1087
173	329
173	1155
174	176
174	942
175	259
175	354
175	404
175	696
175	933
175	1112
176	187
176	209
176	838
177	360
177	816
177	961
178	183
178	186
178	187
178	188
178	189
178	190
178	191
178	292
178	781
178	950
179	182
179	183
179	184
179	185
179	188
179	190
179	240
179	456
179	670
179	672
179	737
179	972
180	181
180	182
180	186
180	188
180	189
180	423
180	472
180	512
180	811
180	1028
180	1080
180	1131
180	1132
181	188
181	189
181	190
181	590
181	652
181	843
181	918
181	1035
181	1067
182	183
182	184
182	187
182	188
182	192
182	249
182	292
182	320
182	689
183	184
183	188
183	192
183	209
183	353
183	363
183	403
183	625
183	726
183	948
183	967
183	1138
184	187
184	188
184	192
184	368
184	770
184	772
184	834
184	849
184	865
185	190
185	191
185	293
185	329
185	767
185	822
185	1139
186	191
186	216
186	953
186	1031
187	188
187	189
187	625
187	912
187	1156
188	189
188	190
188	192
188	381
188	517
188	684
188	978
189	191
189	228
189	316
189	717
189	743
189	768
189	769
189	855
189	1069
189	1091
189	1128
189	1133
190	254
190	285
190	427
190	438
190	520
190	588
190	752
190	782
190	851
190	863
190	943
190	1030
191	192
191	246
191	731
191	951
191	988
192	394
192	488
192	541
192	571
192	661
192	837
192	1030
193	198
193	204
193	206
193	207
193	208
193	210
193	214
193	273
193	848
193	851
193	879
194	195
194	197
194	200
194	204
194	205
194	206
194	207
194	210
194	212
194	214
194	215
194	216
194	325
194	337
194	782
195	196
195	198
195	200
195	201
195	203
195	204
195	205
195	206
195	209
195	210
195	216
195	1017
195	1157
196	197
196	199
196	202
196	207
196	209
196	215
196	216
196	308
196	356
196	435
196	773
196	945
196	1117
197	201
197	203
197	204
197	205
197	207
197	211
197	214
197	232
197	380
197	442
197	549
197	894
197	989
198	200
198	202
198	203
198	207
198	209
198	210
198	213
198	255
198	656
199	200
199	201
199	202
199	204
199	211
199	214
199	215
199	216
199	299
199	422
199	782
199	808
199	826
199	1056
199	1118
199	1147
200	205
200	206
200	211
200	212
200	213
200	215
200	225
200	399
200	419
200	852
200	971
201	202
201	203
201	204
201	214
201	590
201	599
201	680
201	804
201	1106
201	1124
202	204
202	205
202	208
202	210
202	213
202	284
202	385
202	1159
203	204
203	205
203	206
203	208
203	213
203	214
203	216
203	293
203	592
203	593
203	802
204	205
204	213
204	217
204	251
204	403
204	877
204	878
204	1152
205	207
205	208
205	213
205	332
205	399
205	432
205	578
205	590
205	784
205	839
205	929
206	207
206	210
206	211
206	213
206	784
206	814
206	1062
207	208
207	209
207	210
207	212
207	213
207	214
207	215
207	216
207	417
207	663
207	696
207	725
207	803
207	1081
208	210
208	211
208	215
208	402
208	778
208	884
209	211
209	215
209	216
209	301
209	410
209	698
209	747
209	914
210	212
210	847
210	958
210	1101
210	1147
211	212
211	215
211	327
211	339
211	710
211	744
211	885
212	213
212	807
212	1112
213	534
213	1104
214	216
214	367
214	610
214	765
214	786
215	216
215	348
216	319
216	752
216	765
217	219
217	221
217	223
217	233
217	424
217	509
217	562
217	929
217	1070
218	219
218	220
218	221
218	222
218	224
218	227
218	230
218	231
218	232
218	234
218	267
218	906
218	961
219	220
219	224
219	225
219	226
219	230
219	233
219	234
219	259
219	305
219	568
219	665
219	802
219	848
219	969
219	1116
220	221
220	229
220	308
220	503
220	819
220	920
220	951
221	222
221	225
221	226
221	231
221	234
221	352
221	419
221	692
221	932
221	1077
221	1176
222	223
222	224
222	227
222	231
222	232
222	234
222	704
222	746
223	224
223	228
223	229
223	231
223	234
223	361
223	702
223	823
223	1017
224	225
224	226
224	228
224	264
224	401
224	775
224	988
224	1005
225	228
225	232
225	492
225	579
225	737
225	979
226	231
226	232
226	233
226	268
226	391
226	519
226	547
226	607
226	624
226	735
226	933
226	1075
226	1087
227	229
227	232
227	233
227	314
227	521
227	841
227	1111
227	1118
227	1140
228	229
228	233
228	234
228	299
228	334
228	363
228	390
228	478
228	640
229	233
229	234
229	275
229	367
229	670
229	721
230	231
230	233
230	234
230	261
230	316
230	515
230	936
230	948
230	1055
230	1060
230	1167
230	1178
231	233
231	513
231	631
231	648
231	668
231	680
231	714
231	755
231	758
231	770
231	820
232	234
232	317
232	653
232	756
232	768
232	810
232	826
232	1070
232	1124
233	234
233	256
233	353
233	748
233	775
233	1160
234	299
234	549
234	676
234	812
234	971
234	1098
234	1143
235	236
235	242
235	243
235	244
235	245
235	246
235	247
235	248
235	249
235	250
235	253
235	430
235	636
235	676
235	761
236	239
236	242
236	244
236	245
236	246
236	250
236	253
236	255
236	403
236	408
236	861
236	943
236	1108
237	238
237	248
237	253
237	271
237	335
237	339
237	550
237	679
237	906
237	912
237	1146
238	242
238	244
238	245
238	247
238	251
238	604
238	912
238	927
238	928
238	1128
239	241
239	242
239	245
239	249
239	348
239	982
240	241
240	242
240	244
240	245
240	246
240	254
240	347
240	471
240	523
240	557
241	243
241	244
241	245
241	246
241	247
241	249
241	251
241	253
241	255
241	322
241	571
241	851
242	243
242	245
242	246
242	255
242	298
242	316
242	333
243	244
243	250
243	252
243	254
243	255
243	262
243	735
243	837
244	246
244	249
244	250
244	251
244	253
244	255
244	295
244	339
244	792
244	813
245	248
245	252
245	253
245	419
245	458
245	687
245	929
245	1109
245	1128
245	1155
246	250
246	254
246	330
246	581
246	592
246	805
246	954
246	1024
246	1148
247	250
247	252
247	255
247	336
247	416
247	419
247	765
247	898
247	999
248	249
248	254
248	255
248	692
248	869
248	1014
249	251
249	253
249	255
249	290
249	878
249	1011
249	1049
249	1085
250	252
250	255
250	296
250	321
250	898
251	252
251	255
251	532
251	616
251	839
251	1180
252	253
252	254
252	255
252	810
252	939
252	1024
252	1153
253	254
253	255
253	258
253	587
253	896
253	1008
253	1143
254	565
254	658
254	1174
255	289
255	405
255	908
256	259
256	261
256	263
256	264
256	266
256	267
256	348
256	353
256	803
256	834
256	859
256	883
256	931
256	1097
256	1173
257	264
257	397
257	539
257	548
257	806
257	808
257	912
257	979
258	261
258	263
258	264
258	265
258	328
258	388
258	392
258	406
258	470
258	546
258	554
258	571
258	626
258	779
258	798
259	261
259	264
259	265
259	267
259	319
259	548
259	668
259	732
259	823
259	972
259	1063
259	1129
259	1170
260	261
260	264
260	265
260	266
260	267
260	342
260	393
260	769
260	798
260	941
260	949
260	1008
260	1091
260	1142
261	262
261	264
261	547
261	577
261	697
261	790
261	792
261	991
261	1103
262	265
262	266
262	330
262	521
262	550
262	581
262	717
262	984
263	386
263	602
263	621
263	796
263	1015
263	1093
264	266
264	267
264	321
264	423
264	457
264	512
264	537
264	589
264	716
264	729
264	1147
265	406
265	447
265	587
265	816
265	963
265	967
265	968
266	356
266	559
266	630
266	709
266	1048
267	270
267	399
267	431
267	434
267	576
267	856
267	858
267	882
267	1025
267	1048
268	272
268	277
268	285
268	286
268	294
268	388
268	615
268	888
268	1046
268	1132
269	274
269	276
269	278
269	280
269	281
269	284
269	286
269	290
269	294
269	981
269	1075
270	279
270	281
270	282
270	285
270	290
270	292
270	293
271	272
271	276
271	277
271	280
271	284
271	288
271	289
271	290
271	293
271	294
271	336
271	807
271	936
271	1032
271	1130
271	1144
271	1162
272	273
272	277
272	278
272	280
272	281
272	285
272	286
272	289
272	414
272	864
272	905
273	277
273	278
273	281
273	282
273	283
273	286
273	287
273	290
273	291
273	293
273	353
273	1025
274	276
274	277
274	281
274	284
274	286
274	287
274	291
274	349
274	460
274	611
274	774
274	873
274	940
274	1080
274	1104
275	276
275	279
275	280
275	283
275	288
275	289
275	291
275	293
275	294
275	780
275	943
275	1024
275	1027
276	279
276	280
276	281
276	283
276	285
276	286
276	289
276	290
276	291
276	293
276	294
277	279
277	283
277	285
277	286
277	288
277	291
277	292
277	491
277	1029
278	282
278	284
278	286
278	287
278	291
278	292
278	398
278	698
278	886
279	280
279	281
279	282
279	284
279	285
279	289
279	291
279	332
279	770
279	1008
280	281
280	283
280	284
280	286
280	289
280	537
281	282
281	289
281	290
281	291
281	292
281	294
281	378
282	287
282	288
282	290
282	291
282	294
282	731
282	904
283	284
283	286
283	288
283	290
283	384
283	957
284	285
284	290
284	291
284	292
284	293
284	294
284	576
284	675
285	292
285	940
285	1089
286	288
286	290
286	291
286	292
286	294
286	1119
286	1122
287	288
287	290
287	291
287	292
287	293
287	294
287	493
287	499
287	773
287	793
287	1177
288	290
288	331
288	681
288	832
289	290
289	292
289	611
289	696
289	703
289	1057
290	293
290	431
290	771
290	782
290	792
291	292
291	293
291	691
291	734
291	848
291	867
291	1129
292	434
292	772
292	783
292	895
292	1121
292	1147
293	383
293	514
293	606
293	696
293	987
294	410
294	809
294	884
294	923
294	965
294	1014
294	1146
295	297
295	298
295	299
295	301
295	304
295	305
295	308
295	309
295	310
295	461
295	649
295	771
295	922
296	297
296	299
296	300
296	303
296	306
296	307
296	310
296	312
296	687
296	966
296	982
297	299
297	300
297	302
297	305
297	306
297	308
297	610
297	1094
297	1163
298	304
298	305
298	306
298	307
298	308
298	310
298	335
298	339
298	427
298	814
298	1027
298	1086
299	302
299	306
299	307
299	309
299	412
299	472
299	490
299	748
299	813
299	847
299	894
299	918
299	1062
300	302
300	309
300	381
300	725
300	884
300	1055
300	1151
301	311
301	312
301	405
301	453
301	570
301	861
301	1024
301	1126
301	1135
302	305
302	307
302	310
302	393
302	579
302	728
302	736
303	304
303	306
303	307
303	308
303	309
303	310
303	477
303	849
303	1011
304	305
304	307
304	308
304	309
304	352
304	426
304	854
304	869
305	306
305	309
305	310
305	312
305	329
305	550
305	829
305	844
305	876
305	893
305	1157
306	311
306	402
306	412
306	1103
307	308
307	309
307	311
307	369
307	498
307	911
307	994
308	309
308	311
308	826
308	852
308	1028
309	581
309	691
309	739
309	884
309	1001
309	1117
310	311
310	345
310	1129
311	366
311	490
311	600
311	661
311	835
311	1086
312	392
312	556
312	586
312	641
312	689
312	695
312	739
312	842
312	992
312	1036
312	1041
313	316
313	317
313	319
313	322
313	325
313	326
313	327
313	330
313	353
313	587
313	802
313	889
313	1037
314	315
314	316
314	317
314	318
314	321
314	323
314	328
314	503
314	508
314	514
314	980
314	1093
314	1173
315	316
315	317
315	319
315	320
315	322
315	330
315	415
315	421
315	731
315	982
316	319
316	321
316	322
316	327
316	328
316	518
316	549
317	322
317	323
317	326
317	327
317	665
317	922
317	1114
318	319
318	320
318	323
318	324
318	443
318	585
318	594
318	610
318	698
318	790
318	849
318	918
318	979
318	1062
319	320
319	323
319	421
319	630
319	753
319	777
319	924
319	985
319	1007
320	321
320	322
320	323
320	325
320	326
320	330
320	684
320	733
320	752
320	786
320	905
320	1089
321	322
321	324
321	326
321	327
321	329
321	357
321	1091
321	1092
322	323
322	325
322	327
322	429
322	617
322	688
322	815
322	905
323	324
323	328
323	329
323	330
323	334
323	394
323	484
323	573
323	580
323	1045
323	1175
324	327
324	352
324	394
324	429
324	1107
325	329
325	330
325	1008
326	330
326	349
326	425
326	663
326	916
327	328
327	503
327	694
327	855
328	329
328	487
328	651
328	692
328	695
328	730
328	1011
329	330
329	571
329	736
329	740
329	1103
329	1151
330	554
330	642
330	1056
331	332
331	333
331	334
331	335
331	336
331	338
331	339
331	340
331	342
331	502
331	708
331	749
331	764
331	846
331	1108
331	1130
331	1138
332	334
332	336
332	337
332	338
332	365
332	412
332	556
332	688
332	771
333	335
333	336
333	340
333	341
333	345
333	386
333	742
333	842
333	893
333	992
333	1005
333	1036
334	337
334	338
334	341
334	394
334	587
334	798
334	800
334	1066
334	1088
335	340
335	342
335	343
335	352
335	444
335	491
335	585
335	908
335	912
336	340
336	342
336	343
336	344
336	371
336	850
336	960
336	1029
337	340
337	345
337	359
337	663
337	1045
337	1127
338	340
338	342
338	343
338	344
338	367
338	532
338	605
338	634
338	993
338	1059
339	341
339	344
339	345
339	586
339	821
339	946
339	968
340	345
340	757
340	767
340	836
340	1139
341	343
341	345
341	560
341	688
341	1025
342	345
342	363
342	454
342	775
343	344
343	391
343	489
343	562
343	771
343	996
343	1150
344	350
344	361
344	375
344	390
344	559
344	733
344	928
345	637
345	757
345	923
345	990
346	347
346	349
346	350
346	353
346	354
346	355
346	358
346	640
346	897
346	1024
346	1078
347	353
347	354
347	355
347	360
347	403
347	1154
348	349
348	357
348	358
348	359
348	365
348	407
348	561
348	966
349	351
349	353
349	358
349	359
349	491
349	596
349	631
349	770
349	1058
349	1168
350	354
350	355
350	357
350	367
350	595
350	802
350	804
350	1109
350	1128
350	1138
350	1145
351	352
351	353
351	354
351	355
351	356
351	358
351	359
351	547
351	780
351	1048
352	355
352	356
352	359
352	789
352	897
352	977
352	1016
352	1054
353	354
353	357
353	359
353	394
353	407
353	689
353	702
353	747
353	801
353	1130
354	355
354	359
354	828
354	935
354	985
354	1029
355	539
355	671
355	756
355	824
355	1027
356	357
356	359
356	360
356	505
356	594
356	661
356	805
356	873
356	904
356	1142
356	1170
357	358
357	360
357	377
357	513
357	584
357	891
357	1153
358	693
358	922
358	1028
358	1095
359	713
359	889
359	1069
359	1111
360	610
360	684
360	844
360	1010
360	1094
360	1122
361	363
361	368
361	370
361	374
361	376
361	378
361	380
361	381
361	596
361	616
361	1090
362	364
362	366
362	368
362	369
362	376
362	381
362	382
362	383
362	584
362	617
362	709
362	1119
363	365
363	366
363	367
363	370
363	371
363	373
363	374
363	375
363	376
363	379
363	383
363	733
363	747
364	366
364	371
364	372
364	375
364	378
364	382
364	383
364	434
364	807
364	836
364	850
364	1168
365	366
365	371
365	373
365	375
365	377
365	380
365	381
365	384
365	685
365	820
365	849
365	853
365	859
365	994
365	1095
365	1176
366	367
366	371
366	372
366	373
366	374
366	380
366	687
366	778
366	904
366	1013
367	368
367	370
367	371
367	377
367	381
367	383
367	415
367	812
367	898
368	369
368	370
368	376
368	379
368	380
368	384
368	559
369	371
369	373
369	375
369	378
369	380
369	381
369	383
369	384
369	558
369	759
369	995
370	372
370	373
370	374
370	375
370	377
370	378
370	380
370	381
370	579
370	597
370	679
371	372
371	377
371	378
371	380
371	381
371	382
371	383
371	739
371	761
371	872
372	376
372	377
372	527
372	927
373	375
373	377
373	378
373	379
373	381
373	383
373	589
374	378
374	381
374	1118
375	377
375	378
375	379
375	390
375	591
375	688
375	847
375	906
375	945
376	379
376	401
376	567
376	575
376	721
376	1111
377	381
377	383
377	384
377	433
377	784
377	872
377	882
378	379
378	384
378	396
378	406
378	904
379	380
379	381
379	383
379	384
379	565
379	627
379	813
380	382
380	383
380	384
380	501
380	1034
381	382
381	790
381	830
381	1049
381	1155
382	466
382	572
382	593
382	596
382	660
382	700
382	779
383	410
383	492
384	544
385	387
385	389
385	390
385	391
385	396
385	670
385	698
385	759
385	763
385	847
386	387
386	388
386	389
386	390
386	394
386	397
386	582
386	743
386	973
386	1128
387	391
387	392
387	394
387	396
387	398
387	667
387	681
387	774
387	1017
388	389
388	391
388	394
388	395
388	397
388	587
388	749
388	913
388	1123
389	390
389	391
389	392
389	395
389	439
389	860
389	890
389	974
389	1167
390	391
390	392
390	396
390	397
390	574
390	621
390	698
390	749
390	1063
391	392
391	397
391	399
391	569
392	393
392	395
392	396
392	398
392	404
392	583
392	733
392	972
392	1021
393	394
393	397
393	398
393	401
393	674
393	734
393	774
393	1106
394	399
394	742
394	834
394	848
394	1150
395	672
395	730
395	1112
395	1166
396	397
396	448
396	453
396	561
396	578
396	600
396	639
396	736
396	836
396	992
396	1033
396	1053
397	524
397	648
397	837
397	852
397	961
397	962
397	995
397	1110
398	399
398	609
398	695
398	707
398	969
398	1059
398	1070
398	1164
399	479
399	495
399	545
399	797
399	808
399	823
399	1015
400	401
400	403
400	407
400	408
400	409
400	412
400	414
400	415
400	417
400	427
400	630
400	803
400	868
401	402
401	412
401	414
401	431
401	575
401	855
401	982
401	1066
402	404
402	405
402	406
402	407
402	408
402	415
402	435
402	609
402	744
402	960
403	404
403	407
403	408
403	412
403	413
404	405
404	407
404	409
404	412
404	540
404	589
404	604
404	629
404	712
404	732
405	406
405	410
405	411
405	414
405	417
405	429
405	709
405	738
405	764
405	791
405	904
406	407
406	409
406	415
406	599
406	762
406	1137
406	1140
407	410
407	414
407	415
407	417
407	597
407	794
407	1133
407	1148
408	409
408	412
408	478
408	649
408	1008
409	410
409	411
409	413
409	414
409	417
409	805
409	911
409	1090
410	411
410	412
410	416
410	417
410	854
410	1154
411	414
411	415
411	417
411	509
411	608
411	714
411	774
411	836
411	1048
412	413
412	415
412	417
412	529
412	610
412	739
412	1007
412	1042
412	1116
413	415
413	416
413	417
413	478
413	827
414	415
414	628
414	847
414	948
414	992
415	416
415	453
415	905
416	746
416	782
416	957
416	963
416	1085
416	1181
417	709
417	750
417	827
417	846
417	1041
417	1047
418	423
418	425
418	431
418	435
418	671
419	421
419	425
419	426
419	430
419	431
419	433
419	435
419	513
419	569
419	704
419	1134
420	422
420	424
420	429
420	430
420	431
420	435
420	631
420	655
420	757
420	779
420	864
421	428
421	429
421	430
421	432
421	433
421	435
421	566
421	570
421	708
421	810
421	882
422	423
422	427
422	428
422	429
422	431
422	482
422	627
422	682
423	425
423	426
423	428
423	430
423	433
423	628
423	663
423	1104
424	460
424	507
424	573
424	647
424	659
424	720
424	740
424	805
424	813
424	1120
425	426
425	427
425	429
425	431
425	433
425	435
425	647
425	696
425	709
425	710
425	902
425	1096
425	1112
425	1150
426	427
426	430
426	433
426	434
426	583
426	737
426	851
426	1084
427	428
427	432
427	433
427	554
427	928
427	985
428	429
428	430
428	431
428	433
428	434
428	435
428	842
429	431
429	434
429	715
429	770
429	999
429	1061
429	1089
429	1092
430	433
430	434
430	568
430	833
430	842
430	1095
431	434
431	890
431	912
431	980
431	1148
431	1165
431	1180
432	433
432	434
432	435
432	550
432	724
432	781
432	806
433	986
434	435
434	453
434	488
434	494
434	611
434	903
434	911
434	1018
434	1093
434	1145
435	586
435	714
435	880
435	899
435	1101
435	1151
436	439
436	443
436	444
436	445
436	453
436	456
436	457
436	459
436	461
436	972
436	979
437	439
437	445
437	446
437	450
437	451
437	453
437	456
437	460
437	461
437	489
437	1144
438	440
438	441
438	442
438	443
438	448
438	449
438	454
438	457
438	458
438	459
438	460
438	461
438	625
438	1110
439	441
439	443
439	444
439	445
439	449
439	450
439	453
439	455
439	458
439	459
439	739
439	1056
439	1145
440	443
440	447
440	448
440	450
440	451
440	452
440	453
440	457
440	458
440	460
440	611
440	1154
441	445
441	446
441	448
441	453
441	455
441	456
441	458
441	462
441	687
441	770
442	444
442	446
442	447
442	449
442	450
442	452
442	453
442	456
442	462
443	445
443	446
443	449
443	456
443	457
443	458
443	460
443	461
443	462
444	445
444	449
444	450
444	451
444	458
444	459
444	460
444	585
445	447
445	448
445	449
445	450
445	453
445	454
445	456
445	462
445	476
445	598
445	915
445	1179
446	448
446	449
446	450
446	451
446	454
446	455
446	457
446	459
446	461
446	462
446	490
446	583
446	752
446	1136
446	1156
447	448
447	452
447	458
447	576
447	785
447	862
448	451
448	454
448	455
448	544
448	795
448	891
448	900
449	450
450	452
450	453
450	454
450	457
450	458
450	459
450	718
450	719
450	736
451	452
451	461
451	812
451	1068
451	1074
451	1152
452	458
452	459
452	460
452	462
453	456
453	457
453	462
453	480
453	766
454	456
454	457
454	535
454	768
454	771
454	930
454	1043
455	457
455	459
455	460
455	569
455	802
455	1055
456	457
456	458
456	459
456	461
456	672
456	681
457	462
457	853
457	1084
458	460
458	461
458	462
458	773
458	895
458	898
459	461
459	462
459	757
459	1031
459	1123
460	462
460	926
460	1075
461	462
461	503
461	587
461	658
461	882
462	498
463	464
463	468
463	470
463	473
463	475
463	477
463	479
463	480
463	485
463	486
463	487
463	488
463	489
463	490
463	492
463	1172
464	465
464	466
464	467
464	469
464	470
464	473
464	474
464	476
464	482
464	484
464	486
464	488
464	489
464	490
464	867
465	466
465	468
465	469
465	471
465	474
465	475
465	476
465	477
465	478
465	480
465	481
465	485
465	486
465	488
465	489
465	490
465	600
466	468
466	469
466	471
466	472
466	477
466	480
466	481
466	487
466	491
466	767
466	840
466	860
467	469
467	472
467	473
467	475
467	478
467	480
467	485
467	486
467	491
467	501
467	688
467	787
467	853
468	470
468	473
468	475
468	476
468	478
468	479
468	481
468	482
468	485
468	489
468	490
468	492
468	498
468	877
468	1152
469	471
469	473
469	474
469	477
469	480
469	481
469	483
469	487
469	488
469	893
470	471
470	472
470	474
470	476
470	485
470	490
470	594
470	1078
471	473
471	474
471	475
471	479
471	483
471	486
471	488
471	490
471	492
471	637
471	730
472	474
472	478
472	479
472	480
472	483
472	484
472	485
472	488
472	490
472	491
472	577
472	1100
472	1148
473	474
473	486
473	491
473	906
473	1029
473	1112
474	476
474	477
474	478
474	483
474	487
474	488
474	492
474	853
474	883
475	476
475	478
475	479
475	480
475	489
475	950
475	1132
476	477
476	481
476	489
476	492
476	561
476	596
477	479
477	482
477	483
477	484
477	485
477	486
477	487
477	488
477	491
477	512
477	784
478	481
478	482
478	484
478	486
478	491
478	1076
478	1103
479	480
479	487
479	492
479	587
479	688
479	904
479	1014
480	486
480	489
480	490
480	491
480	492
480	554
480	564
480	642
480	703
480	752
480	944
480	950
480	961
481	485
481	489
481	491
481	553
481	719
482	483
482	486
482	487
482	490
482	491
482	492
482	513
482	561
482	982
483	485
483	488
483	489
483	492
483	679
483	752
483	1040
484	487
484	489
484	490
484	533
485	486
486	487
486	488
486	548
487	488
487	492
487	810
487	843
487	945
488	489
488	591
488	841
488	887
488	1164
489	491
489	533
489	1128
489	1139
490	502
490	607
491	492
491	681
491	895
492	731
492	1147
493	494
493	496
493	502
493	503
493	507
493	510
493	511
493	512
493	513
493	514
493	518
493	606
493	710
493	847
493	867
493	890
493	908
493	962
494	498
494	501
494	505
494	510
494	515
494	516
494	517
494	519
494	650
494	686
494	797
494	856
494	1146
494	1150
495	496
495	498
495	499
495	500
495	502
495	503
495	512
495	513
495	518
495	519
495	576
495	916
495	1116
496	498
496	500
496	501
496	503
496	504
496	505
496	509
496	514
496	515
496	579
496	629
496	1062
497	501
497	506
497	510
497	511
497	514
497	516
497	517
497	518
497	519
497	656
497	676
497	903
497	1079
498	503
498	506
498	513
498	516
498	517
498	519
498	747
498	792
498	856
498	1086
499	501
499	505
499	510
499	512
499	516
499	909
500	505
500	508
500	510
500	515
500	518
500	731
500	789
500	1017
500	1148
501	502
501	504
501	506
501	507
501	508
501	509
501	511
501	512
501	516
501	517
501	518
501	519
501	548
501	809
501	996
501	1048
502	503
502	511
502	513
502	514
502	517
503	504
503	508
503	513
503	515
503	516
503	519
503	538
503	725
503	785
504	505
504	506
504	509
504	510
504	515
504	518
504	582
504	590
504	776
504	781
505	508
505	509
505	511
505	512
505	513
505	515
505	516
505	519
505	654
505	804
506	510
506	512
506	514
506	516
506	853
506	1012
506	1067
507	512
507	514
507	515
507	516
507	519
507	547
507	658
507	1055
507	1120
508	510
508	511
508	513
508	515
508	517
508	907
509	510
509	511
509	512
509	513
509	514
509	517
509	668
510	511
510	512
510	513
510	515
510	517
511	512
511	514
511	608
511	859
511	918
512	514
512	515
512	518
512	519
512	953
512	971
513	515
513	518
513	519
513	649
513	720
513	737
514	516
514	536
514	597
514	780
515	517
515	518
515	564
515	896
515	990
516	517
516	518
516	519
516	562
516	747
516	1040
516	1066
516	1078
517	592
517	692
517	1099
518	557
518	587
518	594
519	587
519	1089
520	521
520	522
520	526
520	527
520	528
520	529
520	530
520	534
520	536
520	542
520	544
520	548
520	549
520	550
520	552
520	589
520	971
521	526
521	527
521	530
521	531
521	534
521	535
521	536
521	542
521	543
521	545
521	552
521	567
521	903
521	1138
522	524
522	531
522	532
522	533
522	534
522	538
522	540
522	544
522	545
522	547
522	548
522	549
522	552
522	725
522	880
522	891
522	1150
523	528
523	531
523	535
523	537
523	544
523	545
523	550
523	825
523	968
523	972
523	1008
524	525
524	526
524	529
524	531
524	532
524	534
524	543
524	546
524	548
524	551
524	562
524	594
524	870
525	530
525	532
525	535
525	537
525	540
525	543
525	544
525	547
525	551
525	834
526	527
526	528
526	533
526	535
526	536
526	537
526	540
526	545
526	548
526	550
526	626
526	656
526	664
526	1091
527	535
527	536
527	537
527	538
527	543
527	545
527	546
527	550
527	552
527	1073
528	531
528	532
528	533
528	534
528	536
528	538
528	542
528	543
528	548
528	555
528	741
528	858
528	1005
529	532
529	538
529	541
529	543
529	546
529	548
529	552
529	554
529	559
529	620
529	710
530	533
530	534
530	536
530	537
530	538
530	539
530	541
530	542
530	548
530	551
530	552
530	583
530	775
530	854
531	532
531	533
531	535
531	538
531	539
531	540
531	541
531	543
531	546
531	547
531	549
531	551
531	747
531	891
532	536
532	537
532	538
532	541
532	542
532	543
532	544
532	551
532	552
532	747
532	806
533	534
533	535
533	536
533	538
533	539
533	540
533	541
533	547
533	549
533	550
533	654
533	853
533	878
533	917
533	1134
534	540
534	543
534	546
534	547
534	548
534	549
534	551
534	552
534	687
534	774
534	1135
535	537
535	540
535	544
535	547
535	1010
536	538
536	539
536	542
536	546
536	547
536	550
536	551
536	887
537	538
537	539
537	541
537	545
537	550
538	539
538	541
538	543
538	544
538	546
538	550
538	838
538	890
538	921
539	540
539	543
539	544
539	545
539	546
539	547
539	550
539	908
540	546
540	548
540	550
540	551
540	618
540	747
540	1043
540	1109
541	543
541	544
541	546
541	550
541	716
542	543
542	544
542	545
542	546
542	549
542	550
542	552
543	548
543	549
543	552
543	1100
543	1106
544	548
544	549
544	550
544	737
544	915
545	549
545	1105
546	547
546	548
546	550
547	548
547	552
547	580
547	1106
548	550
548	552
548	677
548	959
549	550
549	551
549	774
550	552
550	619
550	1053
552	565
552	957
553	558
553	559
553	560
553	561
553	562
553	563
553	564
553	565
553	753
553	1088
553	1160
554	555
554	559
554	561
554	562
554	566
554	567
554	597
554	711
554	858
554	935
554	1027
554	1064
554	1119
555	558
555	560
555	563
555	564
555	601
555	627
555	903
555	909
555	910
555	967
555	1148
556	559
556	563
556	564
556	592
556	691
556	740
556	804
556	814
556	902
557	559
557	561
557	565
557	566
557	567
557	604
557	667
557	771
557	782
557	816
557	838
557	867
557	1094
557	1107
557	1176
558	559
558	561
558	564
558	567
558	581
558	671
558	745
558	889
558	906
558	912
558	1125
559	561
559	562
559	566
559	567
559	591
559	697
559	713
559	718
559	740
560	561
560	566
560	578
560	589
560	718
560	776
560	975
560	1027
560	1120
560	1131
561	563
561	565
561	566
561	569
561	950
561	1184
562	563
562	566
562	792
562	838
563	653
563	718
563	907
564	684
564	825
564	915
564	1030
564	1114
565	825
565	946
565	957
566	567
566	854
566	1009
567	906
567	1053
567	1106
567	1132
568	570
568	571
568	575
568	576
568	580
568	582
568	588
568	701
568	735
568	740
568	814
568	876
568	968
568	1100
569	571
569	575
569	576
569	707
569	1054
569	1070
569	1085
569	1131
570	571
570	572
570	576
570	577
570	579
570	580
570	582
570	669
570	923
570	932
570	1172
571	573
571	574
571	579
571	581
571	582
571	666
571	884
571	911
571	981
571	1071
572	574
572	576
572	577
572	578
572	580
572	720
572	738
572	777
572	879
572	1128
573	577
573	580
573	663
573	719
573	963
573	1157
573	1182
574	579
574	580
574	582
574	621
574	669
574	797
574	867
575	576
575	580
575	807
575	1013
575	1049
575	1118
576	577
576	579
576	582
576	911
577	578
577	580
577	912
577	1005
578	582
578	583
578	595
578	635
578	906
578	907
579	581
579	585
579	720
579	1056
579	1065
580	582
580	716
580	823
580	833
580	1109
581	582
581	607
581	861
581	901
581	978
581	1116
581	1174
582	639
582	772
582	844
582	869
582	910
582	919
582	1061
582	1094
582	1122
583	586
583	587
583	664
583	735
583	861
583	873
583	917
583	1058
584	588
584	590
584	600
584	864
584	867
584	1030
584	1148
584	1153
585	588
585	589
585	590
585	596
585	645
585	651
585	808
585	853
585	904
585	1069
585	1093
585	1155
585	1184
586	587
586	589
586	590
586	749
586	779
586	965
586	1023
586	1046
587	591
587	612
587	617
587	658
587	763
587	775
587	849
587	896
587	921
587	1000
587	1037
587	1145
588	589
588	591
588	701
588	738
588	773
588	821
588	985
588	1036
588	1148
589	591
589	612
589	806
589	810
589	1059
589	1074
590	803
590	841
590	983
590	996
590	1117
590	1173
591	757
591	771
591	796
591	798
591	809
591	942
591	998
591	1017
591	1142
591	1155
592	596
592	597
592	598
592	599
592	602
592	603
592	606
592	607
592	610
592	758
592	919
592	934
592	1001
593	596
593	599
593	604
593	605
593	606
593	607
593	610
593	677
593	681
593	917
594	595
594	599
594	605
594	607
594	608
594	609
594	611
594	731
594	1118
594	1131
595	596
595	599
595	605
595	607
595	610
595	871
595	878
595	883
595	1022
595	1069
596	597
596	599
596	600
596	603
596	604
596	606
596	608
596	611
596	612
596	851
596	925
597	598
597	599
597	600
597	603
597	608
597	609
597	610
597	724
597	800
597	868
597	1124
598	599
598	603
598	604
598	608
598	609
598	610
598	611
598	612
598	646
598	888
598	1086
598	1111
598	1145
599	601
599	602
599	607
599	612
599	630
599	652
599	814
599	934
599	987
599	1138
600	601
600	603
600	604
600	606
600	607
600	609
600	610
600	612
600	621
601	602
601	605
601	606
601	609
601	756
601	1005
601	1123
601	1154
602	606
602	611
602	1008
602	1121
603	606
603	610
603	938
603	1021
603	1183
604	608
604	609
604	779
604	859
605	609
605	611
605	824
605	1017
606	607
606	608
606	609
606	896
607	608
607	609
607	610
607	1063
608	622
608	916
608	918
608	1144
608	1155
609	730
609	994
610	612
610	677
611	612
611	615
611	1180
612	695
612	778
612	783
612	934
612	1063
613	619
613	627
613	630
613	631
613	634
613	639
613	641
613	642
613	709
613	861
613	1111
614	618
614	619
614	625
614	626
614	627
614	630
614	631
614	632
614	634
614	636
614	637
614	640
614	641
614	642
614	933
615	618
615	625
615	628
615	629
615	630
615	631
615	634
615	635
615	636
615	639
615	641
615	691
615	853
616	619
616	628
616	631
616	632
616	634
616	636
616	640
616	731
616	1038
616	1043
616	1045
617	618
617	619
617	620
617	622
617	625
617	631
617	634
617	639
617	642
617	742
617	913
618	621
618	623
618	626
618	627
618	629
618	631
618	635
618	637
618	641
618	912
618	1100
619	622
619	626
619	629
619	633
619	634
619	638
619	639
619	640
619	677
619	779
619	879
619	886
619	1156
620	623
620	625
620	626
620	629
620	630
620	632
620	636
620	637
620	641
620	811
620	821
620	827
620	1083
620	1096
621	623
621	624
621	626
621	629
621	630
621	631
621	633
621	634
621	635
621	636
621	639
621	640
621	641
621	950
622	624
622	625
622	626
622	628
622	629
622	630
622	634
622	637
622	639
622	640
622	641
622	642
622	793
622	951
623	627
623	632
623	634
623	635
623	637
623	641
623	642
623	768
623	997
624	625
624	626
624	627
624	630
624	636
624	637
624	639
624	640
624	641
624	906
624	927
624	1030
624	1178
625	627
625	629
625	630
625	631
625	634
625	638
625	641
625	898
625	933
626	627
626	630
626	633
626	636
626	638
626	641
626	1005
627	629
627	631
627	632
627	633
627	636
627	638
627	639
627	640
627	641
627	759
627	787
627	961
627	1022
628	631
628	635
628	636
628	639
628	642
628	756
629	632
629	634
629	636
629	637
629	651
629	682
629	793
629	1022
630	632
630	633
630	639
630	642
630	780
630	1017
631	634
631	635
631	844
632	635
632	637
632	638
632	640
632	642
632	864
633	636
633	637
633	640
633	641
633	1125
633	1141
634	636
634	637
634	763
634	854
635	899
636	639
636	641
636	712
636	1132
637	638
637	639
637	642
637	779
637	1068
638	639
638	640
639	642
639	711
639	862
639	894
639	952
640	642
640	767
640	795
640	904
641	642
641	1088
642	693
642	1039
642	1066
643	646
643	648
643	649
643	654
643	656
643	666
643	1023
644	646
644	647
644	648
644	649
644	651
644	652
644	655
644	660
644	734
645	649
645	650
645	654
645	656
645	658
645	659
645	660
645	662
645	663
645	664
645	666
645	682
645	855
645	885
645	943
645	1073
646	648
646	649
646	650
646	652
646	653
646	655
646	656
646	657
646	660
646	664
646	665
646	869
646	1141
646	1182
647	652
647	654
647	657
647	658
647	659
647	666
647	741
647	1011
647	1051
648	650
648	657
648	661
648	880
648	1138
649	654
649	658
649	689
649	807
649	955
649	963
649	1055
650	652
650	653
650	654
650	656
650	657
650	658
650	660
650	662
650	663
650	666
650	856
650	908
651	652
651	654
651	655
651	659
651	660
651	663
651	664
651	862
651	1133
652	657
652	658
652	659
652	661
652	662
652	663
652	664
652	666
652	748
652	920
652	1145
653	655
653	656
653	657
653	662
653	663
653	664
653	665
653	666
653	1101
654	656
654	657
654	665
654	968
654	1141
655	658
655	659
655	662
655	727
655	826
655	882
656	658
656	659
656	660
656	663
656	664
656	666
656	1178
657	658
657	660
657	666
657	1038
658	661
658	662
658	665
658	666
658	909
659	661
659	663
659	664
659	665
659	666
659	762
659	1087
660	665
660	666
660	1183
661	810
662	665
662	666
663	666
663	769
663	1032
664	665
664	822
664	969
665	690
665	778
665	1134
666	780
666	1094
667	668
667	670
667	673
667	675
667	679
667	680
667	681
667	683
667	702
667	742
667	781
667	1057
667	1121
668	669
668	671
668	673
668	674
668	677
668	679
668	680
668	681
668	682
668	684
668	737
668	839
668	840
669	673
669	675
669	678
669	681
669	682
669	683
670	674
670	680
670	683
670	690
670	815
671	672
671	673
671	682
671	683
671	692
671	798
671	928
671	933
672	677
672	679
672	681
672	683
672	731
672	743
672	1148
673	675
673	676
673	677
673	678
673	679
673	682
673	684
673	688
673	764
673	782
674	675
674	676
674	677
674	679
674	680
674	681
674	682
674	684
674	939
674	1038
675	676
675	679
675	683
675	731
675	972
675	1052
675	1169
676	681
676	683
676	741
676	813
676	844
676	1026
676	1101
677	678
677	721
677	803
677	1126
678	679
678	837
678	903
678	1151
679	708
679	819
679	943
679	1030
680	684
680	740
680	750
680	849
680	905
680	912
680	1154
681	751
681	798
681	885
681	1001
681	1068
682	683
682	684
682	786
682	833
682	844
682	853
682	916
682	1045
683	684
683	899
683	1105
683	1126
684	970
684	1055
684	1181
685	688
685	692
685	693
685	700
685	701
685	703
685	704
686	689
686	691
686	692
686	697
686	700
686	702
686	703
686	704
686	767
686	876
686	1074
686	1164
687	692
687	693
687	694
687	695
687	696
687	703
687	705
687	753
687	1062
688	690
688	691
688	693
688	696
688	701
688	703
688	989
688	1072
688	1182
689	694
689	697
689	702
689	703
689	705
689	748
690	693
690	696
690	700
690	703
690	705
690	787
690	871
690	881
690	908
691	696
691	698
691	699
691	701
691	702
691	704
691	730
691	809
692	693
692	695
692	696
692	700
692	701
692	705
692	882
693	695
693	697
693	698
693	700
693	701
693	703
693	704
693	830
693	1106
694	695
694	696
694	697
694	702
694	704
694	705
694	770
695	696
695	698
695	703
695	705
695	1109
696	698
696	704
696	705
696	748
696	865
696	918
697	698
697	699
697	703
697	776
697	811
697	888
697	926
697	1078
697	1118
698	700
698	702
698	705
698	715
699	701
699	702
699	704
699	801
699	819
699	1105
700	726
700	789
700	813
700	870
700	1089
700	1102
701	702
701	704
701	705
701	736
701	916
701	1015
701	1082
702	704
702	906
702	994
703	705
703	905
703	916
703	966
703	1005
703	1007
704	914
705	726
705	861
705	909
705	1018
705	1152
706	707
706	711
706	712
706	713
706	714
706	718
706	721
706	722
706	723
706	787
706	900
706	998
706	1184
707	708
707	709
707	711
707	714
707	716
707	718
707	719
707	720
707	723
707	726
707	727
707	728
707	729
707	831
707	980
707	1164
708	713
708	714
708	715
708	716
708	717
708	719
708	722
708	726
708	727
708	728
708	902
708	1110
709	711
709	713
709	718
709	721
709	723
709	729
710	711
710	713
710	716
710	722
710	723
710	726
710	728
710	729
710	784
711	715
711	716
711	718
711	719
711	720
711	722
711	728
711	777
711	978
712	713
712	718
712	720
712	721
712	722
712	723
712	724
712	725
712	727
712	729
712	1144
712	1183
713	715
713	718
713	722
713	728
713	729
713	758
714	719
714	721
714	727
714	728
714	860
715	717
715	718
715	719
715	728
715	989
715	1148
716	720
716	722
716	723
716	724
716	725
716	728
717	726
717	728
717	931
717	1117
718	723
718	724
718	727
718	728
718	729
718	1059
719	721
719	722
719	723
719	724
719	727
719	732
719	778
719	895
719	929
720	726
720	729
720	963
721	724
721	729
721	761
722	724
722	727
722	728
723	724
723	727
723	729
723	853
723	1002
723	1049
724	725
724	729
724	854
724	981
725	727
725	728
725	729
726	861
726	1154
727	905
727	932
727	1032
728	729
728	976
728	1109
728	1146
729	768
729	1022
729	1027
730	733
730	734
730	736
730	739
730	742
730	787
730	891
731	732
731	737
731	743
731	778
731	926
731	977
732	735
732	737
732	739
732	740
732	741
732	742
732	743
732	761
732	770
732	1003
732	1037
732	1062
732	1104
732	1108
733	734
733	736
733	737
733	738
733	740
733	741
733	742
733	1128
733	1166
734	736
734	740
734	742
734	743
734	807
734	1055
735	737
735	739
735	740
735	741
735	744
735	926
736	738
736	741
736	742
736	1061
737	739
737	741
737	742
737	744
737	748
737	794
737	879
737	1102
738	748
738	832
738	1005
738	1086
739	742
739	744
739	827
739	848
739	865
739	1031
739	1105
740	744
740	822
740	1017
741	742
741	791
741	896
741	944
742	1070
742	1174
743	835
743	906
743	917
743	1012
744	809
744	876
744	895
744	907
744	1177
745	747
745	749
745	750
745	752
745	755
745	760
745	761
745	762
745	764
745	814
745	1100
745	1147
746	748
746	754
746	756
746	757
746	760
746	762
746	764
746	1011
747	753
747	757
747	759
747	761
747	815
747	820
748	749
748	752
748	754
748	758
748	761
748	762
748	765
748	823
748	908
748	1049
749	750
749	751
749	764
749	771
749	887
749	894
749	1093
750	752
750	756
750	757
750	758
750	759
750	761
750	762
750	765
750	857
750	1086
750	1121
751	757
751	758
751	759
751	763
751	906
751	1044
751	1117
752	756
752	759
752	761
752	762
752	763
752	764
752	916
752	956
753	756
753	764
753	765
753	1028
754	755
754	756
754	759
754	760
754	763
754	764
754	774
755	756
755	757
755	760
755	761
755	762
755	763
755	764
755	765
755	774
755	922
755	928
755	1057
756	763
756	966
756	987
757	765
757	1065
758	759
758	764
759	760
759	761
759	762
759	763
759	764
759	765
760	762
760	763
760	1004
760	1023
760	1110
760	1170
761	762
761	763
761	764
761	786
761	1110
761	1180
762	763
762	764
762	765
762	825
763	765
763	898
763	1049
763	1085
765	1168
766	771
766	772
766	773
766	774
766	779
766	780
766	1000
767	768
767	770
767	776
767	779
767	792
767	813
767	934
767	973
767	985
767	1013
767	1103
768	769
768	772
768	775
768	777
768	778
768	779
768	1103
769	770
769	773
769	776
769	777
769	778
769	1047
769	1157
770	771
770	773
770	774
770	775
770	776
770	1035
770	1059
770	1130
771	774
771	776
771	777
771	837
771	849
771	853
771	1105
772	773
772	774
772	775
772	907
772	962
772	977
772	1067
772	1090
772	1137
772	1141
773	776
773	778
773	800
773	845
773	932
774	775
774	776
774	777
774	930
774	1100
775	776
775	780
775	1152
776	779
776	829
776	897
777	849
777	1057
778	779
778	1060
778	1114
779	780
779	790
779	854
779	904
779	1144
779	1151
779	1157
781	783
781	786
781	789
781	795
781	798
781	816
781	1091
782	784
782	787
782	789
782	790
782	793
782	794
782	796
782	798
782	839
783	784
783	787
783	789
783	796
783	868
783	1150
784	788
784	791
784	794
784	795
784	797
784	877
784	910
784	1111
785	787
785	788
785	789
785	790
785	792
785	794
785	795
785	798
785	1147
786	792
786	794
786	796
786	797
786	1077
787	796
787	828
787	1006
787	1008
787	1146
787	1147
788	790
788	791
788	796
788	798
788	879
788	1091
788	1143
789	790
789	792
789	793
789	797
789	798
789	859
789	936
789	960
790	792
790	793
790	794
790	846
790	1104
790	1107
791	792
791	794
791	795
791	797
792	794
792	827
792	1100
793	796
793	797
793	798
793	808
793	1040
794	795
794	797
794	798
794	857
794	942
794	945
794	947
794	1078
794	1122
794	1131
795	907
795	997
795	1054
796	797
796	798
796	837
796	948
796	962
796	1161
797	798
797	803
797	880
797	959
797	1061
798	1167
799	802
799	804
799	810
799	811
799	827
799	906
799	1150
800	804
800	810
800	1005
800	1147
801	804
801	805
801	806
801	808
801	810
801	812
801	843
801	926
801	932
801	1068
801	1150
802	805
802	811
802	812
802	813
802	1026
803	808
803	809
803	810
803	812
803	1106
804	806
804	810
804	811
804	813
804	891
804	1035
804	1068
805	806
805	808
805	809
805	849
805	855
805	885
805	1107
806	809
806	810
806	812
806	845
807	808
807	809
807	811
807	848
807	990
808	813
808	821
808	1034
808	1049
808	1069
808	1102
808	1106
809	810
809	811
809	812
809	859
809	917
809	983
810	811
810	812
810	813
810	816
810	915
810	1057
811	812
811	813
811	954
811	972
811	1008
811	1016
812	822
812	823
812	948
812	1117
813	832
813	883
813	1025
813	1045
814	817
814	818
814	822
814	823
814	825
814	831
814	935
814	995
815	816
815	818
815	819
815	822
815	823
815	830
815	831
816	818
816	820
816	821
816	822
816	825
816	826
816	827
816	831
816	1042
817	820
817	821
817	826
817	828
817	830
818	1049
819	824
819	825
819	826
819	828
819	830
820	822
820	823
820	824
820	830
820	831
820	898
821	826
821	828
821	830
821	831
821	908
822	825
822	827
822	829
822	843
822	885
822	988
822	1051
823	828
823	830
823	831
824	826
824	827
824	829
824	831
824	982
824	1070
824	1100
824	1148
825	826
825	830
825	899
825	939
825	977
825	1078
826	828
826	829
826	830
826	1013
826	1129
827	828
827	830
828	829
828	831
828	857
828	895
828	966
828	1098
828	1152
829	830
829	831
830	899
830	933
830	938
830	1117
830	1148
831	887
831	922
831	1093
832	833
832	835
832	836
832	837
832	841
832	846
832	1153
833	838
833	839
833	840
833	841
833	842
833	843
833	845
833	846
833	1013
833	1058
833	1101
834	835
834	836
834	837
834	843
834	844
834	1133
834	1155
835	837
835	839
835	842
835	891
835	953
835	1058
836	837
836	841
836	843
836	865
836	964
837	839
837	1093
838	839
838	840
838	842
838	843
838	844
838	1118
838	1166
839	841
839	843
839	845
839	846
839	891
839	963
840	842
840	844
840	1097
840	1111
841	842
841	844
841	959
841	1034
841	1122
841	1127
841	1160
842	843
842	845
842	855
842	881
843	844
843	893
843	997
843	999
844	857
844	1006
845	944
845	1175
846	860
846	906
846	1163
847	848
847	849
847	850
847	853
847	854
847	855
847	859
847	860
847	861
847	863
847	1036
848	851
848	857
848	858
848	859
848	860
848	861
848	885
848	939
848	1072
848	1114
848	1183
849	855
849	857
849	858
849	860
849	861
849	1055
849	1087
849	1131
850	858
850	860
850	917
850	1128
851	852
851	855
851	856
851	857
851	858
851	860
851	861
851	1066
852	853
852	1150
853	855
853	861
853	1063
853	1121
854	857
854	861
854	862
854	895
854	961
854	1110
855	856
855	1118
856	859
856	1034
857	860
857	861
857	1121
858	859
859	860
859	861
859	1127
860	861
860	1034
860	1154
861	886
862	867
862	868
862	871
862	872
862	874
862	877
862	882
862	884
862	885
863	867
863	868
863	869
863	870
863	874
863	877
863	881
863	884
863	1094
864	868
864	869
864	870
864	871
864	877
864	878
864	879
864	881
864	883
864	885
865	866
865	867
865	873
865	874
865	875
865	879
865	883
865	885
865	901
865	1042
866	867
866	869
866	870
866	872
866	873
866	877
866	881
866	1051
867	872
867	874
867	878
867	885
867	975
867	1009
868	872
868	873
868	874
868	875
868	876
868	880
868	885
869	871
869	877
869	878
869	881
869	883
869	884
869	885
869	999
869	1090
870	872
870	874
870	876
870	878
870	879
870	880
870	884
870	885
871	874
871	875
871	877
871	878
871	879
871	885
871	948
872	880
872	882
872	1019
873	875
873	877
873	878
873	879
873	880
873	883
873	885
873	1034
873	1140
874	876
874	877
874	878
874	879
874	1055
875	876
875	877
875	878
875	881
875	885
875	1005
876	879
876	882
876	883
876	892
876	1175
877	885
878	879
878	880
878	883
878	885
878	966
879	882
879	883
879	885
880	881
880	882
880	883
880	930
880	1042
881	882
881	883
881	886
882	883
882	884
882	893
882	921
884	924
884	955
884	1152
885	942
885	1025
885	1051
885	1163
886	887
886	891
886	893
886	895
886	896
886	897
886	900
886	901
886	903
886	945
886	1120
887	889
887	891
887	893
887	894
887	897
887	900
887	901
887	1017
888	890
888	891
888	893
888	895
888	898
888	903
888	990
888	1113
888	1132
889	894
889	898
889	901
889	1007
890	895
890	896
890	901
890	902
890	903
890	1048
890	1062
890	1097
891	894
891	895
891	899
891	906
891	909
891	936
891	1009
891	1092
891	1122
892	894
892	895
892	897
892	900
892	901
892	902
892	903
892	923
892	948
892	1131
893	899
893	900
893	901
893	903
894	898
894	901
894	902
894	903
894	908
894	1129
894	1135
895	897
895	898
895	900
895	902
895	903
895	956
895	970
895	1047
895	1143
896	897
896	899
896	902
897	898
897	901
897	945
897	1092
897	1098
898	900
898	904
898	1004
898	1159
900	901
900	1029
900	1062
900	1124
901	903
901	999
901	1126
901	1147
901	1173
902	1085
904	906
904	910
904	911
904	912
904	930
904	1035
904	1044
904	1070
904	1140
905	907
905	983
905	1101
906	908
906	909
906	910
906	912
906	993
906	1009
907	910
907	1057
907	1075
908	910
908	911
908	1088
908	1172
909	911
909	912
909	915
909	1008
909	1041
909	1094
910	924
910	958
910	1012
910	1021
910	1155
911	1054
911	1095
911	1157
912	1016
912	1022
913	915
913	917
913	918
913	921
913	924
913	928
913	930
913	931
914	916
914	918
914	921
914	922
914	924
914	926
914	930
914	931
914	933
915	916
915	918
915	921
915	922
915	923
915	924
915	926
915	929
915	1122
916	918
916	920
916	922
916	924
916	929
916	932
916	933
916	1109
917	919
917	928
917	931
917	1045
918	919
918	921
918	922
918	925
918	928
918	931
918	932
918	933
919	920
919	923
919	926
919	927
919	931
919	964
919	1067
920	921
920	923
920	925
920	927
920	930
920	931
920	932
920	933
920	1128
921	925
921	926
921	927
921	929
921	930
922	923
922	927
922	931
922	932
922	984
923	926
923	927
923	930
924	925
924	926
924	928
924	929
924	932
924	933
924	974
924	1015
924	1117
924	1163
925	926
925	927
925	929
926	1004
926	1087
927	929
927	933
927	1153
928	929
928	931
928	933
928	987
928	1017
928	1076
928	1116
928	1120
928	1172
929	930
929	1016
929	1092
929	1103
930	931
930	966
931	953
931	1092
931	1133
933	1109
934	937
934	938
934	939
934	940
934	942
934	946
934	949
934	951
935	938
935	939
935	941
935	942
935	946
935	947
935	948
935	949
936	945
936	946
936	947
936	949
936	950
937	943
937	947
937	949
937	950
937	951
937	1074
937	1085
938	939
938	940
938	944
938	945
939	940
939	941
939	942
939	946
939	950
940	945
940	946
940	947
940	949
940	950
940	951
941	942
941	944
941	948
941	949
941	1036
942	943
942	945
942	947
942	948
942	949
943	945
943	946
943	950
943	1119
944	945
944	951
944	991
944	1003
945	947
945	949
945	950
945	1022
945	1096
946	948
946	949
946	950
946	1022
946	1032
947	1079
947	1176
948	962
948	1113
950	1082
951	1069
952	953
952	957
952	958
952	961
952	966
952	967
952	968
952	969
952	970
952	972
953	955
953	958
953	960
953	966
953	973
953	974
953	975
953	1030
953	1163
954	962
954	963
954	964
954	965
954	966
954	969
954	971
954	1161
955	957
955	958
955	960
955	963
955	964
955	965
955	966
955	967
955	968
955	972
955	974
955	1055
955	1107
955	1176
956	960
956	963
956	964
956	966
956	968
956	972
956	974
956	982
956	1052
957	958
957	961
957	964
957	969
957	971
957	972
957	973
957	1129
958	959
958	961
958	962
958	964
958	966
958	968
958	969
958	970
958	972
958	973
958	975
959	961
959	962
959	964
959	967
959	969
959	975
959	1009
960	961
960	967
960	970
960	972
960	975
960	1087
961	963
961	965
961	969
961	975
961	1084
961	1088
962	963
962	964
962	971
962	1098
962	1143
963	965
963	966
963	967
963	970
963	971
963	972
964	965
964	969
964	970
964	973
964	974
965	966
965	968
965	969
965	970
965	971
965	973
966	967
966	970
967	968
967	973
967	974
967	975
967	996
968	969
968	971
968	973
968	1101
969	970
969	971
969	973
969	975
969	980
969	1119
969	1140
970	974
970	1038
971	972
971	1114
975	1109
976	983
976	984
976	986
976	989
976	994
976	995
976	998
977	982
977	983
977	984
977	986
977	989
977	992
977	993
977	997
977	999
978	983
978	986
978	988
978	989
978	991
978	992
978	993
978	995
978	998
978	999
978	1072
978	1150
979	980
979	981
979	988
979	991
979	992
979	994
979	996
979	997
980	985
980	987
980	992
980	994
980	997
980	998
980	1053
980	1089
980	1152
981	982
981	986
981	987
981	988
981	990
981	991
981	992
981	993
981	994
981	995
981	996
981	997
981	998
982	983
982	985
982	986
982	987
982	988
982	989
982	991
982	997
982	998
982	1146
983	985
983	987
983	989
983	996
983	999
984	986
984	987
984	990
984	991
984	992
984	994
984	996
984	997
984	998
984	1002
984	1140
985	987
985	989
985	990
985	996
985	999
985	1149
986	987
986	988
986	992
986	995
986	1003
986	1047
986	1150
987	993
987	994
987	1085
988	989
988	990
988	994
988	997
988	999
988	1015
988	1040
989	990
989	994
989	996
989	1115
990	991
990	994
990	998
991	996
991	1108
992	993
992	994
992	997
992	999
993	994
994	996
994	998
995	998
995	999
995	1129
996	998
997	1006
997	1030
998	999
998	1036
999	1057
1000	1001
1000	1003
1000	1004
1000	1006
1000	1007
1000	1009
1000	1011
1000	1014
1000	1016
1000	1018
1000	1056
1000	1153
1001	1007
1001	1010
1001	1012
1001	1013
1001	1014
1001	1061
1002	1004
1002	1006
1002	1009
1002	1010
1002	1011
1002	1013
1002	1167
1003	1004
1003	1008
1003	1012
1003	1015
1003	1019
1003	1020
1003	1082
1003	1124
1004	1005
1004	1006
1004	1009
1004	1012
1004	1015
1004	1016
1004	1019
1005	1008
1005	1014
1005	1015
1005	1017
1005	1020
1005	1029
1005	1052
1006	1008
1006	1011
1006	1014
1006	1016
1006	1017
1007	1008
1007	1009
1007	1012
1007	1018
1007	1019
1007	1055
1008	1009
1008	1014
1008	1015
1008	1016
1008	1017
1008	1018
1008	1087
1009	1010
1009	1011
1009	1012
1009	1015
1009	1020
1009	1021
1010	1014
1010	1019
1011	1012
1011	1013
1011	1020
1012	1016
1012	1019
1012	1040
1013	1015
1013	1018
1013	1019
1013	1020
1014	1016
1014	1017
1014	1018
1014	1019
1015	1016
1015	1017
1015	1020
1015	1092
1015	1106
1015	1128
1016	1017
1016	1018
1016	1145
1017	1018
1017	1019
1017	1090
1018	1020
1019	1020
1021	1026
1021	1027
1021	1029
1021	1030
1021	1034
1021	1038
1021	1134
1022	1025
1022	1032
1022	1035
1022	1040
1023	1024
1023	1025
1023	1030
1023	1031
1023	1032
1023	1036
1023	1039
1023	1040
1023	1041
1024	1026
1024	1036
1024	1038
1025	1028
1025	1030
1025	1032
1025	1033
1025	1035
1025	1036
1025	1037
1025	1039
1025	1131
1026	1027
1026	1029
1026	1031
1026	1032
1026	1033
1026	1036
1026	1037
1026	1039
1026	1040
1026	1041
1026	1048
1027	1031
1027	1035
1027	1036
1027	1037
1027	1040
1027	1117
1028	1029
1028	1032
1028	1036
1028	1038
1028	1039
1028	1040
1028	1041
1028	1112
1029	1030
1029	1032
1029	1034
1029	1035
1029	1036
1029	1039
1029	1107
1030	1032
1030	1033
1030	1035
1030	1036
1030	1038
1030	1039
1031	1033
1031	1037
1031	1039
1031	1040
1032	1035
1032	1037
1032	1038
1032	1039
1033	1034
1033	1036
1033	1038
1033	1040
1033	1041
1033	1048
1033	1083
1034	1035
1034	1086
1035	1040
1035	1079
1036	1037
1036	1038
1037	1041
1038	1040
1038	1041
1038	1091
1039	1043
1039	1160
1040	1138
1041	1079
1041	1147
1042	1050
1042	1051
1042	1059
1042	1060
1042	1169
1043	1044
1043	1049
1043	1053
1043	1054
1043	1059
1043	1060
1044	1048
1044	1049
1044	1051
1044	1053
1044	1054
1044	1056
1044	1060
1044	1062
1044	1128
1044	1145
1044	1148
1045	1046
1045	1047
1045	1052
1045	1053
1045	1058
1045	1061
1045	1062
1045	1161
1046	1048
1046	1050
1046	1051
1046	1056
1046	1057
1046	1062
1046	1138
1047	1048
1047	1051
1047	1053
1047	1055
1047	1056
1047	1060
1047	1061
1047	1062
1047	1067
1047	1151
1048	1050
1048	1053
1048	1055
1048	1057
1048	1059
1048	1060
1048	1061
1049	1051
1049	1054
1049	1055
1049	1057
1049	1058
1049	1059
1050	1052
1050	1053
1050	1054
1050	1057
1050	1058
1050	1059
1050	1060
1050	1061
1050	1062
1050	1069
1050	1130
1051	1053
1051	1056
1051	1058
1051	1059
1051	1060
1052	1053
1052	1057
1052	1058
1054	1059
1054	1061
1054	1062
1055	1057
1055	1060
1056	1057
1056	1060
1056	1103
1057	1058
1057	1060
1057	1061
1057	1062
1059	1060
1059	1061
1059	1062
1060	1061
1062	1121
1063	1068
1063	1070
1063	1072
1063	1073
1063	1075
1063	1076
1063	1078
1063	1080
1063	1082
1063	1083
1063	1084
1063	1086
1064	1065
1064	1066
1064	1068
1064	1071
1064	1076
1064	1077
1064	1078
1064	1084
1064	1085
1065	1066
1065	1068
1065	1069
1065	1071
1065	1072
1065	1075
1065	1077
1065	1079
1065	1084
1065	1085
1066	1069
1066	1071
1066	1072
1066	1073
1066	1075
1066	1077
1066	1079
1066	1081
1066	1085
1067	1068
1067	1071
1067	1075
1067	1081
1067	1082
1067	1084
1068	1070
1068	1074
1068	1078
1068	1079
1068	1080
1068	1082
1068	1083
1068	1085
1068	1086
1069	1070
1069	1072
1069	1073
1069	1076
1069	1080
1069	1082
1069	1083
1069	1084
1069	1086
1070	1071
1070	1073
1070	1078
1070	1079
1070	1080
1070	1084
1070	1085
1070	1121
1071	1074
1071	1077
1071	1078
1071	1083
1072	1074
1072	1078
1072	1081
1072	1085
1072	1115
1073	1075
1073	1079
1073	1082
1074	1076
1074	1078
1074	1082
1074	1083
1074	1084
1074	1086
1074	1140
1075	1076
1075	1081
1075	1084
1075	1172
1076	1080
1076	1082
1076	1084
1076	1138
1077	1078
1077	1085
1077	1107
1077	1180
1078	1079
1078	1081
1078	1082
1078	1083
1078	1085
1078	1086
1079	1083
1079	1085
1079	1086
1079	1178
1080	1081
1080	1082
1080	1157
1081	1086
1082	1085
1084	1086
1084	1118
1084	1138
1087	1090
1087	1091
1087	1093
1087	1097
1087	1098
1087	1102
1088	1091
1088	1093
1088	1094
1088	1095
1088	1096
1088	1097
1088	1100
1089	1091
1089	1096
1089	1097
1089	1102
1089	1103
1089	1174
1090	1095
1090	1097
1090	1098
1090	1099
1090	1101
1090	1103
1090	1132
1091	1093
1091	1095
1091	1096
1091	1101
1091	1152
1092	1093
1092	1098
1092	1099
1092	1100
1092	1101
1092	1103
1092	1104
1092	1167
1093	1094
1093	1096
1093	1098
1093	1099
1094	1095
1094	1096
1094	1097
1094	1099
1094	1101
1094	1105
1095	1096
1095	1097
1095	1100
1095	1104
1096	1097
1096	1101
1096	1102
1097	1099
1097	1100
1098	1103
1098	1108
1099	1101
1099	1103
1099	1104
1100	1102
1100	1127
1100	1149
1101	1102
1101	1153
1102	1104
1103	1104
1104	1149
1105	1108
1105	1112
1105	1114
1105	1115
1105	1116
1105	1143
1105	1156
1106	1112
1106	1113
1106	1117
1106	1118
1107	1108
1107	1110
1107	1116
1107	1119
1108	1111
1108	1112
1108	1113
1109	1110
1109	1111
1109	1117
1109	1118
1110	1114
1110	1115
1110	1118
1110	1119
1111	1112
1111	1113
1111	1114
1111	1116
1111	1119
1112	1113
1112	1116
1112	1117
1112	1119
1112	1185
1113	1117
1114	1115
1114	1117
1114	1118
1115	1117
1115	1118
1116	1117
1116	1119
1116	1135
1116	1185
1117	1118
1120	1123
1120	1127
1120	1128
1120	1129
1120	1130
1120	1131
1120	1132
1120	1133
1120	1135
1120	1140
1121	1124
1121	1128
1121	1131
1121	1133
1121	1135
1121	1139
1122	1124
1122	1125
1122	1126
1122	1127
1122	1128
1122	1129
1122	1130
1122	1131
1122	1134
1122	1135
1122	1136
1123	1126
1123	1131
1123	1132
1123	1139
1124	1126
1124	1129
1124	1130
1124	1132
1124	1137
1124	1138
1124	1159
1124	1176
1125	1126
1125	1127
1125	1129
1125	1132
1125	1135
1125	1136
1125	1138
1125	1140
1126	1132
1126	1133
1126	1134
1126	1139
1127	1128
1127	1129
1127	1132
1127	1134
1127	1138
1128	1129
1128	1130
1128	1138
1129	1130
1129	1131
1129	1136
1129	1140
1130	1132
1130	1136
1131	1132
1131	1133
1131	1135
1131	1139
1131	1140
1132	1134
1132	1136
1132	1137
1132	1138
1133	1136
1133	1137
1133	1138
1133	1140
1133	1151
1134	1135
1135	1139
1135	1140
1136	1139
1136	1140
1136	1179
1137	1138
1137	1140
1138	1140
1141	1144
1141	1147
1141	1148
1141	1152
1141	1153
1141	1154
1141	1155
1142	1143
1142	1144
1142	1145
1142	1147
1142	1150
1142	1151
1143	1144
1143	1151
1143	1152
1143	1153
1143	1155
1144	1148
1144	1150
1144	1152
1144	1154
1144	1167
1145	1146
1145	1148
1145	1149
1145	1153
1146	1149
1146	1152
1146	1153
1146	1154
1147	1149
1148	1152
1148	1155
1149	1152
1149	1155
1150	1154
1150	1155
1151	1154
1151	1155
1152	1153
1152	1154
1154	1155
1156	1157
1156	1159
1156	1160
1156	1163
1156	1167
1156	1169
1156	1172
1156	1175
1156	1178
1156	1179
1156	1180
1156	1184
1157	1158
1157	1159
1157	1160
1157	1164
1157	1168
1157	1169
1157	1172
1157	1173
1157	1174
1157	1177
1157	1178
1157	1179
1157	1185
1158	1159
1158	1161
1158	1165
1158	1167
1158	1173
1158	1174
1158	1180
1158	1182
1158	1183
1158	1185
1159	1160
1159	1161
1159	1162
1159	1163
1159	1167
1159	1168
1159	1172
1159	1177
1159	1180
1159	1182
1160	1161
1160	1162
1160	1167
1160	1169
1160	1170
1160	1172
1160	1173
1160	1175
1160	1178
1160	1182
1161	1162
1161	1164
1161	1167
1161	1168
1161	1171
1161	1172
1161	1173
1161	1174
1161	1176
1161	1178
1161	1179
1161	1184
1161	1185
1162	1163
1162	1164
1162	1165
1162	1167
1162	1171
1162	1174
1162	1175
1162	1177
1162	1179
1162	1182
1162	1184
1163	1169
1163	1170
1163	1174
1163	1176
1163	1179
1164	1165
1164	1172
1164	1177
1164	1179
1164	1180
1164	1181
1164	1182
1164	1184
1165	1169
1165	1171
1165	1174
1165	1175
1165	1176
1165	1178
1165	1179
1165	1180
1165	1181
1166	1167
1166	1169
1166	1171
1166	1172
1166	1173
1166	1175
1166	1181
1167	1168
1167	1169
1167	1172
1167	1174
1167	1176
1167	1177
1167	1184
1168	1169
1168	1170
1168	1179
1168	1180
1168	1182
1168	1184
1168	1185
1169	1175
1169	1178
1169	1180
1169	1182
1169	1185
1170	1174
1170	1175
1170	1176
1170	1177
1170	1181
1170	1183
1170	1185
1171	1176
1171	1177
1171	1180
1171	1182
1172	1175
1172	1176
1172	1183
1172	1184
1172	1185
1173	1174
1173	1175
1173	1179
1173	1181
1173	1185
1174	1176
1174	1178
1174	1179
1174	1180
1175	1177
1175	1179
1175	1184
1175	1185
1176	1181
1176	1182
1176	1184
1177	1178
1177	1179
1177	1180
1177	1181
1178	1181
1178	1184
1179	1180
1179	1185
1180	1181
1180	1182
1180	1183
1180	1185
1181	1183
1182	1184
1184	1185
