1	4
1	7
2	12
3	15
4	7
4	12
4	15
4	49
4	60
4	61
4	63
4	65
4	78
4	84
4	86
4	87
4	104
4	112
4	123
5	55
5	56
5	57
5	58
5	59
5	60
5	61
5	62
5	63
5	64
5	65
5	66
5	67
5	68
5	69
5	70
5	71
5	72
6	73
6	74
6	75
6	76
6	77
6	78
6	79
6	80
6	81
6	82
6	83
6	84
6	85
6	86
6	87
6	88
6	89
6	90
6	91
6	92
6	93
7	15
7	16
7	18
7	44
7	70
7	72
7	81
7	105
7	113
7	117
7	124
7	125
8	94
8	95
8	96
8	97
8	98
8	99
8	100
8	101
8	102
8	103
8	104
8	105
8	106
8	107
8	108
8	109
8	110
8	111
8	112
8	113
8	114
9	115
9	116
9	117
9	118
9	119
9	120
9	121
9	122
9	123
9	124
9	125
9	126
9	127
9	128
9	129
9	130
9	131
9	132
10	16
10	17
10	18
10	19
10	20
10	21
10	22
10	23
10	24
10	25
10	26
10	27
11	28
11	29
11	30
11	31
11	32
11	33
11	34
11	35
11	36
12	15
12	19
12	21
12	22
12	24
12	29
12	32
12	47
12	101
12	124
12	130
13	37
13	38
13	39
13	40
13	41
13	42
13	43
13	44
13	45
14	46
14	47
14	48
14	49
14	50
14	51
14	52
14	53
14	54
15	16
15	38
15	39
15	41
15	47
15	50
15	53
15	94
15	115
15	129
16	17
16	18
16	19
16	20
16	21
16	22
16	23
16	24
16	25
16	26
16	27
16	89
17	18
17	19
17	20
17	21
17	22
17	23
17	24
17	25
17	26
17	27
18	19
18	20
18	21
18	22
18	23
18	24
18	25
18	26
18	27
18	32
19	20
19	21
19	22
19	23
19	24
19	25
19	26
19	27
20	21
20	22
20	23
20	24
20	25
20	26
20	27
20	68
21	22
21	23
21	24
21	25
21	26
21	27
22	23
22	24
22	25
22	26
22	27
23	24
23	25
23	26
23	27
23	33
24	25
24	26
24	27
24	126
25	26
25	27
26	27
26	128
28	29
28	30
28	31
28	32
28	33
28	34
28	35
28	36
29	30
29	31
29	32
29	33
29	34
29	35
29	36
30	31
30	32
30	33
30	34
30	35
30	36
30	120
31	32
31	33
31	34
31	35
31	36
31	47
32	33
32	34
32	35
32	36
33	34
33	35
33	36
34	35
34	36
34	64
35	36
36	102
37	38
37	39
37	40
37	41
37	42
37	43
37	44
37	45
38	39
38	40
38	41
38	42
38	43
38	44
38	45
39	40
39	41
39	42
39	43
39	44
39	45
40	41
40	42
40	43
40	44
40	45
41	42
41	43
41	44
41	45
41	113
42	43
42	44
42	45
42	47
42	106
43	44
43	45
44	45
44	125
45	68
45	107
46	47
46	48
46	49
46	50
46	51
46	52
46	53
46	54
46	72
46	123
46	126
47	48
47	49
47	50
47	51
47	52
47	53
47	54
48	49
48	50
48	51
48	52
48	53
48	54
49	50
49	51
49	52
49	53
49	54
49	90
50	51
50	52
50	53
50	54
51	52
51	53
51	54
52	53
52	54
52	104
53	54
53	68
54	64
55	56
55	57
55	58
55	59
55	60
55	61
55	62
55	63
55	64
55	65
55	66
55	67
55	68
55	69
55	70
55	71
55	72
55	75
56	57
56	58
56	59
56	60
56	61
56	62
56	63
56	64
56	65
56	66
56	67
56	68
56	69
56	70
56	71
56	72
56	110
57	58
57	59
57	60
57	61
57	62
57	63
57	64
57	65
57	66
57	67
57	68
57	69
57	70
57	71
57	72
58	59
58	60
58	61
58	62
58	63
58	64
58	65
58	66
58	67
58	68
58	69
58	70
58	71
58	72
58	116
59	60
59	61
59	62
59	63
59	64
59	65
59	66
59	67
59	68
59	69
59	70
59	71
59	72
60	61
60	62
60	63
60	64
60	65
60	66
60	67
60	68
60	69
60	70
60	71
60	72
61	62
61	63
61	64
61	65
61	66
61	67
61	68
61	69
61	70
61	71
61	72
62	63
62	64
62	65
62	66
62	67
62	68
62	69
62	70
62	71
62	72
63	64
63	65
63	66
63	67
63	68
63	69
63	70
63	71
63	72
64	65
64	66
64	67
64	68
64	69
64	70
64	71
64	72
64	81
65	66
65	67
65	68
65	69
65	70
65	71
65	72
66	67
66	68
66	69
66	70
66	71
66	72
67	68
67	69
67	70
67	71
67	72
68	69
68	70
68	71
68	72
69	70
69	71
69	72
69	75
69	99
69	128
70	71
70	72
71	72
73	74
73	75
73	76
73	77
73	78
73	79
73	80
73	81
73	82
73	83
73	84
73	85
73	86
73	87
73	88
73	89
73	90
73	91
73	92
73	93
74	75
74	76
74	77
74	78
74	79
74	80
74	81
74	82
74	83
74	84
74	85
74	86
74	87
74	88
74	89
74	90
74	91
74	92
74	93
75	76
75	77
75	78
75	79
75	80
75	81
75	82
75	83
75	84
75	85
75	86
75	87
75	88
75	89
75	90
75	91
75	92
75	93
76	77
76	78
76	79
76	80
76	81
76	82
76	83
76	84
76	85
76	86
76	87
76	88
76	89
76	90
76	91
76	92
76	93
77	78
77	79
77	80
77	81
77	82
77	83
77	84
77	85
77	86
77	87
77	88
77	89
77	90
77	91
77	92
77	93
77	128
78	79
78	80
78	81
78	82
78	83
78	84
78	85
78	86
78	87
78	88
78	89
78	90
78	91
78	92
78	93
79	80
79	81
79	82
79	83
79	84
79	85
79	86
79	87
79	88
79	89
79	90
79	91
79	92
79	93
80	81
80	82
80	83
80	84
80	85
80	86
80	87
80	88
80	89
80	90
80	91
80	92
80	93
81	82
81	83
81	84
81	85
81	86
81	87
81	88
81	89
81	90
81	91
81	92
81	93
82	83
82	84
82	85
82	86
82	87
82	88
82	89
82	90
82	91
82	92
82	93
83	84
83	85
83	86
83	87
83	88
83	89
83	90
83	91
83	92
83	93
84	85
84	86
84	87
84	88
84	89
84	90
84	91
84	92
84	93
84	108
85	86
85	87
85	88
85	89
85	90
85	91
85	92
85	93
86	87
86	88
86	89
86	90
86	91
86	92
86	93
87	88
87	89
87	90
87	91
87	92
87	93
88	89
88	90
88	91
88	92
88	93
88	131
89	90
89	91
89	92
89	93
90	91
90	92
90	93
91	92
91	93
92	93
94	95
94	96
94	97
94	98
94	99
94	100
94	101
94	102
94	103
94	104
94	105
94	106
94	107
94	108
94	109
94	110
94	111
94	112
94	113
94	114
95	96
95	97
95	98
95	99
95	100
95	101
95	102
95	103
95	104
95	105
95	106
95	107
95	108
95	109
95	110
95	111
95	112
95	113
95	114
96	97
96	98
96	99
96	100
96	101
96	102
96	103
96	104
96	105
96	106
96	107
96	108
96	109
96	110
96	111
96	112
96	113
96	114
97	98
97	99
97	100
97	101
97	102
97	103
97	104
97	105
97	106
97	107
97	108
97	109
97	110
97	111
97	112
97	113
97	114
98	99
98	100
98	101
98	102
98	103
98	104
98	105
98	106
98	107
98	108
98	109
98	110
98	111
98	112
98	113
98	114
99	100
99	101
99	102
99	103
99	104
99	105
99	106
99	107
99	108
99	109
99	110
99	111
99	112
99	113
99	114
100	101
100	102
100	103
100	104
100	105
100	106
100	107
100	108
100	109
100	110
100	111
100	112
100	113
100	114
101	102
101	103
101	104
101	105
101	106
101	107
101	108
101	109
101	110
101	111
101	112
101	113
101	114
101	126
102	103
102	104
102	105
102	106
102	107
102	108
102	109
102	110
102	111
102	112
102	113
102	114
103	104
103	105
103	106
103	107
103	108
103	109
103	110
103	111
103	112
103	113
103	114
104	105
104	106
104	107
104	108
104	109
104	110
104	111
104	112
104	113
104	114
105	106
105	107
105	108
105	109
105	110
105	111
105	112
105	113
105	114
106	107
106	108
106	109
106	110
106	111
106	112
106	113
106	114
107	108
107	109
107	110
107	111
107	112
107	113
107	114
108	109
108	110
108	111
108	112
108	113
108	114
109	110
109	111
109	112
109	113
109	114
110	111
110	112
110	113
110	114
111	112
111	113
111	114
112	113
112	114
113	114
115	116
115	117
115	118
115	119
115	120
115	121
115	122
115	123
115	124
115	125
115	126
115	127
115	128
115	129
115	130
115	131
115	132
116	117
116	118
116	119
116	120
116	121
116	122
116	123
116	124
116	125
116	126
116	127
116	128
116	129
116	130
116	131
116	132
117	118
117	119
117	120
117	121
117	122
117	123
117	124
117	125
117	126
117	127
117	128
117	129
117	130
117	131
117	132
118	119
118	120
118	121
118	122
118	123
118	124
118	125
118	126
118	127
118	128
118	129
118	130
118	131
118	132
119	120
119	121
119	122
119	123
119	124
119	125
119	126
119	127
119	128
119	129
119	130
119	131
119	132
120	121
120	122
120	123
120	124
120	125
120	126
120	127
120	128
120	129
120	130
120	131
120	132
121	122
121	123
121	124
121	125
121	126
121	127
121	128
121	129
121	130
121	131
121	132
122	123
122	124
122	125
122	126
122	127
122	128
122	129
122	130
122	131
122	132
123	124
123	125
123	126
123	127
123	128
123	129
123	130
123	131
123	132
124	125
124	126
124	127
124	128
124	129
124	130
124	131
124	132
125	126
125	127
125	128
125	129
125	130
125	131
125	132
126	127
126	128
126	129
126	130
126	131
126	132
127	128
127	129
127	130
127	131
127	132
128	129
128	130
128	131
128	132
129	130
129	131
129	132
130	131
130	132
131	132
