1	8
2	10
3	14
4	41
4	43
4	44
4	46
4	49
5	54
5	56
5	59
5	60
5	62
6	67
6	68
7	73
7	75
7	77
7	78
8	10
8	14
8	19
8	21
8	23
8	41
8	44
8	46
8	49
8	56
8	59
8	60
8	67
8	77
8	78
8	86
8	89
8	122
8	127
8	150
8	270
8	370
8	390
8	447
8	569
8	605
8	630
8	710
8	746
8	816
9	81
9	86
9	89
9	90
10	14
10	17
10	23
10	26
10	35
10	43
10	60
10	146
10	159
10	182
10	206
10	218
10	318
10	371
10	388
10	452
10	532
10	561
10	585
10	617
10	630
10	640
10	678
10	710
10	752
10	754
10	755
10	764
10	795
10	830
11	17
11	19
11	21
12	23
12	26
13	28
13	32
13	33
14	28
14	33
14	37
14	62
14	68
14	94
14	125
14	126
14	146
14	152
14	187
14	218
14	219
14	263
14	305
14	322
14	368
14	422
14	440
14	515
14	531
14	584
14	586
14	633
14	695
14	697
14	698
14	723
14	737
15	35
15	37
16	94
16	95
16	96
16	97
16	98
16	99
16	100
16	101
16	102
16	103
16	104
16	105
17	21
17	35
17	59
17	73
17	75
17	96
17	119
17	363
17	701
17	718
17	751
18	106
18	107
18	108
18	109
18	110
18	111
18	112
18	113
18	114
18	115
18	116
18	117
18	118
18	119
18	120
19	21
19	90
19	96
19	115
19	126
19	188
19	502
19	526
19	702
20	121
20	122
20	123
20	124
20	125
20	126
20	127
20	128
20	129
20	130
20	131
20	132
20	133
20	134
20	135
21	60
21	96
21	117
21	132
21	160
21	161
21	191
21	210
21	380
21	749
22	136
22	137
22	138
22	139
22	140
22	141
22	142
22	143
22	144
23	26
23	35
23	75
23	98
23	144
23	159
23	319
23	330
23	400
23	516
23	570
23	579
23	597
23	719
24	145
24	146
24	147
24	148
24	149
24	150
24	151
24	152
24	153
24	154
24	155
24	156
25	157
25	158
25	159
25	160
25	161
25	162
25	163
25	164
25	165
25	166
25	167
25	168
25	169
25	170
25	171
25	172
25	173
25	174
26	46
26	68
26	98
26	138
26	140
26	141
26	145
26	153
26	156
26	171
26	179
26	190
26	213
26	251
26	268
26	360
26	365
26	501
26	683
27	175
27	176
27	177
27	178
27	179
27	180
27	181
27	182
27	183
27	184
27	185
27	186
27	187
27	188
27	189
28	32
28	33
28	152
28	203
28	221
28	465
28	560
29	190
29	191
29	192
29	193
29	194
29	195
29	196
29	197
29	198
29	199
29	200
29	201
29	202
29	203
29	204
30	205
30	206
30	207
30	208
30	209
30	210
31	211
31	212
31	213
31	214
31	215
31	216
31	217
31	218
31	219
31	220
31	221
31	222
31	223
31	224
31	225
32	33
32	35
32	67
32	133
32	193
32	196
32	208
32	210
32	221
32	282
32	626
32	718
33	75
33	533
33	720
33	805
33	867
34	226
34	227
34	228
34	229
34	230
34	231
34	232
34	233
34	234
35	162
35	193
35	196
35	226
35	229
35	233
35	236
35	238
35	260
35	261
35	267
35	283
35	538
35	729
35	791
36	235
36	236
36	237
36	238
36	239
36	240
36	241
36	242
36	243
36	244
36	245
36	246
36	247
36	248
36	249
36	250
36	251
36	252
37	56
37	118
37	242
37	250
37	263
37	269
37	529
37	836
37	846
38	253
38	254
38	255
38	256
38	257
38	258
38	259
38	260
38	261
38	262
38	263
38	264
39	265
39	266
39	267
39	268
39	269
39	270
39	271
39	272
39	273
40	274
40	275
40	276
40	277
40	278
40	279
40	280
40	281
40	282
40	283
40	284
40	285
40	286
40	287
40	288
40	289
40	290
40	291
40	292
40	293
40	294
40	295
40	296
40	297
41	43
41	44
41	46
41	68
41	129
41	278
41	296
41	304
41	320
41	333
41	334
41	346
41	347
41	393
41	458
41	739
42	298
42	299
42	300
42	301
42	302
42	303
42	304
42	305
42	306
42	307
42	308
42	309
42	310
42	311
42	312
42	313
42	314
42	315
43	44
43	49
43	86
43	132
43	197
43	230
43	262
43	288
43	292
43	293
43	322
43	325
43	367
43	371
43	431
43	465
43	726
43	857
44	46
44	206
44	274
44	350
44	363
44	373
44	380
44	439
45	316
45	317
45	318
45	319
45	320
45	321
45	322
45	323
45	324
45	325
45	326
45	327
45	328
45	329
45	330
45	331
45	332
45	333
45	334
45	335
45	336
45	337
45	338
45	339
46	49
46	229
46	287
46	302
46	307
46	310
46	316
46	331
46	341
46	368
46	391
46	583
46	630
46	816
47	340
47	341
47	342
47	343
47	344
47	345
47	346
47	347
47	348
47	349
47	350
47	351
47	352
47	353
47	354
48	355
48	356
48	357
48	358
48	359
48	360
48	361
48	362
48	363
48	364
48	365
48	366
49	77
49	126
49	184
49	287
49	312
49	375
49	392
49	794
50	367
50	368
50	369
50	370
50	371
50	372
50	373
50	374
50	375
50	376
50	377
50	378
51	379
51	380
51	381
51	382
51	383
51	384
51	385
51	386
51	387
51	388
51	389
51	390
51	391
51	392
51	393
51	394
51	395
51	396
52	397
52	398
52	399
52	400
52	401
52	402
52	403
52	404
52	405
52	406
52	407
52	408
52	409
52	410
52	411
53	412
53	413
53	414
53	415
53	416
53	417
53	418
53	419
53	420
53	421
53	422
53	423
53	424
53	425
53	426
53	427
53	428
53	429
53	430
53	431
53	432
54	56
54	59
54	60
54	73
54	293
54	353
54	412
54	413
54	432
54	436
54	452
54	453
54	467
54	482
54	546
54	641
54	658
54	773
55	433
55	434
55	435
55	436
55	437
55	438
55	439
55	440
55	441
55	442
55	443
55	444
55	445
55	446
55	447
56	59
56	60
56	62
56	208
56	234
56	305
56	442
56	446
56	487
56	493
56	518
56	569
56	776
57	448
57	449
57	450
57	451
57	452
57	453
57	454
57	455
57	456
57	457
57	458
57	459
57	460
57	461
57	462
57	463
57	464
57	465
57	466
57	467
57	468
58	469
58	470
58	471
58	472
58	473
58	474
58	475
58	476
58	477
58	478
58	479
58	480
58	481
58	482
58	483
58	484
58	485
58	486
58	487
58	488
58	489
58	490
58	491
58	492
58	493
58	494
58	495
58	496
58	497
58	498
59	62
59	100
59	337
59	403
59	450
59	451
59	479
59	518
59	735
60	62
60	95
60	273
60	365
60	398
60	401
60	413
60	416
60	465
60	475
60	508
60	810
61	499
61	500
61	501
61	502
61	503
61	504
61	505
61	506
61	507
61	508
61	509
61	510
61	511
61	512
61	513
62	81
62	116
62	399
62	402
62	432
62	452
62	475
62	497
62	501
63	514
63	515
63	516
63	517
63	518
63	519
63	520
63	521
63	522
63	523
63	524
63	525
64	526
64	527
64	528
64	529
64	530
64	531
64	532
64	533
64	534
64	535
64	536
64	537
65	538
65	539
65	540
65	541
65	542
65	543
65	544
65	545
65	546
65	547
65	548
65	549
65	550
65	551
65	552
66	553
66	554
66	555
66	556
66	557
66	558
66	559
66	560
66	561
67	129
67	148
67	184
67	193
67	208
67	429
67	457
67	476
67	497
67	536
67	550
67	551
67	552
67	560
67	566
67	569
67	614
67	738
67	807
67	813
67	855
68	100
68	205
68	270
68	302
68	315
68	450
68	500
68	507
68	522
68	526
68	529
68	543
68	555
68	598
68	733
68	760
69	562
69	563
69	564
69	565
69	566
69	567
69	568
69	569
69	570
70	571
70	572
70	573
70	574
70	575
70	576
70	577
70	578
70	579
70	580
70	581
70	582
70	583
70	584
70	585
70	586
70	587
70	588
71	589
71	590
71	591
71	592
71	593
71	594
71	595
71	596
71	597
72	598
72	599
72	600
72	601
72	602
72	603
72	604
72	605
72	606
72	607
72	608
72	609
73	75
73	77
73	515
73	517
73	562
73	571
73	586
73	587
73	608
73	624
73	638
73	640
73	707
73	716
74	610
74	611
74	612
74	613
74	614
74	615
74	616
74	617
74	618
74	619
74	620
74	621
74	622
74	623
74	624
74	625
74	626
74	627
74	628
74	629
74	630
75	77
75	78
75	89
75	210
75	378
75	393
75	530
75	572
75	577
75	585
75	631
75	644
76	631
76	632
76	633
76	634
76	635
76	636
76	637
76	638
76	639
76	640
76	641
76	642
77	204
77	334
77	437
77	592
77	602
77	612
77	618
78	144
78	373
78	457
78	478
78	539
78	554
78	590
78	593
78	606
78	611
78	619
78	628
78	632
78	788
79	643
79	644
79	645
79	646
79	647
79	648
79	649
79	650
79	651
79	652
79	653
79	654
79	655
79	656
79	657
79	658
79	659
79	660
79	661
79	662
79	663
79	664
79	665
79	666
79	667
79	668
79	669
80	670
80	671
80	672
80	673
80	674
80	675
80	676
80	677
80	678
80	679
80	680
80	681
80	682
80	683
80	684
80	685
80	686
80	687
80	688
80	689
80	690
80	691
80	692
80	693
81	89
81	90
81	597
81	614
81	651
81	713
81	718
81	726
81	732
81	743
81	762
81	776
81	780
81	809
81	839
81	868
82	694
82	695
82	696
82	697
82	698
82	699
82	700
82	701
82	702
82	703
82	704
82	705
82	706
82	707
82	708
83	709
83	710
83	711
83	712
83	713
83	714
83	715
83	716
83	717
83	718
83	719
83	720
83	721
83	722
83	723
83	724
83	725
83	726
84	727
84	728
84	729
84	730
84	731
84	732
84	733
84	734
84	735
84	736
84	737
84	738
84	739
84	740
84	741
85	742
85	743
85	744
85	745
85	746
85	747
85	748
85	749
85	750
85	751
85	752
85	753
85	754
85	755
85	756
85	757
85	758
85	759
86	89
86	534
86	648
86	658
86	676
86	683
86	700
86	742
86	747
86	853
86	862
86	872
87	760
87	761
87	762
87	763
87	764
87	765
87	766
87	767
87	768
87	769
87	770
87	771
87	772
87	773
87	774
87	775
87	776
87	777
88	778
88	779
88	780
88	781
88	782
88	783
88	784
88	785
88	786
88	787
88	788
88	789
88	790
88	791
88	792
89	416
89	479
89	671
89	687
89	693
89	694
89	705
89	720
89	804
89	813
89	825
90	107
90	142
90	161
90	190
90	206
90	216
90	420
90	619
90	643
90	649
90	659
90	662
90	663
90	667
90	686
90	705
90	706
90	712
90	714
90	725
90	728
90	735
90	746
90	753
90	771
90	772
90	782
90	788
90	801
90	808
90	818
90	852
91	793
91	794
91	795
91	796
91	797
91	798
91	799
91	800
91	801
91	802
91	803
91	804
91	805
91	806
91	807
91	808
91	809
91	810
91	811
91	812
91	813
92	814
92	815
92	816
92	817
92	818
92	819
92	820
92	821
92	822
92	823
92	824
92	825
92	826
92	827
92	828
92	829
92	830
92	831
92	832
92	833
92	834
92	835
92	836
92	837
92	838
92	839
92	840
92	841
92	842
92	843
92	844
92	845
92	846
92	847
92	848
92	849
92	850
92	851
92	852
93	853
93	854
93	855
93	856
93	857
93	858
93	859
93	860
93	861
93	862
93	863
93	864
93	865
93	866
93	867
93	868
93	869
93	870
93	871
93	872
93	873
94	97
94	101
94	103
94	105
95	96
95	99
95	102
95	114
95	622
96	97
96	98
96	101
96	103
96	105
96	379
96	715
97	98
97	99
97	204
97	207
98	99
98	103
98	104
98	117
98	139
99	102
99	105
100	104
101	103
101	105
101	774
102	103
102	105
102	131
102	245
103	105
103	343
104	105
104	553
104	775
105	661
106	108
106	109
106	110
106	112
106	117
106	119
106	120
106	193
106	231
106	284
106	718
107	110
107	112
107	119
107	313
108	111
108	112
108	113
108	115
108	117
108	119
108	465
109	112
109	114
109	115
109	116
109	120
110	111
110	114
110	119
110	151
110	249
110	571
111	115
111	118
112	113
112	116
112	117
112	119
112	855
113	117
113	118
113	120
113	277
113	511
113	538
113	558
114	116
114	195
114	315
114	697
115	116
115	117
115	120
116	118
116	120
117	118
117	376
117	398
118	120
119	120
119	509
119	634
119	757
120	141
120	147
120	211
121	123
121	124
121	125
121	126
121	133
121	302
121	395
121	561
121	728
121	860
122	125
122	128
122	129
122	130
122	133
122	134
123	125
123	128
123	129
123	133
123	724
124	130
124	132
125	128
125	129
125	131
125	133
125	260
125	377
125	479
126	127
126	128
126	130
126	131
126	132
126	286
126	710
127	128
127	131
127	133
127	135
127	808
128	131
128	132
128	133
128	134
128	400
128	507
129	130
129	133
129	167
129	210
129	357
129	396
129	514
130	132
130	133
130	522
131	133
131	134
131	135
131	448
132	391
132	555
133	135
133	155
134	181
135	391
136	137
136	144
136	348
136	516
136	589
136	599
137	143
137	144
137	262
138	140
138	169
138	557
138	661
139	141
139	142
139	143
139	144
139	314
139	530
139	688
139	725
140	142
140	143
140	144
140	487
141	143
141	205
142	144
142	188
142	342
142	478
142	638
142	811
143	159
143	710
144	367
144	573
145	146
145	148
145	153
145	154
146	149
146	150
146	152
146	154
146	759
146	861
147	148
147	153
147	155
147	266
147	518
148	149
148	150
148	153
148	156
148	166
148	177
149	150
149	155
149	156
149	644
150	152
150	155
150	156
150	370
150	748
151	153
151	154
151	156
151	345
151	743
152	154
152	597
153	156
153	790
154	159
154	776
155	256
155	535
155	599
156	171
156	185
156	393
156	579
157	160
157	161
157	163
157	164
157	165
157	169
157	173
157	675
158	159
158	161
158	163
158	164
158	165
158	166
158	168
158	171
158	172
159	160
159	163
159	164
159	169
159	173
160	161
160	166
160	172
160	202
160	261
161	163
161	164
161	166
161	169
161	173
161	174
161	562
161	596
162	163
162	164
162	167
162	170
162	171
162	553
163	164
163	166
163	168
163	170
164	172
164	174
164	524
165	170
166	167
166	168
166	170
166	171
166	172
166	433
167	168
167	171
167	173
167	182
167	571
167	676
168	169
168	170
168	173
168	174
169	171
169	173
169	174
169	593
169	758
170	394
170	866
171	173
171	174
171	586
172	173
172	174
172	482
174	765
175	182
175	183
175	184
175	859
176	177
176	178
176	179
176	180
176	181
176	182
176	187
176	442
176	461
176	539
176	597
176	609
177	179
177	180
177	181
177	187
177	188
177	189
177	273
178	179
178	181
178	182
178	185
178	186
178	189
178	517
179	181
179	187
179	189
179	230
179	496
180	182
180	184
180	186
181	184
182	183
182	184
182	185
182	187
183	185
183	186
184	185
184	187
184	189
184	613
185	186
185	188
185	411
186	188
186	500
187	188
187	534
188	437
188	610
188	684
189	260
189	731
190	191
190	192
190	197
190	198
190	199
190	201
190	203
190	204
190	309
191	193
191	196
191	197
191	198
191	202
191	204
192	194
192	198
192	200
192	202
192	203
193	198
193	201
193	203
193	499
194	198
194	199
194	238
195	196
195	197
195	199
195	202
195	267
195	304
196	197
196	199
196	200
196	208
196	725
197	203
197	276
198	199
198	200
198	202
198	391
199	201
199	203
200	203
200	204
200	365
200	723
201	202
201	204
201	589
201	608
201	737
202	204
202	217
202	270
202	711
203	553
203	595
205	206
205	208
205	209
205	210
205	222
205	226
205	303
205	395
205	451
205	562
205	701
205	708
206	207
206	366
206	378
207	209
207	386
207	500
207	547
208	577
209	307
209	593
210	260
210	370
210	528
210	577
210	578
211	212
211	213
212	214
212	216
212	218
212	221
212	222
212	223
212	225
212	738
212	841
213	215
213	222
213	224
213	225
213	268
214	215
214	218
214	220
214	221
214	222
214	225
214	381
215	217
215	218
215	219
215	220
215	222
216	217
216	223
216	224
216	396
216	668
217	219
217	220
217	223
217	225
218	221
218	222
219	222
219	225
220	223
220	224
220	234
220	568
221	224
221	232
222	224
222	225
222	408
223	225
224	225
225	799
226	230
226	231
226	234
226	591
227	229
227	231
227	234
227	254
227	510
227	521
227	595
228	233
228	328
229	231
229	232
229	597
229	720
230	232
230	233
230	234
230	260
230	568
230	627
230	752
231	233
231	248
231	257
231	546
231	699
232	233
232	523
232	595
233	527
235	236
235	240
235	243
235	244
235	251
235	252
235	367
236	237
236	239
236	241
236	243
236	244
236	249
236	250
236	251
236	674
237	240
237	244
237	247
237	248
237	252
237	355
237	510
237	556
238	241
238	242
238	243
238	244
238	246
238	251
238	262
238	783
239	248
239	250
239	251
239	252
240	242
240	243
240	244
240	245
240	246
240	248
240	252
240	823
241	243
241	246
241	247
241	248
241	249
241	252
241	640
242	243
242	244
242	247
242	384
242	721
242	755
243	250
243	252
243	714
244	245
244	246
244	250
244	251
244	606
245	249
245	250
245	256
245	269
245	669
246	406
247	248
247	249
247	250
247	251
248	250
248	251
250	251
250	252
250	556
253	257
253	259
253	263
254	255
254	261
254	262
254	263
254	572
254	682
255	258
255	262
255	263
255	264
256	262
256	264
256	306
256	403
257	260
257	263
257	422
258	260
258	261
258	262
258	263
259	260
259	261
259	509
259	606
260	262
260	264
261	263
262	263
262	440
262	664
263	264
263	434
263	454
264	273
265	267
265	268
265	272
265	273
265	391
266	268
266	269
266	354
266	436
266	628
267	268
267	270
267	273
267	757
268	271
269	270
269	272
269	518
271	272
271	273
271	435
273	873
274	280
274	281
274	283
274	286
274	290
274	297
274	764
275	276
275	281
275	282
275	287
275	290
275	296
276	283
276	284
276	285
276	286
276	288
276	290
276	292
276	293
276	294
277	278
277	285
277	286
277	287
277	291
277	295
277	296
277	374
278	287
278	290
278	291
278	293
278	294
278	702
278	787
279	282
279	284
279	285
279	287
279	288
279	289
279	290
279	292
279	295
279	297
279	638
279	861
280	281
280	284
280	285
280	286
280	288
280	289
280	294
280	296
280	366
280	563
281	285
281	286
281	293
281	295
281	296
282	285
282	288
282	289
282	290
282	291
282	292
282	294
282	297
283	289
283	294
284	285
284	287
284	290
284	291
284	295
284	296
285	286
285	288
285	289
285	292
285	294
285	295
285	323
286	288
286	289
286	292
286	295
286	297
287	288
287	291
287	295
288	291
288	292
288	293
288	295
288	296
288	704
288	713
289	291
289	293
289	297
289	387
290	291
290	292
290	293
290	294
290	295
290	362
291	292
291	294
291	295
291	296
292	293
292	296
292	297
293	296
293	297
295	297
296	297
296	751
297	623
298	300
298	303
298	306
298	307
298	308
298	309
298	313
299	303
299	304
299	305
299	307
299	308
299	309
299	311
299	312
299	400
300	304
300	307
300	308
300	312
300	313
300	357
300	560
301	304
301	305
301	306
301	312
301	314
302	305
302	306
302	311
302	313
303	306
303	308
303	311
303	314
303	315
304	306
304	307
304	308
304	309
304	310
304	311
304	313
304	315
304	601
305	314
305	651
305	768
306	312
306	313
306	396
307	309
307	310
307	311
307	312
307	315
308	309
308	311
308	313
308	315
308	558
309	313
309	315
309	506
310	312
310	314
310	315
312	313
312	314
312	342
314	598
315	557
316	317
316	318
316	319
316	325
316	326
316	327
316	330
316	333
316	334
316	337
316	730
317	318
317	322
317	323
317	326
317	332
317	334
317	335
317	336
317	337
317	338
317	720
318	320
318	321
318	323
318	327
318	329
318	331
318	332
318	334
318	335
318	336
318	338
318	339
318	392
319	322
319	324
319	325
319	327
319	330
319	331
319	332
319	336
319	337
319	657
319	777
320	321
320	324
320	325
320	328
320	330
320	332
320	333
320	338
321	322
321	326
321	327
321	333
321	335
321	336
321	337
322	328
322	329
322	330
322	339
322	369
323	326
323	329
323	843
324	326
324	328
324	331
324	335
324	338
325	326
325	332
325	336
325	339
326	327
326	329
326	331
326	332
326	336
326	337
327	328
327	329
327	333
327	336
327	337
328	331
328	337
329	331
329	332
329	335
329	336
330	331
330	332
330	333
330	336
330	339
330	505
331	333
331	334
331	335
331	338
331	339
331	657
331	738
332	334
332	335
332	338
332	339
332	363
333	337
333	338
333	339
334	335
334	336
334	635
335	337
335	634
336	339
336	649
337	338
338	731
339	341
339	432
340	342
340	343
340	350
340	351
340	466
341	343
341	344
341	345
341	347
341	350
341	351
341	354
341	723
342	344
342	345
342	346
342	347
342	348
342	591
342	598
342	760
343	349
343	352
343	371
343	393
344	345
344	347
344	350
344	353
344	354
344	443
344	566
345	346
345	348
345	351
345	541
345	701
346	347
346	348
346	349
346	350
346	351
346	354
346	676
347	349
347	350
347	351
347	865
348	350
348	353
348	424
349	351
349	353
349	516
349	557
349	674
350	351
350	361
350	405
350	556
352	354
352	703
353	354
354	588
355	360
355	361
355	364
355	365
355	528
355	723
356	357
356	360
356	361
356	563
357	358
357	360
357	361
357	364
357	366
357	411
358	363
358	366
358	767
359	362
359	366
359	615
360	361
360	363
360	364
360	366
360	510
361	364
362	363
362	365
362	366
362	508
363	509
363	557
364	365
364	520
365	366
365	640
366	771
367	368
367	369
367	374
367	375
367	376
368	369
368	370
368	371
368	374
368	375
368	546
369	370
369	372
369	374
370	371
370	373
370	603
371	373
371	376
371	377
372	377
372	436
373	375
373	376
373	378
374	810
375	376
375	378
375	594
375	617
376	378
376	462
376	495
377	378
377	592
377	618
379	380
379	381
379	382
379	387
379	388
379	394
380	381
380	382
380	383
380	386
380	389
380	391
380	393
380	396
381	392
381	395
381	396
382	383
382	384
382	392
382	393
382	394
382	395
383	384
383	387
383	388
383	393
383	394
384	386
384	388
384	390
384	396
385	386
385	389
385	851
386	387
386	388
386	390
386	391
386	392
386	832
387	392
387	393
387	394
387	395
388	389
388	391
388	394
388	395
388	396
389	390
389	391
389	393
389	395
390	391
390	395
390	396
390	528
391	395
392	395
392	396
393	394
394	396
394	578
395	396
395	504
397	399
397	401
397	405
397	407
397	437
398	400
398	401
398	403
398	404
398	407
398	409
398	410
398	411
399	401
399	404
399	407
399	409
399	410
399	830
400	404
400	407
400	409
400	464
401	409
401	410
401	726
402	404
402	405
402	407
402	410
402	830
403	407
403	409
403	410
403	411
403	827
403	859
404	406
404	409
404	410
404	471
404	554
405	406
405	407
406	409
406	639
407	408
407	409
407	411
407	580
408	410
408	411
408	618
409	410
409	511
410	446
412	414
412	415
412	416
412	418
412	419
412	420
412	422
412	423
412	427
412	430
412	435
413	415
413	416
413	420
413	423
413	424
413	666
414	415
414	418
414	420
414	502
415	416
415	417
415	419
415	427
415	431
416	418
416	421
416	422
416	423
416	426
416	429
416	431
416	432
417	418
417	420
417	421
417	422
417	423
417	424
417	425
417	428
417	431
417	468
417	642
418	419
418	422
418	426
418	428
418	429
418	432
419	425
419	427
419	429
419	430
419	432
419	521
419	564
419	636
419	664
419	674
420	421
420	423
420	427
420	428
420	429
420	431
420	616
420	846
421	422
421	423
421	425
421	427
421	428
421	536
421	840
422	425
423	424
423	426
423	427
423	428
423	429
424	428
424	429
424	520
424	642
425	431
425	432
426	428
426	429
426	432
426	666
427	428
427	429
427	431
427	432
427	857
428	429
428	430
428	431
429	478
430	431
430	432
433	434
433	435
433	436
433	437
433	442
433	443
433	444
433	445
434	437
434	443
434	444
434	522
434	605
434	859
435	438
435	439
435	447
435	849
436	439
436	441
436	442
436	443
436	447
437	438
437	442
437	446
437	716
438	440
438	444
438	445
438	446
438	608
439	445
439	447
440	441
440	444
440	446
440	447
441	445
441	446
441	657
442	443
442	444
442	447
443	444
443	445
443	447
443	471
443	528
443	801
444	445
444	594
445	447
448	451
448	453
448	457
449	451
449	461
449	466
449	467
449	468
449	517
449	622
449	664
450	456
450	460
450	462
450	465
450	727
451	454
451	455
451	463
451	464
451	465
451	594
452	454
452	455
452	456
452	457
452	458
452	459
452	461
452	462
452	464
452	465
452	466
452	468
452	709
453	454
453	457
453	458
453	460
453	463
453	465
453	467
454	457
454	458
454	460
454	461
454	462
454	464
454	465
454	467
454	802
455	456
455	460
455	464
455	465
455	466
455	467
456	457
456	466
456	467
456	468
456	612
457	459
457	460
457	462
457	463
457	465
457	535
458	459
458	461
458	462
458	463
458	467
459	461
459	463
459	693
460	462
460	463
460	464
460	465
460	468
461	463
461	466
461	491
462	466
462	468
463	464
463	466
463	468
464	465
464	468
464	673
464	859
465	466
465	467
466	467
466	468
467	645
467	718
468	505
468	839
469	471
469	472
469	473
469	474
469	475
469	476
469	477
469	479
469	482
469	484
469	486
469	487
469	488
469	490
469	494
469	498
470	471
470	473
470	478
470	479
470	480
470	481
470	483
470	490
470	492
470	495
470	497
470	563
471	473
471	475
471	478
471	479
471	481
471	483
471	484
471	491
471	492
471	497
472	477
472	479
472	480
472	484
472	485
472	486
472	490
472	491
472	492
472	493
472	498
473	477
473	479
473	481
473	485
473	487
473	488
473	494
473	495
474	476
474	483
474	486
474	487
474	494
474	497
475	478
475	480
475	482
475	491
475	492
475	495
475	496
475	497
475	714
475	766
476	480
476	482
476	483
476	485
476	489
476	492
476	493
476	494
476	495
476	496
477	478
477	481
477	485
477	486
477	489
477	493
477	497
478	479
478	480
478	483
478	490
478	493
478	494
478	495
478	496
478	497
479	481
479	483
479	485
479	486
479	487
479	488
479	492
480	481
480	483
480	485
480	487
480	493
480	494
480	498
480	525
481	484
481	486
481	488
481	490
481	493
481	497
482	483
482	490
482	491
482	493
482	494
482	496
483	484
483	485
483	486
483	488
483	490
483	492
483	493
483	496
483	497
483	498
484	485
484	491
484	492
484	496
484	497
484	741
484	799
485	487
485	491
485	494
486	487
486	488
486	493
486	494
486	500
487	488
487	489
487	490
487	491
487	494
487	497
487	498
488	490
488	491
488	492
488	494
488	497
489	492
489	493
489	495
489	496
489	497
490	494
490	752
491	492
491	494
491	495
491	679
492	493
492	497
492	498
493	494
493	495
493	498
494	495
495	497
495	498
499	502
499	503
499	504
499	507
499	508
499	509
499	510
499	512
499	513
499	728
500	501
500	502
500	504
500	507
501	502
501	503
501	504
501	506
501	509
501	511
501	742
501	811
502	506
502	509
502	512
503	504
503	507
503	508
503	511
503	512
504	510
504	625
505	506
505	511
505	512
505	513
506	507
506	508
506	509
506	510
507	511
508	509
508	511
508	523
508	561
509	572
510	512
510	513
510	550
511	513
511	719
512	610
512	823
514	516
514	517
514	519
514	521
514	524
514	525
514	750
515	517
515	521
515	523
515	524
515	525
516	518
516	521
516	524
517	520
517	521
517	522
518	522
518	523
518	597
519	520
519	524
519	525
520	726
521	523
521	525
522	525
524	525
525	698
526	528
526	529
526	532
526	534
526	535
526	536
527	533
527	534
527	535
528	530
528	532
528	534
528	536
528	537
529	536
530	534
530	541
531	533
531	535
532	533
532	536
532	537
533	534
533	536
533	537
533	631
533	656
534	535
535	536
536	682
538	540
538	542
538	545
538	547
538	552
539	540
539	543
539	729
540	541
540	543
540	546
540	547
540	548
540	549
540	551
540	552
540	712
541	543
541	547
541	549
541	550
541	590
542	544
542	546
542	547
542	549
542	551
542	552
542	724
543	548
543	550
543	568
544	545
544	546
544	547
544	550
544	551
544	552
545	546
545	550
545	551
545	552
545	691
545	868
546	547
546	548
547	549
548	549
548	717
551	552
551	553
553	554
553	556
553	559
553	560
553	598
553	723
554	556
554	559
554	561
555	556
555	557
555	559
555	724
556	558
556	561
557	561
557	633
558	561
558	567
560	586
561	727
561	787
562	563
562	565
562	568
563	564
563	565
563	567
563	568
563	674
564	567
564	570
564	724
565	568
565	570
565	795
565	857
566	568
566	569
568	569
569	737
570	707
571	575
571	584
571	585
571	588
571	665
572	576
572	578
572	581
572	584
572	588
573	576
573	577
573	579
573	584
573	586
574	577
574	581
574	584
574	586
574	588
575	580
575	583
575	584
575	585
575	586
575	587
576	578
576	579
576	584
576	585
576	586
576	587
576	588
576	861
577	578
577	579
577	581
577	582
577	584
577	586
577	587
577	588
577	675
578	583
578	586
578	587
578	596
579	580
579	587
579	588
580	583
580	586
580	588
580	622
580	732
581	583
581	584
581	586
581	588
582	585
582	733
583	586
584	585
584	587
584	588
585	587
585	588
586	588
589	591
589	596
589	597
589	710
590	594
590	595
590	596
590	597
590	763
591	592
591	595
591	596
592	642
593	595
593	597
594	595
596	597
596	868
597	728
598	602
598	603
598	605
598	606
599	600
599	603
599	606
599	712
600	601
600	605
600	607
600	608
600	609
600	615
601	604
601	605
601	606
601	609
601	812
602	606
602	608
602	736
603	607
604	605
604	607
604	608
604	612
605	608
606	607
606	609
606	873
607	680
608	609
610	611
610	615
610	616
610	618
610	619
610	620
610	622
610	626
610	818
611	612
611	613
611	615
611	618
611	619
611	620
611	624
611	625
611	627
611	630
612	614
612	619
612	621
612	623
612	624
612	626
613	615
613	618
613	619
613	623
613	626
613	628
614	615
614	617
614	618
614	620
614	621
614	625
614	627
614	629
614	757
615	618
615	626
615	628
615	629
615	630
616	617
616	618
616	622
616	629
616	630
617	619
617	622
617	625
618	619
618	621
618	622
618	624
618	627
618	628
619	620
619	621
619	623
619	626
620	621
620	622
620	625
620	626
620	627
620	629
620	630
621	623
621	625
621	628
621	629
621	630
621	816
622	626
622	630
623	624
624	626
624	628
624	630
625	627
626	627
626	628
626	629
628	629
631	634
631	635
631	639
631	780
632	634
632	637
632	642
632	733
633	635
633	636
633	637
633	638
633	639
633	641
633	642
634	635
634	639
634	640
635	637
635	638
636	637
636	642
636	867
637	638
637	640
638	640
639	641
639	642
640	641
640	684
642	694
643	645
643	647
643	648
643	649
643	652
643	658
643	659
643	661
643	663
643	666
643	669
643	763
643	798
644	646
644	651
644	655
644	657
644	659
644	662
644	663
644	664
644	665
644	666
644	667
645	647
645	652
645	654
645	655
645	656
645	658
645	661
645	662
645	665
646	647
646	651
646	654
646	656
646	657
646	659
646	664
647	650
647	653
647	654
647	658
647	659
647	665
647	667
647	668
647	669
648	650
648	651
648	652
648	653
648	657
648	661
648	663
648	664
648	666
648	669
649	652
649	655
649	658
649	659
649	660
649	662
649	664
649	666
649	668
649	669
649	830
650	651
650	653
650	663
650	664
650	666
650	784
651	652
651	655
651	656
651	659
651	661
651	662
651	663
651	665
651	748
652	653
652	658
652	659
652	662
652	666
652	669
653	654
653	655
653	656
653	658
653	659
653	660
653	662
653	665
653	666
653	668
653	669
653	871
654	656
654	659
654	664
654	667
654	669
655	656
655	659
655	663
655	665
655	668
656	660
656	662
656	663
656	664
656	668
657	658
657	659
657	660
657	661
657	662
657	666
657	761
658	659
658	666
658	667
658	669
659	663
659	666
660	661
660	662
660	663
660	665
660	666
660	668
661	669
662	663
662	666
663	664
663	666
663	668
664	667
664	669
665	666
665	668
667	671
667	790
670	672
670	677
670	678
670	683
670	686
670	687
670	688
670	689
670	690
670	692
671	673
671	674
671	679
671	685
671	691
671	693
672	675
672	677
672	680
672	682
672	683
672	684
672	687
673	679
673	681
673	685
673	688
673	690
673	692
673	693
674	675
674	677
674	680
674	686
674	687
674	689
674	692
674	823
675	677
675	682
675	683
675	684
675	685
675	687
675	690
675	692
675	810
676	677
676	679
676	680
676	682
676	683
676	686
676	688
677	684
677	685
677	686
677	687
677	689
677	691
677	693
678	680
678	681
678	683
678	691
679	680
679	684
679	691
679	727
679	873
680	684
680	686
680	687
680	691
681	683
681	684
681	687
681	688
681	689
681	692
682	684
682	686
682	687
682	688
682	690
682	691
682	693
683	684
683	687
683	688
683	690
683	693
683	761
683	867
684	685
684	686
684	687
684	690
684	691
685	686
685	687
685	689
685	691
685	692
686	687
686	689
686	691
687	688
687	689
687	692
687	693
688	690
689	690
689	691
689	692
690	692
694	697
694	699
694	700
694	826
695	696
695	697
695	699
695	701
695	702
696	698
696	700
696	701
696	704
696	707
696	717
697	699
697	705
697	706
697	708
697	804
697	835
698	701
698	702
698	705
698	706
699	702
699	703
699	704
699	705
699	707
700	706
701	702
701	705
701	706
701	707
701	708
702	703
702	704
702	706
702	708
702	765
703	707
703	708
703	729
704	706
704	770
705	789
706	707
706	708
707	708
707	764
709	717
709	718
709	722
709	726
710	711
710	712
710	716
710	718
710	726
711	716
711	717
711	719
711	722
711	723
711	724
711	726
712	716
712	718
712	719
712	720
712	721
712	722
712	723
712	725
713	715
713	716
713	719
713	723
713	725
713	726
714	716
714	717
714	718
714	726
714	779
714	824
715	717
715	719
715	721
715	725
716	720
716	721
716	722
717	719
717	720
717	721
717	722
717	723
717	724
718	720
718	722
718	723
718	766
719	720
719	721
719	723
719	724
719	725
719	726
721	722
721	724
721	854
723	724
724	726
725	726
727	733
727	734
727	737
727	738
727	739
728	729
728	730
728	731
728	735
728	736
728	870
729	730
729	731
729	732
729	738
729	739
730	732
730	734
730	738
730	740
730	741
731	732
731	735
731	737
731	741
732	734
732	738
732	739
732	740
732	741
733	739
733	740
734	741
735	738
735	740
736	739
737	738
737	739
737	741
737	787
738	740
738	741
738	758
739	740
739	786
740	741
741	826
742	744
742	753
742	756
742	757
742	758
743	744
743	745
743	748
743	752
743	753
743	756
744	750
744	752
744	759
745	746
745	747
745	748
745	749
745	750
745	753
745	754
745	757
745	758
746	749
746	753
746	756
746	759
747	748
747	749
747	751
747	753
747	754
747	756
747	758
747	759
748	749
748	751
748	753
748	754
748	797
749	751
749	754
749	756
749	757
749	835
750	751
750	753
751	755
751	757
751	758
752	756
752	758
752	759
752	813
753	755
753	756
753	757
753	759
753	823
754	755
755	756
755	758
755	826
756	758
756	759
758	759
760	763
760	765
760	766
760	770
760	771
760	775
761	762
761	763
761	764
761	765
761	767
761	768
761	769
761	771
761	773
761	775
762	765
762	770
762	772
762	774
762	775
762	776
762	777
763	765
763	766
763	768
763	769
763	770
763	771
763	775
764	765
764	768
764	769
764	775
764	792
765	767
765	768
765	772
765	773
765	774
766	768
766	776
767	770
767	773
767	776
767	777
768	769
768	770
768	774
768	777
769	774
769	775
769	777
770	771
770	772
770	774
770	775
771	773
772	777
772	801
773	777
774	777
775	776
776	784
776	824
776	833
778	780
778	783
778	789
778	790
779	781
779	782
779	783
779	784
779	786
779	789
779	790
780	783
780	787
780	788
780	789
780	790
780	791
781	783
781	785
781	787
781	788
781	791
781	792
782	784
782	787
782	789
783	785
783	786
783	787
783	788
783	792
784	788
784	792
785	789
785	792
786	790
786	791
786	792
787	790
788	790
788	791
789	790
790	830
793	794
793	800
793	805
793	807
794	803
794	809
794	811
794	813
795	797
795	800
795	801
795	803
795	804
795	808
795	809
795	811
795	813
796	797
796	800
796	801
796	804
796	807
796	811
796	813
797	802
797	804
797	805
797	806
797	809
797	810
797	811
797	813
797	871
798	800
798	803
798	806
798	808
798	811
798	812
798	813
799	800
799	803
799	804
799	806
799	808
799	810
799	811
799	813
800	802
800	803
800	804
800	807
800	808
800	836
801	802
801	806
801	809
801	812
801	813
802	803
802	805
802	809
802	849
803	804
803	805
803	807
804	810
804	813
805	806
805	807
805	808
805	811
806	808
806	809
806	810
806	811
806	812
806	813
807	810
808	809
808	810
808	811
809	811
810	812
810	813
811	813
812	813
814	815
814	817
814	818
814	820
814	821
814	822
814	825
814	827
814	828
814	833
814	838
814	841
815	816
815	820
815	827
815	829
815	833
815	840
815	841
815	843
815	846
815	849
815	850
815	852
816	818
816	820
816	825
816	826
816	829
816	830
816	834
816	835
816	837
816	838
816	844
816	845
816	849
816	850
817	818
817	819
817	820
817	821
817	822
817	826
817	828
817	831
817	832
817	834
817	835
817	839
817	840
817	843
817	844
817	847
817	849
817	851
817	852
818	820
818	823
818	824
818	826
818	832
818	835
818	836
818	837
818	839
818	841
818	844
818	847
818	852
819	821
819	824
819	827
819	828
819	829
819	830
819	831
819	835
819	838
819	843
819	844
819	846
819	847
819	849
819	850
819	851
820	821
820	822
820	824
820	827
820	830
820	835
820	837
820	838
820	839
820	841
820	843
820	844
820	845
820	849
820	851
820	852
821	826
821	828
821	830
821	831
821	835
821	836
821	838
821	840
821	846
821	848
821	849
821	852
822	827
822	828
822	829
822	830
822	833
822	837
822	838
822	840
822	842
822	843
822	844
822	845
822	846
822	849
822	851
822	852
823	829
823	835
823	836
823	838
823	840
823	841
823	843
823	844
823	849
823	850
824	826
824	827
824	828
824	829
824	831
824	832
824	835
824	836
824	839
824	843
824	847
824	849
824	850
824	851
825	833
825	836
825	840
825	841
825	843
825	847
825	849
825	851
825	852
826	827
826	828
826	833
826	834
826	836
826	837
826	838
826	839
826	842
826	844
826	845
826	846
826	851
827	832
827	835
827	836
827	839
827	845
827	847
827	848
827	851
828	832
828	842
828	843
828	847
828	848
828	850
829	830
829	831
829	832
829	844
829	845
829	846
829	847
830	831
830	833
830	835
830	841
830	844
830	845
830	848
830	850
831	832
831	834
831	836
831	840
831	841
831	844
831	845
831	846
832	833
832	834
832	835
832	838
832	841
832	849
832	850
832	851
833	842
833	845
833	846
833	847
833	848
833	849
833	850
833	851
833	852
834	836
834	838
834	839
834	844
834	845
834	846
834	847
834	848
834	850
834	852
835	836
835	837
835	838
835	840
835	841
835	843
835	848
835	852
836	837
836	840
836	843
836	844
836	846
836	849
836	852
837	839
837	840
837	846
837	847
837	852
838	841
838	843
839	840
839	841
839	846
839	850
840	842
840	843
840	848
840	849
841	845
841	850
841	851
841	852
842	848
842	849
842	852
843	844
843	845
843	849
843	851
844	847
844	849
844	850
845	846
845	851
846	848
846	849
846	851
847	848
847	850
848	852
849	850
849	851
849	852
850	852
853	857
853	861
853	862
853	865
853	866
853	867
853	871
853	872
854	855
854	856
854	859
854	864
854	865
854	867
854	868
854	869
854	870
855	858
855	860
855	861
855	864
855	868
855	869
855	873
856	859
856	868
856	869
856	870
857	859
857	863
857	864
857	867
857	870
857	872
857	873
858	861
858	862
858	864
858	865
858	870
859	860
859	861
859	862
859	864
859	866
859	868
859	869
859	870
859	871
859	873
860	861
860	862
860	864
860	865
860	867
860	871
860	873
861	863
861	867
861	869
861	873
862	864
862	866
862	868
862	869
863	864
863	869
863	871
864	868
864	870
864	871
864	872
865	867
865	868
865	869
865	870
866	871
867	869
867	870
867	871
868	871
869	873
870	872
872	873
