1	2
1	3
1	4
1	5
1	6
1	7
1	8
1	11
1	13
1	15
1	18
1	21
1	27
1	37
1	43
1	45
1	52
1	55
1	56
1	70
1	79
1	88
1	107
1	111
1	114
1	118
1	121
1	125
1	136
2	3
2	4
2	5
2	6
2	9
2	11
2	16
2	17
2	18
2	19
2	21
2	33
2	35
2	44
2	45
2	47
2	48
2	50
2	52
2	54
2	55
2	59
2	72
2	78
2	82
2	83
2	94
2	97
2	98
2	99
2	100
2	103
2	105
2	106
2	110
2	113
2	119
2	123
2	124
2	125
2	129
2	130
2	133
2	136
3	4
3	5
3	7
3	8
3	9
3	11
3	12
3	15
3	19
3	21
3	26
3	53
3	58
3	59
3	64
3	71
3	94
3	96
3	105
3	111
3	114
3	115
3	116
3	117
3	119
3	122
3	124
3	125
3	126
3	127
3	128
3	136
4	5
4	6
4	9
4	10
4	11
4	12
4	13
4	14
4	19
4	20
4	41
4	43
4	50
4	53
4	55
4	56
4	60
4	62
4	74
4	77
4	99
4	102
4	107
4	110
4	111
4	120
4	121
4	125
4	129
4	130
4	132
5	6
5	15
5	16
5	17
5	18
5	22
5	25
5	33
5	42
5	44
5	48
5	50
5	51
5	54
5	66
5	75
5	76
5	77
5	78
5	79
5	98
5	103
5	109
5	116
5	119
5	120
5	130
5	132
5	136
6	7
6	16
6	19
6	20
6	21
6	22
6	26
6	39
6	49
6	56
6	63
6	66
6	67
6	69
6	71
6	72
6	75
6	77
6	78
6	79
6	81
6	85
6	91
6	103
6	106
6	107
6	112
6	114
6	116
6	124
6	125
6	126
7	9
7	12
7	15
7	16
7	21
7	22
7	23
7	24
7	25
7	26
7	27
7	28
7	29
7	30
7	31
7	32
7	33
7	34
7	35
7	36
7	37
7	38
8	15
8	22
8	39
8	40
8	41
8	42
8	43
8	44
8	45
8	46
8	47
8	48
9	49
9	50
9	51
9	52
9	53
9	54
10	15
10	17
10	55
10	56
10	57
10	58
10	59
10	60
11	17
11	61
11	62
11	63
11	64
11	65
11	66
12	16
12	67
12	68
12	69
12	70
12	71
12	72
13	73
13	74
13	75
13	76
14	15
14	22
14	77
14	78
14	79
14	80
14	81
14	82
15	83
15	84
15	85
15	86
15	87
15	88
15	89
15	90
15	91
15	92
15	93
15	94
15	95
15	96
16	20
16	97
16	98
16	99
16	100
16	101
16	102
16	103
16	104
17	105
17	106
17	107
17	108
17	109
17	110
17	111
17	112
18	113
18	114
18	115
18	116
18	117
18	118
19	119
19	120
20	121
20	122
20	123
20	124
21	125
21	126
21	127
21	128
22	129
22	130
22	131
22	132
22	133
22	134
22	135
22	136
24	82
25	50
25	104
25	121
27	97
27	126
28	121
28	123
29	57
29	72
30	39
30	121
30	130
31	58
31	73
31	115
31	119
32	49
32	132
33	74
33	128
34	56
34	73
34	114
34	122
34	131
35	69
35	82
36	86
38	74
39	80
40	83
40	104
40	111
40	129
41	51
41	76
42	120
43	50
43	51
43	63
43	121
44	64
44	95
45	73
45	112
45	114
46	53
47	84
47	127
48	67
48	73
48	119
48	123
49	61
49	88
49	110
49	111
49	119
49	124
49	135
50	80
50	119
50	125
50	128
50	129
51	96
51	107
51	113
52	74
52	76
52	77
52	83
52	125
52	128
53	68
53	69
53	71
53	79
53	82
53	133
54	58
54	59
54	71
55	82
55	91
55	98
55	113
56	62
56	71
56	114
56	134
57	86
57	114
57	119
57	125
58	65
58	77
58	124
59	71
59	104
59	119
59	125
59	126
60	62
60	71
60	133
61	74
61	77
61	81
61	107
61	128
62	70
62	74
62	75
62	81
62	113
63	78
63	99
63	112
63	113
63	119
63	133
64	84
64	99
64	115
64	119
64	120
64	126
64	132
65	68
65	114
65	120
65	135
66	113
66	120
67	80
67	110
67	117
67	119
67	129
68	85
69	77
69	117
69	120
69	122
70	75
70	77
70	106
71	76
71	94
71	120
71	121
71	122
72	110
72	117
73	89
73	97
73	104
73	108
74	82
74	119
74	120
75	135
76	105
76	108
76	118
76	123
76	126
76	135
77	122
78	124
78	129
78	132
80	112
80	127
80	130
81	114
81	129
82	121
82	130
83	116
83	119
83	126
84	106
84	117
85	110
85	119
85	130
86	136
87	101
88	120
88	124
90	98
92	105
92	122
95	120
98	110
98	113
98	119
99	123
99	124
99	125
100	113
101	124
101	130
102	121
102	123
102	126
102	127
105	127
105	136
107	134
108	120
108	123
109	122
110	118
110	119
110	132
113	119
115	123
115	124
115	126
115	128
115	134
116	121
117	127
117	131
120	122
120	125
120	126
121	127
121	129
122	125
122	131
123	126
127	130
127	133
128	129
