1	5
1	8
2	11
3	14
4	67
4	68
4	69
4	70
4	71
4	72
4	73
4	74
4	75
4	76
4	77
4	78
4	79
4	80
4	81
4	82
4	83
4	84
4	85
4	86
4	87
5	8
5	11
5	14
5	23
5	36
5	51
5	69
5	71
5	77
5	98
5	106
5	117
5	119
5	132
5	136
6	88
6	89
6	90
6	91
6	92
6	93
6	94
6	95
6	96
6	97
6	98
6	99
6	100
6	101
6	102
6	103
6	104
6	105
7	106
7	107
7	108
7	109
7	110
7	111
7	112
7	113
7	114
7	115
7	116
7	117
7	118
7	119
7	120
7	121
7	122
7	123
8	11
8	14
8	19
8	75
8	78
8	80
8	82
8	91
8	93
8	96
8	102
8	105
8	112
8	117
8	123
8	125
8	136
8	138
9	124
9	125
9	126
9	127
9	128
9	129
9	130
9	131
9	132
9	133
9	134
9	135
9	136
9	137
9	138
9	139
9	140
9	141
10	16
10	17
10	18
10	19
10	20
10	21
10	22
10	23
10	24
10	25
10	26
10	27
11	14
11	16
11	17
11	21
11	23
11	28
11	33
11	35
11	41
11	42
11	47
11	53
11	56
11	61
11	64
11	81
11	83
11	94
11	96
11	97
11	121
11	132
12	28
12	29
12	30
12	31
12	32
12	33
12	34
12	35
12	36
12	37
12	38
12	39
12	40
12	41
12	42
13	43
13	44
13	45
13	46
13	47
13	48
13	49
13	50
13	51
13	52
13	53
13	54
14	20
14	24
14	34
14	42
14	43
14	44
14	50
14	56
14	62
14	63
14	67
14	78
14	87
14	96
14	106
14	134
14	135
15	55
15	56
15	57
15	58
15	59
15	60
15	61
15	62
15	63
15	64
15	65
15	66
16	17
16	18
16	19
16	20
16	21
16	22
16	23
16	24
16	25
16	26
16	27
17	18
17	19
17	20
17	21
17	22
17	23
17	24
17	25
17	26
17	27
17	41
18	19
18	20
18	21
18	22
18	23
18	24
18	25
18	26
18	27
19	20
19	21
19	22
19	23
19	24
19	25
19	26
19	27
20	21
20	22
20	23
20	24
20	25
20	26
20	27
20	35
21	22
21	23
21	24
21	25
21	26
21	27
22	23
22	24
22	25
22	26
22	27
22	41
23	24
23	25
23	26
23	27
23	46
23	66
23	74
24	25
24	26
24	27
24	133
25	26
25	27
25	51
26	27
28	29
28	30
28	31
28	32
28	33
28	34
28	35
28	36
28	37
28	38
28	39
28	40
28	41
28	42
29	30
29	31
29	32
29	33
29	34
29	35
29	36
29	37
29	38
29	39
29	40
29	41
29	42
30	31
30	32
30	33
30	34
30	35
30	36
30	37
30	38
30	39
30	40
30	41
30	42
31	32
31	33
31	34
31	35
31	36
31	37
31	38
31	39
31	40
31	41
31	42
31	57
32	33
32	34
32	35
32	36
32	37
32	38
32	39
32	40
32	41
32	42
33	34
33	35
33	36
33	37
33	38
33	39
33	40
33	41
33	42
33	107
33	135
34	35
34	36
34	37
34	38
34	39
34	40
34	41
34	42
35	36
35	37
35	38
35	39
35	40
35	41
35	42
36	37
36	38
36	39
36	40
36	41
36	42
37	38
37	39
37	40
37	41
37	42
38	39
38	40
38	41
38	42
39	40
39	41
39	42
39	59
40	41
40	42
40	53
41	42
43	44
43	45
43	46
43	47
43	48
43	49
43	50
43	51
43	52
43	53
43	54
44	45
44	46
44	47
44	48
44	49
44	50
44	51
44	52
44	53
44	54
44	83
44	140
45	46
45	47
45	48
45	49
45	50
45	51
45	52
45	53
45	54
45	68
45	81
45	141
46	47
46	48
46	49
46	50
46	51
46	52
46	53
46	54
46	82
47	48
47	49
47	50
47	51
47	52
47	53
47	54
47	62
48	49
48	50
48	51
48	52
48	53
48	54
48	131
49	50
49	51
49	52
49	53
49	54
49	60
49	66
50	51
50	52
50	53
50	54
50	62
50	113
51	52
51	53
51	54
52	53
52	54
53	54
53	66
54	118
55	56
55	57
55	58
55	59
55	60
55	61
55	62
55	63
55	64
55	65
55	66
56	57
56	58
56	59
56	60
56	61
56	62
56	63
56	64
56	65
56	66
57	58
57	59
57	60
57	61
57	62
57	63
57	64
57	65
57	66
58	59
58	60
58	61
58	62
58	63
58	64
58	65
58	66
59	60
59	61
59	62
59	63
59	64
59	65
59	66
60	61
60	62
60	63
60	64
60	65
60	66
60	78
61	62
61	63
61	64
61	65
61	66
62	63
62	64
62	65
62	66
63	64
63	65
63	66
64	65
64	66
65	66
65	70
66	107
67	68
67	69
67	70
67	71
67	72
67	73
67	74
67	75
67	76
67	77
67	78
67	79
67	80
67	81
67	82
67	83
67	84
67	85
67	86
67	87
68	69
68	70
68	71
68	72
68	73
68	74
68	75
68	76
68	77
68	78
68	79
68	80
68	81
68	82
68	83
68	84
68	85
68	86
68	87
69	70
69	71
69	72
69	73
69	74
69	75
69	76
69	77
69	78
69	79
69	80
69	81
69	82
69	83
69	84
69	85
69	86
69	87
69	124
70	71
70	72
70	73
70	74
70	75
70	76
70	77
70	78
70	79
70	80
70	81
70	82
70	83
70	84
70	85
70	86
70	87
71	72
71	73
71	74
71	75
71	76
71	77
71	78
71	79
71	80
71	81
71	82
71	83
71	84
71	85
71	86
71	87
72	73
72	74
72	75
72	76
72	77
72	78
72	79
72	80
72	81
72	82
72	83
72	84
72	85
72	86
72	87
73	74
73	75
73	76
73	77
73	78
73	79
73	80
73	81
73	82
73	83
73	84
73	85
73	86
73	87
74	75
74	76
74	77
74	78
74	79
74	80
74	81
74	82
74	83
74	84
74	85
74	86
74	87
74	97
75	76
75	77
75	78
75	79
75	80
75	81
75	82
75	83
75	84
75	85
75	86
75	87
75	123
75	125
76	77
76	78
76	79
76	80
76	81
76	82
76	83
76	84
76	85
76	86
76	87
77	78
77	79
77	80
77	81
77	82
77	83
77	84
77	85
77	86
77	87
78	79
78	80
78	81
78	82
78	83
78	84
78	85
78	86
78	87
79	80
79	81
79	82
79	83
79	84
79	85
79	86
79	87
79	108
80	81
80	82
80	83
80	84
80	85
80	86
80	87
81	82
81	83
81	84
81	85
81	86
81	87
82	83
82	84
82	85
82	86
82	87
83	84
83	85
83	86
83	87
83	97
84	85
84	86
84	87
84	135
84	138
85	86
85	87
86	87
87	101
87	118
88	89
88	90
88	91
88	92
88	93
88	94
88	95
88	96
88	97
88	98
88	99
88	100
88	101
88	102
88	103
88	104
88	105
88	119
88	125
89	90
89	91
89	92
89	93
89	94
89	95
89	96
89	97
89	98
89	99
89	100
89	101
89	102
89	103
89	104
89	105
90	91
90	92
90	93
90	94
90	95
90	96
90	97
90	98
90	99
90	100
90	101
90	102
90	103
90	104
90	105
91	92
91	93
91	94
91	95
91	96
91	97
91	98
91	99
91	100
91	101
91	102
91	103
91	104
91	105
92	93
92	94
92	95
92	96
92	97
92	98
92	99
92	100
92	101
92	102
92	103
92	104
92	105
93	94
93	95
93	96
93	97
93	98
93	99
93	100
93	101
93	102
93	103
93	104
93	105
94	95
94	96
94	97
94	98
94	99
94	100
94	101
94	102
94	103
94	104
94	105
94	114
95	96
95	97
95	98
95	99
95	100
95	101
95	102
95	103
95	104
95	105
96	97
96	98
96	99
96	100
96	101
96	102
96	103
96	104
96	105
96	113
96	129
97	98
97	99
97	100
97	101
97	102
97	103
97	104
97	105
97	134
98	99
98	100
98	101
98	102
98	103
98	104
98	105
99	100
99	101
99	102
99	103
99	104
99	105
100	101
100	102
100	103
100	104
100	105
100	137
101	102
101	103
101	104
101	105
102	103
102	104
102	105
103	104
103	105
104	105
106	107
106	108
106	109
106	110
106	111
106	112
106	113
106	114
106	115
106	116
106	117
106	118
106	119
106	120
106	121
106	122
106	123
107	108
107	109
107	110
107	111
107	112
107	113
107	114
107	115
107	116
107	117
107	118
107	119
107	120
107	121
107	122
107	123
108	109
108	110
108	111
108	112
108	113
108	114
108	115
108	116
108	117
108	118
108	119
108	120
108	121
108	122
108	123
109	110
109	111
109	112
109	113
109	114
109	115
109	116
109	117
109	118
109	119
109	120
109	121
109	122
109	123
110	111
110	112
110	113
110	114
110	115
110	116
110	117
110	118
110	119
110	120
110	121
110	122
110	123
111	112
111	113
111	114
111	115
111	116
111	117
111	118
111	119
111	120
111	121
111	122
111	123
111	135
112	113
112	114
112	115
112	116
112	117
112	118
112	119
112	120
112	121
112	122
112	123
112	135
113	114
113	115
113	116
113	117
113	118
113	119
113	120
113	121
113	122
113	123
113	141
114	115
114	116
114	117
114	118
114	119
114	120
114	121
114	122
114	123
115	116
115	117
115	118
115	119
115	120
115	121
115	122
115	123
116	117
116	118
116	119
116	120
116	121
116	122
116	123
117	118
117	119
117	120
117	121
117	122
117	123
117	133
118	119
118	120
118	121
118	122
118	123
119	120
119	121
119	122
119	123
120	121
120	122
120	123
120	129
121	122
121	123
122	123
124	125
124	126
124	127
124	128
124	129
124	130
124	131
124	132
124	133
124	134
124	135
124	136
124	137
124	138
124	139
124	140
124	141
125	126
125	127
125	128
125	129
125	130
125	131
125	132
125	133
125	134
125	135
125	136
125	137
125	138
125	139
125	140
125	141
126	127
126	128
126	129
126	130
126	131
126	132
126	133
126	134
126	135
126	136
126	137
126	138
126	139
126	140
126	141
127	128
127	129
127	130
127	131
127	132
127	133
127	134
127	135
127	136
127	137
127	138
127	139
127	140
127	141
128	129
128	130
128	131
128	132
128	133
128	134
128	135
128	136
128	137
128	138
128	139
128	140
128	141
129	130
129	131
129	132
129	133
129	134
129	135
129	136
129	137
129	138
129	139
129	140
129	141
130	131
130	132
130	133
130	134
130	135
130	136
130	137
130	138
130	139
130	140
130	141
131	132
131	133
131	134
131	135
131	136
131	137
131	138
131	139
131	140
131	141
132	133
132	134
132	135
132	136
132	137
132	138
132	139
132	140
132	141
133	134
133	135
133	136
133	137
133	138
133	139
133	140
133	141
134	135
134	136
134	137
134	138
134	139
134	140
134	141
135	136
135	137
135	138
135	139
135	140
135	141
136	137
136	138
136	139
136	140
136	141
137	138
137	139
137	140
137	141
138	139
138	140
138	141
139	140
139	141
140	141
