1	6
1	7
2	10
3	15
4	34
4	35
4	36
5	37
5	38
5	39
5	40
5	41
5	42
6	10
6	21
6	26
6	29
6	36
6	38
6	42
6	51
7	15
7	25
7	29
7	35
7	46
7	50
8	43
8	44
8	45
8	46
8	47
8	48
9	49
9	50
9	51
10	15
10	17
10	24
10	26
10	29
10	36
10	43
10	49
11	16
11	17
11	18
12	19
12	20
12	21
12	22
12	23
12	24
12	25
12	26
12	27
13	28
13	29
13	30
14	31
14	32
14	33
15	17
15	18
15	22
15	28
15	33
15	37
15	51
16	30
16	33
16	41
17	32
17	33
17	36
21	35
23	28
24	40
25	35
25	43
28	32
29	31
29	47
30	35
32	34
32	44
32	47
32	51
36	41
36	42
38	48
42	51
47	49
