1	2
1	3
1	4
1	5
1	6
1	7
1	8
1	9
1	10
1	13
1	14
1	32
1	34
1	37
1	38
1	41
1	50
1	74
1	77
1	82
1	93
1	102
1	105
1	111
1	117
1	122
2	10
2	11
2	12
2	17
2	27
2	28
2	33
2	37
2	41
2	45
2	68
2	81
2	85
2	88
2	91
2	92
2	94
2	99
2	110
2	112
2	116
2	118
2	119
2	120
2	127
2	131
2	132
3	4
3	12
3	13
3	14
3	15
3	16
3	18
3	22
3	30
3	37
3	44
3	52
3	55
3	56
3	57
3	59
3	61
3	74
3	75
3	77
3	90
3	95
3	96
3	97
3	98
3	100
3	106
3	108
3	115
3	125
4	5
4	8
4	16
4	17
4	18
4	19
4	20
4	21
4	22
4	23
4	24
5	8
5	9
5	25
5	26
5	27
5	28
5	29
5	30
5	31
5	32
5	33
5	34
5	35
5	36
6	13
6	37
6	38
6	39
6	40
6	41
6	42
7	8
7	14
7	43
7	44
7	45
7	46
7	47
7	48
7	49
7	50
7	51
8	9
8	52
8	53
8	54
8	55
8	56
8	57
8	58
8	59
8	60
8	61
8	62
8	63
8	64
8	65
8	66
9	67
9	68
9	69
9	70
9	71
9	72
9	73
9	74
9	75
10	11
10	15
10	76
10	77
10	78
10	79
10	80
10	81
10	82
10	83
10	84
11	15
11	85
11	86
11	87
11	88
11	89
11	90
11	91
11	92
11	93
11	94
11	95
11	96
12	14
12	97
12	98
12	99
12	100
12	101
12	102
13	15
13	103
13	104
13	105
13	106
13	107
13	108
13	109
13	110
13	111
14	112
14	113
14	114
14	115
14	116
14	117
14	118
14	119
14	120
15	121
15	122
15	123
15	124
15	125
15	126
15	127
15	128
15	129
15	130
15	131
15	132
15	133
15	134
15	135
16	17
16	19
16	37
16	55
17	18
17	19
17	112
17	131
18	19
18	21
18	22
18	24
18	39
18	74
19	23
19	110
20	21
20	22
20	37
21	22
21	24
21	48
21	58
21	97
22	24
22	97
23	102
24	39
24	108
25	26
25	28
25	29
25	33
25	35
25	36
25	40
25	94
26	29
26	31
26	34
26	35
26	36
26	118
27	31
27	36
28	32
28	108
28	118
28	128
29	32
29	33
29	34
29	36
29	40
29	110
29	112
30	32
30	33
30	36
31	32
31	33
31	49
32	73
33	34
33	35
33	57
33	69
33	79
33	98
33	111
34	35
35	78
35	79
36	113
37	39
37	94
37	112
38	40
38	41
38	84
38	87
39	40
39	41
40	54
40	76
40	88
40	89
41	42
41	90
41	95
41	112
41	123
42	51
42	75
42	105
43	44
43	46
43	47
43	51
43	89
43	132
44	47
44	48
44	50
44	86
45	51
45	69
45	118
46	50
46	68
46	75
46	87
46	121
47	48
47	50
47	73
47	97
48	50
48	81
49	51
49	56
49	58
49	102
49	132
50	51
50	64
50	104
50	110
51	82
51	95
51	97
52	55
52	58
52	59
52	60
52	62
52	64
52	135
53	59
53	61
53	62
53	64
53	66
54	55
54	57
54	58
54	61
54	62
54	66
54	79
54	100
55	59
55	62
55	63
55	64
56	57
56	59
56	61
56	66
56	133
57	58
57	59
57	61
57	62
57	64
57	66
57	107
58	60
58	62
58	78
58	106
58	111
59	60
59	61
59	63
60	61
60	66
60	82
61	64
61	115
62	64
62	66
63	95
63	116
65	66
65	134
67	69
67	72
67	73
67	77
67	88
67	92
67	100
68	69
68	72
68	75
68	77
68	131
69	71
69	74
69	75
69	94
70	74
70	75
70	91
70	112
70	115
71	75
71	79
71	99
71	104
72	74
73	74
73	115
74	99
75	99
76	77
76	78
76	79
76	81
76	83
76	84
78	79
78	83
80	81
80	82
80	84
80	88
80	91
80	104
80	125
81	84
81	105
82	83
82	96
83	84
83	124
85	88
85	92
85	93
85	95
86	87
86	89
86	90
86	91
86	95
86	96
86	100
87	92
87	94
88	90
88	91
88	92
88	93
88	95
88	116
88	120
89	90
89	93
89	95
89	129
90	92
90	93
90	95
90	110
91	92
91	94
91	97
91	134
92	96
95	97
95	99
95	122
97	98
97	99
97	100
97	102
97	117
100	102
100	108
101	102
101	114
101	120
103	109
103	128
104	105
104	108
104	111
105	107
106	108
106	109
106	110
106	111
107	109
107	111
107	122
108	109
108	110
108	111
111	112
112	114
113	114
113	115
113	116
113	117
113	118
113	120
114	116
114	118
115	117
115	118
115	120
115	132
116	127
117	119
118	119
121	130
121	133
121	134
121	135
122	127
122	129
122	133
123	124
123	125
123	126
123	127
123	130
123	131
123	135
124	128
124	131
124	132
124	133
125	129
126	127
126	128
126	130
126	132
126	134
127	130
127	133
127	134
128	131
128	132
128	134
128	135
130	131
130	132
130	133
130	134
130	135
131	132
131	133
131	135
132	133
133	134
134	135
