1	2
1	3
1	4
1	5
1	6
1	7
1	8
1	9
1	10
1	11
1	12
1	13
1	14
1	15
1	16
1	52
1	68
1	75
1	91
1	114
1	118
1	119
1	158
1	176
1	206
1	215
1	237
1	262
1	263
1	266
1	298
1	338
1	341
1	347
1	375
1	381
1	384
1	386
1	394
1	396
2	3
2	4
2	12
2	14
2	17
2	18
2	19
2	20
2	21
2	54
2	63
2	105
2	107
2	130
2	141
2	156
2	161
2	204
2	219
2	249
2	253
2	256
2	257
2	258
2	259
2	263
2	264
2	266
2	273
2	274
2	283
2	299
2	300
2	301
2	303
2	306
2	311
2	320
2	331
2	339
2	360
2	361
2	364
2	374
2	375
2	385
2	389
2	392
2	393
2	394
2	396
3	4
3	5
3	21
3	22
3	23
3	24
3	61
3	75
3	164
3	184
3	213
3	230
3	255
3	260
3	267
3	276
3	278
3	289
3	294
3	305
3	307
3	311
3	321
3	325
3	334
3	335
3	342
3	360
3	363
3	366
3	388
3	389
4	12
4	14
4	18
4	25
4	26
4	27
4	28
4	68
4	91
4	126
4	143
4	173
4	185
4	245
4	252
4	253
4	254
4	263
4	268
4	286
4	300
4	310
4	314
4	321
4	325
4	339
4	342
4	350
4	352
4	356
4	362
4	369
4	373
4	374
4	377
4	387
4	389
4	395
5	6
5	7
5	8
5	9
5	10
5	11
5	19
5	27
5	29
5	30
5	31
5	32
5	33
5	34
5	35
5	36
5	37
5	38
5	39
5	40
5	41
5	42
5	43
5	44
5	45
5	46
5	47
5	48
5	49
5	50
5	51
5	52
5	53
5	54
5	55
5	56
5	57
5	58
5	59
5	60
5	61
5	62
5	63
5	64
6	7
6	8
6	9
6	10
6	11
6	17
6	24
6	65
6	66
6	67
6	68
6	69
6	70
6	71
6	72
6	73
6	74
6	75
6	76
6	77
6	78
6	79
6	80
6	81
6	82
6	83
6	84
6	85
6	86
6	87
6	88
6	89
6	90
6	91
6	92
6	93
6	94
6	95
6	96
6	97
6	98
6	99
6	100
7	8
7	9
7	10
7	11
7	17
7	24
7	101
7	102
7	103
7	104
7	105
7	106
7	107
7	108
7	109
7	110
7	111
7	112
7	113
7	114
7	115
7	116
7	117
7	118
7	119
7	120
7	121
7	122
7	123
7	124
7	125
7	126
7	127
7	128
7	129
7	130
7	131
7	132
7	133
7	134
7	135
7	136
8	9
8	10
8	11
8	137
8	138
8	139
8	140
8	141
8	142
8	143
8	144
8	145
8	146
8	147
8	148
8	149
8	150
8	151
8	152
8	153
8	154
8	155
8	156
8	157
8	158
8	159
8	160
8	161
8	162
8	163
8	164
9	10
9	11
9	165
9	166
9	167
9	168
9	169
9	170
9	171
9	172
9	173
9	174
9	175
9	176
9	177
9	178
9	179
9	180
9	181
9	182
9	183
9	184
9	185
9	186
9	187
9	188
9	189
9	190
9	191
9	192
10	11
10	193
10	194
10	195
10	196
10	197
10	198
10	199
10	200
10	201
10	202
10	203
10	204
10	205
10	206
10	207
10	208
10	209
10	210
10	211
10	212
10	213
10	214
10	215
10	216
10	217
10	218
10	219
10	220
11	221
11	222
11	223
11	224
11	225
11	226
11	227
11	228
11	229
11	230
11	231
11	232
11	233
11	234
11	235
11	236
11	237
11	238
11	239
11	240
11	241
11	242
11	243
11	244
11	245
11	246
11	247
11	248
12	249
12	250
12	251
12	252
13	253
13	254
13	255
13	256
14	257
14	258
14	259
14	260
15	261
15	262
15	263
15	264
16	265
16	266
16	267
16	268
17	18
17	22
17	25
17	269
17	270
17	271
17	272
17	273
17	274
17	275
17	276
17	277
17	278
17	279
17	280
17	281
17	282
17	283
17	284
17	285
17	286
17	287
17	288
17	289
17	290
17	291
17	292
18	293
18	294
18	295
18	296
18	297
18	298
18	299
18	300
19	301
19	302
19	303
19	304
19	305
19	306
19	307
19	308
20	309
20	310
20	311
20	312
21	22
21	27
21	313
21	314
21	315
21	316
21	317
21	318
21	319
21	320
21	321
21	322
21	323
21	324
22	325
22	326
22	327
22	328
22	329
22	330
22	331
22	332
22	333
22	334
22	335
22	336
23	337
23	338
23	339
23	340
24	26
24	341
24	342
24	343
24	344
24	345
24	346
24	347
24	348
24	349
24	350
24	351
24	352
24	353
24	354
24	355
24	356
25	26
25	357
25	358
25	359
25	360
25	361
25	362
25	363
25	364
25	365
25	366
25	367
25	368
26	369
26	370
26	371
26	372
26	373
26	374
26	375
26	376
26	377
26	378
26	379
26	380
27	381
27	382
27	383
27	384
27	385
27	386
27	387
27	388
27	389
27	390
27	391
27	392
28	393
28	394
28	395
28	396
29	30
29	31
29	32
29	33
29	34
29	35
29	36
29	37
29	38
29	39
29	40
29	41
29	42
29	43
29	44
29	45
29	46
29	47
29	48
29	49
29	50
30	31
30	32
30	33
30	34
30	35
30	36
30	37
30	38
30	39
30	40
30	41
30	42
30	43
30	44
30	45
30	46
30	47
30	48
30	49
30	50
30	390
31	32
31	33
31	34
31	35
31	36
31	37
31	38
31	39
31	40
31	41
31	42
31	43
31	44
31	45
31	46
31	47
31	48
31	49
31	50
31	345
32	33
32	34
32	35
32	36
32	37
32	38
32	39
32	40
32	41
32	42
32	43
32	44
32	45
32	46
32	47
32	48
32	49
32	50
32	262
33	34
33	35
33	36
33	37
33	38
33	39
33	40
33	41
33	42
33	43
33	44
33	45
33	46
33	47
33	48
33	49
33	50
33	354
33	393
34	35
34	36
34	37
34	38
34	39
34	40
34	41
34	42
34	43
34	44
34	45
34	46
34	47
34	48
34	49
34	50
34	316
35	36
35	37
35	38
35	39
35	40
35	41
35	42
35	43
35	44
35	45
35	46
35	47
35	48
35	49
35	50
36	37
36	38
36	39
36	40
36	41
36	42
36	43
36	44
36	45
36	46
36	47
36	48
36	49
36	50
36	339
36	394
37	38
37	39
37	40
37	41
37	42
37	43
37	44
37	45
37	46
37	47
37	48
37	49
37	50
38	39
38	40
38	41
38	42
38	43
38	44
38	45
38	46
38	47
38	48
38	49
38	50
38	392
39	40
39	41
39	42
39	43
39	44
39	45
39	46
39	47
39	48
39	49
39	50
40	41
40	42
40	43
40	44
40	45
40	46
40	47
40	48
40	49
40	50
41	42
41	43
41	44
41	45
41	46
41	47
41	48
41	49
41	50
41	239
42	43
42	44
42	45
42	46
42	47
42	48
42	49
42	50
42	99
43	44
43	45
43	46
43	47
43	48
43	49
43	50
43	131
44	45
44	46
44	47
44	48
44	49
44	50
44	258
45	46
45	47
45	48
45	49
45	50
45	362
45	368
46	47
46	48
46	49
46	50
46	250
47	48
47	49
47	50
47	356
47	371
48	49
48	50
48	360
49	50
49	111
52	308
54	376
57	262
57	372
58	182
58	394
59	114
60	379
62	227
63	329
64	234
65	66
65	67
65	68
65	69
65	70
65	71
65	72
65	73
65	74
65	75
65	76
65	77
65	78
65	79
65	80
65	81
65	82
65	83
65	84
65	85
65	86
65	182
65	374
65	393
65	396
66	67
66	68
66	69
66	70
66	71
66	72
66	73
66	74
66	75
66	76
66	77
66	78
66	79
66	80
66	81
66	82
66	83
66	84
66	85
66	86
67	68
67	69
67	70
67	71
67	72
67	73
67	74
67	75
67	76
67	77
67	78
67	79
67	80
67	81
67	82
67	83
67	84
67	85
67	86
67	146
67	304
67	336
68	69
68	70
68	71
68	72
68	73
68	74
68	75
68	76
68	77
68	78
68	79
68	80
68	81
68	82
68	83
68	84
68	85
68	86
68	310
69	70
69	71
69	72
69	73
69	74
69	75
69	76
69	77
69	78
69	79
69	80
69	81
69	82
69	83
69	84
69	85
69	86
70	71
70	72
70	73
70	74
70	75
70	76
70	77
70	78
70	79
70	80
70	81
70	82
70	83
70	84
70	85
70	86
71	72
71	73
71	74
71	75
71	76
71	77
71	78
71	79
71	80
71	81
71	82
71	83
71	84
71	85
71	86
71	305
72	73
72	74
72	75
72	76
72	77
72	78
72	79
72	80
72	81
72	82
72	83
72	84
72	85
72	86
72	312
73	74
73	75
73	76
73	77
73	78
73	79
73	80
73	81
73	82
73	83
73	84
73	85
73	86
74	75
74	76
74	77
74	78
74	79
74	80
74	81
74	82
74	83
74	84
74	85
74	86
75	76
75	77
75	78
75	79
75	80
75	81
75	82
75	83
75	84
75	85
75	86
75	257
76	77
76	78
76	79
76	80
76	81
76	82
76	83
76	84
76	85
76	86
76	395
77	78
77	79
77	80
77	81
77	82
77	83
77	84
77	85
77	86
78	79
78	80
78	81
78	82
78	83
78	84
78	85
78	86
79	80
79	81
79	82
79	83
79	84
79	85
79	86
79	295
80	81
80	82
80	83
80	84
80	85
80	86
80	249
81	82
81	83
81	84
81	85
81	86
82	83
82	84
82	85
82	86
82	263
83	84
83	85
83	86
83	310
84	85
84	86
84	315
84	363
85	86
86	334
86	347
90	311
91	340
93	151
93	338
95	395
96	194
96	255
96	262
98	363
101	102
101	103
101	104
101	105
101	106
101	107
101	108
101	109
101	110
101	111
101	112
101	113
101	114
101	115
101	116
101	117
101	118
101	119
101	120
101	121
101	122
102	103
102	104
102	105
102	106
102	107
102	108
102	109
102	110
102	111
102	112
102	113
102	114
102	115
102	116
102	117
102	118
102	119
102	120
102	121
102	122
103	104
103	105
103	106
103	107
103	108
103	109
103	110
103	111
103	112
103	113
103	114
103	115
103	116
103	117
103	118
103	119
103	120
103	121
103	122
104	105
104	106
104	107
104	108
104	109
104	110
104	111
104	112
104	113
104	114
104	115
104	116
104	117
104	118
104	119
104	120
104	121
104	122
104	293
104	318
105	106
105	107
105	108
105	109
105	110
105	111
105	112
105	113
105	114
105	115
105	116
105	117
105	118
105	119
105	120
105	121
105	122
105	261
105	382
105	396
106	107
106	108
106	109
106	110
106	111
106	112
106	113
106	114
106	115
106	116
106	117
106	118
106	119
106	120
106	121
106	122
106	251
106	349
107	108
107	109
107	110
107	111
107	112
107	113
107	114
107	115
107	116
107	117
107	118
107	119
107	120
107	121
107	122
107	346
108	109
108	110
108	111
108	112
108	113
108	114
108	115
108	116
108	117
108	118
108	119
108	120
108	121
108	122
108	247
109	110
109	111
109	112
109	113
109	114
109	115
109	116
109	117
109	118
109	119
109	120
109	121
109	122
110	111
110	112
110	113
110	114
110	115
110	116
110	117
110	118
110	119
110	120
110	121
110	122
111	112
111	113
111	114
111	115
111	116
111	117
111	118
111	119
111	120
111	121
111	122
111	273
111	362
111	382
112	113
112	114
112	115
112	116
112	117
112	118
112	119
112	120
112	121
112	122
112	257
112	268
112	309
113	114
113	115
113	116
113	117
113	118
113	119
113	120
113	121
113	122
113	258
113	296
113	355
114	115
114	116
114	117
114	118
114	119
114	120
114	121
114	122
114	163
114	298
114	390
115	116
115	117
115	118
115	119
115	120
115	121
115	122
115	303
115	396
116	117
116	118
116	119
116	120
116	121
116	122
116	255
117	118
117	119
117	120
117	121
117	122
117	354
118	119
118	120
118	121
118	122
119	120
119	121
119	122
119	185
119	249
120	121
120	122
120	188
121	122
121	187
122	252
123	390
124	333
125	328
127	193
127	255
127	263
129	257
129	281
129	282
131	259
131	316
131	361
134	175
134	208
137	138
137	139
137	140
137	141
137	142
137	143
137	144
137	145
137	146
137	147
137	148
137	149
137	150
137	151
137	152
137	153
137	358
138	139
138	140
138	141
138	142
138	143
138	144
138	145
138	146
138	147
138	148
138	149
138	150
138	151
138	152
138	153
138	338
139	140
139	141
139	142
139	143
139	144
139	145
139	146
139	147
139	148
139	149
139	150
139	151
139	152
139	153
140	141
140	142
140	143
140	144
140	145
140	146
140	147
140	148
140	149
140	150
140	151
140	152
140	153
140	335
140	355
141	142
141	143
141	144
141	145
141	146
141	147
141	148
141	149
141	150
141	151
141	152
141	153
141	213
142	143
142	144
142	145
142	146
142	147
142	148
142	149
142	150
142	151
142	152
142	153
142	310
143	144
143	145
143	146
143	147
143	148
143	149
143	150
143	151
143	152
143	153
143	264
143	300
144	145
144	146
144	147
144	148
144	149
144	150
144	151
144	152
144	153
144	281
144	291
145	146
145	147
145	148
145	149
145	150
145	151
145	152
145	153
145	224
145	268
145	328
146	147
146	148
146	149
146	150
146	151
146	152
146	153
146	249
146	252
147	148
147	149
147	150
147	151
147	152
147	153
147	180
147	280
148	149
148	150
148	151
148	152
148	153
148	249
148	267
149	150
149	151
149	152
149	153
149	199
149	308
149	345
150	151
150	152
150	153
151	152
151	153
151	310
152	153
153	253
153	356
154	217
154	305
155	265
155	328
158	323
160	294
160	326
160	329
161	239
162	361
164	253
165	166
165	167
165	168
165	169
165	170
165	171
165	172
165	173
165	174
165	175
165	176
165	177
165	178
165	179
165	180
165	181
166	167
166	168
166	169
166	170
166	171
166	172
166	173
166	174
166	175
166	176
166	177
166	178
166	179
166	180
166	181
166	213
166	310
166	353
167	168
167	169
167	170
167	171
167	172
167	173
167	174
167	175
167	176
167	177
167	178
167	179
167	180
167	181
167	272
168	169
168	170
168	171
168	172
168	173
168	174
168	175
168	176
168	177
168	178
168	179
168	180
168	181
168	262
168	340
168	377
169	170
169	171
169	172
169	173
169	174
169	175
169	176
169	177
169	178
169	179
169	180
169	181
169	245
169	268
169	396
170	171
170	172
170	173
170	174
170	175
170	176
170	177
170	178
170	179
170	180
170	181
170	230
170	313
171	172
171	173
171	174
171	175
171	176
171	177
171	178
171	179
171	180
171	181
171	310
172	173
172	174
172	175
172	176
172	177
172	178
172	179
172	180
172	181
173	174
173	175
173	176
173	177
173	178
173	179
173	180
173	181
173	312
173	346
174	175
174	176
174	177
174	178
174	179
174	180
174	181
174	354
175	176
175	177
175	178
175	179
175	180
175	181
175	254
176	177
176	178
176	179
176	180
176	181
177	178
177	179
177	180
177	181
177	351
178	179
178	180
178	181
178	199
178	333
179	180
179	181
180	181
180	319
181	193
181	378
182	382
182	387
183	261
183	341
184	267
184	357
185	339
186	303
186	337
187	309
187	394
189	219
190	304
191	339
191	359
192	260
192	267
192	340
193	194
193	195
193	196
193	197
193	198
193	199
193	200
193	201
193	202
193	203
193	204
193	205
193	206
193	207
193	208
193	209
194	195
194	196
194	197
194	198
194	199
194	200
194	201
194	202
194	203
194	204
194	205
194	206
194	207
194	208
194	209
194	393
194	395
195	196
195	197
195	198
195	199
195	200
195	201
195	202
195	203
195	204
195	205
195	206
195	207
195	208
195	209
195	256
195	268
196	197
196	198
196	199
196	200
196	201
196	202
196	203
196	204
196	205
196	206
196	207
196	208
196	209
197	198
197	199
197	200
197	201
197	202
197	203
197	204
197	205
197	206
197	207
197	208
197	209
197	257
198	199
198	200
198	201
198	202
198	203
198	204
198	205
198	206
198	207
198	208
198	209
198	352
199	200
199	201
199	202
199	203
199	204
199	205
199	206
199	207
199	208
199	209
200	201
200	202
200	203
200	204
200	205
200	206
200	207
200	208
200	209
200	299
201	202
201	203
201	204
201	205
201	206
201	207
201	208
201	209
202	203
202	204
202	205
202	206
202	207
202	208
202	209
203	204
203	205
203	206
203	207
203	208
203	209
204	205
204	206
204	207
204	208
204	209
204	326
205	206
205	207
205	208
205	209
205	252
206	207
206	208
206	209
206	254
207	208
207	209
208	209
208	281
210	256
210	262
210	387
211	252
212	264
213	306
213	328
215	295
218	265
219	249
220	250
220	268
220	380
221	222
221	223
221	224
221	225
221	226
221	227
221	228
221	229
221	230
221	231
221	232
221	233
221	234
221	235
221	236
221	237
222	223
222	224
222	225
222	226
222	227
222	228
222	229
222	230
222	231
222	232
222	233
222	234
222	235
222	236
222	237
223	224
223	225
223	226
223	227
223	228
223	229
223	230
223	231
223	232
223	233
223	234
223	235
223	236
223	237
224	225
224	226
224	227
224	228
224	229
224	230
224	231
224	232
224	233
224	234
224	235
224	236
224	237
225	226
225	227
225	228
225	229
225	230
225	231
225	232
225	233
225	234
225	235
225	236
225	237
225	287
225	306
225	351
226	227
226	228
226	229
226	230
226	231
226	232
226	233
226	234
226	235
226	236
226	237
226	254
226	297
227	228
227	229
227	230
227	231
227	232
227	233
227	234
227	235
227	236
227	237
227	296
228	229
228	230
228	231
228	232
228	233
228	234
228	235
228	236
228	237
228	338
229	230
229	231
229	232
229	233
229	234
229	235
229	236
229	237
229	393
230	231
230	232
230	233
230	234
230	235
230	236
230	237
230	266
231	232
231	233
231	234
231	235
231	236
231	237
232	233
232	234
232	235
232	236
232	237
233	234
233	235
233	236
233	237
234	235
234	236
234	237
235	236
235	237
236	237
236	329
236	396
237	304
238	250
238	327
238	334
239	376
239	384
240	376
242	306
242	307
242	394
243	382
244	304
246	295
248	252
248	326
248	345
249	250
249	305
249	377
250	284
250	301
250	308
250	319
250	378
251	253
251	264
251	267
251	313
251	344
251	370
251	383
251	388
252	260
252	326
253	254
253	260
253	261
253	266
253	291
253	295
253	297
253	386
254	265
254	271
254	312
254	344
254	375
254	396
255	257
255	310
255	320
255	346
255	394
256	263
256	282
256	298
256	311
256	313
256	336
256	358
256	376
257	258
257	312
257	338
257	387
258	262
258	265
258	267
258	298
258	301
258	311
259	265
259	296
259	300
259	331
259	337
259	349
259	371
260	266
260	270
260	296
260	322
260	337
260	358
261	262
261	266
261	293
261	308
261	330
261	346
261	369
261	375
261	385
261	391
262	298
262	325
262	339
262	344
262	347
262	368
263	266
263	273
263	287
263	321
263	364
264	300
264	315
264	317
264	322
264	327
264	335
264	366
265	266
265	295
265	303
265	321
265	328
265	364
266	308
266	355
266	391
266	393
267	311
267	341
267	356
267	393
268	277
268	364
269	270
269	271
269	272
269	273
269	274
269	275
269	276
269	277
269	278
269	279
269	280
269	281
269	282
269	294
269	333
270	271
270	272
270	273
270	274
270	275
270	276
270	277
270	278
270	279
270	280
270	281
270	282
270	352
271	272
271	273
271	274
271	275
271	276
271	277
271	278
271	279
271	280
271	281
271	282
272	273
272	274
272	275
272	276
272	277
272	278
272	279
272	280
272	281
272	282
272	337
272	349
272	394
273	274
273	275
273	276
273	277
273	278
273	279
273	280
273	281
273	282
273	321
274	275
274	276
274	277
274	278
274	279
274	280
274	281
274	282
275	276
275	277
275	278
275	279
275	280
275	281
275	282
276	277
276	278
276	279
276	280
276	281
276	282
276	294
277	278
277	279
277	280
277	281
277	282
277	379
277	393
278	279
278	280
278	281
278	282
279	280
279	281
279	282
279	382
280	281
280	282
281	282
282	306
283	294
283	298
283	311
283	358
284	367
285	393
293	294
293	295
293	296
293	352
294	295
294	296
294	345
295	296
295	331
295	337
297	301
297	333
297	350
297	385
297	393
298	384
299	396
301	302
301	303
301	304
301	312
302	303
302	304
303	304
303	396
304	309
304	354
304	358
304	362
305	328
305	332
305	365
305	380
305	383
306	326
307	341
308	385
309	310
309	338
309	352
309	382
310	378
310	396
311	359
312	334
312	336
313	314
313	315
313	316
313	317
313	318
313	319
314	315
314	316
314	317
314	318
314	319
314	340
315	316
315	317
315	318
315	319
315	351
316	317
316	318
316	319
317	318
317	319
317	364
318	319
318	332
318	375
318	384
320	342
321	338
322	338
322	374
323	395
324	390
325	326
325	327
325	328
325	329
325	330
325	331
326	327
326	328
326	329
326	330
326	331
327	328
327	329
327	330
327	331
327	370
327	380
328	329
328	330
328	331
328	346
329	330
329	331
329	394
330	331
333	346
333	390
337	338
337	357
337	389
338	356
338	368
338	393
339	348
339	384
339	394
339	396
340	357
340	368
340	370
341	342
341	343
341	344
341	345
341	346
341	347
341	348
341	349
341	387
342	343
342	344
342	345
342	346
342	347
342	348
342	349
343	344
343	345
343	346
343	347
343	348
343	349
344	345
344	346
344	347
344	348
344	349
345	346
345	347
345	348
345	349
346	347
346	348
346	349
347	348
347	349
348	349
349	393
350	367
355	369
355	393
357	358
357	359
357	360
357	361
357	362
357	363
357	369
358	359
358	360
358	361
358	362
358	363
359	360
359	361
359	362
359	363
360	361
360	362
360	363
361	362
361	363
362	363
362	372
362	386
363	389
369	370
369	371
369	372
369	373
369	374
369	375
370	371
370	372
370	373
370	374
370	375
371	372
371	373
371	374
371	375
371	393
372	373
372	374
372	375
372	385
373	374
373	375
373	385
374	375
380	384
380	386
380	395
381	382
381	383
381	384
381	385
381	386
381	387
381	395
382	383
382	384
382	385
382	386
382	387
383	384
383	385
383	386
383	387
384	385
384	386
384	387
385	386
385	387
386	387
392	393
393	394
