1	2
1	3
1	4
1	5
1	16
1	26
1	43
1	48
1	66
1	125
1	130
1	133
1	169
1	184
1	186
1	190
1	226
1	232
1	244
2	3
2	5
2	6
2	7
2	11
2	33
2	63
2	75
2	156
2	238
3	4
3	5
3	6
3	7
3	8
3	9
3	10
3	11
3	12
3	80
3	145
3	170
3	231
3	245
4	5
4	10
4	13
4	14
4	15
4	16
4	34
4	75
4	101
4	112
4	116
4	136
4	178
4	185
4	187
5	6
5	17
5	18
5	19
5	20
5	21
5	22
5	29
5	118
5	124
5	152
5	169
5	175
5	198
5	202
6	18
6	23
6	24
6	25
6	26
6	34
6	38
6	61
6	66
6	68
6	85
6	89
6	134
6	247
7	8
7	9
7	10
7	11
7	12
7	17
7	27
7	28
7	29
7	30
7	31
7	32
7	33
7	34
7	35
7	36
7	37
7	38
7	39
7	40
7	41
7	42
8	9
8	10
8	11
8	12
8	43
8	44
8	45
8	46
8	47
8	48
8	49
8	50
8	51
8	52
8	53
8	54
9	10
9	11
9	12
9	55
9	56
9	57
9	58
9	59
9	60
9	61
9	62
9	63
9	64
9	65
9	66
10	11
10	12
10	19
10	67
10	68
10	69
10	70
10	71
10	72
10	73
10	74
10	75
10	76
10	77
10	78
10	79
10	80
11	12
11	81
11	82
11	83
11	84
11	85
11	86
11	87
11	88
11	89
11	90
11	91
11	92
11	93
11	94
12	95
12	96
12	97
12	98
12	99
12	100
12	101
12	102
12	103
12	104
12	105
12	106
13	14
13	15
13	16
13	107
13	108
13	109
13	110
13	111
13	112
13	113
13	114
14	15
14	16
14	115
14	116
14	117
14	118
14	119
14	120
14	121
14	122
15	16
15	123
15	124
15	125
15	126
15	127
15	128
15	129
15	130
16	131
16	132
16	133
16	134
16	135
16	136
16	137
16	138
16	139
16	140
17	18
17	19
17	20
17	21
17	22
17	141
17	142
17	143
17	144
17	145
17	146
17	147
17	148
17	149
17	150
17	151
17	152
17	153
17	154
18	19
18	20
18	21
18	22
18	155
18	156
18	157
18	158
18	159
18	160
18	161
18	162
18	163
18	164
18	165
18	166
19	20
19	21
19	22
19	167
19	168
19	169
19	170
19	171
19	172
19	173
19	174
19	175
19	176
19	177
19	178
19	179
19	180
20	21
20	22
20	181
20	182
20	183
20	184
20	185
20	186
20	187
20	188
20	189
20	190
20	191
20	192
21	22
21	193
21	194
21	195
21	196
21	197
21	198
21	199
21	200
21	201
21	202
21	203
21	204
22	205
22	206
22	207
22	208
22	209
22	210
22	211
22	212
22	213
22	214
22	215
22	216
23	24
23	25
23	26
23	217
23	218
23	219
23	220
23	221
23	222
23	223
23	224
24	25
24	26
24	225
24	226
24	227
24	228
24	229
24	230
24	231
24	232
25	26
25	233
25	234
25	235
25	236
25	237
25	238
25	239
25	240
26	241
26	242
26	243
26	244
26	245
26	246
26	247
26	248
26	249
26	250
27	28
27	29
27	30
27	31
27	32
27	33
27	34
27	35
27	36
27	37
27	38
27	39
27	40
27	41
27	42
28	29
28	30
28	31
28	32
28	33
28	34
28	35
28	36
28	37
28	38
28	39
28	40
28	41
28	42
29	30
29	31
29	32
29	33
29	34
29	35
29	36
29	37
29	38
29	39
29	40
29	41
29	42
30	31
30	32
30	33
30	34
30	35
30	36
30	37
30	38
30	39
30	40
30	41
30	42
31	32
31	33
31	34
31	35
31	36
31	37
31	38
31	39
31	40
31	41
31	42
32	33
32	34
32	35
32	36
32	37
32	38
32	39
32	40
32	41
32	42
32	250
33	34
33	35
33	36
33	37
33	38
33	39
33	40
33	41
33	42
33	77
34	35
34	36
34	37
34	38
34	39
34	40
34	41
34	42
34	168
35	36
35	37
35	38
35	39
35	40
35	41
35	42
35	249
36	37
36	38
36	39
36	40
36	41
36	42
37	38
37	39
37	40
37	41
37	42
37	215
38	39
38	40
38	41
38	42
39	40
39	41
39	42
39	140
40	41
40	42
40	177
41	42
42	97
42	242
43	44
43	45
43	46
43	47
43	48
43	49
43	50
43	51
43	52
43	53
43	54
44	45
44	46
44	47
44	48
44	49
44	50
44	51
44	52
44	53
44	54
44	166
45	46
45	47
45	48
45	49
45	50
45	51
45	52
45	53
45	54
46	47
46	48
46	49
46	50
46	51
46	52
46	53
46	54
47	48
47	49
47	50
47	51
47	52
47	53
47	54
48	49
48	50
48	51
48	52
48	53
48	54
48	81
49	50
49	51
49	52
49	53
49	54
50	51
50	52
50	53
50	54
51	52
51	53
51	54
52	53
52	54
53	54
53	112
55	56
55	57
55	58
55	59
55	60
55	61
55	62
55	63
55	64
55	65
55	66
55	73
56	57
56	58
56	59
56	60
56	61
56	62
56	63
56	64
56	65
56	66
56	247
57	58
57	59
57	60
57	61
57	62
57	63
57	64
57	65
57	66
57	127
58	59
58	60
58	61
58	62
58	63
58	64
58	65
58	66
59	60
59	61
59	62
59	63
59	64
59	65
59	66
60	61
60	62
60	63
60	64
60	65
60	66
61	62
61	63
61	64
61	65
61	66
62	63
62	64
62	65
62	66
63	64
63	65
63	66
63	80
64	65
64	66
64	99
65	66
67	68
67	69
67	70
67	71
67	72
67	73
67	74
67	75
67	76
67	77
67	78
67	79
67	80
68	69
68	70
68	71
68	72
68	73
68	74
68	75
68	76
68	77
68	78
68	79
68	80
69	70
69	71
69	72
69	73
69	74
69	75
69	76
69	77
69	78
69	79
69	80
70	71
70	72
70	73
70	74
70	75
70	76
70	77
70	78
70	79
70	80
71	72
71	73
71	74
71	75
71	76
71	77
71	78
71	79
71	80
71	212
72	73
72	74
72	75
72	76
72	77
72	78
72	79
72	80
73	74
73	75
73	76
73	77
73	78
73	79
73	80
73	229
74	75
74	76
74	77
74	78
74	79
74	80
75	76
75	77
75	78
75	79
75	80
75	234
76	77
76	78
76	79
76	80
76	99
77	78
77	79
77	80
78	79
78	80
78	170
79	80
80	217
81	82
81	83
81	84
81	85
81	86
81	87
81	88
81	89
81	90
81	91
81	92
81	93
81	94
82	83
82	84
82	85
82	86
82	87
82	88
82	89
82	90
82	91
82	92
82	93
82	94
83	84
83	85
83	86
83	87
83	88
83	89
83	90
83	91
83	92
83	93
83	94
84	85
84	86
84	87
84	88
84	89
84	90
84	91
84	92
84	93
84	94
84	105
85	86
85	87
85	88
85	89
85	90
85	91
85	92
85	93
85	94
86	87
86	88
86	89
86	90
86	91
86	92
86	93
86	94
87	88
87	89
87	90
87	91
87	92
87	93
87	94
88	89
88	90
88	91
88	92
88	93
88	94
89	90
89	91
89	92
89	93
89	94
90	91
90	92
90	93
90	94
91	92
91	93
91	94
92	93
92	94
92	116
93	94
93	97
94	232
95	96
95	97
95	98
95	99
95	100
95	101
95	102
95	103
95	104
95	105
95	106
95	114
96	97
96	98
96	99
96	100
96	101
96	102
96	103
96	104
96	105
96	106
97	98
97	99
97	100
97	101
97	102
97	103
97	104
97	105
97	106
98	99
98	100
98	101
98	102
98	103
98	104
98	105
98	106
99	100
99	101
99	102
99	103
99	104
99	105
99	106
100	101
100	102
100	103
100	104
100	105
100	106
101	102
101	103
101	104
101	105
101	106
102	103
102	104
102	105
102	106
102	120
102	162
103	104
103	105
103	106
104	105
104	106
105	106
106	236
107	108
107	109
107	110
107	111
107	112
107	113
107	114
107	126
107	245
108	109
108	110
108	111
108	112
108	113
108	114
108	118
109	110
109	111
109	112
109	113
109	114
110	111
110	112
110	113
110	114
110	224
111	112
111	113
111	114
111	215
112	113
112	114
112	238
113	114
115	116
115	117
115	118
115	119
115	120
115	121
115	122
116	117
116	118
116	119
116	120
116	121
116	122
117	118
117	119
117	120
117	121
117	122
118	119
118	120
118	121
118	122
118	221
119	120
119	121
119	122
119	165
119	239
120	121
120	122
121	122
123	124
123	125
123	126
123	127
123	128
123	129
123	130
123	205
124	125
124	126
124	127
124	128
124	129
124	130
124	192
125	126
125	127
125	128
125	129
125	130
125	166
126	127
126	128
126	129
126	130
127	128
127	129
127	130
128	129
128	130
128	189
128	218
129	130
131	132
131	133
131	134
131	135
131	136
131	137
131	138
131	139
131	140
131	150
132	133
132	134
132	135
132	136
132	137
132	138
132	139
132	140
132	241
133	134
133	135
133	136
133	137
133	138
133	139
133	140
134	135
134	136
134	137
134	138
134	139
134	140
134	244
135	136
135	137
135	138
135	139
135	140
135	157
136	137
136	138
136	139
136	140
137	138
137	139
137	140
138	139
138	140
139	140
139	221
141	142
141	143
141	144
141	145
141	146
141	147
141	148
141	149
141	150
141	151
141	152
141	153
141	154
142	143
142	144
142	145
142	146
142	147
142	148
142	149
142	150
142	151
142	152
142	153
142	154
142	244
143	144
143	145
143	146
143	147
143	148
143	149
143	150
143	151
143	152
143	153
143	154
144	145
144	146
144	147
144	148
144	149
144	150
144	151
144	152
144	153
144	154
145	146
145	147
145	148
145	149
145	150
145	151
145	152
145	153
145	154
146	147
146	148
146	149
146	150
146	151
146	152
146	153
146	154
147	148
147	149
147	150
147	151
147	152
147	153
147	154
148	149
148	150
148	151
148	152
148	153
148	154
148	239
149	150
149	151
149	152
149	153
149	154
150	151
150	152
150	153
150	154
151	152
151	153
151	154
152	153
152	154
153	154
154	172
155	156
155	157
155	158
155	159
155	160
155	161
155	162
155	163
155	164
155	165
155	166
156	157
156	158
156	159
156	160
156	161
156	162
156	163
156	164
156	165
156	166
156	209
157	158
157	159
157	160
157	161
157	162
157	163
157	164
157	165
157	166
158	159
158	160
158	161
158	162
158	163
158	164
158	165
158	166
159	160
159	161
159	162
159	163
159	164
159	165
159	166
160	161
160	162
160	163
160	164
160	165
160	166
160	171
161	162
161	163
161	164
161	165
161	166
162	163
162	164
162	165
162	166
163	164
163	165
163	166
163	246
164	165
164	166
165	166
166	228
167	168
167	169
167	170
167	171
167	172
167	173
167	174
167	175
167	176
167	177
167	178
167	179
167	180
168	169
168	170
168	171
168	172
168	173
168	174
168	175
168	176
168	177
168	178
168	179
168	180
169	170
169	171
169	172
169	173
169	174
169	175
169	176
169	177
169	178
169	179
169	180
169	237
170	171
170	172
170	173
170	174
170	175
170	176
170	177
170	178
170	179
170	180
171	172
171	173
171	174
171	175
171	176
171	177
171	178
171	179
171	180
172	173
172	174
172	175
172	176
172	177
172	178
172	179
172	180
173	174
173	175
173	176
173	177
173	178
173	179
173	180
174	175
174	176
174	177
174	178
174	179
174	180
175	176
175	177
175	178
175	179
175	180
176	177
176	178
176	179
176	180
177	178
177	179
177	180
178	179
178	180
179	180
181	182
181	183
181	184
181	185
181	186
181	187
181	188
181	189
181	190
181	191
181	192
182	183
182	184
182	185
182	186
182	187
182	188
182	189
182	190
182	191
182	192
183	184
183	185
183	186
183	187
183	188
183	189
183	190
183	191
183	192
184	185
184	186
184	187
184	188
184	189
184	190
184	191
184	192
185	186
185	187
185	188
185	189
185	190
185	191
185	192
186	187
186	188
186	189
186	190
186	191
186	192
186	220
186	224
187	188
187	189
187	190
187	191
187	192
188	189
188	190
188	191
188	192
189	190
189	191
189	192
190	191
190	192
190	230
191	192
193	194
193	195
193	196
193	197
193	198
193	199
193	200
193	201
193	202
193	203
193	204
194	195
194	196
194	197
194	198
194	199
194	200
194	201
194	202
194	203
194	204
195	196
195	197
195	198
195	199
195	200
195	201
195	202
195	203
195	204
196	197
196	198
196	199
196	200
196	201
196	202
196	203
196	204
197	198
197	199
197	200
197	201
197	202
197	203
197	204
198	199
198	200
198	201
198	202
198	203
198	204
198	212
199	200
199	201
199	202
199	203
199	204
200	201
200	202
200	203
200	204
200	211
201	202
201	203
201	204
201	225
202	203
202	204
203	204
205	206
205	207
205	208
205	209
205	210
205	211
205	212
205	213
205	214
205	215
205	216
205	247
206	207
206	208
206	209
206	210
206	211
206	212
206	213
206	214
206	215
206	216
207	208
207	209
207	210
207	211
207	212
207	213
207	214
207	215
207	216
207	233
208	209
208	210
208	211
208	212
208	213
208	214
208	215
208	216
208	244
208	247
209	210
209	211
209	212
209	213
209	214
209	215
209	216
210	211
210	212
210	213
210	214
210	215
210	216
211	212
211	213
211	214
211	215
211	216
212	213
212	214
212	215
212	216
213	214
213	215
213	216
213	230
214	215
214	216
215	216
216	223
217	218
217	219
217	220
217	221
217	222
217	223
217	224
218	219
218	220
218	221
218	222
218	223
218	224
219	220
219	221
219	222
219	223
219	224
220	221
220	222
220	223
220	224
221	222
221	223
221	224
222	223
222	224
223	224
225	226
225	227
225	228
225	229
225	230
225	231
225	232
226	227
226	228
226	229
226	230
226	231
226	232
227	228
227	229
227	230
227	231
227	232
228	229
228	230
228	231
228	232
229	230
229	231
229	232
230	231
230	232
230	246
231	232
233	234
233	235
233	236
233	237
233	238
233	239
233	240
234	235
234	236
234	237
234	238
234	239
234	240
235	236
235	237
235	238
235	239
235	240
236	237
236	238
236	239
236	240
237	238
237	239
237	240
238	239
238	240
239	240
241	242
241	243
241	244
241	245
241	246
241	247
241	248
241	249
241	250
242	243
242	244
242	245
242	246
242	247
242	248
242	249
242	250
243	244
243	245
243	246
243	247
243	248
243	249
243	250
244	245
244	246
244	247
244	248
244	249
244	250
245	246
245	247
245	248
245	249
245	250
246	247
246	248
246	249
246	250
247	248
247	249
247	250
248	249
248	250
249	250
