1	4
1	7
2	12
3	13
4	7
4	12
4	13
4	21
4	22
4	26
4	51
4	66
4	73
4	84
4	85
4	97
4	101
4	103
4	107
4	121
4	137
5	64
5	65
5	66
5	67
5	68
5	69
5	70
5	71
5	72
5	73
5	74
5	75
5	76
5	77
5	78
5	79
5	80
5	81
6	82
6	83
6	84
6	85
6	86
6	87
6	88
6	89
6	90
6	91
6	92
6	93
6	94
6	95
6	96
6	97
6	98
6	99
6	100
6	101
6	102
7	12
7	13
7	17
7	23
7	26
7	34
7	37
7	64
7	68
7	69
7	72
7	75
7	77
7	83
7	88
7	103
7	110
7	114
7	117
7	128
7	132
8	103
8	104
8	105
8	106
8	107
8	108
8	109
8	110
8	111
8	112
8	113
8	114
8	115
8	116
8	117
8	118
8	119
8	120
9	121
9	122
9	123
9	124
9	125
9	126
9	127
9	128
9	129
9	130
9	131
9	132
9	133
9	134
9	135
9	136
9	137
9	138
9	139
9	140
9	141
9	142
9	143
9	144
9	145
9	146
9	147
10	16
10	17
10	18
10	19
10	20
10	21
10	22
10	23
10	24
10	25
10	26
10	27
11	28
11	29
11	30
11	31
11	32
11	33
11	34
11	35
11	36
11	37
11	38
11	39
11	40
11	41
11	42
12	13
12	16
12	22
12	23
12	28
12	29
12	35
12	38
12	39
12	42
12	47
12	49
12	61
12	65
12	84
12	91
12	96
12	104
12	113
12	140
13	17
13	35
13	39
13	43
13	46
13	50
13	52
13	54
13	65
13	88
13	90
13	113
13	115
13	123
13	131
13	132
13	137
14	43
14	44
14	45
14	46
14	47
14	48
14	49
14	50
14	51
15	52
15	53
15	54
15	55
15	56
15	57
15	58
15	59
15	60
15	61
15	62
15	63
16	17
16	18
16	19
16	20
16	21
16	22
16	23
16	24
16	25
16	26
16	27
16	143
17	18
17	19
17	20
17	21
17	22
17	23
17	24
17	25
17	26
17	27
17	55
18	19
18	20
18	21
18	22
18	23
18	24
18	25
18	26
18	27
19	20
19	21
19	22
19	23
19	24
19	25
19	26
19	27
19	142
20	21
20	22
20	23
20	24
20	25
20	26
20	27
20	31
20	62
20	73
21	22
21	23
21	24
21	25
21	26
21	27
21	84
21	97
21	145
22	23
22	24
22	25
22	26
22	27
22	46
22	97
23	24
23	25
23	26
23	27
23	49
23	114
24	25
24	26
24	27
24	47
25	26
25	27
25	81
25	146
26	27
26	124
27	53
27	60
27	75
28	29
28	30
28	31
28	32
28	33
28	34
28	35
28	36
28	37
28	38
28	39
28	40
28	41
28	42
29	30
29	31
29	32
29	33
29	34
29	35
29	36
29	37
29	38
29	39
29	40
29	41
29	42
29	86
30	31
30	32
30	33
30	34
30	35
30	36
30	37
30	38
30	39
30	40
30	41
30	42
30	54
30	56
31	32
31	33
31	34
31	35
31	36
31	37
31	38
31	39
31	40
31	41
31	42
31	117
32	33
32	34
32	35
32	36
32	37
32	38
32	39
32	40
32	41
32	42
32	124
33	34
33	35
33	36
33	37
33	38
33	39
33	40
33	41
33	42
33	48
34	35
34	36
34	37
34	38
34	39
34	40
34	41
34	42
34	44
35	36
35	37
35	38
35	39
35	40
35	41
35	42
35	87
36	37
36	38
36	39
36	40
36	41
36	42
36	124
37	38
37	39
37	40
37	41
37	42
37	57
38	39
38	40
38	41
38	42
38	53
38	143
39	40
39	41
39	42
40	41
40	42
41	42
43	44
43	45
43	46
43	47
43	48
43	49
43	50
43	51
43	140
44	45
44	46
44	47
44	48
44	49
44	50
44	51
44	70
44	111
45	46
45	47
45	48
45	49
45	50
45	51
45	52
45	71
45	111
46	47
46	48
46	49
46	50
46	51
46	79
47	48
47	49
47	50
47	51
47	82
47	133
48	49
48	50
48	51
48	96
49	50
49	51
49	53
49	59
49	130
50	51
50	78
50	111
51	89
51	117
52	53
52	54
52	55
52	56
52	57
52	58
52	59
52	60
52	61
52	62
52	63
53	54
53	55
53	56
53	57
53	58
53	59
53	60
53	61
53	62
53	63
54	55
54	56
54	57
54	58
54	59
54	60
54	61
54	62
54	63
55	56
55	57
55	58
55	59
55	60
55	61
55	62
55	63
55	70
55	83
56	57
56	58
56	59
56	60
56	61
56	62
56	63
57	58
57	59
57	60
57	61
57	62
57	63
58	59
58	60
58	61
58	62
58	63
58	105
59	60
59	61
59	62
59	63
59	146
60	61
60	62
60	63
60	72
61	62
61	63
62	63
64	65
64	66
64	67
64	68
64	69
64	70
64	71
64	72
64	73
64	74
64	75
64	76
64	77
64	78
64	79
64	80
64	81
65	66
65	67
65	68
65	69
65	70
65	71
65	72
65	73
65	74
65	75
65	76
65	77
65	78
65	79
65	80
65	81
66	67
66	68
66	69
66	70
66	71
66	72
66	73
66	74
66	75
66	76
66	77
66	78
66	79
66	80
66	81
67	68
67	69
67	70
67	71
67	72
67	73
67	74
67	75
67	76
67	77
67	78
67	79
67	80
67	81
67	137
68	69
68	70
68	71
68	72
68	73
68	74
68	75
68	76
68	77
68	78
68	79
68	80
68	81
69	70
69	71
69	72
69	73
69	74
69	75
69	76
69	77
69	78
69	79
69	80
69	81
69	102
70	71
70	72
70	73
70	74
70	75
70	76
70	77
70	78
70	79
70	80
70	81
71	72
71	73
71	74
71	75
71	76
71	77
71	78
71	79
71	80
71	81
72	73
72	74
72	75
72	76
72	77
72	78
72	79
72	80
72	81
73	74
73	75
73	76
73	77
73	78
73	79
73	80
73	81
74	75
74	76
74	77
74	78
74	79
74	80
74	81
75	76
75	77
75	78
75	79
75	80
75	81
75	101
75	107
76	77
76	78
76	79
76	80
76	81
77	78
77	79
77	80
77	81
78	79
78	80
78	81
78	84
79	80
79	81
80	81
80	100
80	130
82	83
82	84
82	85
82	86
82	87
82	88
82	89
82	90
82	91
82	92
82	93
82	94
82	95
82	96
82	97
82	98
82	99
82	100
82	101
82	102
83	84
83	85
83	86
83	87
83	88
83	89
83	90
83	91
83	92
83	93
83	94
83	95
83	96
83	97
83	98
83	99
83	100
83	101
83	102
83	124
84	85
84	86
84	87
84	88
84	89
84	90
84	91
84	92
84	93
84	94
84	95
84	96
84	97
84	98
84	99
84	100
84	101
84	102
84	113
85	86
85	87
85	88
85	89
85	90
85	91
85	92
85	93
85	94
85	95
85	96
85	97
85	98
85	99
85	100
85	101
85	102
86	87
86	88
86	89
86	90
86	91
86	92
86	93
86	94
86	95
86	96
86	97
86	98
86	99
86	100
86	101
86	102
87	88
87	89
87	90
87	91
87	92
87	93
87	94
87	95
87	96
87	97
87	98
87	99
87	100
87	101
87	102
88	89
88	90
88	91
88	92
88	93
88	94
88	95
88	96
88	97
88	98
88	99
88	100
88	101
88	102
89	90
89	91
89	92
89	93
89	94
89	95
89	96
89	97
89	98
89	99
89	100
89	101
89	102
90	91
90	92
90	93
90	94
90	95
90	96
90	97
90	98
90	99
90	100
90	101
90	102
90	110
90	111
91	92
91	93
91	94
91	95
91	96
91	97
91	98
91	99
91	100
91	101
91	102
92	93
92	94
92	95
92	96
92	97
92	98
92	99
92	100
92	101
92	102
93	94
93	95
93	96
93	97
93	98
93	99
93	100
93	101
93	102
94	95
94	96
94	97
94	98
94	99
94	100
94	101
94	102
95	96
95	97
95	98
95	99
95	100
95	101
95	102
96	97
96	98
96	99
96	100
96	101
96	102
97	98
97	99
97	100
97	101
97	102
98	99
98	100
98	101
98	102
99	100
99	101
99	102
99	117
100	101
100	102
101	102
103	104
103	105
103	106
103	107
103	108
103	109
103	110
103	111
103	112
103	113
103	114
103	115
103	116
103	117
103	118
103	119
103	120
104	105
104	106
104	107
104	108
104	109
104	110
104	111
104	112
104	113
104	114
104	115
104	116
104	117
104	118
104	119
104	120
105	106
105	107
105	108
105	109
105	110
105	111
105	112
105	113
105	114
105	115
105	116
105	117
105	118
105	119
105	120
106	107
106	108
106	109
106	110
106	111
106	112
106	113
106	114
106	115
106	116
106	117
106	118
106	119
106	120
106	121
106	147
107	108
107	109
107	110
107	111
107	112
107	113
107	114
107	115
107	116
107	117
107	118
107	119
107	120
108	109
108	110
108	111
108	112
108	113
108	114
108	115
108	116
108	117
108	118
108	119
108	120
109	110
109	111
109	112
109	113
109	114
109	115
109	116
109	117
109	118
109	119
109	120
110	111
110	112
110	113
110	114
110	115
110	116
110	117
110	118
110	119
110	120
111	112
111	113
111	114
111	115
111	116
111	117
111	118
111	119
111	120
112	113
112	114
112	115
112	116
112	117
112	118
112	119
112	120
113	114
113	115
113	116
113	117
113	118
113	119
113	120
114	115
114	116
114	117
114	118
114	119
114	120
115	116
115	117
115	118
115	119
115	120
116	117
116	118
116	119
116	120
117	118
117	119
117	120
118	119
118	120
119	120
121	122
121	123
121	124
121	125
121	126
121	127
121	128
121	129
121	130
121	131
121	132
121	133
121	134
121	135
121	136
121	137
121	138
121	139
121	140
121	141
121	142
121	143
121	144
121	145
121	146
121	147
122	123
122	124
122	125
122	126
122	127
122	128
122	129
122	130
122	131
122	132
122	133
122	134
122	135
122	136
122	137
122	138
122	139
122	140
122	141
122	142
122	143
122	144
122	145
122	146
122	147
123	124
123	125
123	126
123	127
123	128
123	129
123	130
123	131
123	132
123	133
123	134
123	135
123	136
123	137
123	138
123	139
123	140
123	141
123	142
123	143
123	144
123	145
123	146
123	147
124	125
124	126
124	127
124	128
124	129
124	130
124	131
124	132
124	133
124	134
124	135
124	136
124	137
124	138
124	139
124	140
124	141
124	142
124	143
124	144
124	145
124	146
124	147
125	126
125	127
125	128
125	129
125	130
125	131
125	132
125	133
125	134
125	135
125	136
125	137
125	138
125	139
125	140
125	141
125	142
125	143
125	144
125	145
125	146
125	147
126	127
126	128
126	129
126	130
126	131
126	132
126	133
126	134
126	135
126	136
126	137
126	138
126	139
126	140
126	141
126	142
126	143
126	144
126	145
126	146
126	147
127	128
127	129
127	130
127	131
127	132
127	133
127	134
127	135
127	136
127	137
127	138
127	139
127	140
127	141
127	142
127	143
127	144
127	145
127	146
127	147
128	129
128	130
128	131
128	132
128	133
128	134
128	135
128	136
128	137
128	138
128	139
128	140
128	141
128	142
128	143
128	144
128	145
128	146
128	147
129	130
129	131
129	132
129	133
129	134
129	135
129	136
129	137
129	138
129	139
129	140
129	141
129	142
129	143
129	144
129	145
129	146
129	147
130	131
130	132
130	133
130	134
130	135
130	136
130	137
130	138
130	139
130	140
130	141
130	142
130	143
130	144
130	145
130	146
130	147
131	132
131	133
131	134
131	135
131	136
131	137
131	138
131	139
131	140
131	141
131	142
131	143
131	144
131	145
131	146
131	147
132	133
132	134
132	135
132	136
132	137
132	138
132	139
132	140
132	141
132	142
132	143
132	144
132	145
132	146
132	147
133	134
133	135
133	136
133	137
133	138
133	139
133	140
133	141
133	142
133	143
133	144
133	145
133	146
133	147
134	135
134	136
134	137
134	138
134	139
134	140
134	141
134	142
134	143
134	144
134	145
134	146
134	147
135	136
135	137
135	138
135	139
135	140
135	141
135	142
135	143
135	144
135	145
135	146
135	147
136	137
136	138
136	139
136	140
136	141
136	142
136	143
136	144
136	145
136	146
136	147
137	138
137	139
137	140
137	141
137	142
137	143
137	144
137	145
137	146
137	147
138	139
138	140
138	141
138	142
138	143
138	144
138	145
138	146
138	147
139	140
139	141
139	142
139	143
139	144
139	145
139	146
139	147
140	141
140	142
140	143
140	144
140	145
140	146
140	147
141	142
141	143
141	144
141	145
141	146
141	147
142	143
142	144
142	145
142	146
142	147
143	144
143	145
143	146
143	147
144	145
144	146
144	147
145	146
145	147
146	147
