0	1
0	174
0	30
0	178
0	6
0	182
0	34
0	186
0	5
0	190
0	38
0	194
0	10
0	198
0	42
0	202
1	177
1	33
1	206
1	9
1	210
1	46
1	214
1	2
1	218
1	50
1	222
1	14
1	226
1	54
1	230
174	175
30	181
30	31
30	606
178	179
6	185
6	37
6	342
6	7
6	346
6	102
6	350
182	183
34	189
34	35
34	618
186	187
5	4
5	193
5	305
5	41
5	318
5	89
5	322
5	13
5	326
5	94
5	330
5	29
5	334
5	98
5	338
190	191
38	197
38	39
38	630
194	195
10	201
10	45
10	386
10	11
10	390
10	114
10	394
198	199
42	205
42	43
42	642
202	203
177	176
33	32
33	209
33	617
206	207
9	8
9	213
9	373
9	49
9	378
9	113
9	382
210	211
46	217
46	47
46	654
214	215
2	221
2	53
2	234
2	17
2	238
2	58
2	242
2	3
2	246
2	62
2	250
2	18
2	254
2	66
2	258
218	219
50	225
50	51
50	666
222	223
14	229
14	57
14	430
14	15
14	434
14	126
14	438
226	227
54	233
54	55
54	678
230	231
221	220
53	52
53	237
53	677
234	235
17	16
17	241
17	461
17	61
17	466
17	137
17	470
238	239
58	245
58	59
58	690
242	243
3	249
3	65
3	262
3	21
3	266
3	70
3	270
3	4
3	274
3	74
3	278
3	22
3	282
3	78
3	286
246	247
62	253
62	63
62	702
250	251
18	257
18	69
18	474
18	19
18	478
18	138
18	482
254	255
66	261
66	67
66	714
258	259
249	248
65	64
65	265
65	713
262	263
21	20
21	269
21	505
21	73
21	510
21	149
21	514
266	267
70	273
70	71
70	726
270	271
4	277
4	77
4	290
4	25
4	294
4	82
4	298
4	302
4	86
4	306
4	26
4	310
4	90
4	314
274	275
74	281
74	75
74	738
278	279
22	285
22	81
22	518
22	23
22	522
22	150
22	526
282	283
78	289
78	79
78	750
286	287
277	276
77	76
77	293
77	749
290	291
25	24
25	297
25	549
25	85
25	554
25	161
25	558
294	295
82	301
82	83
82	762
298	299
302	303
86	309
86	87
86	774
306	307
26	313
26	93
26	562
26	27
26	566
26	162
26	570
310	311
90	317
90	91
90	786
314	315
193	192
305	304
41	40
41	321
41	641
318	319
89	88
89	325
89	785
322	323
13	12
13	329
13	417
13	97
13	422
13	125
13	426
326	327
94	333
94	95
94	798
330	331
29	28
29	337
29	593
29	101
29	598
29	173
29	602
334	335
98	341
98	99
98	810
338	339
185	184
37	36
37	345
37	629
342	343
7	349
7	105
7	354
7	8
7	358
7	106
7	362
346	347
102	353
102	103
102	822
350	351
349	348
105	104
105	357
105	833
354	355
8	361
8	109
8	366
8	370
8	110
8	374
358	359
106	365
106	107
106	834
362	363
361	360
109	108
109	369
109	845
366	367
370	371
110	377
110	111
110	846
374	375
213	212
373	372
49	48
49	381
49	665
378	379
113	112
113	385
113	857
382	383
201	200
45	44
45	389
45	653
386	387
11	393
11	117
11	398
11	12
11	402
11	118
11	406
390	391
114	397
114	115
114	858
394	395
393	392
117	116
117	401
117	869
398	399
12	405
12	121
12	410
12	414
12	122
12	418
402	403
118	409
118	119
118	870
406	407
405	404
121	120
121	413
121	881
410	411
414	415
122	421
122	123
122	882
418	419
329	328
417	416
97	96
97	425
97	809
422	423
125	124
125	429
125	893
426	427
229	228
57	56
57	433
57	689
430	431
15	437
15	129
15	442
15	16
15	446
15	130
15	450
434	435
126	441
126	127
126	894
438	439
437	436
129	128
129	445
129	905
442	443
16	449
16	133
16	454
16	458
16	134
16	462
446	447
130	453
130	131
130	906
450	451
449	448
133	132
133	457
133	917
454	455
458	459
134	465
134	135
134	918
462	463
241	240
461	460
61	60
61	469
61	701
466	467
137	136
137	473
137	929
470	471
257	256
69	68
69	477
69	725
474	475
19	481
19	141
19	486
19	20
19	490
19	142
19	494
478	479
138	485
138	139
138	930
482	483
481	480
141	140
141	489
141	941
486	487
20	493
20	145
20	498
20	502
20	146
20	506
490	491
142	497
142	143
142	942
494	495
493	492
145	144
145	501
145	953
498	499
502	503
146	509
146	147
146	954
506	507
269	268
505	504
73	72
73	513
73	737
510	511
149	148
149	517
149	965
514	515
285	284
81	80
81	521
81	761
518	519
23	525
23	153
23	530
23	24
23	534
23	154
23	538
522	523
150	529
150	151
150	966
526	527
525	524
153	152
153	533
153	977
530	531
24	537
24	157
24	542
24	546
24	158
24	550
534	535
154	541
154	155
154	978
538	539
537	536
157	156
157	545
157	989
542	543
546	547
158	553
158	159
158	990
550	551
297	296
549	548
85	84
85	557
85	773
554	555
161	160
161	561
161	1001
558	559
313	312
93	92
93	565
93	797
562	563
27	569
27	165
27	574
27	28
27	578
27	166
27	582
566	567
162	573
162	163
162	1002
570	571
569	568
165	164
165	577
165	1013
574	575
28	581
28	169
28	586
28	590
28	170
28	594
578	579
166	585
166	167
166	1014
582	583
581	580
169	168
169	589
169	1025
586	587
590	591
170	597
170	171
170	1026
594	595
337	336
593	592
101	100
101	601
101	821
598	599
173	172
173	605
173	1037
602	603
181	180
31	609
31	32
31	610
606	607
609	608
32	613
32	614
610	611
613	612
614	615
209	208
617	616
189	188
35	621
35	36
35	622
618	619
621	620
36	625
36	626
622	623
625	624
626	627
345	344
629	628
197	196
39	633
39	40
39	634
630	631
633	632
40	637
40	638
634	635
637	636
638	639
321	320
641	640
205	204
43	645
43	44
43	646
642	643
645	644
44	649
44	650
646	647
649	648
650	651
389	388
653	652
217	216
47	657
47	48
47	658
654	655
657	656
48	661
48	662
658	659
661	660
662	663
381	380
665	664
225	224
51	669
51	52
51	670
666	667
669	668
52	673
52	674
670	671
673	672
674	675
237	236
677	676
233	232
55	681
55	56
55	682
678	679
681	680
56	685
56	686
682	683
685	684
686	687
433	432
689	688
245	244
59	693
59	60
59	694
690	691
693	692
60	697
60	698
694	695
697	696
698	699
469	468
701	700
253	252
63	705
63	64
63	706
702	703
705	704
64	709
64	710
706	707
709	708
710	711
265	264
713	712
261	260
67	717
67	68
67	718
714	715
717	716
68	721
68	722
718	719
721	720
722	723
477	476
725	724
273	272
71	729
71	72
71	730
726	727
729	728
72	733
72	734
730	731
733	732
734	735
513	512
737	736
281	280
75	741
75	76
75	742
738	739
741	740
76	745
76	746
742	743
745	744
746	747
293	292
749	748
289	288
79	753
79	80
79	754
750	751
753	752
80	757
80	758
754	755
757	756
758	759
521	520
761	760
301	300
83	765
83	84
83	766
762	763
765	764
84	769
84	770
766	767
769	768
770	771
557	556
773	772
309	308
87	777
87	88
87	778
774	775
777	776
88	781
88	782
778	779
781	780
782	783
325	324
785	784
317	316
91	789
91	92
91	790
786	787
789	788
92	793
92	794
790	791
793	792
794	795
565	564
797	796
333	332
95	801
95	96
95	802
798	799
801	800
96	805
96	806
802	803
805	804
806	807
425	424
809	808
341	340
99	813
99	100
99	814
810	811
813	812
100	817
100	818
814	815
817	816
818	819
601	600
821	820
353	352
103	825
103	104
103	826
822	823
825	824
104	829
104	830
826	827
829	828
830	831
357	356
833	832
365	364
107	837
107	108
107	838
834	835
837	836
108	841
108	842
838	839
841	840
842	843
369	368
845	844
377	376
111	849
111	112
111	850
846	847
849	848
112	853
112	854
850	851
853	852
854	855
385	384
857	856
397	396
115	861
115	116
115	862
858	859
861	860
116	865
116	866
862	863
865	864
866	867
401	400
869	868
409	408
119	873
119	120
119	874
870	871
873	872
120	877
120	878
874	875
877	876
878	879
413	412
881	880
421	420
123	885
123	124
123	886
882	883
885	884
124	889
124	890
886	887
889	888
890	891
429	428
893	892
441	440
127	897
127	128
127	898
894	895
897	896
128	901
128	902
898	899
901	900
902	903
445	444
905	904
453	452
131	909
131	132
131	910
906	907
909	908
132	913
132	914
910	911
913	912
914	915
457	456
917	916
465	464
135	921
135	136
135	922
918	919
921	920
136	925
136	926
922	923
925	924
926	927
473	472
929	928
485	484
139	933
139	140
139	934
930	931
933	932
140	937
140	938
934	935
937	936
938	939
489	488
941	940
497	496
143	945
143	144
143	946
942	943
945	944
144	949
144	950
946	947
949	948
950	951
501	500
953	952
509	508
147	957
147	148
147	958
954	955
957	956
148	961
148	962
958	959
961	960
962	963
517	516
965	964
529	528
151	969
151	152
151	970
966	967
969	968
152	973
152	974
970	971
973	972
974	975
533	532
977	976
541	540
155	981
155	156
155	982
978	979
981	980
156	985
156	986
982	983
985	984
986	987
545	544
989	988
553	552
159	993
159	160
159	994
990	991
993	992
160	997
160	998
994	995
997	996
998	999
561	560
1001	1000
573	572
163	1005
163	164
163	1006
1002	1003
1005	1004
164	1009
164	1010
1006	1007
1009	1008
1010	1011
577	576
1013	1012
585	584
167	1017
167	168
167	1018
1014	1015
1017	1016
168	1021
168	1022
1018	1019
1021	1020
1022	1023
589	588
1025	1024
597	596
171	1029
171	172
171	1030
1026	1027
1029	1028
172	1033
172	1034
1030	1031
1033	1032
1034	1035
605	604
1037	1036
175	176
179	180
183	184
187	188
191	192
195	196
199	200
203	204
207	208
211	212
215	216
219	220
223	224
227	228
231	232
235	236
239	240
243	244
247	248
251	252
255	256
259	260
263	264
267	268
271	272
275	276
279	280
283	284
287	288
291	292
295	296
299	300
303	304
307	308
311	312
315	316
319	320
323	324
327	328
331	332
335	336
339	340
343	344
347	348
351	352
355	356
359	360
363	364
367	368
371	372
375	376
379	380
383	384
387	388
391	392
395	396
399	400
403	404
407	408
411	412
415	416
419	420
423	424
427	428
431	432
435	436
439	440
443	444
447	448
451	452
455	456
459	460
463	464
467	468
471	472
475	476
479	480
483	484
487	488
491	492
495	496
499	500
503	504
507	508
511	512
515	516
519	520
523	524
527	528
531	532
535	536
539	540
543	544
547	548
551	552
555	556
559	560
563	564
567	568
571	572
575	576
579	580
583	584
587	588
591	592
595	596
599	600
603	604
607	608
611	612
615	616
619	620
623	624
627	628
631	632
635	636
639	640
643	644
647	648
651	652
655	656
659	660
663	664
667	668
671	672
675	676
679	680
683	684
687	688
691	692
695	696
699	700
703	704
707	708
711	712
715	716
719	720
723	724
727	728
731	732
735	736
739	740
743	744
747	748
751	752
755	756
759	760
763	764
767	768
771	772
775	776
779	780
783	784
787	788
791	792
795	796
799	800
803	804
807	808
811	812
815	816
819	820
823	824
827	828
831	832
835	836
839	840
843	844
847	848
851	852
855	856
859	860
863	864
867	868
871	872
875	876
879	880
883	884
887	888
891	892
895	896
899	900
903	904
907	908
911	912
915	916
919	920
923	924
927	928
931	932
935	936
939	940
943	944
947	948
951	952
955	956
959	960
963	964
967	968
971	972
975	976
979	980
983	984
987	988
991	992
995	996
999	1000
1003	1004
1007	1008
1011	1012
1015	1016
1019	1020
1023	1024
1027	1028
1031	1032
1035	1036
