0	95
0	96
0	98
0	99
0	101
0	102
0	104
0	105
0	107
0	108
0	110
0	111
0	113
0	114
0	116
0	117
95	20
96	97
98	21
99	100
101	23
102	103
104	24
105	106
107	26
108	109
110	27
111	112
113	29
114	115
116	30
117	118
1	119
1	120
1	122
1	123
1	125
1	126
1	128
1	129
1	131
1	132
1	134
1	135
1	137
1	138
1	140
1	141
119	32
120	121
122	33
123	124
125	35
126	127
128	36
129	130
131	38
132	133
134	39
135	136
137	41
138	139
140	42
141	142
2	143
2	144
2	146
2	147
2	149
2	150
2	152
2	153
2	155
2	156
2	158
2	159
2	161
2	162
2	164
2	165
143	44
144	145
146	45
147	148
149	47
150	151
152	48
153	154
155	50
156	157
158	51
159	160
161	53
162	163
164	54
165	166
3	167
3	168
3	170
3	171
3	173
3	174
3	176
3	177
3	179
3	180
3	182
3	183
3	185
3	186
3	188
3	189
167	56
168	169
170	57
171	172
173	59
174	175
176	60
177	178
179	62
180	181
182	63
183	184
185	65
186	187
188	66
189	190
4	191
4	192
4	194
4	195
4	197
4	198
4	200
4	201
4	203
4	204
4	206
4	207
4	209
4	210
4	212
4	213
191	68
192	193
194	69
195	196
197	71
198	199
200	72
201	202
203	74
204	205
206	75
207	208
209	77
210	211
212	78
213	214
5	215
5	216
5	218
5	219
5	221
5	222
5	224
5	225
215	20
216	217
218	22
219	220
221	32
222	223
224	34
225	226
6	227
6	228
6	230
6	231
6	233
6	234
6	236
6	237
227	23
228	229
230	25
231	232
233	80
234	235
236	81
237	238
7	239
7	240
7	242
7	243
7	245
7	246
7	248
7	249
239	35
240	241
242	37
243	244
245	80
246	247
248	82
249	250
8	251
8	252
8	254
8	255
8	257
8	258
8	260
8	261
251	26
252	253
254	28
255	256
257	68
258	259
260	70
261	262
9	263
9	264
9	266
9	267
9	269
9	270
9	272
9	273
263	29
264	265
266	31
267	268
269	83
270	271
272	84
273	274
10	275
10	276
10	278
10	279
10	281
10	282
10	284
10	285
275	71
276	277
278	73
279	280
281	83
282	283
284	85
285	286
11	287
11	288
11	290
11	291
11	293
11	294
11	296
11	297
287	38
288	289
290	40
291	292
293	44
294	295
296	46
297	298
12	299
12	300
12	302
12	303
12	305
12	306
12	308
12	309
299	41
300	301
302	43
303	304
305	86
306	307
308	87
309	310
13	311
13	312
13	314
13	315
13	317
13	318
13	320
13	321
311	47
312	313
314	49
315	316
317	86
318	319
320	88
321	322
14	323
14	324
14	326
14	327
14	329
14	330
14	332
14	333
323	50
324	325
326	52
327	328
329	56
330	331
332	58
333	334
15	335
15	336
15	338
15	339
15	341
15	342
15	344
15	345
335	53
336	337
338	55
339	340
341	89
342	343
344	90
345	346
16	347
16	348
16	350
16	351
16	353
16	354
16	356
16	357
347	59
348	349
350	61
351	352
353	89
354	355
356	91
357	358
17	359
17	360
17	362
17	363
17	365
17	366
17	368
17	369
359	62
360	361
362	64
363	364
365	74
366	367
368	76
369	370
18	371
18	372
18	374
18	375
18	377
18	378
18	380
18	381
371	65
372	373
374	67
375	376
377	92
378	379
380	93
381	382
19	383
19	384
19	386
19	387
19	389
19	390
19	392
19	393
383	77
384	385
386	79
387	388
389	92
390	391
392	94
393	394
20	97
20	217
21	100
21	395
21	396
395	22
396	397
22	220
22	397
23	103
23	229
24	106
24	398
24	399
398	25
399	400
25	232
25	400
26	109
26	253
27	112
27	401
27	402
401	28
402	403
28	256
28	403
29	115
29	265
30	118
30	404
30	405
404	31
405	406
31	268
31	406
32	121
32	223
33	124
33	407
33	408
407	34
408	409
34	226
34	409
35	127
35	241
36	130
36	410
36	411
410	37
411	412
37	244
37	412
38	133
38	289
39	136
39	413
39	414
413	40
414	415
40	292
40	415
41	139
41	301
42	142
42	416
42	417
416	43
417	418
43	304
43	418
44	145
44	295
45	148
45	419
45	420
419	46
420	421
46	298
46	421
47	151
47	313
48	154
48	422
48	423
422	49
423	424
49	316
49	424
50	157
50	325
51	160
51	425
51	426
425	52
426	427
52	328
52	427
53	163
53	337
54	166
54	428
54	429
428	55
429	430
55	340
55	430
56	169
56	331
57	172
57	431
57	432
431	58
432	433
58	334
58	433
59	175
59	349
60	178
60	434
60	435
434	61
435	436
61	352
61	436
62	181
62	361
63	184
63	437
63	438
437	64
438	439
64	364
64	439
65	187
65	373
66	190
66	440
66	441
440	67
441	442
67	376
67	442
68	193
68	259
69	196
69	443
69	444
443	70
444	445
70	262
70	445
71	199
71	277
72	202
72	446
72	447
446	73
447	448
73	280
73	448
74	205
74	367
75	208
75	449
75	450
449	76
450	451
76	370
76	451
77	211
77	385
78	214
78	452
78	453
452	79
453	454
79	388
79	454
80	235
80	247
81	238
81	455
81	456
455	82
456	457
82	250
82	457
83	271
83	283
84	274
84	458
84	459
458	85
459	460
85	286
85	460
86	307
86	319
87	310
87	461
87	462
461	88
462	463
88	322
88	463
89	343
89	355
90	346
90	464
90	465
464	91
465	466
91	358
91	466
92	379
92	391
93	382
93	467
93	468
467	94
468	469
94	394
94	469
