0	174
0	175
0	178
0	179
0	182
0	183
0	186
0	187
0	190
0	191
0	194
0	195
0	198
0	199
0	202
0	203
174	30
175	176
178	31
179	180
182	34
183	184
186	35
187	188
190	38
191	192
194	39
195	196
198	42
199	200
202	43
203	204
1	206
1	207
1	210
1	211
1	214
1	215
1	218
1	219
1	222
1	223
1	226
1	227
1	230
1	231
1	234
1	235
206	46
207	208
210	47
211	212
214	50
215	216
218	51
219	220
222	54
223	224
226	55
227	228
230	58
231	232
234	59
235	236
2	238
2	239
2	242
2	243
2	246
2	247
2	250
2	251
2	254
2	255
2	258
2	259
2	262
2	263
2	266
2	267
238	62
239	240
242	63
243	244
246	66
247	248
250	67
251	252
254	70
255	256
258	71
259	260
262	74
263	264
266	75
267	268
3	270
3	271
3	274
3	275
3	278
3	279
3	282
3	283
3	286
3	287
3	290
3	291
3	294
3	295
3	298
3	299
270	78
271	272
274	79
275	276
278	82
279	280
282	83
283	284
286	86
287	288
290	87
291	292
294	90
295	296
298	91
299	300
4	302
4	303
4	306
4	307
4	310
4	311
4	314
4	315
4	318
4	319
4	322
4	323
4	326
4	327
4	330
4	331
302	94
303	304
306	95
307	308
310	98
311	312
314	99
315	316
318	102
319	320
322	103
323	324
326	106
327	328
330	107
331	332
5	334
5	335
5	338
5	339
5	342
5	343
5	346
5	347
5	350
5	351
5	354
5	355
5	358
5	359
5	362
5	363
334	110
335	336
338	111
339	340
342	114
343	344
346	115
347	348
350	118
351	352
354	119
355	356
358	122
359	360
362	123
363	364
6	366
6	367
6	370
6	371
6	374
6	375
6	378
6	379
366	30
367	368
370	33
371	372
374	46
375	376
378	49
379	380
7	382
7	383
7	386
7	387
7	390
7	391
7	394
7	395
382	34
383	384
386	37
387	388
390	126
391	392
394	127
395	396
8	398
8	399
8	402
8	403
8	406
8	407
8	410
8	411
398	126
399	400
402	129
403	404
406	130
407	408
410	131
411	412
9	414
9	415
9	418
9	419
9	422
9	423
9	426
9	427
414	50
415	416
418	53
419	420
422	130
423	424
426	133
427	428
10	430
10	431
10	434
10	435
10	438
10	439
10	442
10	443
430	38
431	432
434	41
435	436
438	110
439	440
442	113
443	444
11	446
11	447
11	450
11	451
11	454
11	455
11	458
11	459
446	42
447	448
450	45
451	452
454	134
455	456
458	135
459	460
12	462
12	463
12	466
12	467
12	470
12	471
12	474
12	475
462	134
463	464
466	137
467	468
470	138
471	472
474	139
475	476
13	478
13	479
13	482
13	483
13	486
13	487
13	490
13	491
478	114
479	480
482	117
483	484
486	138
487	488
490	141
491	492
14	494
14	495
14	498
14	499
14	502
14	503
14	506
14	507
494	54
495	496
498	57
499	500
502	62
503	504
506	65
507	508
15	510
15	511
15	514
15	515
15	518
15	519
15	522
15	523
510	58
511	512
514	61
515	516
518	142
519	520
522	143
523	524
16	526
16	527
16	530
16	531
16	534
16	535
16	538
16	539
526	142
527	528
530	145
531	532
534	146
535	536
538	147
539	540
17	542
17	543
17	546
17	547
17	550
17	551
17	554
17	555
542	66
543	544
546	69
547	548
550	146
551	552
554	149
555	556
18	558
18	559
18	562
18	563
18	566
18	567
18	570
18	571
558	70
559	560
562	73
563	564
566	78
567	568
570	81
571	572
19	574
19	575
19	578
19	579
19	582
19	583
19	586
19	587
574	74
575	576
578	77
579	580
582	150
583	584
586	151
587	588
20	590
20	591
20	594
20	595
20	598
20	599
20	602
20	603
590	150
591	592
594	153
595	596
598	154
599	600
602	155
603	604
21	606
21	607
21	610
21	611
21	614
21	615
21	618
21	619
606	82
607	608
610	85
611	612
614	154
615	616
618	157
619	620
22	622
22	623
22	626
22	627
22	630
22	631
22	634
22	635
622	86
623	624
626	89
627	628
630	94
631	632
634	97
635	636
23	638
23	639
23	642
23	643
23	646
23	647
23	650
23	651
638	90
639	640
642	93
643	644
646	158
647	648
650	159
651	652
24	654
24	655
24	658
24	659
24	662
24	663
24	666
24	667
654	158
655	656
658	161
659	660
662	162
663	664
666	163
667	668
25	670
25	671
25	674
25	675
25	678
25	679
25	682
25	683
670	98
671	672
674	101
675	676
678	162
679	680
682	165
683	684
26	686
26	687
26	690
26	691
26	694
26	695
26	698
26	699
686	102
687	688
690	105
691	692
694	118
695	696
698	121
699	700
27	702
27	703
27	706
27	707
27	710
27	711
27	714
27	715
702	106
703	704
706	109
707	708
710	166
711	712
714	167
715	716
28	718
28	719
28	722
28	723
28	726
28	727
28	730
28	731
718	166
719	720
722	169
723	724
726	170
727	728
730	171
731	732
29	734
29	735
29	738
29	739
29	742
29	743
29	746
29	747
734	122
735	736
738	125
739	740
742	170
743	744
746	173
747	748
30	177
30	369
177	176
369	368
31	181
31	750
31	751
181	180
750	32
751	752
32	753
32	754
32	755
753	752
754	33
755	756
33	373
33	757
373	372
757	756
34	185
34	385
185	184
385	384
35	189
35	758
35	759
189	188
758	36
759	760
36	761
36	762
36	763
761	760
762	37
763	764
37	389
37	765
389	388
765	764
38	193
38	433
193	192
433	432
39	197
39	766
39	767
197	196
766	40
767	768
40	769
40	770
40	771
769	768
770	41
771	772
41	437
41	773
437	436
773	772
42	201
42	449
201	200
449	448
43	205
43	774
43	775
205	204
774	44
775	776
44	777
44	778
44	779
777	776
778	45
779	780
45	453
45	781
453	452
781	780
46	209
46	377
209	208
377	376
47	213
47	782
47	783
213	212
782	48
783	784
48	785
48	786
48	787
785	784
786	49
787	788
49	381
49	789
381	380
789	788
50	217
50	417
217	216
417	416
51	221
51	790
51	791
221	220
790	52
791	792
52	793
52	794
52	795
793	792
794	53
795	796
53	421
53	797
421	420
797	796
54	225
54	497
225	224
497	496
55	229
55	798
55	799
229	228
798	56
799	800
56	801
56	802
56	803
801	800
802	57
803	804
57	501
57	805
501	500
805	804
58	233
58	513
233	232
513	512
59	237
59	806
59	807
237	236
806	60
807	808
60	809
60	810
60	811
809	808
810	61
811	812
61	517
61	813
517	516
813	812
62	241
62	505
241	240
505	504
63	245
63	814
63	815
245	244
814	64
815	816
64	817
64	818
64	819
817	816
818	65
819	820
65	509
65	821
509	508
821	820
66	249
66	545
249	248
545	544
67	253
67	822
67	823
253	252
822	68
823	824
68	825
68	826
68	827
825	824
826	69
827	828
69	549
69	829
549	548
829	828
70	257
70	561
257	256
561	560
71	261
71	830
71	831
261	260
830	72
831	832
72	833
72	834
72	835
833	832
834	73
835	836
73	565
73	837
565	564
837	836
74	265
74	577
265	264
577	576
75	269
75	838
75	839
269	268
838	76
839	840
76	841
76	842
76	843
841	840
842	77
843	844
77	581
77	845
581	580
845	844
78	273
78	569
273	272
569	568
79	277
79	846
79	847
277	276
846	80
847	848
80	849
80	850
80	851
849	848
850	81
851	852
81	573
81	853
573	572
853	852
82	281
82	609
281	280
609	608
83	285
83	854
83	855
285	284
854	84
855	856
84	857
84	858
84	859
857	856
858	85
859	860
85	613
85	861
613	612
861	860
86	289
86	625
289	288
625	624
87	293
87	862
87	863
293	292
862	88
863	864
88	865
88	866
88	867
865	864
866	89
867	868
89	629
89	869
629	628
869	868
90	297
90	641
297	296
641	640
91	301
91	870
91	871
301	300
870	92
871	872
92	873
92	874
92	875
873	872
874	93
875	876
93	645
93	877
645	644
877	876
94	305
94	633
305	304
633	632
95	309
95	878
95	879
309	308
878	96
879	880
96	881
96	882
96	883
881	880
882	97
883	884
97	637
97	885
637	636
885	884
98	313
98	673
313	312
673	672
99	317
99	886
99	887
317	316
886	100
887	888
100	889
100	890
100	891
889	888
890	101
891	892
101	677
101	893
677	676
893	892
102	321
102	689
321	320
689	688
103	325
103	894
103	895
325	324
894	104
895	896
104	897
104	898
104	899
897	896
898	105
899	900
105	693
105	901
693	692
901	900
106	329
106	705
329	328
705	704
107	333
107	902
107	903
333	332
902	108
903	904
108	905
108	906
108	907
905	904
906	109
907	908
109	709
109	909
709	708
909	908
110	337
110	441
337	336
441	440
111	341
111	910
111	911
341	340
910	112
911	912
112	913
112	914
112	915
913	912
914	113
915	916
113	445
113	917
445	444
917	916
114	345
114	481
345	344
481	480
115	349
115	918
115	919
349	348
918	116
919	920
116	921
116	922
116	923
921	920
922	117
923	924
117	485
117	925
485	484
925	924
118	353
118	697
353	352
697	696
119	357
119	926
119	927
357	356
926	120
927	928
120	929
120	930
120	931
929	928
930	121
931	932
121	701
121	933
701	700
933	932
122	361
122	737
361	360
737	736
123	365
123	934
123	935
365	364
934	124
935	936
124	937
124	938
124	939
937	936
938	125
939	940
125	741
125	941
741	740
941	940
126	393
126	401
393	392
401	400
127	397
127	942
127	943
397	396
942	128
943	944
128	945
128	946
128	947
945	944
946	129
947	948
129	405
129	949
405	404
949	948
130	409
130	425
409	408
425	424
131	413
131	950
131	951
413	412
950	132
951	952
132	953
132	954
132	955
953	952
954	133
955	956
133	429
133	957
429	428
957	956
134	457
134	465
457	456
465	464
135	461
135	958
135	959
461	460
958	136
959	960
136	961
136	962
136	963
961	960
962	137
963	964
137	469
137	965
469	468
965	964
138	473
138	489
473	472
489	488
139	477
139	966
139	967
477	476
966	140
967	968
140	969
140	970
140	971
969	968
970	141
971	972
141	493
141	973
493	492
973	972
142	521
142	529
521	520
529	528
143	525
143	974
143	975
525	524
974	144
975	976
144	977
144	978
144	979
977	976
978	145
979	980
145	533
145	981
533	532
981	980
146	537
146	553
537	536
553	552
147	541
147	982
147	983
541	540
982	148
983	984
148	985
148	986
148	987
985	984
986	149
987	988
149	557
149	989
557	556
989	988
150	585
150	593
585	584
593	592
151	589
151	990
151	991
589	588
990	152
991	992
152	993
152	994
152	995
993	992
994	153
995	996
153	597
153	997
597	596
997	996
154	601
154	617
601	600
617	616
155	605
155	998
155	999
605	604
998	156
999	1000
156	1001
156	1002
156	1003
1001	1000
1002	157
1003	1004
157	621
157	1005
621	620
1005	1004
158	649
158	657
649	648
657	656
159	653
159	1006
159	1007
653	652
1006	160
1007	1008
160	1009
160	1010
160	1011
1009	1008
1010	161
1011	1012
161	661
161	1013
661	660
1013	1012
162	665
162	681
665	664
681	680
163	669
163	1014
163	1015
669	668
1014	164
1015	1016
164	1017
164	1018
164	1019
1017	1016
1018	165
1019	1020
165	685
165	1021
685	684
1021	1020
166	713
166	721
713	712
721	720
167	717
167	1022
167	1023
717	716
1022	168
1023	1024
168	1025
168	1026
168	1027
1025	1024
1026	169
1027	1028
169	725
169	1029
725	724
1029	1028
170	729
170	745
729	728
745	744
171	733
171	1030
171	1031
733	732
1030	172
1031	1032
172	1033
172	1034
172	1035
1033	1032
1034	173
1035	1036
173	749
173	1037
749	748
1037	1036
