0	156
0	159
0	167
0	170
0	178
0	181
0	189
0	192
156	157
159	160
167	168
170	171
178	179
181	182
189	190
192	193
1	200
1	203
1	211
1	214
1	222
1	225
1	233
1	236
200	201
203	204
211	212
214	215
222	223
225	226
233	234
236	237
2	244
2	247
2	255
2	258
2	266
2	269
2	277
2	280
244	245
247	248
255	256
258	259
266	267
269	270
277	278
280	281
3	288
3	291
3	299
3	302
3	310
3	313
3	321
3	324
288	289
291	292
299	300
302	303
310	311
313	314
321	322
324	325
4	332
4	335
4	343
4	346
4	354
4	357
4	365
4	368
332	333
335	336
343	344
346	347
354	355
357	358
365	366
368	369
5	376
5	379
5	387
5	390
5	398
5	401
5	409
5	412
376	377
379	380
387	388
390	391
398	399
401	402
409	410
412	413
6	420
6	423
6	431
6	434
6	442
6	445
6	453
6	456
420	421
423	424
431	432
434	435
442	443
445	446
453	454
456	457
7	464
7	467
7	475
7	478
7	486
7	489
7	497
7	500
464	465
467	468
475	476
478	479
486	487
489	490
497	498
500	501
8	508
8	511
8	519
8	522
8	530
8	533
8	541
8	544
508	509
511	512
519	520
522	523
530	531
533	534
541	542
544	545
9	552
9	555
9	563
9	566
9	574
9	577
9	585
9	588
552	553
555	556
563	564
566	567
574	575
577	578
585	586
588	589
10	596
10	599
10	607
10	610
10	618
10	621
10	629
10	632
596	597
599	600
607	608
610	611
618	619
621	622
629	630
632	633
11	640
11	643
11	651
11	654
11	662
11	665
11	673
11	676
640	641
643	644
651	652
654	655
662	663
665	666
673	674
676	677
12	684
12	687
12	695
12	698
12	706
12	709
12	717
12	720
684	685
687	688
695	696
698	699
706	707
709	710
717	718
720	721
13	158
13	166
13	728
13	731
158	157
166	165
728	729
731	732
14	730
14	738
14	739
14	742
730	729
738	737
739	740
742	743
15	202
15	210
15	741
15	749
202	201
210	209
741	740
749	748
16	169
16	177
16	750
16	753
169	168
177	176
750	751
753	754
17	752
17	760
17	761
17	764
752	751
760	759
761	762
764	765
18	763
18	771
18	772
18	775
763	762
771	770
772	773
775	776
19	774
19	782
19	783
19	786
774	773
782	781
783	784
786	787
20	785
20	793
20	794
20	797
785	784
793	792
794	795
797	798
21	796
21	804
21	805
21	808
796	795
804	803
805	806
808	809
22	807
22	815
22	816
22	819
807	806
815	814
816	817
819	820
23	213
23	221
23	818
23	826
213	212
221	220
818	817
826	825
24	180
24	188
24	827
24	830
180	179
188	187
827	828
830	831
25	829
25	837
25	838
25	841
829	828
837	836
838	839
841	842
26	686
26	694
26	840
26	848
686	685
694	693
840	839
848	847
27	191
27	199
27	849
27	852
191	190
199	198
849	850
852	853
28	851
28	859
28	860
28	863
851	850
859	858
860	861
863	864
29	862
29	870
29	871
29	874
862	861
870	869
871	872
874	875
30	873
30	881
30	882
30	885
873	872
881	880
882	883
885	886
31	884
31	892
31	893
31	896
884	883
892	891
893	894
896	897
32	895
32	903
32	904
32	907
895	894
903	902
904	905
907	908
33	906
33	914
33	915
33	918
906	905
914	913
915	916
918	919
34	697
34	705
34	917
34	925
697	696
705	704
917	916
925	924
35	224
35	232
35	926
35	929
224	223
232	231
926	927
929	930
36	928
36	936
36	937
36	940
928	927
936	935
937	938
940	941
37	246
37	254
37	939
37	947
246	245
254	253
939	938
947	946
38	235
38	243
38	948
38	951
235	234
243	242
948	949
951	952
39	950
39	958
39	959
39	962
950	949
958	957
959	960
962	963
40	961
40	969
40	970
40	973
961	960
969	968
970	971
973	974
41	972
41	980
41	981
41	984
972	971
980	979
981	982
984	985
42	983
42	991
42	992
42	995
983	982
991	990
992	993
995	996
43	994
43	1002
43	1003
43	1006
994	993
1002	1001
1003	1004
1006	1007
44	1005
44	1013
44	1014
44	1017
1005	1004
1013	1012
1014	1015
1017	1018
45	257
45	265
45	1016
45	1024
257	256
265	264
1016	1015
1024	1023
46	268
46	276
46	1025
46	1028
268	267
276	275
1025	1026
1028	1029
47	1027
47	1035
47	1036
47	1039
1027	1026
1035	1034
1036	1037
1039	1040
48	290
48	298
48	1038
48	1046
290	289
298	297
1038	1037
1046	1045
49	279
49	287
49	1047
49	1050
279	278
287	286
1047	1048
1050	1051
50	1049
50	1057
50	1058
50	1061
1049	1048
1057	1056
1058	1059
1061	1062
51	1060
51	1068
51	1069
51	1072
1060	1059
1068	1067
1069	1070
1072	1073
52	1071
52	1079
52	1080
52	1083
1071	1070
1079	1078
1080	1081
1083	1084
53	1082
53	1090
53	1091
53	1094
1082	1081
1090	1089
1091	1092
1094	1095
54	1093
54	1101
54	1102
54	1105
1093	1092
1101	1100
1102	1103
1105	1106
55	1104
55	1112
55	1113
55	1116
1104	1103
1112	1111
1113	1114
1116	1117
56	301
56	309
56	1115
56	1123
301	300
309	308
1115	1114
1123	1122
57	312
57	320
57	1124
57	1127
312	311
320	319
1124	1125
1127	1128
58	1126
58	1134
58	1135
58	1138
1126	1125
1134	1133
1135	1136
1138	1139
59	334
59	342
59	1137
59	1145
334	333
342	341
1137	1136
1145	1144
60	323
60	331
60	1146
60	1149
323	322
331	330
1146	1147
1149	1150
61	1148
61	1156
61	1157
61	1160
1148	1147
1156	1155
1157	1158
1160	1161
62	1159
62	1167
62	1168
62	1171
1159	1158
1167	1166
1168	1169
1171	1172
63	1170
63	1178
63	1179
63	1182
1170	1169
1178	1177
1179	1180
1182	1183
64	1181
64	1189
64	1190
64	1193
1181	1180
1189	1188
1190	1191
1193	1194
65	1192
65	1200
65	1201
65	1204
1192	1191
1200	1199
1201	1202
1204	1205
66	1203
66	1211
66	1212
66	1215
1203	1202
1211	1210
1212	1213
1215	1216
67	345
67	353
67	1214
67	1222
345	344
353	352
1214	1213
1222	1221
68	356
68	364
68	1223
68	1226
356	355
364	363
1223	1224
1226	1227
69	1225
69	1233
69	1234
69	1237
1225	1224
1233	1232
1234	1235
1237	1238
70	378
70	386
70	1236
70	1244
378	377
386	385
1236	1235
1244	1243
71	367
71	375
71	1245
71	1248
367	366
375	374
1245	1246
1248	1249
72	1247
72	1255
72	1256
72	1259
1247	1246
1255	1254
1256	1257
1259	1260
73	1258
73	1266
73	1267
73	1270
1258	1257
1266	1265
1267	1268
1270	1271
74	1269
74	1277
74	1278
74	1281
1269	1268
1277	1276
1278	1279
1281	1282
75	1280
75	1288
75	1289
75	1292
1280	1279
1288	1287
1289	1290
1292	1293
76	1291
76	1299
76	1300
76	1303
1291	1290
1299	1298
1300	1301
1303	1304
77	1302
77	1310
77	1311
77	1314
1302	1301
1310	1309
1311	1312
1314	1315
78	389
78	397
78	1313
78	1321
389	388
397	396
1313	1312
1321	1320
79	400
79	408
79	1322
79	1325
400	399
408	407
1322	1323
1325	1326
80	1324
80	1332
80	1333
80	1336
1324	1323
1332	1331
1333	1334
1336	1337
81	422
81	430
81	1335
81	1343
422	421
430	429
1335	1334
1343	1342
82	411
82	419
82	1344
82	1347
411	410
419	418
1344	1345
1347	1348
83	1346
83	1354
83	1355
83	1358
1346	1345
1354	1353
1355	1356
1358	1359
84	1357
84	1365
84	1366
84	1369
1357	1356
1365	1364
1366	1367
1369	1370
85	1368
85	1376
85	1377
85	1380
1368	1367
1376	1375
1377	1378
1380	1381
86	1379
86	1387
86	1388
86	1391
1379	1378
1387	1386
1388	1389
1391	1392
87	1390
87	1398
87	1399
87	1402
1390	1389
1398	1397
1399	1400
1402	1403
88	1401
88	1409
88	1410
88	1413
1401	1400
1409	1408
1410	1411
1413	1414
89	433
89	441
89	1412
89	1420
433	432
441	440
1412	1411
1420	1419
90	444
90	452
90	1421
90	1424
444	443
452	451
1421	1422
1424	1425
91	1423
91	1431
91	1432
91	1435
1423	1422
1431	1430
1432	1433
1435	1436
92	466
92	474
92	1434
92	1442
466	465
474	473
1434	1433
1442	1441
93	455
93	463
93	1443
93	1446
455	454
463	462
1443	1444
1446	1447
94	1445
94	1453
94	1454
94	1457
1445	1444
1453	1452
1454	1455
1457	1458
95	1456
95	1464
95	1465
95	1468
1456	1455
1464	1463
1465	1466
1468	1469
96	1467
96	1475
96	1476
96	1479
1467	1466
1475	1474
1476	1477
1479	1480
97	1478
97	1486
97	1487
97	1490
1478	1477
1486	1485
1487	1488
1490	1491
98	1489
98	1497
98	1498
98	1501
1489	1488
1497	1496
1498	1499
1501	1502
99	1500
99	1508
99	1509
99	1512
1500	1499
1508	1507
1509	1510
1512	1513
100	477
100	485
100	1511
100	1519
477	476
485	484
1511	1510
1519	1518
101	488
101	496
101	1520
101	1523
488	487
496	495
1520	1521
1523	1524
102	1522
102	1530
102	1531
102	1534
1522	1521
1530	1529
1531	1532
1534	1535
103	510
103	518
103	1533
103	1541
510	509
518	517
1533	1532
1541	1540
104	499
104	507
104	1542
104	1545
499	498
507	506
1542	1543
1545	1546
105	1544
105	1552
105	1553
105	1556
1544	1543
1552	1551
1553	1554
1556	1557
106	1555
106	1563
106	1564
106	1567
1555	1554
1563	1562
1564	1565
1567	1568
107	1566
107	1574
107	1575
107	1578
1566	1565
1574	1573
1575	1576
1578	1579
108	1577
108	1585
108	1586
108	1589
1577	1576
1585	1584
1586	1587
1589	1590
109	1588
109	1596
109	1597
109	1600
1588	1587
1596	1595
1597	1598
1600	1601
110	1599
110	1607
110	1608
110	1611
1599	1598
1607	1606
1608	1609
1611	1612
111	521
111	529
111	1610
111	1618
521	520
529	528
1610	1609
1618	1617
112	532
112	540
112	1619
112	1622
532	531
540	539
1619	1620
1622	1623
113	1621
113	1629
113	1630
113	1633
1621	1620
1629	1628
1630	1631
1633	1634
114	554
114	562
114	1632
114	1640
554	553
562	561
1632	1631
1640	1639
115	543
115	551
115	1641
115	1644
543	542
551	550
1641	1642
1644	1645
116	1643
116	1651
116	1652
116	1655
1643	1642
1651	1650
1652	1653
1655	1656
117	1654
117	1662
117	1663
117	1666
1654	1653
1662	1661
1663	1664
1666	1667
118	1665
118	1673
118	1674
118	1677
1665	1664
1673	1672
1674	1675
1677	1678
119	1676
119	1684
119	1685
119	1688
1676	1675
1684	1683
1685	1686
1688	1689
120	1687
120	1695
120	1696
120	1699
1687	1686
1695	1694
1696	1697
1699	1700
121	1698
121	1706
121	1707
121	1710
1698	1697
1706	1705
1707	1708
1710	1711
122	565
122	573
122	1709
122	1717
565	564
573	572
1709	1708
1717	1716
123	576
123	584
123	1718
123	1721
576	575
584	583
1718	1719
1721	1722
124	1720
124	1728
124	1729
124	1732
1720	1719
1728	1727
1729	1730
1732	1733
125	598
125	606
125	1731
125	1739
598	597
606	605
1731	1730
1739	1738
126	587
126	595
126	1740
126	1743
587	586
595	594
1740	1741
1743	1744
127	1742
127	1750
127	1751
127	1754
1742	1741
1750	1749
1751	1752
1754	1755
128	1753
128	1761
128	1762
128	1765
1753	1752
1761	1760
1762	1763
1765	1766
129	1764
129	1772
129	1773
129	1776
1764	1763
1772	1771
1773	1774
1776	1777
130	1775
130	1783
130	1784
130	1787
1775	1774
1783	1782
1784	1785
1787	1788
131	1786
131	1794
131	1795
131	1798
1786	1785
1794	1793
1795	1796
1798	1799
132	1797
132	1805
132	1806
132	1809
1797	1796
1805	1804
1806	1807
1809	1810
133	609
133	617
133	1808
133	1816
609	608
617	616
1808	1807
1816	1815
134	620
134	628
134	1817
134	1820
620	619
628	627
1817	1818
1820	1821
135	1819
135	1827
135	1828
135	1831
1819	1818
1827	1826
1828	1829
1831	1832
136	642
136	650
136	1830
136	1838
642	641
650	649
1830	1829
1838	1837
137	631
137	639
137	1839
137	1842
631	630
639	638
1839	1840
1842	1843
138	1841
138	1849
138	1850
138	1853
1841	1840
1849	1848
1850	1851
1853	1854
139	1852
139	1860
139	1861
139	1864
1852	1851
1860	1859
1861	1862
1864	1865
140	1863
140	1871
140	1872
140	1875
1863	1862
1871	1870
1872	1873
1875	1876
141	1874
141	1882
141	1883
141	1886
1874	1873
1882	1881
1883	1884
1886	1887
142	1885
142	1893
142	1894
142	1897
1885	1884
1893	1892
1894	1895
1897	1898
143	1896
143	1904
143	1905
143	1908
1896	1895
1904	1903
1905	1906
1908	1909
144	653
144	661
144	1907
144	1915
653	652
661	660
1907	1906
1915	1914
145	664
145	672
145	1916
145	1919
664	663
672	671
1916	1917
1919	1920
146	1918
146	1926
146	1927
146	1930
1918	1917
1926	1925
1927	1928
1930	1931
147	708
147	716
147	1929
147	1937
708	707
716	715
1929	1928
1937	1936
148	675
148	683
148	1938
148	1941
675	674
683	682
1938	1939
1941	1942
149	1940
149	1948
149	1949
149	1952
1940	1939
1948	1947
1949	1950
1952	1953
150	1951
150	1959
150	1960
150	1963
1951	1950
1959	1958
1960	1961
1963	1964
151	1962
151	1970
151	1971
151	1974
1962	1961
1970	1969
1971	1972
1974	1975
152	1973
152	1981
152	1982
152	1985
1973	1972
1981	1980
1982	1983
1985	1986
153	1984
153	1992
153	1993
153	1996
1984	1983
1992	1991
1993	1994
1996	1997
154	1995
154	2003
154	2004
154	2007
1995	1994
2003	2002
2004	2005
2007	2008
155	719
155	727
155	2006
155	2014
719	718
727	726
2006	2005
2014	2013
160	161
161	162
162	163
163	164
164	165
171	172
172	173
173	174
174	175
175	176
182	183
183	184
184	185
185	186
186	187
193	194
194	195
195	196
196	197
197	198
204	205
205	206
206	207
207	208
208	209
215	216
216	217
217	218
218	219
219	220
226	227
227	228
228	229
229	230
230	231
237	238
238	239
239	240
240	241
241	242
248	249
249	250
250	251
251	252
252	253
259	260
260	261
261	262
262	263
263	264
270	271
271	272
272	273
273	274
274	275
281	282
282	283
283	284
284	285
285	286
292	293
293	294
294	295
295	296
296	297
303	304
304	305
305	306
306	307
307	308
314	315
315	316
316	317
317	318
318	319
325	326
326	327
327	328
328	329
329	330
336	337
337	338
338	339
339	340
340	341
347	348
348	349
349	350
350	351
351	352
358	359
359	360
360	361
361	362
362	363
369	370
370	371
371	372
372	373
373	374
380	381
381	382
382	383
383	384
384	385
391	392
392	393
393	394
394	395
395	396
402	403
403	404
404	405
405	406
406	407
413	414
414	415
415	416
416	417
417	418
424	425
425	426
426	427
427	428
428	429
435	436
436	437
437	438
438	439
439	440
446	447
447	448
448	449
449	450
450	451
457	458
458	459
459	460
460	461
461	462
468	469
469	470
470	471
471	472
472	473
479	480
480	481
481	482
482	483
483	484
490	491
491	492
492	493
493	494
494	495
501	502
502	503
503	504
504	505
505	506
512	513
513	514
514	515
515	516
516	517
523	524
524	525
525	526
526	527
527	528
534	535
535	536
536	537
537	538
538	539
545	546
546	547
547	548
548	549
549	550
556	557
557	558
558	559
559	560
560	561
567	568
568	569
569	570
570	571
571	572
578	579
579	580
580	581
581	582
582	583
589	590
590	591
591	592
592	593
593	594
600	601
601	602
602	603
603	604
604	605
611	612
612	613
613	614
614	615
615	616
622	623
623	624
624	625
625	626
626	627
633	634
634	635
635	636
636	637
637	638
644	645
645	646
646	647
647	648
648	649
655	656
656	657
657	658
658	659
659	660
666	667
667	668
668	669
669	670
670	671
677	678
678	679
679	680
680	681
681	682
688	689
689	690
690	691
691	692
692	693
699	700
700	701
701	702
702	703
703	704
710	711
711	712
712	713
713	714
714	715
721	722
722	723
723	724
724	725
725	726
732	733
733	734
734	735
735	736
736	737
743	744
744	745
745	746
746	747
747	748
754	755
755	756
756	757
757	758
758	759
765	766
766	767
767	768
768	769
769	770
776	777
777	778
778	779
779	780
780	781
787	788
788	789
789	790
790	791
791	792
798	799
799	800
800	801
801	802
802	803
809	810
810	811
811	812
812	813
813	814
820	821
821	822
822	823
823	824
824	825
831	832
832	833
833	834
834	835
835	836
842	843
843	844
844	845
845	846
846	847
853	854
854	855
855	856
856	857
857	858
864	865
865	866
866	867
867	868
868	869
875	876
876	877
877	878
878	879
879	880
886	887
887	888
888	889
889	890
890	891
897	898
898	899
899	900
900	901
901	902
908	909
909	910
910	911
911	912
912	913
919	920
920	921
921	922
922	923
923	924
930	931
931	932
932	933
933	934
934	935
941	942
942	943
943	944
944	945
945	946
952	953
953	954
954	955
955	956
956	957
963	964
964	965
965	966
966	967
967	968
974	975
975	976
976	977
977	978
978	979
985	986
986	987
987	988
988	989
989	990
996	997
997	998
998	999
999	1000
1000	1001
1007	1008
1008	1009
1009	1010
1010	1011
1011	1012
1018	1019
1019	1020
1020	1021
1021	1022
1022	1023
1029	1030
1030	1031
1031	1032
1032	1033
1033	1034
1040	1041
1041	1042
1042	1043
1043	1044
1044	1045
1051	1052
1052	1053
1053	1054
1054	1055
1055	1056
1062	1063
1063	1064
1064	1065
1065	1066
1066	1067
1073	1074
1074	1075
1075	1076
1076	1077
1077	1078
1084	1085
1085	1086
1086	1087
1087	1088
1088	1089
1095	1096
1096	1097
1097	1098
1098	1099
1099	1100
1106	1107
1107	1108
1108	1109
1109	1110
1110	1111
1117	1118
1118	1119
1119	1120
1120	1121
1121	1122
1128	1129
1129	1130
1130	1131
1131	1132
1132	1133
1139	1140
1140	1141
1141	1142
1142	1143
1143	1144
1150	1151
1151	1152
1152	1153
1153	1154
1154	1155
1161	1162
1162	1163
1163	1164
1164	1165
1165	1166
1172	1173
1173	1174
1174	1175
1175	1176
1176	1177
1183	1184
1184	1185
1185	1186
1186	1187
1187	1188
1194	1195
1195	1196
1196	1197
1197	1198
1198	1199
1205	1206
1206	1207
1207	1208
1208	1209
1209	1210
1216	1217
1217	1218
1218	1219
1219	1220
1220	1221
1227	1228
1228	1229
1229	1230
1230	1231
1231	1232
1238	1239
1239	1240
1240	1241
1241	1242
1242	1243
1249	1250
1250	1251
1251	1252
1252	1253
1253	1254
1260	1261
1261	1262
1262	1263
1263	1264
1264	1265
1271	1272
1272	1273
1273	1274
1274	1275
1275	1276
1282	1283
1283	1284
1284	1285
1285	1286
1286	1287
1293	1294
1294	1295
1295	1296
1296	1297
1297	1298
1304	1305
1305	1306
1306	1307
1307	1308
1308	1309
1315	1316
1316	1317
1317	1318
1318	1319
1319	1320
1326	1327
1327	1328
1328	1329
1329	1330
1330	1331
1337	1338
1338	1339
1339	1340
1340	1341
1341	1342
1348	1349
1349	1350
1350	1351
1351	1352
1352	1353
1359	1360
1360	1361
1361	1362
1362	1363
1363	1364
1370	1371
1371	1372
1372	1373
1373	1374
1374	1375
1381	1382
1382	1383
1383	1384
1384	1385
1385	1386
1392	1393
1393	1394
1394	1395
1395	1396
1396	1397
1403	1404
1404	1405
1405	1406
1406	1407
1407	1408
1414	1415
1415	1416
1416	1417
1417	1418
1418	1419
1425	1426
1426	1427
1427	1428
1428	1429
1429	1430
1436	1437
1437	1438
1438	1439
1439	1440
1440	1441
1447	1448
1448	1449
1449	1450
1450	1451
1451	1452
1458	1459
1459	1460
1460	1461
1461	1462
1462	1463
1469	1470
1470	1471
1471	1472
1472	1473
1473	1474
1480	1481
1481	1482
1482	1483
1483	1484
1484	1485
1491	1492
1492	1493
1493	1494
1494	1495
1495	1496
1502	1503
1503	1504
1504	1505
1505	1506
1506	1507
1513	1514
1514	1515
1515	1516
1516	1517
1517	1518
1524	1525
1525	1526
1526	1527
1527	1528
1528	1529
1535	1536
1536	1537
1537	1538
1538	1539
1539	1540
1546	1547
1547	1548
1548	1549
1549	1550
1550	1551
1557	1558
1558	1559
1559	1560
1560	1561
1561	1562
1568	1569
1569	1570
1570	1571
1571	1572
1572	1573
1579	1580
1580	1581
1581	1582
1582	1583
1583	1584
1590	1591
1591	1592
1592	1593
1593	1594
1594	1595
1601	1602
1602	1603
1603	1604
1604	1605
1605	1606
1612	1613
1613	1614
1614	1615
1615	1616
1616	1617
1623	1624
1624	1625
1625	1626
1626	1627
1627	1628
1634	1635
1635	1636
1636	1637
1637	1638
1638	1639
1645	1646
1646	1647
1647	1648
1648	1649
1649	1650
1656	1657
1657	1658
1658	1659
1659	1660
1660	1661
1667	1668
1668	1669
1669	1670
1670	1671
1671	1672
1678	1679
1679	1680
1680	1681
1681	1682
1682	1683
1689	1690
1690	1691
1691	1692
1692	1693
1693	1694
1700	1701
1701	1702
1702	1703
1703	1704
1704	1705
1711	1712
1712	1713
1713	1714
1714	1715
1715	1716
1722	1723
1723	1724
1724	1725
1725	1726
1726	1727
1733	1734
1734	1735
1735	1736
1736	1737
1737	1738
1744	1745
1745	1746
1746	1747
1747	1748
1748	1749
1755	1756
1756	1757
1757	1758
1758	1759
1759	1760
1766	1767
1767	1768
1768	1769
1769	1770
1770	1771
1777	1778
1778	1779
1779	1780
1780	1781
1781	1782
1788	1789
1789	1790
1790	1791
1791	1792
1792	1793
1799	1800
1800	1801
1801	1802
1802	1803
1803	1804
1810	1811
1811	1812
1812	1813
1813	1814
1814	1815
1821	1822
1822	1823
1823	1824
1824	1825
1825	1826
1832	1833
1833	1834
1834	1835
1835	1836
1836	1837
1843	1844
1844	1845
1845	1846
1846	1847
1847	1848
1854	1855
1855	1856
1856	1857
1857	1858
1858	1859
1865	1866
1866	1867
1867	1868
1868	1869
1869	1870
1876	1877
1877	1878
1878	1879
1879	1880
1880	1881
1887	1888
1888	1889
1889	1890
1890	1891
1891	1892
1898	1899
1899	1900
1900	1901
1901	1902
1902	1903
1909	1910
1910	1911
1911	1912
1912	1913
1913	1914
1920	1921
1921	1922
1922	1923
1923	1924
1924	1925
1931	1932
1932	1933
1933	1934
1934	1935
1935	1936
1942	1943
1943	1944
1944	1945
1945	1946
1946	1947
1953	1954
1954	1955
1955	1956
1956	1957
1957	1958
1964	1965
1965	1966
1966	1967
1967	1968
1968	1969
1975	1976
1976	1977
1977	1978
1978	1979
1979	1980
1986	1987
1987	1988
1988	1989
1989	1990
1990	1991
1997	1998
1998	1999
1999	2000
2000	2001
2001	2002
2008	2009
2009	2010
2010	2011
2011	2012
2012	2013
