0	10
0	13
0	18
0	21
10	11
13	14
18	19
21	22
1	12
1	17
1	26
1	29
12	11
17	16
26	27
29	30
2	28
2	33
2	34
2	37
28	27
33	32
34	35
37	38
3	36
3	41
3	42
3	45
36	35
41	40
42	43
45	46
4	44
4	49
4	50
4	53
44	43
49	48
50	51
53	54
5	52
5	57
5	58
5	61
52	51
57	56
58	59
61	62
6	60
6	65
6	66
6	69
60	59
65	64
66	67
69	70
7	68
7	73
7	74
7	77
68	67
73	72
74	75
77	78
8	76
8	81
8	82
8	85
76	75
81	80
82	83
85	86
9	20
9	25
9	84
9	89
20	19
25	24
84	83
89	88
14	15
15	16
22	23
23	24
30	31
31	32
38	39
39	40
46	47
47	48
54	55
55	56
62	63
63	64
70	71
71	72
78	79
79	80
86	87
87	88
