0	639
0	640
0	646
0	647
0	653
0	654
0	660
0	661
0	667
0	668
0	674
0	675
0	681
0	682
0	688
0	689
639	72
640	641
646	73
647	648
653	79
654	655
660	80
661	662
667	86
668	669
674	87
675	676
681	93
682	683
688	94
689	690
1	695
1	696
1	702
1	703
1	709
1	710
1	716
1	717
1	723
1	724
1	730
1	731
1	737
1	738
1	744
1	745
695	100
696	697
702	101
703	704
709	107
710	711
716	108
717	718
723	114
724	725
730	115
731	732
737	121
738	739
744	122
745	746
2	751
2	752
2	758
2	759
2	765
2	766
2	772
2	773
2	779
2	780
2	786
2	787
2	793
2	794
2	800
2	801
751	128
752	753
758	129
759	760
765	135
766	767
772	136
773	774
779	142
780	781
786	143
787	788
793	149
794	795
800	150
801	802
3	807
3	808
3	814
3	815
3	821
3	822
3	828
3	829
3	835
3	836
3	842
3	843
3	849
3	850
3	856
3	857
807	156
808	809
814	157
815	816
821	163
822	823
828	164
829	830
835	170
836	837
842	171
843	844
849	177
850	851
856	178
857	858
4	863
4	864
4	870
4	871
4	877
4	878
4	884
4	885
4	891
4	892
4	898
4	899
4	905
4	906
4	912
4	913
863	184
864	865
870	185
871	872
877	191
878	879
884	192
885	886
891	198
892	893
898	199
899	900
905	205
906	907
912	206
913	914
5	919
5	920
5	926
5	927
5	933
5	934
5	940
5	941
5	947
5	948
5	954
5	955
5	961
5	962
5	968
5	969
919	212
920	921
926	213
927	928
933	219
934	935
940	220
941	942
947	226
948	949
954	227
955	956
961	233
962	963
968	234
969	970
6	975
6	976
6	982
6	983
6	989
6	990
6	996
6	997
6	1003
6	1004
6	1010
6	1011
6	1017
6	1018
6	1024
6	1025
975	240
976	977
982	241
983	984
989	247
990	991
996	248
997	998
1003	254
1004	1005
1010	255
1011	1012
1017	261
1018	1019
1024	262
1025	1026
7	1031
7	1032
7	1038
7	1039
7	1045
7	1046
7	1052
7	1053
7	1059
7	1060
7	1066
7	1067
7	1073
7	1074
7	1080
7	1081
1031	268
1032	1033
1038	269
1039	1040
1045	275
1046	1047
1052	276
1053	1054
1059	282
1060	1061
1066	283
1067	1068
1073	289
1074	1075
1080	290
1081	1082
8	1087
8	1088
8	1094
8	1095
8	1101
8	1102
8	1108
8	1109
8	1115
8	1116
8	1122
8	1123
8	1129
8	1130
8	1136
8	1137
1087	296
1088	1089
1094	297
1095	1096
1101	303
1102	1103
1108	304
1109	1110
1115	310
1116	1117
1122	311
1123	1124
1129	317
1130	1131
1136	318
1137	1138
9	1143
9	1144
9	1150
9	1151
9	1157
9	1158
9	1164
9	1165
1143	72
1144	1145
1150	78
1151	1152
1157	100
1158	1159
1164	106
1165	1166
10	1171
10	1172
10	1178
10	1179
10	1185
10	1186
10	1192
10	1193
1171	79
1172	1173
1178	85
1179	1180
1185	324
1186	1187
1192	325
1193	1194
11	1199
11	1200
11	1206
11	1207
11	1213
11	1214
11	1220
11	1221
1199	324
1200	1201
1206	330
1207	1208
1213	331
1214	1215
1220	332
1221	1222
12	1227
12	1228
12	1234
12	1235
12	1241
12	1242
12	1248
12	1249
1227	331
1228	1229
1234	337
1235	1236
1241	338
1242	1243
1248	339
1249	1250
13	1255
13	1256
13	1262
13	1263
13	1269
13	1270
13	1276
13	1277
1255	338
1256	1257
1262	344
1263	1264
1269	345
1270	1271
1276	346
1277	1278
14	1283
14	1284
14	1290
14	1291
14	1297
14	1298
14	1304
14	1305
1283	345
1284	1285
1290	351
1291	1292
1297	352
1298	1299
1304	353
1305	1306
15	1311
15	1312
15	1318
15	1319
15	1325
15	1326
15	1332
15	1333
1311	107
1312	1313
1318	113
1319	1320
1325	352
1326	1327
1332	358
1333	1334
16	1339
16	1340
16	1346
16	1347
16	1353
16	1354
16	1360
16	1361
1339	86
1340	1341
1346	92
1347	1348
1353	296
1354	1355
1360	302
1361	1362
17	1367
17	1368
17	1374
17	1375
17	1381
17	1382
17	1388
17	1389
1367	93
1368	1369
1374	99
1375	1376
1381	359
1382	1383
1388	360
1389	1390
18	1395
18	1396
18	1402
18	1403
18	1409
18	1410
18	1416
18	1417
1395	359
1396	1397
1402	365
1403	1404
1409	366
1410	1411
1416	367
1417	1418
19	1423
19	1424
19	1430
19	1431
19	1437
19	1438
19	1444
19	1445
1423	366
1424	1425
1430	372
1431	1432
1437	373
1438	1439
1444	374
1445	1446
20	1451
20	1452
20	1458
20	1459
20	1465
20	1466
20	1472
20	1473
1451	373
1452	1453
1458	379
1459	1460
1465	380
1466	1467
1472	381
1473	1474
21	1479
21	1480
21	1486
21	1487
21	1493
21	1494
21	1500
21	1501
1479	380
1480	1481
1486	386
1487	1488
1493	387
1494	1495
1500	388
1501	1502
22	1507
22	1508
22	1514
22	1515
22	1521
22	1522
22	1528
22	1529
1507	303
1508	1509
1514	309
1515	1516
1521	387
1522	1523
1528	393
1529	1530
23	1535
23	1536
23	1542
23	1543
23	1549
23	1550
23	1556
23	1557
1535	114
1536	1537
1542	120
1543	1544
1549	128
1550	1551
1556	134
1557	1558
24	1563
24	1564
24	1570
24	1571
24	1577
24	1578
24	1584
24	1585
1563	121
1564	1565
1570	127
1571	1572
1577	394
1578	1579
1584	395
1585	1586
25	1591
25	1592
25	1598
25	1599
25	1605
25	1606
25	1612
25	1613
1591	394
1592	1593
1598	400
1599	1600
1605	401
1606	1607
1612	402
1613	1614
26	1619
26	1620
26	1626
26	1627
26	1633
26	1634
26	1640
26	1641
1619	401
1620	1621
1626	407
1627	1628
1633	408
1634	1635
1640	409
1641	1642
27	1647
27	1648
27	1654
27	1655
27	1661
27	1662
27	1668
27	1669
1647	408
1648	1649
1654	414
1655	1656
1661	415
1662	1663
1668	416
1669	1670
28	1675
28	1676
28	1682
28	1683
28	1689
28	1690
28	1696
28	1697
1675	415
1676	1677
1682	421
1683	1684
1689	422
1690	1691
1696	423
1697	1698
29	1703
29	1704
29	1710
29	1711
29	1717
29	1718
29	1724
29	1725
1703	135
1704	1705
1710	141
1711	1712
1717	422
1718	1719
1724	428
1725	1726
30	1731
30	1732
30	1738
30	1739
30	1745
30	1746
30	1752
30	1753
1731	142
1732	1733
1738	148
1739	1740
1745	156
1746	1747
1752	162
1753	1754
31	1759
31	1760
31	1766
31	1767
31	1773
31	1774
31	1780
31	1781
1759	149
1760	1761
1766	155
1767	1768
1773	429
1774	1775
1780	430
1781	1782
32	1787
32	1788
32	1794
32	1795
32	1801
32	1802
32	1808
32	1809
1787	429
1788	1789
1794	435
1795	1796
1801	436
1802	1803
1808	437
1809	1810
33	1815
33	1816
33	1822
33	1823
33	1829
33	1830
33	1836
33	1837
1815	436
1816	1817
1822	442
1823	1824
1829	443
1830	1831
1836	444
1837	1838
34	1843
34	1844
34	1850
34	1851
34	1857
34	1858
34	1864
34	1865
1843	443
1844	1845
1850	449
1851	1852
1857	450
1858	1859
1864	451
1865	1866
35	1871
35	1872
35	1878
35	1879
35	1885
35	1886
35	1892
35	1893
1871	450
1872	1873
1878	456
1879	1880
1885	457
1886	1887
1892	458
1893	1894
36	1899
36	1900
36	1906
36	1907
36	1913
36	1914
36	1920
36	1921
1899	163
1900	1901
1906	169
1907	1908
1913	457
1914	1915
1920	463
1921	1922
37	1927
37	1928
37	1934
37	1935
37	1941
37	1942
37	1948
37	1949
1927	170
1928	1929
1934	176
1935	1936
1941	184
1942	1943
1948	190
1949	1950
38	1955
38	1956
38	1962
38	1963
38	1969
38	1970
38	1976
38	1977
1955	177
1956	1957
1962	183
1963	1964
1969	464
1970	1971
1976	465
1977	1978
39	1983
39	1984
39	1990
39	1991
39	1997
39	1998
39	2004
39	2005
1983	464
1984	1985
1990	470
1991	1992
1997	471
1998	1999
2004	472
2005	2006
40	2011
40	2012
40	2018
40	2019
40	2025
40	2026
40	2032
40	2033
2011	471
2012	2013
2018	477
2019	2020
2025	478
2026	2027
2032	479
2033	2034
41	2039
41	2040
41	2046
41	2047
41	2053
41	2054
41	2060
41	2061
2039	478
2040	2041
2046	484
2047	2048
2053	485
2054	2055
2060	486
2061	2062
42	2067
42	2068
42	2074
42	2075
42	2081
42	2082
42	2088
42	2089
2067	485
2068	2069
2074	491
2075	2076
2081	492
2082	2083
2088	493
2089	2090
43	2095
43	2096
43	2102
43	2103
43	2109
43	2110
43	2116
43	2117
2095	191
2096	2097
2102	197
2103	2104
2109	492
2110	2111
2116	498
2117	2118
44	2123
44	2124
44	2130
44	2131
44	2137
44	2138
44	2144
44	2145
2123	198
2124	2125
2130	204
2131	2132
2137	212
2138	2139
2144	218
2145	2146
45	2151
45	2152
45	2158
45	2159
45	2165
45	2166
45	2172
45	2173
2151	205
2152	2153
2158	211
2159	2160
2165	499
2166	2167
2172	500
2173	2174
46	2179
46	2180
46	2186
46	2187
46	2193
46	2194
46	2200
46	2201
2179	499
2180	2181
2186	505
2187	2188
2193	506
2194	2195
2200	507
2201	2202
47	2207
47	2208
47	2214
47	2215
47	2221
47	2222
47	2228
47	2229
2207	506
2208	2209
2214	512
2215	2216
2221	513
2222	2223
2228	514
2229	2230
48	2235
48	2236
48	2242
48	2243
48	2249
48	2250
48	2256
48	2257
2235	513
2236	2237
2242	519
2243	2244
2249	520
2250	2251
2256	521
2257	2258
49	2263
49	2264
49	2270
49	2271
49	2277
49	2278
49	2284
49	2285
2263	520
2264	2265
2270	526
2271	2272
2277	527
2278	2279
2284	528
2285	2286
50	2291
50	2292
50	2298
50	2299
50	2305
50	2306
50	2312
50	2313
2291	219
2292	2293
2298	225
2299	2300
2305	527
2306	2307
2312	533
2313	2314
51	2319
51	2320
51	2326
51	2327
51	2333
51	2334
51	2340
51	2341
2319	226
2320	2321
2326	232
2327	2328
2333	240
2334	2335
2340	246
2341	2342
52	2347
52	2348
52	2354
52	2355
52	2361
52	2362
52	2368
52	2369
2347	233
2348	2349
2354	239
2355	2356
2361	534
2362	2363
2368	535
2369	2370
53	2375
53	2376
53	2382
53	2383
53	2389
53	2390
53	2396
53	2397
2375	534
2376	2377
2382	540
2383	2384
2389	541
2390	2391
2396	542
2397	2398
54	2403
54	2404
54	2410
54	2411
54	2417
54	2418
54	2424
54	2425
2403	541
2404	2405
2410	547
2411	2412
2417	548
2418	2419
2424	549
2425	2426
55	2431
55	2432
55	2438
55	2439
55	2445
55	2446
55	2452
55	2453
2431	548
2432	2433
2438	554
2439	2440
2445	555
2446	2447
2452	556
2453	2454
56	2459
56	2460
56	2466
56	2467
56	2473
56	2474
56	2480
56	2481
2459	555
2460	2461
2466	561
2467	2468
2473	562
2474	2475
2480	563
2481	2482
57	2487
57	2488
57	2494
57	2495
57	2501
57	2502
57	2508
57	2509
2487	247
2488	2489
2494	253
2495	2496
2501	562
2502	2503
2508	568
2509	2510
58	2515
58	2516
58	2522
58	2523
58	2529
58	2530
58	2536
58	2537
2515	254
2516	2517
2522	260
2523	2524
2529	268
2530	2531
2536	274
2537	2538
59	2543
59	2544
59	2550
59	2551
59	2557
59	2558
59	2564
59	2565
2543	261
2544	2545
2550	267
2551	2552
2557	569
2558	2559
2564	570
2565	2566
60	2571
60	2572
60	2578
60	2579
60	2585
60	2586
60	2592
60	2593
2571	569
2572	2573
2578	575
2579	2580
2585	576
2586	2587
2592	577
2593	2594
61	2599
61	2600
61	2606
61	2607
61	2613
61	2614
61	2620
61	2621
2599	576
2600	2601
2606	582
2607	2608
2613	583
2614	2615
2620	584
2621	2622
62	2627
62	2628
62	2634
62	2635
62	2641
62	2642
62	2648
62	2649
2627	583
2628	2629
2634	589
2635	2636
2641	590
2642	2643
2648	591
2649	2650
63	2655
63	2656
63	2662
63	2663
63	2669
63	2670
63	2676
63	2677
2655	590
2656	2657
2662	596
2663	2664
2669	597
2670	2671
2676	598
2677	2678
64	2683
64	2684
64	2690
64	2691
64	2697
64	2698
64	2704
64	2705
2683	275
2684	2685
2690	281
2691	2692
2697	597
2698	2699
2704	603
2705	2706
65	2711
65	2712
65	2718
65	2719
65	2725
65	2726
65	2732
65	2733
2711	282
2712	2713
2718	288
2719	2720
2725	310
2726	2727
2732	316
2733	2734
66	2739
66	2740
66	2746
66	2747
66	2753
66	2754
66	2760
66	2761
2739	289
2740	2741
2746	295
2747	2748
2753	604
2754	2755
2760	605
2761	2762
67	2767
67	2768
67	2774
67	2775
67	2781
67	2782
67	2788
67	2789
2767	604
2768	2769
2774	610
2775	2776
2781	611
2782	2783
2788	612
2789	2790
68	2795
68	2796
68	2802
68	2803
68	2809
68	2810
68	2816
68	2817
2795	611
2796	2797
2802	617
2803	2804
2809	618
2810	2811
2816	619
2817	2818
69	2823
69	2824
69	2830
69	2831
69	2837
69	2838
69	2844
69	2845
2823	618
2824	2825
2830	624
2831	2832
2837	625
2838	2839
2844	626
2845	2846
70	2851
70	2852
70	2858
70	2859
70	2865
70	2866
70	2872
70	2873
2851	625
2852	2853
2858	631
2859	2860
2865	632
2866	2867
2872	633
2873	2874
71	2879
71	2880
71	2886
71	2887
71	2893
71	2894
71	2900
71	2901
2879	317
2880	2881
2886	323
2887	2888
2893	632
2894	2895
2900	638
2901	2902
72	645
72	1149
645	644
1149	1148
73	652
73	2907
73	2908
652	651
2907	74
2908	2909
74	2913
74	2914
74	2915
2913	2912
2914	75
2915	2916
75	2920
75	2921
75	2922
2920	2919
2921	76
2922	2923
76	2927
76	2928
76	2929
2927	2926
2928	77
2929	2930
77	2934
77	2935
77	2936
2934	2933
2935	78
2936	2937
78	1156
78	2941
1156	1155
2941	2940
79	659
79	1177
659	658
1177	1176
80	666
80	2942
80	2943
666	665
2942	81
2943	2944
81	2948
81	2949
81	2950
2948	2947
2949	82
2950	2951
82	2955
82	2956
82	2957
2955	2954
2956	83
2957	2958
83	2962
83	2963
83	2964
2962	2961
2963	84
2964	2965
84	2969
84	2970
84	2971
2969	2968
2970	85
2971	2972
85	1184
85	2976
1184	1183
2976	2975
86	673
86	1345
673	672
1345	1344
87	680
87	2977
87	2978
680	679
2977	88
2978	2979
88	2983
88	2984
88	2985
2983	2982
2984	89
2985	2986
89	2990
89	2991
89	2992
2990	2989
2991	90
2992	2993
90	2997
90	2998
90	2999
2997	2996
2998	91
2999	3000
91	3004
91	3005
91	3006
3004	3003
3005	92
3006	3007
92	1352
92	3011
1352	1351
3011	3010
93	687
93	1373
687	686
1373	1372
94	694
94	3012
94	3013
694	693
3012	95
3013	3014
95	3018
95	3019
95	3020
3018	3017
3019	96
3020	3021
96	3025
96	3026
96	3027
3025	3024
3026	97
3027	3028
97	3032
97	3033
97	3034
3032	3031
3033	98
3034	3035
98	3039
98	3040
98	3041
3039	3038
3040	99
3041	3042
99	1380
99	3046
1380	1379
3046	3045
100	701
100	1163
701	700
1163	1162
101	708
101	3047
101	3048
708	707
3047	102
3048	3049
102	3053
102	3054
102	3055
3053	3052
3054	103
3055	3056
103	3060
103	3061
103	3062
3060	3059
3061	104
3062	3063
104	3067
104	3068
104	3069
3067	3066
3068	105
3069	3070
105	3074
105	3075
105	3076
3074	3073
3075	106
3076	3077
106	1170
106	3081
1170	1169
3081	3080
107	715
107	1317
715	714
1317	1316
108	722
108	3082
108	3083
722	721
3082	109
3083	3084
109	3088
109	3089
109	3090
3088	3087
3089	110
3090	3091
110	3095
110	3096
110	3097
3095	3094
3096	111
3097	3098
111	3102
111	3103
111	3104
3102	3101
3103	112
3104	3105
112	3109
112	3110
112	3111
3109	3108
3110	113
3111	3112
113	1324
113	3116
1324	1323
3116	3115
114	729
114	1541
729	728
1541	1540
115	736
115	3117
115	3118
736	735
3117	116
3118	3119
116	3123
116	3124
116	3125
3123	3122
3124	117
3125	3126
117	3130
117	3131
117	3132
3130	3129
3131	118
3132	3133
118	3137
118	3138
118	3139
3137	3136
3138	119
3139	3140
119	3144
119	3145
119	3146
3144	3143
3145	120
3146	3147
120	1548
120	3151
1548	1547
3151	3150
121	743
121	1569
743	742
1569	1568
122	750
122	3152
122	3153
750	749
3152	123
3153	3154
123	3158
123	3159
123	3160
3158	3157
3159	124
3160	3161
124	3165
124	3166
124	3167
3165	3164
3166	125
3167	3168
125	3172
125	3173
125	3174
3172	3171
3173	126
3174	3175
126	3179
126	3180
126	3181
3179	3178
3180	127
3181	3182
127	1576
127	3186
1576	1575
3186	3185
128	757
128	1555
757	756
1555	1554
129	764
129	3187
129	3188
764	763
3187	130
3188	3189
130	3193
130	3194
130	3195
3193	3192
3194	131
3195	3196
131	3200
131	3201
131	3202
3200	3199
3201	132
3202	3203
132	3207
132	3208
132	3209
3207	3206
3208	133
3209	3210
133	3214
133	3215
133	3216
3214	3213
3215	134
3216	3217
134	1562
134	3221
1562	1561
3221	3220
135	771
135	1709
771	770
1709	1708
136	778
136	3222
136	3223
778	777
3222	137
3223	3224
137	3228
137	3229
137	3230
3228	3227
3229	138
3230	3231
138	3235
138	3236
138	3237
3235	3234
3236	139
3237	3238
139	3242
139	3243
139	3244
3242	3241
3243	140
3244	3245
140	3249
140	3250
140	3251
3249	3248
3250	141
3251	3252
141	1716
141	3256
1716	1715
3256	3255
142	785
142	1737
785	784
1737	1736
143	792
143	3257
143	3258
792	791
3257	144
3258	3259
144	3263
144	3264
144	3265
3263	3262
3264	145
3265	3266
145	3270
145	3271
145	3272
3270	3269
3271	146
3272	3273
146	3277
146	3278
146	3279
3277	3276
3278	147
3279	3280
147	3284
147	3285
147	3286
3284	3283
3285	148
3286	3287
148	1744
148	3291
1744	1743
3291	3290
149	799
149	1765
799	798
1765	1764
150	806
150	3292
150	3293
806	805
3292	151
3293	3294
151	3298
151	3299
151	3300
3298	3297
3299	152
3300	3301
152	3305
152	3306
152	3307
3305	3304
3306	153
3307	3308
153	3312
153	3313
153	3314
3312	3311
3313	154
3314	3315
154	3319
154	3320
154	3321
3319	3318
3320	155
3321	3322
155	1772
155	3326
1772	1771
3326	3325
156	813
156	1751
813	812
1751	1750
157	820
157	3327
157	3328
820	819
3327	158
3328	3329
158	3333
158	3334
158	3335
3333	3332
3334	159
3335	3336
159	3340
159	3341
159	3342
3340	3339
3341	160
3342	3343
160	3347
160	3348
160	3349
3347	3346
3348	161
3349	3350
161	3354
161	3355
161	3356
3354	3353
3355	162
3356	3357
162	1758
162	3361
1758	1757
3361	3360
163	827
163	1905
827	826
1905	1904
164	834
164	3362
164	3363
834	833
3362	165
3363	3364
165	3368
165	3369
165	3370
3368	3367
3369	166
3370	3371
166	3375
166	3376
166	3377
3375	3374
3376	167
3377	3378
167	3382
167	3383
167	3384
3382	3381
3383	168
3384	3385
168	3389
168	3390
168	3391
3389	3388
3390	169
3391	3392
169	1912
169	3396
1912	1911
3396	3395
170	841
170	1933
841	840
1933	1932
171	848
171	3397
171	3398
848	847
3397	172
3398	3399
172	3403
172	3404
172	3405
3403	3402
3404	173
3405	3406
173	3410
173	3411
173	3412
3410	3409
3411	174
3412	3413
174	3417
174	3418
174	3419
3417	3416
3418	175
3419	3420
175	3424
175	3425
175	3426
3424	3423
3425	176
3426	3427
176	1940
176	3431
1940	1939
3431	3430
177	855
177	1961
855	854
1961	1960
178	862
178	3432
178	3433
862	861
3432	179
3433	3434
179	3438
179	3439
179	3440
3438	3437
3439	180
3440	3441
180	3445
180	3446
180	3447
3445	3444
3446	181
3447	3448
181	3452
181	3453
181	3454
3452	3451
3453	182
3454	3455
182	3459
182	3460
182	3461
3459	3458
3460	183
3461	3462
183	1968
183	3466
1968	1967
3466	3465
184	869
184	1947
869	868
1947	1946
185	876
185	3467
185	3468
876	875
3467	186
3468	3469
186	3473
186	3474
186	3475
3473	3472
3474	187
3475	3476
187	3480
187	3481
187	3482
3480	3479
3481	188
3482	3483
188	3487
188	3488
188	3489
3487	3486
3488	189
3489	3490
189	3494
189	3495
189	3496
3494	3493
3495	190
3496	3497
190	1954
190	3501
1954	1953
3501	3500
191	883
191	2101
883	882
2101	2100
192	890
192	3502
192	3503
890	889
3502	193
3503	3504
193	3508
193	3509
193	3510
3508	3507
3509	194
3510	3511
194	3515
194	3516
194	3517
3515	3514
3516	195
3517	3518
195	3522
195	3523
195	3524
3522	3521
3523	196
3524	3525
196	3529
196	3530
196	3531
3529	3528
3530	197
3531	3532
197	2108
197	3536
2108	2107
3536	3535
198	897
198	2129
897	896
2129	2128
199	904
199	3537
199	3538
904	903
3537	200
3538	3539
200	3543
200	3544
200	3545
3543	3542
3544	201
3545	3546
201	3550
201	3551
201	3552
3550	3549
3551	202
3552	3553
202	3557
202	3558
202	3559
3557	3556
3558	203
3559	3560
203	3564
203	3565
203	3566
3564	3563
3565	204
3566	3567
204	2136
204	3571
2136	2135
3571	3570
205	911
205	2157
911	910
2157	2156
206	918
206	3572
206	3573
918	917
3572	207
3573	3574
207	3578
207	3579
207	3580
3578	3577
3579	208
3580	3581
208	3585
208	3586
208	3587
3585	3584
3586	209
3587	3588
209	3592
209	3593
209	3594
3592	3591
3593	210
3594	3595
210	3599
210	3600
210	3601
3599	3598
3600	211
3601	3602
211	2164
211	3606
2164	2163
3606	3605
212	925
212	2143
925	924
2143	2142
213	932
213	3607
213	3608
932	931
3607	214
3608	3609
214	3613
214	3614
214	3615
3613	3612
3614	215
3615	3616
215	3620
215	3621
215	3622
3620	3619
3621	216
3622	3623
216	3627
216	3628
216	3629
3627	3626
3628	217
3629	3630
217	3634
217	3635
217	3636
3634	3633
3635	218
3636	3637
218	2150
218	3641
2150	2149
3641	3640
219	939
219	2297
939	938
2297	2296
220	946
220	3642
220	3643
946	945
3642	221
3643	3644
221	3648
221	3649
221	3650
3648	3647
3649	222
3650	3651
222	3655
222	3656
222	3657
3655	3654
3656	223
3657	3658
223	3662
223	3663
223	3664
3662	3661
3663	224
3664	3665
224	3669
224	3670
224	3671
3669	3668
3670	225
3671	3672
225	2304
225	3676
2304	2303
3676	3675
226	953
226	2325
953	952
2325	2324
227	960
227	3677
227	3678
960	959
3677	228
3678	3679
228	3683
228	3684
228	3685
3683	3682
3684	229
3685	3686
229	3690
229	3691
229	3692
3690	3689
3691	230
3692	3693
230	3697
230	3698
230	3699
3697	3696
3698	231
3699	3700
231	3704
231	3705
231	3706
3704	3703
3705	232
3706	3707
232	2332
232	3711
2332	2331
3711	3710
233	967
233	2353
967	966
2353	2352
234	974
234	3712
234	3713
974	973
3712	235
3713	3714
235	3718
235	3719
235	3720
3718	3717
3719	236
3720	3721
236	3725
236	3726
236	3727
3725	3724
3726	237
3727	3728
237	3732
237	3733
237	3734
3732	3731
3733	238
3734	3735
238	3739
238	3740
238	3741
3739	3738
3740	239
3741	3742
239	2360
239	3746
2360	2359
3746	3745
240	981
240	2339
981	980
2339	2338
241	988
241	3747
241	3748
988	987
3747	242
3748	3749
242	3753
242	3754
242	3755
3753	3752
3754	243
3755	3756
243	3760
243	3761
243	3762
3760	3759
3761	244
3762	3763
244	3767
244	3768
244	3769
3767	3766
3768	245
3769	3770
245	3774
245	3775
245	3776
3774	3773
3775	246
3776	3777
246	2346
246	3781
2346	2345
3781	3780
247	995
247	2493
995	994
2493	2492
248	1002
248	3782
248	3783
1002	1001
3782	249
3783	3784
249	3788
249	3789
249	3790
3788	3787
3789	250
3790	3791
250	3795
250	3796
250	3797
3795	3794
3796	251
3797	3798
251	3802
251	3803
251	3804
3802	3801
3803	252
3804	3805
252	3809
252	3810
252	3811
3809	3808
3810	253
3811	3812
253	2500
253	3816
2500	2499
3816	3815
254	1009
254	2521
1009	1008
2521	2520
255	1016
255	3817
255	3818
1016	1015
3817	256
3818	3819
256	3823
256	3824
256	3825
3823	3822
3824	257
3825	3826
257	3830
257	3831
257	3832
3830	3829
3831	258
3832	3833
258	3837
258	3838
258	3839
3837	3836
3838	259
3839	3840
259	3844
259	3845
259	3846
3844	3843
3845	260
3846	3847
260	2528
260	3851
2528	2527
3851	3850
261	1023
261	2549
1023	1022
2549	2548
262	1030
262	3852
262	3853
1030	1029
3852	263
3853	3854
263	3858
263	3859
263	3860
3858	3857
3859	264
3860	3861
264	3865
264	3866
264	3867
3865	3864
3866	265
3867	3868
265	3872
265	3873
265	3874
3872	3871
3873	266
3874	3875
266	3879
266	3880
266	3881
3879	3878
3880	267
3881	3882
267	2556
267	3886
2556	2555
3886	3885
268	1037
268	2535
1037	1036
2535	2534
269	1044
269	3887
269	3888
1044	1043
3887	270
3888	3889
270	3893
270	3894
270	3895
3893	3892
3894	271
3895	3896
271	3900
271	3901
271	3902
3900	3899
3901	272
3902	3903
272	3907
272	3908
272	3909
3907	3906
3908	273
3909	3910
273	3914
273	3915
273	3916
3914	3913
3915	274
3916	3917
274	2542
274	3921
2542	2541
3921	3920
275	1051
275	2689
1051	1050
2689	2688
276	1058
276	3922
276	3923
1058	1057
3922	277
3923	3924
277	3928
277	3929
277	3930
3928	3927
3929	278
3930	3931
278	3935
278	3936
278	3937
3935	3934
3936	279
3937	3938
279	3942
279	3943
279	3944
3942	3941
3943	280
3944	3945
280	3949
280	3950
280	3951
3949	3948
3950	281
3951	3952
281	2696
281	3956
2696	2695
3956	3955
282	1065
282	2717
1065	1064
2717	2716
283	1072
283	3957
283	3958
1072	1071
3957	284
3958	3959
284	3963
284	3964
284	3965
3963	3962
3964	285
3965	3966
285	3970
285	3971
285	3972
3970	3969
3971	286
3972	3973
286	3977
286	3978
286	3979
3977	3976
3978	287
3979	3980
287	3984
287	3985
287	3986
3984	3983
3985	288
3986	3987
288	2724
288	3991
2724	2723
3991	3990
289	1079
289	2745
1079	1078
2745	2744
290	1086
290	3992
290	3993
1086	1085
3992	291
3993	3994
291	3998
291	3999
291	4000
3998	3997
3999	292
4000	4001
292	4005
292	4006
292	4007
4005	4004
4006	293
4007	4008
293	4012
293	4013
293	4014
4012	4011
4013	294
4014	4015
294	4019
294	4020
294	4021
4019	4018
4020	295
4021	4022
295	2752
295	4026
2752	2751
4026	4025
296	1093
296	1359
1093	1092
1359	1358
297	1100
297	4027
297	4028
1100	1099
4027	298
4028	4029
298	4033
298	4034
298	4035
4033	4032
4034	299
4035	4036
299	4040
299	4041
299	4042
4040	4039
4041	300
4042	4043
300	4047
300	4048
300	4049
4047	4046
4048	301
4049	4050
301	4054
301	4055
301	4056
4054	4053
4055	302
4056	4057
302	1366
302	4061
1366	1365
4061	4060
303	1107
303	1513
1107	1106
1513	1512
304	1114
304	4062
304	4063
1114	1113
4062	305
4063	4064
305	4068
305	4069
305	4070
4068	4067
4069	306
4070	4071
306	4075
306	4076
306	4077
4075	4074
4076	307
4077	4078
307	4082
307	4083
307	4084
4082	4081
4083	308
4084	4085
308	4089
308	4090
308	4091
4089	4088
4090	309
4091	4092
309	1520
309	4096
1520	1519
4096	4095
310	1121
310	2731
1121	1120
2731	2730
311	1128
311	4097
311	4098
1128	1127
4097	312
4098	4099
312	4103
312	4104
312	4105
4103	4102
4104	313
4105	4106
313	4110
313	4111
313	4112
4110	4109
4111	314
4112	4113
314	4117
314	4118
314	4119
4117	4116
4118	315
4119	4120
315	4124
315	4125
315	4126
4124	4123
4125	316
4126	4127
316	2738
316	4131
2738	2737
4131	4130
317	1135
317	2885
1135	1134
2885	2884
318	1142
318	4132
318	4133
1142	1141
4132	319
4133	4134
319	4138
319	4139
319	4140
4138	4137
4139	320
4140	4141
320	4145
320	4146
320	4147
4145	4144
4146	321
4147	4148
321	4152
321	4153
321	4154
4152	4151
4153	322
4154	4155
322	4159
322	4160
322	4161
4159	4158
4160	323
4161	4162
323	2892
323	4166
2892	2891
4166	4165
324	1191
324	1205
1191	1190
1205	1204
325	1198
325	4167
325	4168
1198	1197
4167	326
4168	4169
326	4173
326	4174
326	4175
4173	4172
4174	327
4175	4176
327	4180
327	4181
327	4182
4180	4179
4181	328
4182	4183
328	4187
328	4188
328	4189
4187	4186
4188	329
4189	4190
329	4194
329	4195
329	4196
4194	4193
4195	330
4196	4197
330	1212
330	4201
1212	1211
4201	4200
331	1219
331	1233
1219	1218
1233	1232
332	1226
332	4202
332	4203
1226	1225
4202	333
4203	4204
333	4208
333	4209
333	4210
4208	4207
4209	334
4210	4211
334	4215
334	4216
334	4217
4215	4214
4216	335
4217	4218
335	4222
335	4223
335	4224
4222	4221
4223	336
4224	4225
336	4229
336	4230
336	4231
4229	4228
4230	337
4231	4232
337	1240
337	4236
1240	1239
4236	4235
338	1247
338	1261
1247	1246
1261	1260
339	1254
339	4237
339	4238
1254	1253
4237	340
4238	4239
340	4243
340	4244
340	4245
4243	4242
4244	341
4245	4246
341	4250
341	4251
341	4252
4250	4249
4251	342
4252	4253
342	4257
342	4258
342	4259
4257	4256
4258	343
4259	4260
343	4264
343	4265
343	4266
4264	4263
4265	344
4266	4267
344	1268
344	4271
1268	1267
4271	4270
345	1275
345	1289
1275	1274
1289	1288
346	1282
346	4272
346	4273
1282	1281
4272	347
4273	4274
347	4278
347	4279
347	4280
4278	4277
4279	348
4280	4281
348	4285
348	4286
348	4287
4285	4284
4286	349
4287	4288
349	4292
349	4293
349	4294
4292	4291
4293	350
4294	4295
350	4299
350	4300
350	4301
4299	4298
4300	351
4301	4302
351	1296
351	4306
1296	1295
4306	4305
352	1303
352	1331
1303	1302
1331	1330
353	1310
353	4307
353	4308
1310	1309
4307	354
4308	4309
354	4313
354	4314
354	4315
4313	4312
4314	355
4315	4316
355	4320
355	4321
355	4322
4320	4319
4321	356
4322	4323
356	4327
356	4328
356	4329
4327	4326
4328	357
4329	4330
357	4334
357	4335
357	4336
4334	4333
4335	358
4336	4337
358	1338
358	4341
1338	1337
4341	4340
359	1387
359	1401
1387	1386
1401	1400
360	1394
360	4342
360	4343
1394	1393
4342	361
4343	4344
361	4348
361	4349
361	4350
4348	4347
4349	362
4350	4351
362	4355
362	4356
362	4357
4355	4354
4356	363
4357	4358
363	4362
363	4363
363	4364
4362	4361
4363	364
4364	4365
364	4369
364	4370
364	4371
4369	4368
4370	365
4371	4372
365	1408
365	4376
1408	1407
4376	4375
366	1415
366	1429
1415	1414
1429	1428
367	1422
367	4377
367	4378
1422	1421
4377	368
4378	4379
368	4383
368	4384
368	4385
4383	4382
4384	369
4385	4386
369	4390
369	4391
369	4392
4390	4389
4391	370
4392	4393
370	4397
370	4398
370	4399
4397	4396
4398	371
4399	4400
371	4404
371	4405
371	4406
4404	4403
4405	372
4406	4407
372	1436
372	4411
1436	1435
4411	4410
373	1443
373	1457
1443	1442
1457	1456
374	1450
374	4412
374	4413
1450	1449
4412	375
4413	4414
375	4418
375	4419
375	4420
4418	4417
4419	376
4420	4421
376	4425
376	4426
376	4427
4425	4424
4426	377
4427	4428
377	4432
377	4433
377	4434
4432	4431
4433	378
4434	4435
378	4439
378	4440
378	4441
4439	4438
4440	379
4441	4442
379	1464
379	4446
1464	1463
4446	4445
380	1471
380	1485
1471	1470
1485	1484
381	1478
381	4447
381	4448
1478	1477
4447	382
4448	4449
382	4453
382	4454
382	4455
4453	4452
4454	383
4455	4456
383	4460
383	4461
383	4462
4460	4459
4461	384
4462	4463
384	4467
384	4468
384	4469
4467	4466
4468	385
4469	4470
385	4474
385	4475
385	4476
4474	4473
4475	386
4476	4477
386	1492
386	4481
1492	1491
4481	4480
387	1499
387	1527
1499	1498
1527	1526
388	1506
388	4482
388	4483
1506	1505
4482	389
4483	4484
389	4488
389	4489
389	4490
4488	4487
4489	390
4490	4491
390	4495
390	4496
390	4497
4495	4494
4496	391
4497	4498
391	4502
391	4503
391	4504
4502	4501
4503	392
4504	4505
392	4509
392	4510
392	4511
4509	4508
4510	393
4511	4512
393	1534
393	4516
1534	1533
4516	4515
394	1583
394	1597
1583	1582
1597	1596
395	1590
395	4517
395	4518
1590	1589
4517	396
4518	4519
396	4523
396	4524
396	4525
4523	4522
4524	397
4525	4526
397	4530
397	4531
397	4532
4530	4529
4531	398
4532	4533
398	4537
398	4538
398	4539
4537	4536
4538	399
4539	4540
399	4544
399	4545
399	4546
4544	4543
4545	400
4546	4547
400	1604
400	4551
1604	1603
4551	4550
401	1611
401	1625
1611	1610
1625	1624
402	1618
402	4552
402	4553
1618	1617
4552	403
4553	4554
403	4558
403	4559
403	4560
4558	4557
4559	404
4560	4561
404	4565
404	4566
404	4567
4565	4564
4566	405
4567	4568
405	4572
405	4573
405	4574
4572	4571
4573	406
4574	4575
406	4579
406	4580
406	4581
4579	4578
4580	407
4581	4582
407	1632
407	4586
1632	1631
4586	4585
408	1639
408	1653
1639	1638
1653	1652
409	1646
409	4587
409	4588
1646	1645
4587	410
4588	4589
410	4593
410	4594
410	4595
4593	4592
4594	411
4595	4596
411	4600
411	4601
411	4602
4600	4599
4601	412
4602	4603
412	4607
412	4608
412	4609
4607	4606
4608	413
4609	4610
413	4614
413	4615
413	4616
4614	4613
4615	414
4616	4617
414	1660
414	4621
1660	1659
4621	4620
415	1667
415	1681
1667	1666
1681	1680
416	1674
416	4622
416	4623
1674	1673
4622	417
4623	4624
417	4628
417	4629
417	4630
4628	4627
4629	418
4630	4631
418	4635
418	4636
418	4637
4635	4634
4636	419
4637	4638
419	4642
419	4643
419	4644
4642	4641
4643	420
4644	4645
420	4649
420	4650
420	4651
4649	4648
4650	421
4651	4652
421	1688
421	4656
1688	1687
4656	4655
422	1695
422	1723
1695	1694
1723	1722
423	1702
423	4657
423	4658
1702	1701
4657	424
4658	4659
424	4663
424	4664
424	4665
4663	4662
4664	425
4665	4666
425	4670
425	4671
425	4672
4670	4669
4671	426
4672	4673
426	4677
426	4678
426	4679
4677	4676
4678	427
4679	4680
427	4684
427	4685
427	4686
4684	4683
4685	428
4686	4687
428	1730
428	4691
1730	1729
4691	4690
429	1779
429	1793
1779	1778
1793	1792
430	1786
430	4692
430	4693
1786	1785
4692	431
4693	4694
431	4698
431	4699
431	4700
4698	4697
4699	432
4700	4701
432	4705
432	4706
432	4707
4705	4704
4706	433
4707	4708
433	4712
433	4713
433	4714
4712	4711
4713	434
4714	4715
434	4719
434	4720
434	4721
4719	4718
4720	435
4721	4722
435	1800
435	4726
1800	1799
4726	4725
436	1807
436	1821
1807	1806
1821	1820
437	1814
437	4727
437	4728
1814	1813
4727	438
4728	4729
438	4733
438	4734
438	4735
4733	4732
4734	439
4735	4736
439	4740
439	4741
439	4742
4740	4739
4741	440
4742	4743
440	4747
440	4748
440	4749
4747	4746
4748	441
4749	4750
441	4754
441	4755
441	4756
4754	4753
4755	442
4756	4757
442	1828
442	4761
1828	1827
4761	4760
443	1835
443	1849
1835	1834
1849	1848
444	1842
444	4762
444	4763
1842	1841
4762	445
4763	4764
445	4768
445	4769
445	4770
4768	4767
4769	446
4770	4771
446	4775
446	4776
446	4777
4775	4774
4776	447
4777	4778
447	4782
447	4783
447	4784
4782	4781
4783	448
4784	4785
448	4789
448	4790
448	4791
4789	4788
4790	449
4791	4792
449	1856
449	4796
1856	1855
4796	4795
450	1863
450	1877
1863	1862
1877	1876
451	1870
451	4797
451	4798
1870	1869
4797	452
4798	4799
452	4803
452	4804
452	4805
4803	4802
4804	453
4805	4806
453	4810
453	4811
453	4812
4810	4809
4811	454
4812	4813
454	4817
454	4818
454	4819
4817	4816
4818	455
4819	4820
455	4824
455	4825
455	4826
4824	4823
4825	456
4826	4827
456	1884
456	4831
1884	1883
4831	4830
457	1891
457	1919
1891	1890
1919	1918
458	1898
458	4832
458	4833
1898	1897
4832	459
4833	4834
459	4838
459	4839
459	4840
4838	4837
4839	460
4840	4841
460	4845
460	4846
460	4847
4845	4844
4846	461
4847	4848
461	4852
461	4853
461	4854
4852	4851
4853	462
4854	4855
462	4859
462	4860
462	4861
4859	4858
4860	463
4861	4862
463	1926
463	4866
1926	1925
4866	4865
464	1975
464	1989
1975	1974
1989	1988
465	1982
465	4867
465	4868
1982	1981
4867	466
4868	4869
466	4873
466	4874
466	4875
4873	4872
4874	467
4875	4876
467	4880
467	4881
467	4882
4880	4879
4881	468
4882	4883
468	4887
468	4888
468	4889
4887	4886
4888	469
4889	4890
469	4894
469	4895
469	4896
4894	4893
4895	470
4896	4897
470	1996
470	4901
1996	1995
4901	4900
471	2003
471	2017
2003	2002
2017	2016
472	2010
472	4902
472	4903
2010	2009
4902	473
4903	4904
473	4908
473	4909
473	4910
4908	4907
4909	474
4910	4911
474	4915
474	4916
474	4917
4915	4914
4916	475
4917	4918
475	4922
475	4923
475	4924
4922	4921
4923	476
4924	4925
476	4929
476	4930
476	4931
4929	4928
4930	477
4931	4932
477	2024
477	4936
2024	2023
4936	4935
478	2031
478	2045
2031	2030
2045	2044
479	2038
479	4937
479	4938
2038	2037
4937	480
4938	4939
480	4943
480	4944
480	4945
4943	4942
4944	481
4945	4946
481	4950
481	4951
481	4952
4950	4949
4951	482
4952	4953
482	4957
482	4958
482	4959
4957	4956
4958	483
4959	4960
483	4964
483	4965
483	4966
4964	4963
4965	484
4966	4967
484	2052
484	4971
2052	2051
4971	4970
485	2059
485	2073
2059	2058
2073	2072
486	2066
486	4972
486	4973
2066	2065
4972	487
4973	4974
487	4978
487	4979
487	4980
4978	4977
4979	488
4980	4981
488	4985
488	4986
488	4987
4985	4984
4986	489
4987	4988
489	4992
489	4993
489	4994
4992	4991
4993	490
4994	4995
490	4999
490	5000
490	5001
4999	4998
5000	491
5001	5002
491	2080
491	5006
2080	2079
5006	5005
492	2087
492	2115
2087	2086
2115	2114
493	2094
493	5007
493	5008
2094	2093
5007	494
5008	5009
494	5013
494	5014
494	5015
5013	5012
5014	495
5015	5016
495	5020
495	5021
495	5022
5020	5019
5021	496
5022	5023
496	5027
496	5028
496	5029
5027	5026
5028	497
5029	5030
497	5034
497	5035
497	5036
5034	5033
5035	498
5036	5037
498	2122
498	5041
2122	2121
5041	5040
499	2171
499	2185
2171	2170
2185	2184
500	2178
500	5042
500	5043
2178	2177
5042	501
5043	5044
501	5048
501	5049
501	5050
5048	5047
5049	502
5050	5051
502	5055
502	5056
502	5057
5055	5054
5056	503
5057	5058
503	5062
503	5063
503	5064
5062	5061
5063	504
5064	5065
504	5069
504	5070
504	5071
5069	5068
5070	505
5071	5072
505	2192
505	5076
2192	2191
5076	5075
506	2199
506	2213
2199	2198
2213	2212
507	2206
507	5077
507	5078
2206	2205
5077	508
5078	5079
508	5083
508	5084
508	5085
5083	5082
5084	509
5085	5086
509	5090
509	5091
509	5092
5090	5089
5091	510
5092	5093
510	5097
510	5098
510	5099
5097	5096
5098	511
5099	5100
511	5104
511	5105
511	5106
5104	5103
5105	512
5106	5107
512	2220
512	5111
2220	2219
5111	5110
513	2227
513	2241
2227	2226
2241	2240
514	2234
514	5112
514	5113
2234	2233
5112	515
5113	5114
515	5118
515	5119
515	5120
5118	5117
5119	516
5120	5121
516	5125
516	5126
516	5127
5125	5124
5126	517
5127	5128
517	5132
517	5133
517	5134
5132	5131
5133	518
5134	5135
518	5139
518	5140
518	5141
5139	5138
5140	519
5141	5142
519	2248
519	5146
2248	2247
5146	5145
520	2255
520	2269
2255	2254
2269	2268
521	2262
521	5147
521	5148
2262	2261
5147	522
5148	5149
522	5153
522	5154
522	5155
5153	5152
5154	523
5155	5156
523	5160
523	5161
523	5162
5160	5159
5161	524
5162	5163
524	5167
524	5168
524	5169
5167	5166
5168	525
5169	5170
525	5174
525	5175
525	5176
5174	5173
5175	526
5176	5177
526	2276
526	5181
2276	2275
5181	5180
527	2283
527	2311
2283	2282
2311	2310
528	2290
528	5182
528	5183
2290	2289
5182	529
5183	5184
529	5188
529	5189
529	5190
5188	5187
5189	530
5190	5191
530	5195
530	5196
530	5197
5195	5194
5196	531
5197	5198
531	5202
531	5203
531	5204
5202	5201
5203	532
5204	5205
532	5209
532	5210
532	5211
5209	5208
5210	533
5211	5212
533	2318
533	5216
2318	2317
5216	5215
534	2367
534	2381
2367	2366
2381	2380
535	2374
535	5217
535	5218
2374	2373
5217	536
5218	5219
536	5223
536	5224
536	5225
5223	5222
5224	537
5225	5226
537	5230
537	5231
537	5232
5230	5229
5231	538
5232	5233
538	5237
538	5238
538	5239
5237	5236
5238	539
5239	5240
539	5244
539	5245
539	5246
5244	5243
5245	540
5246	5247
540	2388
540	5251
2388	2387
5251	5250
541	2395
541	2409
2395	2394
2409	2408
542	2402
542	5252
542	5253
2402	2401
5252	543
5253	5254
543	5258
543	5259
543	5260
5258	5257
5259	544
5260	5261
544	5265
544	5266
544	5267
5265	5264
5266	545
5267	5268
545	5272
545	5273
545	5274
5272	5271
5273	546
5274	5275
546	5279
546	5280
546	5281
5279	5278
5280	547
5281	5282
547	2416
547	5286
2416	2415
5286	5285
548	2423
548	2437
2423	2422
2437	2436
549	2430
549	5287
549	5288
2430	2429
5287	550
5288	5289
550	5293
550	5294
550	5295
5293	5292
5294	551
5295	5296
551	5300
551	5301
551	5302
5300	5299
5301	552
5302	5303
552	5307
552	5308
552	5309
5307	5306
5308	553
5309	5310
553	5314
553	5315
553	5316
5314	5313
5315	554
5316	5317
554	2444
554	5321
2444	2443
5321	5320
555	2451
555	2465
2451	2450
2465	2464
556	2458
556	5322
556	5323
2458	2457
5322	557
5323	5324
557	5328
557	5329
557	5330
5328	5327
5329	558
5330	5331
558	5335
558	5336
558	5337
5335	5334
5336	559
5337	5338
559	5342
559	5343
559	5344
5342	5341
5343	560
5344	5345
560	5349
560	5350
560	5351
5349	5348
5350	561
5351	5352
561	2472
561	5356
2472	2471
5356	5355
562	2479
562	2507
2479	2478
2507	2506
563	2486
563	5357
563	5358
2486	2485
5357	564
5358	5359
564	5363
564	5364
564	5365
5363	5362
5364	565
5365	5366
565	5370
565	5371
565	5372
5370	5369
5371	566
5372	5373
566	5377
566	5378
566	5379
5377	5376
5378	567
5379	5380
567	5384
567	5385
567	5386
5384	5383
5385	568
5386	5387
568	2514
568	5391
2514	2513
5391	5390
569	2563
569	2577
2563	2562
2577	2576
570	2570
570	5392
570	5393
2570	2569
5392	571
5393	5394
571	5398
571	5399
571	5400
5398	5397
5399	572
5400	5401
572	5405
572	5406
572	5407
5405	5404
5406	573
5407	5408
573	5412
573	5413
573	5414
5412	5411
5413	574
5414	5415
574	5419
574	5420
574	5421
5419	5418
5420	575
5421	5422
575	2584
575	5426
2584	2583
5426	5425
576	2591
576	2605
2591	2590
2605	2604
577	2598
577	5427
577	5428
2598	2597
5427	578
5428	5429
578	5433
578	5434
578	5435
5433	5432
5434	579
5435	5436
579	5440
579	5441
579	5442
5440	5439
5441	580
5442	5443
580	5447
580	5448
580	5449
5447	5446
5448	581
5449	5450
581	5454
581	5455
581	5456
5454	5453
5455	582
5456	5457
582	2612
582	5461
2612	2611
5461	5460
583	2619
583	2633
2619	2618
2633	2632
584	2626
584	5462
584	5463
2626	2625
5462	585
5463	5464
585	5468
585	5469
585	5470
5468	5467
5469	586
5470	5471
586	5475
586	5476
586	5477
5475	5474
5476	587
5477	5478
587	5482
587	5483
587	5484
5482	5481
5483	588
5484	5485
588	5489
588	5490
588	5491
5489	5488
5490	589
5491	5492
589	2640
589	5496
2640	2639
5496	5495
590	2647
590	2661
2647	2646
2661	2660
591	2654
591	5497
591	5498
2654	2653
5497	592
5498	5499
592	5503
592	5504
592	5505
5503	5502
5504	593
5505	5506
593	5510
593	5511
593	5512
5510	5509
5511	594
5512	5513
594	5517
594	5518
594	5519
5517	5516
5518	595
5519	5520
595	5524
595	5525
595	5526
5524	5523
5525	596
5526	5527
596	2668
596	5531
2668	2667
5531	5530
597	2675
597	2703
2675	2674
2703	2702
598	2682
598	5532
598	5533
2682	2681
5532	599
5533	5534
599	5538
599	5539
599	5540
5538	5537
5539	600
5540	5541
600	5545
600	5546
600	5547
5545	5544
5546	601
5547	5548
601	5552
601	5553
601	5554
5552	5551
5553	602
5554	5555
602	5559
602	5560
602	5561
5559	5558
5560	603
5561	5562
603	2710
603	5566
2710	2709
5566	5565
604	2759
604	2773
2759	2758
2773	2772
605	2766
605	5567
605	5568
2766	2765
5567	606
5568	5569
606	5573
606	5574
606	5575
5573	5572
5574	607
5575	5576
607	5580
607	5581
607	5582
5580	5579
5581	608
5582	5583
608	5587
608	5588
608	5589
5587	5586
5588	609
5589	5590
609	5594
609	5595
609	5596
5594	5593
5595	610
5596	5597
610	2780
610	5601
2780	2779
5601	5600
611	2787
611	2801
2787	2786
2801	2800
612	2794
612	5602
612	5603
2794	2793
5602	613
5603	5604
613	5608
613	5609
613	5610
5608	5607
5609	614
5610	5611
614	5615
614	5616
614	5617
5615	5614
5616	615
5617	5618
615	5622
615	5623
615	5624
5622	5621
5623	616
5624	5625
616	5629
616	5630
616	5631
5629	5628
5630	617
5631	5632
617	2808
617	5636
2808	2807
5636	5635
618	2815
618	2829
2815	2814
2829	2828
619	2822
619	5637
619	5638
2822	2821
5637	620
5638	5639
620	5643
620	5644
620	5645
5643	5642
5644	621
5645	5646
621	5650
621	5651
621	5652
5650	5649
5651	622
5652	5653
622	5657
622	5658
622	5659
5657	5656
5658	623
5659	5660
623	5664
623	5665
623	5666
5664	5663
5665	624
5666	5667
624	2836
624	5671
2836	2835
5671	5670
625	2843
625	2857
2843	2842
2857	2856
626	2850
626	5672
626	5673
2850	2849
5672	627
5673	5674
627	5678
627	5679
627	5680
5678	5677
5679	628
5680	5681
628	5685
628	5686
628	5687
5685	5684
5686	629
5687	5688
629	5692
629	5693
629	5694
5692	5691
5693	630
5694	5695
630	5699
630	5700
630	5701
5699	5698
5700	631
5701	5702
631	2864
631	5706
2864	2863
5706	5705
632	2871
632	2899
2871	2870
2899	2898
633	2878
633	5707
633	5708
2878	2877
5707	634
5708	5709
634	5713
634	5714
634	5715
5713	5712
5714	635
5715	5716
635	5720
635	5721
635	5722
5720	5719
5721	636
5722	5723
636	5727
636	5728
636	5729
5727	5726
5728	637
5729	5730
637	5734
637	5735
637	5736
5734	5733
5735	638
5736	5737
638	2906
638	5741
2906	2905
5741	5740
641	642
642	643
643	644
648	649
649	650
650	651
655	656
656	657
657	658
662	663
663	664
664	665
669	670
670	671
671	672
676	677
677	678
678	679
683	684
684	685
685	686
690	691
691	692
692	693
697	698
698	699
699	700
704	705
705	706
706	707
711	712
712	713
713	714
718	719
719	720
720	721
725	726
726	727
727	728
732	733
733	734
734	735
739	740
740	741
741	742
746	747
747	748
748	749
753	754
754	755
755	756
760	761
761	762
762	763
767	768
768	769
769	770
774	775
775	776
776	777
781	782
782	783
783	784
788	789
789	790
790	791
795	796
796	797
797	798
802	803
803	804
804	805
809	810
810	811
811	812
816	817
817	818
818	819
823	824
824	825
825	826
830	831
831	832
832	833
837	838
838	839
839	840
844	845
845	846
846	847
851	852
852	853
853	854
858	859
859	860
860	861
865	866
866	867
867	868
872	873
873	874
874	875
879	880
880	881
881	882
886	887
887	888
888	889
893	894
894	895
895	896
900	901
901	902
902	903
907	908
908	909
909	910
914	915
915	916
916	917
921	922
922	923
923	924
928	929
929	930
930	931
935	936
936	937
937	938
942	943
943	944
944	945
949	950
950	951
951	952
956	957
957	958
958	959
963	964
964	965
965	966
970	971
971	972
972	973
977	978
978	979
979	980
984	985
985	986
986	987
991	992
992	993
993	994
998	999
999	1000
1000	1001
1005	1006
1006	1007
1007	1008
1012	1013
1013	1014
1014	1015
1019	1020
1020	1021
1021	1022
1026	1027
1027	1028
1028	1029
1033	1034
1034	1035
1035	1036
1040	1041
1041	1042
1042	1043
1047	1048
1048	1049
1049	1050
1054	1055
1055	1056
1056	1057
1061	1062
1062	1063
1063	1064
1068	1069
1069	1070
1070	1071
1075	1076
1076	1077
1077	1078
1082	1083
1083	1084
1084	1085
1089	1090
1090	1091
1091	1092
1096	1097
1097	1098
1098	1099
1103	1104
1104	1105
1105	1106
1110	1111
1111	1112
1112	1113
1117	1118
1118	1119
1119	1120
1124	1125
1125	1126
1126	1127
1131	1132
1132	1133
1133	1134
1138	1139
1139	1140
1140	1141
1145	1146
1146	1147
1147	1148
1152	1153
1153	1154
1154	1155
1159	1160
1160	1161
1161	1162
1166	1167
1167	1168
1168	1169
1173	1174
1174	1175
1175	1176
1180	1181
1181	1182
1182	1183
1187	1188
1188	1189
1189	1190
1194	1195
1195	1196
1196	1197
1201	1202
1202	1203
1203	1204
1208	1209
1209	1210
1210	1211
1215	1216
1216	1217
1217	1218
1222	1223
1223	1224
1224	1225
1229	1230
1230	1231
1231	1232
1236	1237
1237	1238
1238	1239
1243	1244
1244	1245
1245	1246
1250	1251
1251	1252
1252	1253
1257	1258
1258	1259
1259	1260
1264	1265
1265	1266
1266	1267
1271	1272
1272	1273
1273	1274
1278	1279
1279	1280
1280	1281
1285	1286
1286	1287
1287	1288
1292	1293
1293	1294
1294	1295
1299	1300
1300	1301
1301	1302
1306	1307
1307	1308
1308	1309
1313	1314
1314	1315
1315	1316
1320	1321
1321	1322
1322	1323
1327	1328
1328	1329
1329	1330
1334	1335
1335	1336
1336	1337
1341	1342
1342	1343
1343	1344
1348	1349
1349	1350
1350	1351
1355	1356
1356	1357
1357	1358
1362	1363
1363	1364
1364	1365
1369	1370
1370	1371
1371	1372
1376	1377
1377	1378
1378	1379
1383	1384
1384	1385
1385	1386
1390	1391
1391	1392
1392	1393
1397	1398
1398	1399
1399	1400
1404	1405
1405	1406
1406	1407
1411	1412
1412	1413
1413	1414
1418	1419
1419	1420
1420	1421
1425	1426
1426	1427
1427	1428
1432	1433
1433	1434
1434	1435
1439	1440
1440	1441
1441	1442
1446	1447
1447	1448
1448	1449
1453	1454
1454	1455
1455	1456
1460	1461
1461	1462
1462	1463
1467	1468
1468	1469
1469	1470
1474	1475
1475	1476
1476	1477
1481	1482
1482	1483
1483	1484
1488	1489
1489	1490
1490	1491
1495	1496
1496	1497
1497	1498
1502	1503
1503	1504
1504	1505
1509	1510
1510	1511
1511	1512
1516	1517
1517	1518
1518	1519
1523	1524
1524	1525
1525	1526
1530	1531
1531	1532
1532	1533
1537	1538
1538	1539
1539	1540
1544	1545
1545	1546
1546	1547
1551	1552
1552	1553
1553	1554
1558	1559
1559	1560
1560	1561
1565	1566
1566	1567
1567	1568
1572	1573
1573	1574
1574	1575
1579	1580
1580	1581
1581	1582
1586	1587
1587	1588
1588	1589
1593	1594
1594	1595
1595	1596
1600	1601
1601	1602
1602	1603
1607	1608
1608	1609
1609	1610
1614	1615
1615	1616
1616	1617
1621	1622
1622	1623
1623	1624
1628	1629
1629	1630
1630	1631
1635	1636
1636	1637
1637	1638
1642	1643
1643	1644
1644	1645
1649	1650
1650	1651
1651	1652
1656	1657
1657	1658
1658	1659
1663	1664
1664	1665
1665	1666
1670	1671
1671	1672
1672	1673
1677	1678
1678	1679
1679	1680
1684	1685
1685	1686
1686	1687
1691	1692
1692	1693
1693	1694
1698	1699
1699	1700
1700	1701
1705	1706
1706	1707
1707	1708
1712	1713
1713	1714
1714	1715
1719	1720
1720	1721
1721	1722
1726	1727
1727	1728
1728	1729
1733	1734
1734	1735
1735	1736
1740	1741
1741	1742
1742	1743
1747	1748
1748	1749
1749	1750
1754	1755
1755	1756
1756	1757
1761	1762
1762	1763
1763	1764
1768	1769
1769	1770
1770	1771
1775	1776
1776	1777
1777	1778
1782	1783
1783	1784
1784	1785
1789	1790
1790	1791
1791	1792
1796	1797
1797	1798
1798	1799
1803	1804
1804	1805
1805	1806
1810	1811
1811	1812
1812	1813
1817	1818
1818	1819
1819	1820
1824	1825
1825	1826
1826	1827
1831	1832
1832	1833
1833	1834
1838	1839
1839	1840
1840	1841
1845	1846
1846	1847
1847	1848
1852	1853
1853	1854
1854	1855
1859	1860
1860	1861
1861	1862
1866	1867
1867	1868
1868	1869
1873	1874
1874	1875
1875	1876
1880	1881
1881	1882
1882	1883
1887	1888
1888	1889
1889	1890
1894	1895
1895	1896
1896	1897
1901	1902
1902	1903
1903	1904
1908	1909
1909	1910
1910	1911
1915	1916
1916	1917
1917	1918
1922	1923
1923	1924
1924	1925
1929	1930
1930	1931
1931	1932
1936	1937
1937	1938
1938	1939
1943	1944
1944	1945
1945	1946
1950	1951
1951	1952
1952	1953
1957	1958
1958	1959
1959	1960
1964	1965
1965	1966
1966	1967
1971	1972
1972	1973
1973	1974
1978	1979
1979	1980
1980	1981
1985	1986
1986	1987
1987	1988
1992	1993
1993	1994
1994	1995
1999	2000
2000	2001
2001	2002
2006	2007
2007	2008
2008	2009
2013	2014
2014	2015
2015	2016
2020	2021
2021	2022
2022	2023
2027	2028
2028	2029
2029	2030
2034	2035
2035	2036
2036	2037
2041	2042
2042	2043
2043	2044
2048	2049
2049	2050
2050	2051
2055	2056
2056	2057
2057	2058
2062	2063
2063	2064
2064	2065
2069	2070
2070	2071
2071	2072
2076	2077
2077	2078
2078	2079
2083	2084
2084	2085
2085	2086
2090	2091
2091	2092
2092	2093
2097	2098
2098	2099
2099	2100
2104	2105
2105	2106
2106	2107
2111	2112
2112	2113
2113	2114
2118	2119
2119	2120
2120	2121
2125	2126
2126	2127
2127	2128
2132	2133
2133	2134
2134	2135
2139	2140
2140	2141
2141	2142
2146	2147
2147	2148
2148	2149
2153	2154
2154	2155
2155	2156
2160	2161
2161	2162
2162	2163
2167	2168
2168	2169
2169	2170
2174	2175
2175	2176
2176	2177
2181	2182
2182	2183
2183	2184
2188	2189
2189	2190
2190	2191
2195	2196
2196	2197
2197	2198
2202	2203
2203	2204
2204	2205
2209	2210
2210	2211
2211	2212
2216	2217
2217	2218
2218	2219
2223	2224
2224	2225
2225	2226
2230	2231
2231	2232
2232	2233
2237	2238
2238	2239
2239	2240
2244	2245
2245	2246
2246	2247
2251	2252
2252	2253
2253	2254
2258	2259
2259	2260
2260	2261
2265	2266
2266	2267
2267	2268
2272	2273
2273	2274
2274	2275
2279	2280
2280	2281
2281	2282
2286	2287
2287	2288
2288	2289
2293	2294
2294	2295
2295	2296
2300	2301
2301	2302
2302	2303
2307	2308
2308	2309
2309	2310
2314	2315
2315	2316
2316	2317
2321	2322
2322	2323
2323	2324
2328	2329
2329	2330
2330	2331
2335	2336
2336	2337
2337	2338
2342	2343
2343	2344
2344	2345
2349	2350
2350	2351
2351	2352
2356	2357
2357	2358
2358	2359
2363	2364
2364	2365
2365	2366
2370	2371
2371	2372
2372	2373
2377	2378
2378	2379
2379	2380
2384	2385
2385	2386
2386	2387
2391	2392
2392	2393
2393	2394
2398	2399
2399	2400
2400	2401
2405	2406
2406	2407
2407	2408
2412	2413
2413	2414
2414	2415
2419	2420
2420	2421
2421	2422
2426	2427
2427	2428
2428	2429
2433	2434
2434	2435
2435	2436
2440	2441
2441	2442
2442	2443
2447	2448
2448	2449
2449	2450
2454	2455
2455	2456
2456	2457
2461	2462
2462	2463
2463	2464
2468	2469
2469	2470
2470	2471
2475	2476
2476	2477
2477	2478
2482	2483
2483	2484
2484	2485
2489	2490
2490	2491
2491	2492
2496	2497
2497	2498
2498	2499
2503	2504
2504	2505
2505	2506
2510	2511
2511	2512
2512	2513
2517	2518
2518	2519
2519	2520
2524	2525
2525	2526
2526	2527
2531	2532
2532	2533
2533	2534
2538	2539
2539	2540
2540	2541
2545	2546
2546	2547
2547	2548
2552	2553
2553	2554
2554	2555
2559	2560
2560	2561
2561	2562
2566	2567
2567	2568
2568	2569
2573	2574
2574	2575
2575	2576
2580	2581
2581	2582
2582	2583
2587	2588
2588	2589
2589	2590
2594	2595
2595	2596
2596	2597
2601	2602
2602	2603
2603	2604
2608	2609
2609	2610
2610	2611
2615	2616
2616	2617
2617	2618
2622	2623
2623	2624
2624	2625
2629	2630
2630	2631
2631	2632
2636	2637
2637	2638
2638	2639
2643	2644
2644	2645
2645	2646
2650	2651
2651	2652
2652	2653
2657	2658
2658	2659
2659	2660
2664	2665
2665	2666
2666	2667
2671	2672
2672	2673
2673	2674
2678	2679
2679	2680
2680	2681
2685	2686
2686	2687
2687	2688
2692	2693
2693	2694
2694	2695
2699	2700
2700	2701
2701	2702
2706	2707
2707	2708
2708	2709
2713	2714
2714	2715
2715	2716
2720	2721
2721	2722
2722	2723
2727	2728
2728	2729
2729	2730
2734	2735
2735	2736
2736	2737
2741	2742
2742	2743
2743	2744
2748	2749
2749	2750
2750	2751
2755	2756
2756	2757
2757	2758
2762	2763
2763	2764
2764	2765
2769	2770
2770	2771
2771	2772
2776	2777
2777	2778
2778	2779
2783	2784
2784	2785
2785	2786
2790	2791
2791	2792
2792	2793
2797	2798
2798	2799
2799	2800
2804	2805
2805	2806
2806	2807
2811	2812
2812	2813
2813	2814
2818	2819
2819	2820
2820	2821
2825	2826
2826	2827
2827	2828
2832	2833
2833	2834
2834	2835
2839	2840
2840	2841
2841	2842
2846	2847
2847	2848
2848	2849
2853	2854
2854	2855
2855	2856
2860	2861
2861	2862
2862	2863
2867	2868
2868	2869
2869	2870
2874	2875
2875	2876
2876	2877
2881	2882
2882	2883
2883	2884
2888	2889
2889	2890
2890	2891
2895	2896
2896	2897
2897	2898
2902	2903
2903	2904
2904	2905
2909	2910
2910	2911
2911	2912
2916	2917
2917	2918
2918	2919
2923	2924
2924	2925
2925	2926
2930	2931
2931	2932
2932	2933
2937	2938
2938	2939
2939	2940
2944	2945
2945	2946
2946	2947
2951	2952
2952	2953
2953	2954
2958	2959
2959	2960
2960	2961
2965	2966
2966	2967
2967	2968
2972	2973
2973	2974
2974	2975
2979	2980
2980	2981
2981	2982
2986	2987
2987	2988
2988	2989
2993	2994
2994	2995
2995	2996
3000	3001
3001	3002
3002	3003
3007	3008
3008	3009
3009	3010
3014	3015
3015	3016
3016	3017
3021	3022
3022	3023
3023	3024
3028	3029
3029	3030
3030	3031
3035	3036
3036	3037
3037	3038
3042	3043
3043	3044
3044	3045
3049	3050
3050	3051
3051	3052
3056	3057
3057	3058
3058	3059
3063	3064
3064	3065
3065	3066
3070	3071
3071	3072
3072	3073
3077	3078
3078	3079
3079	3080
3084	3085
3085	3086
3086	3087
3091	3092
3092	3093
3093	3094
3098	3099
3099	3100
3100	3101
3105	3106
3106	3107
3107	3108
3112	3113
3113	3114
3114	3115
3119	3120
3120	3121
3121	3122
3126	3127
3127	3128
3128	3129
3133	3134
3134	3135
3135	3136
3140	3141
3141	3142
3142	3143
3147	3148
3148	3149
3149	3150
3154	3155
3155	3156
3156	3157
3161	3162
3162	3163
3163	3164
3168	3169
3169	3170
3170	3171
3175	3176
3176	3177
3177	3178
3182	3183
3183	3184
3184	3185
3189	3190
3190	3191
3191	3192
3196	3197
3197	3198
3198	3199
3203	3204
3204	3205
3205	3206
3210	3211
3211	3212
3212	3213
3217	3218
3218	3219
3219	3220
3224	3225
3225	3226
3226	3227
3231	3232
3232	3233
3233	3234
3238	3239
3239	3240
3240	3241
3245	3246
3246	3247
3247	3248
3252	3253
3253	3254
3254	3255
3259	3260
3260	3261
3261	3262
3266	3267
3267	3268
3268	3269
3273	3274
3274	3275
3275	3276
3280	3281
3281	3282
3282	3283
3287	3288
3288	3289
3289	3290
3294	3295
3295	3296
3296	3297
3301	3302
3302	3303
3303	3304
3308	3309
3309	3310
3310	3311
3315	3316
3316	3317
3317	3318
3322	3323
3323	3324
3324	3325
3329	3330
3330	3331
3331	3332
3336	3337
3337	3338
3338	3339
3343	3344
3344	3345
3345	3346
3350	3351
3351	3352
3352	3353
3357	3358
3358	3359
3359	3360
3364	3365
3365	3366
3366	3367
3371	3372
3372	3373
3373	3374
3378	3379
3379	3380
3380	3381
3385	3386
3386	3387
3387	3388
3392	3393
3393	3394
3394	3395
3399	3400
3400	3401
3401	3402
3406	3407
3407	3408
3408	3409
3413	3414
3414	3415
3415	3416
3420	3421
3421	3422
3422	3423
3427	3428
3428	3429
3429	3430
3434	3435
3435	3436
3436	3437
3441	3442
3442	3443
3443	3444
3448	3449
3449	3450
3450	3451
3455	3456
3456	3457
3457	3458
3462	3463
3463	3464
3464	3465
3469	3470
3470	3471
3471	3472
3476	3477
3477	3478
3478	3479
3483	3484
3484	3485
3485	3486
3490	3491
3491	3492
3492	3493
3497	3498
3498	3499
3499	3500
3504	3505
3505	3506
3506	3507
3511	3512
3512	3513
3513	3514
3518	3519
3519	3520
3520	3521
3525	3526
3526	3527
3527	3528
3532	3533
3533	3534
3534	3535
3539	3540
3540	3541
3541	3542
3546	3547
3547	3548
3548	3549
3553	3554
3554	3555
3555	3556
3560	3561
3561	3562
3562	3563
3567	3568
3568	3569
3569	3570
3574	3575
3575	3576
3576	3577
3581	3582
3582	3583
3583	3584
3588	3589
3589	3590
3590	3591
3595	3596
3596	3597
3597	3598
3602	3603
3603	3604
3604	3605
3609	3610
3610	3611
3611	3612
3616	3617
3617	3618
3618	3619
3623	3624
3624	3625
3625	3626
3630	3631
3631	3632
3632	3633
3637	3638
3638	3639
3639	3640
3644	3645
3645	3646
3646	3647
3651	3652
3652	3653
3653	3654
3658	3659
3659	3660
3660	3661
3665	3666
3666	3667
3667	3668
3672	3673
3673	3674
3674	3675
3679	3680
3680	3681
3681	3682
3686	3687
3687	3688
3688	3689
3693	3694
3694	3695
3695	3696
3700	3701
3701	3702
3702	3703
3707	3708
3708	3709
3709	3710
3714	3715
3715	3716
3716	3717
3721	3722
3722	3723
3723	3724
3728	3729
3729	3730
3730	3731
3735	3736
3736	3737
3737	3738
3742	3743
3743	3744
3744	3745
3749	3750
3750	3751
3751	3752
3756	3757
3757	3758
3758	3759
3763	3764
3764	3765
3765	3766
3770	3771
3771	3772
3772	3773
3777	3778
3778	3779
3779	3780
3784	3785
3785	3786
3786	3787
3791	3792
3792	3793
3793	3794
3798	3799
3799	3800
3800	3801
3805	3806
3806	3807
3807	3808
3812	3813
3813	3814
3814	3815
3819	3820
3820	3821
3821	3822
3826	3827
3827	3828
3828	3829
3833	3834
3834	3835
3835	3836
3840	3841
3841	3842
3842	3843
3847	3848
3848	3849
3849	3850
3854	3855
3855	3856
3856	3857
3861	3862
3862	3863
3863	3864
3868	3869
3869	3870
3870	3871
3875	3876
3876	3877
3877	3878
3882	3883
3883	3884
3884	3885
3889	3890
3890	3891
3891	3892
3896	3897
3897	3898
3898	3899
3903	3904
3904	3905
3905	3906
3910	3911
3911	3912
3912	3913
3917	3918
3918	3919
3919	3920
3924	3925
3925	3926
3926	3927
3931	3932
3932	3933
3933	3934
3938	3939
3939	3940
3940	3941
3945	3946
3946	3947
3947	3948
3952	3953
3953	3954
3954	3955
3959	3960
3960	3961
3961	3962
3966	3967
3967	3968
3968	3969
3973	3974
3974	3975
3975	3976
3980	3981
3981	3982
3982	3983
3987	3988
3988	3989
3989	3990
3994	3995
3995	3996
3996	3997
4001	4002
4002	4003
4003	4004
4008	4009
4009	4010
4010	4011
4015	4016
4016	4017
4017	4018
4022	4023
4023	4024
4024	4025
4029	4030
4030	4031
4031	4032
4036	4037
4037	4038
4038	4039
4043	4044
4044	4045
4045	4046
4050	4051
4051	4052
4052	4053
4057	4058
4058	4059
4059	4060
4064	4065
4065	4066
4066	4067
4071	4072
4072	4073
4073	4074
4078	4079
4079	4080
4080	4081
4085	4086
4086	4087
4087	4088
4092	4093
4093	4094
4094	4095
4099	4100
4100	4101
4101	4102
4106	4107
4107	4108
4108	4109
4113	4114
4114	4115
4115	4116
4120	4121
4121	4122
4122	4123
4127	4128
4128	4129
4129	4130
4134	4135
4135	4136
4136	4137
4141	4142
4142	4143
4143	4144
4148	4149
4149	4150
4150	4151
4155	4156
4156	4157
4157	4158
4162	4163
4163	4164
4164	4165
4169	4170
4170	4171
4171	4172
4176	4177
4177	4178
4178	4179
4183	4184
4184	4185
4185	4186
4190	4191
4191	4192
4192	4193
4197	4198
4198	4199
4199	4200
4204	4205
4205	4206
4206	4207
4211	4212
4212	4213
4213	4214
4218	4219
4219	4220
4220	4221
4225	4226
4226	4227
4227	4228
4232	4233
4233	4234
4234	4235
4239	4240
4240	4241
4241	4242
4246	4247
4247	4248
4248	4249
4253	4254
4254	4255
4255	4256
4260	4261
4261	4262
4262	4263
4267	4268
4268	4269
4269	4270
4274	4275
4275	4276
4276	4277
4281	4282
4282	4283
4283	4284
4288	4289
4289	4290
4290	4291
4295	4296
4296	4297
4297	4298
4302	4303
4303	4304
4304	4305
4309	4310
4310	4311
4311	4312
4316	4317
4317	4318
4318	4319
4323	4324
4324	4325
4325	4326
4330	4331
4331	4332
4332	4333
4337	4338
4338	4339
4339	4340
4344	4345
4345	4346
4346	4347
4351	4352
4352	4353
4353	4354
4358	4359
4359	4360
4360	4361
4365	4366
4366	4367
4367	4368
4372	4373
4373	4374
4374	4375
4379	4380
4380	4381
4381	4382
4386	4387
4387	4388
4388	4389
4393	4394
4394	4395
4395	4396
4400	4401
4401	4402
4402	4403
4407	4408
4408	4409
4409	4410
4414	4415
4415	4416
4416	4417
4421	4422
4422	4423
4423	4424
4428	4429
4429	4430
4430	4431
4435	4436
4436	4437
4437	4438
4442	4443
4443	4444
4444	4445
4449	4450
4450	4451
4451	4452
4456	4457
4457	4458
4458	4459
4463	4464
4464	4465
4465	4466
4470	4471
4471	4472
4472	4473
4477	4478
4478	4479
4479	4480
4484	4485
4485	4486
4486	4487
4491	4492
4492	4493
4493	4494
4498	4499
4499	4500
4500	4501
4505	4506
4506	4507
4507	4508
4512	4513
4513	4514
4514	4515
4519	4520
4520	4521
4521	4522
4526	4527
4527	4528
4528	4529
4533	4534
4534	4535
4535	4536
4540	4541
4541	4542
4542	4543
4547	4548
4548	4549
4549	4550
4554	4555
4555	4556
4556	4557
4561	4562
4562	4563
4563	4564
4568	4569
4569	4570
4570	4571
4575	4576
4576	4577
4577	4578
4582	4583
4583	4584
4584	4585
4589	4590
4590	4591
4591	4592
4596	4597
4597	4598
4598	4599
4603	4604
4604	4605
4605	4606
4610	4611
4611	4612
4612	4613
4617	4618
4618	4619
4619	4620
4624	4625
4625	4626
4626	4627
4631	4632
4632	4633
4633	4634
4638	4639
4639	4640
4640	4641
4645	4646
4646	4647
4647	4648
4652	4653
4653	4654
4654	4655
4659	4660
4660	4661
4661	4662
4666	4667
4667	4668
4668	4669
4673	4674
4674	4675
4675	4676
4680	4681
4681	4682
4682	4683
4687	4688
4688	4689
4689	4690
4694	4695
4695	4696
4696	4697
4701	4702
4702	4703
4703	4704
4708	4709
4709	4710
4710	4711
4715	4716
4716	4717
4717	4718
4722	4723
4723	4724
4724	4725
4729	4730
4730	4731
4731	4732
4736	4737
4737	4738
4738	4739
4743	4744
4744	4745
4745	4746
4750	4751
4751	4752
4752	4753
4757	4758
4758	4759
4759	4760
4764	4765
4765	4766
4766	4767
4771	4772
4772	4773
4773	4774
4778	4779
4779	4780
4780	4781
4785	4786
4786	4787
4787	4788
4792	4793
4793	4794
4794	4795
4799	4800
4800	4801
4801	4802
4806	4807
4807	4808
4808	4809
4813	4814
4814	4815
4815	4816
4820	4821
4821	4822
4822	4823
4827	4828
4828	4829
4829	4830
4834	4835
4835	4836
4836	4837
4841	4842
4842	4843
4843	4844
4848	4849
4849	4850
4850	4851
4855	4856
4856	4857
4857	4858
4862	4863
4863	4864
4864	4865
4869	4870
4870	4871
4871	4872
4876	4877
4877	4878
4878	4879
4883	4884
4884	4885
4885	4886
4890	4891
4891	4892
4892	4893
4897	4898
4898	4899
4899	4900
4904	4905
4905	4906
4906	4907
4911	4912
4912	4913
4913	4914
4918	4919
4919	4920
4920	4921
4925	4926
4926	4927
4927	4928
4932	4933
4933	4934
4934	4935
4939	4940
4940	4941
4941	4942
4946	4947
4947	4948
4948	4949
4953	4954
4954	4955
4955	4956
4960	4961
4961	4962
4962	4963
4967	4968
4968	4969
4969	4970
4974	4975
4975	4976
4976	4977
4981	4982
4982	4983
4983	4984
4988	4989
4989	4990
4990	4991
4995	4996
4996	4997
4997	4998
5002	5003
5003	5004
5004	5005
5009	5010
5010	5011
5011	5012
5016	5017
5017	5018
5018	5019
5023	5024
5024	5025
5025	5026
5030	5031
5031	5032
5032	5033
5037	5038
5038	5039
5039	5040
5044	5045
5045	5046
5046	5047
5051	5052
5052	5053
5053	5054
5058	5059
5059	5060
5060	5061
5065	5066
5066	5067
5067	5068
5072	5073
5073	5074
5074	5075
5079	5080
5080	5081
5081	5082
5086	5087
5087	5088
5088	5089
5093	5094
5094	5095
5095	5096
5100	5101
5101	5102
5102	5103
5107	5108
5108	5109
5109	5110
5114	5115
5115	5116
5116	5117
5121	5122
5122	5123
5123	5124
5128	5129
5129	5130
5130	5131
5135	5136
5136	5137
5137	5138
5142	5143
5143	5144
5144	5145
5149	5150
5150	5151
5151	5152
5156	5157
5157	5158
5158	5159
5163	5164
5164	5165
5165	5166
5170	5171
5171	5172
5172	5173
5177	5178
5178	5179
5179	5180
5184	5185
5185	5186
5186	5187
5191	5192
5192	5193
5193	5194
5198	5199
5199	5200
5200	5201
5205	5206
5206	5207
5207	5208
5212	5213
5213	5214
5214	5215
5219	5220
5220	5221
5221	5222
5226	5227
5227	5228
5228	5229
5233	5234
5234	5235
5235	5236
5240	5241
5241	5242
5242	5243
5247	5248
5248	5249
5249	5250
5254	5255
5255	5256
5256	5257
5261	5262
5262	5263
5263	5264
5268	5269
5269	5270
5270	5271
5275	5276
5276	5277
5277	5278
5282	5283
5283	5284
5284	5285
5289	5290
5290	5291
5291	5292
5296	5297
5297	5298
5298	5299
5303	5304
5304	5305
5305	5306
5310	5311
5311	5312
5312	5313
5317	5318
5318	5319
5319	5320
5324	5325
5325	5326
5326	5327
5331	5332
5332	5333
5333	5334
5338	5339
5339	5340
5340	5341
5345	5346
5346	5347
5347	5348
5352	5353
5353	5354
5354	5355
5359	5360
5360	5361
5361	5362
5366	5367
5367	5368
5368	5369
5373	5374
5374	5375
5375	5376
5380	5381
5381	5382
5382	5383
5387	5388
5388	5389
5389	5390
5394	5395
5395	5396
5396	5397
5401	5402
5402	5403
5403	5404
5408	5409
5409	5410
5410	5411
5415	5416
5416	5417
5417	5418
5422	5423
5423	5424
5424	5425
5429	5430
5430	5431
5431	5432
5436	5437
5437	5438
5438	5439
5443	5444
5444	5445
5445	5446
5450	5451
5451	5452
5452	5453
5457	5458
5458	5459
5459	5460
5464	5465
5465	5466
5466	5467
5471	5472
5472	5473
5473	5474
5478	5479
5479	5480
5480	5481
5485	5486
5486	5487
5487	5488
5492	5493
5493	5494
5494	5495
5499	5500
5500	5501
5501	5502
5506	5507
5507	5508
5508	5509
5513	5514
5514	5515
5515	5516
5520	5521
5521	5522
5522	5523
5527	5528
5528	5529
5529	5530
5534	5535
5535	5536
5536	5537
5541	5542
5542	5543
5543	5544
5548	5549
5549	5550
5550	5551
5555	5556
5556	5557
5557	5558
5562	5563
5563	5564
5564	5565
5569	5570
5570	5571
5571	5572
5576	5577
5577	5578
5578	5579
5583	5584
5584	5585
5585	5586
5590	5591
5591	5592
5592	5593
5597	5598
5598	5599
5599	5600
5604	5605
5605	5606
5606	5607
5611	5612
5612	5613
5613	5614
5618	5619
5619	5620
5620	5621
5625	5626
5626	5627
5627	5628
5632	5633
5633	5634
5634	5635
5639	5640
5640	5641
5641	5642
5646	5647
5647	5648
5648	5649
5653	5654
5654	5655
5655	5656
5660	5661
5661	5662
5662	5663
5667	5668
5668	5669
5669	5670
5674	5675
5675	5676
5676	5677
5681	5682
5682	5683
5683	5684
5688	5689
5689	5690
5690	5691
5695	5696
5696	5697
5697	5698
5702	5703
5703	5704
5704	5705
5709	5710
5710	5711
5711	5712
5716	5717
5717	5718
5718	5719
5723	5724
5724	5725
5725	5726
5730	5731
5731	5732
5732	5733
5737	5738
5738	5739
5739	5740
