0	56
0	60
0	62
0	66
0	68
0	72
0	74
0	78
56	57
60	61
62	63
66	67
68	69
72	73
74	75
78	79
1	80
1	84
1	86
1	90
1	92
1	96
1	98
1	102
80	81
84	85
86	87
90	91
92	93
96	97
98	99
102	103
2	104
2	108
2	110
2	114
2	116
2	120
2	122
2	126
104	105
108	109
110	111
114	115
116	117
120	121
122	123
126	127
3	128
3	132
3	134
3	138
3	140
3	144
3	146
3	150
128	129
132	133
134	135
138	139
140	141
144	145
146	147
150	151
4	152
4	156
4	158
4	162
4	164
4	168
4	170
4	174
152	153
156	157
158	159
162	163
164	165
168	169
170	171
174	175
5	176
5	180
5	182
5	186
5	188
5	192
5	194
5	198
176	177
180	181
182	183
186	187
188	189
192	193
194	195
198	199
6	200
6	204
6	206
6	210
6	212
6	216
6	218
6	222
200	201
204	205
206	207
210	211
212	213
216	217
218	219
222	223
7	224
7	228
7	230
7	234
7	236
7	240
7	242
7	246
224	225
228	229
230	231
234	235
236	237
240	241
242	243
246	247
8	59
8	61
8	248
8	252
59	58
248	249
252	253
9	251
9	253
9	254
9	258
251	250
254	255
258	259
10	257
10	259
10	260
10	264
257	256
260	261
264	265
11	83
11	85
11	263
11	265
83	82
263	262
12	65
12	67
12	266
12	270
65	64
266	267
270	271
13	89
13	91
13	269
13	271
89	88
269	268
14	71
14	73
14	272
14	276
71	70
272	273
276	277
15	275
15	277
15	278
15	282
275	274
278	279
282	283
16	281
16	283
16	284
16	288
281	280
284	285
288	289
17	227
17	229
17	287
17	289
227	226
287	286
18	77
18	79
18	290
18	294
77	76
290	291
294	295
19	233
19	235
19	293
19	295
233	232
293	292
20	95
20	97
20	296
20	300
95	94
296	297
300	301
21	299
21	301
21	302
21	306
299	298
302	303
306	307
22	305
22	307
22	308
22	312
305	304
308	309
312	313
23	107
23	109
23	311
23	313
107	106
311	310
24	101
24	103
24	314
24	318
101	100
314	315
318	319
25	113
25	115
25	317
25	319
113	112
317	316
26	119
26	121
26	320
26	324
119	118
320	321
324	325
27	323
27	325
27	326
27	330
323	322
326	327
330	331
28	329
28	331
28	332
28	336
329	328
332	333
336	337
29	131
29	133
29	335
29	337
131	130
335	334
30	125
30	127
30	338
30	342
125	124
338	339
342	343
31	137
31	139
31	341
31	343
137	136
341	340
32	143
32	145
32	344
32	348
143	142
344	345
348	349
33	347
33	349
33	350
33	354
347	346
350	351
354	355
34	353
34	355
34	356
34	360
353	352
356	357
360	361
35	155
35	157
35	359
35	361
155	154
359	358
36	149
36	151
36	362
36	366
149	148
362	363
366	367
37	161
37	163
37	365
37	367
161	160
365	364
38	167
38	169
38	368
38	372
167	166
368	369
372	373
39	371
39	373
39	374
39	378
371	370
374	375
378	379
40	377
40	379
40	380
40	384
377	376
380	381
384	385
41	179
41	181
41	383
41	385
179	178
383	382
42	173
42	175
42	386
42	390
173	172
386	387
390	391
43	185
43	187
43	389
43	391
185	184
389	388
44	191
44	193
44	392
44	396
191	190
392	393
396	397
45	395
45	397
45	398
45	402
395	394
398	399
402	403
46	401
46	403
46	404
46	408
401	400
404	405
408	409
47	203
47	205
47	407
47	409
203	202
407	406
48	197
48	199
48	410
48	414
197	196
410	411
414	415
49	209
49	211
49	413
49	415
209	208
413	412
50	215
50	217
50	416
50	420
215	214
416	417
420	421
51	419
51	421
51	422
51	426
419	418
422	423
426	427
52	425
52	427
52	428
52	432
425	424
428	429
432	433
53	239
53	241
53	431
53	433
239	238
431	430
54	221
54	223
54	434
54	438
221	220
434	435
438	439
55	245
55	247
55	437
55	439
245	244
437	436
57	58
63	64
69	70
75	76
81	82
87	88
93	94
99	100
105	106
111	112
117	118
123	124
129	130
135	136
141	142
147	148
153	154
159	160
165	166
171	172
177	178
183	184
189	190
195	196
201	202
207	208
213	214
219	220
225	226
231	232
237	238
243	244
249	250
255	256
261	262
267	268
273	274
279	280
285	286
291	292
297	298
303	304
309	310
315	316
321	322
327	328
333	334
339	340
345	346
351	352
357	358
363	364
369	370
375	376
381	382
387	388
393	394
399	400
405	406
411	412
417	418
423	424
429	430
435	436
