0	110
0	114
0	119
0	123
0	128
0	132
0	137
0	141
110	111
114	115
119	120
123	124
128	129
132	133
137	138
141	142
1	146
1	150
1	155
1	159
1	164
1	168
1	173
1	177
146	147
150	151
155	156
159	160
164	165
168	169
173	174
177	178
2	182
2	186
2	191
2	195
2	200
2	204
2	209
2	213
182	183
186	187
191	192
195	196
200	201
204	205
209	210
213	214
3	218
3	222
3	227
3	231
3	236
3	240
3	245
3	249
218	219
222	223
227	228
231	232
236	237
240	241
245	246
249	250
4	254
4	258
4	263
4	267
4	272
4	276
4	281
4	285
254	255
258	259
263	264
267	268
272	273
276	277
281	282
285	286
5	290
5	294
5	299
5	303
5	308
5	312
5	317
5	321
290	291
294	295
299	300
303	304
308	309
312	313
317	318
321	322
6	326
6	330
6	335
6	339
6	344
6	348
6	353
6	357
326	327
330	331
335	336
339	340
344	345
348	349
353	354
357	358
7	362
7	366
7	371
7	375
7	380
7	384
7	389
7	393
362	363
366	367
371	372
375	376
380	381
384	385
389	390
393	394
8	398
8	402
8	407
8	411
8	416
8	420
8	425
8	429
398	399
402	403
407	408
411	412
416	417
420	421
425	426
429	430
9	434
9	438
9	443
9	447
9	452
9	456
9	461
9	465
434	435
438	439
443	444
447	448
452	453
456	457
461	462
465	466
10	470
10	474
10	479
10	483
10	488
10	492
10	497
10	501
470	471
474	475
479	480
483	484
488	489
492	493
497	498
501	502
11	113
11	118
11	506
11	510
113	112
118	117
506	507
510	511
12	509
12	514
12	515
12	519
509	508
514	513
515	516
519	520
13	518
13	523
13	524
13	528
518	517
523	522
524	525
528	529
14	149
14	154
14	527
14	532
149	148
154	153
527	526
532	531
15	122
15	127
15	533
15	537
122	121
127	126
533	534
537	538
16	536
16	541
16	542
16	546
536	535
541	540
542	543
546	547
17	545
17	550
17	551
17	555
545	544
550	549
551	552
555	556
18	554
18	559
18	560
18	564
554	553
559	558
560	561
564	565
19	158
19	163
19	563
19	568
158	157
163	162
563	562
568	567
20	131
20	136
20	569
20	573
131	130
136	135
569	570
573	574
21	572
21	577
21	578
21	582
572	571
577	576
578	579
582	583
22	581
22	586
22	587
22	591
581	580
586	585
587	588
591	592
23	473
23	478
23	590
23	595
473	472
478	477
590	589
595	594
24	140
24	145
24	596
24	600
140	139
145	144
596	597
600	601
25	599
25	604
25	605
25	609
599	598
604	603
605	606
609	610
26	608
26	613
26	614
26	618
608	607
613	612
614	615
618	619
27	617
27	622
27	623
27	627
617	616
622	621
623	624
627	628
28	482
28	487
28	626
28	631
482	481
487	486
626	625
631	630
29	167
29	172
29	632
29	636
167	166
172	171
632	633
636	637
30	635
30	640
30	641
30	645
635	634
640	639
641	642
645	646
31	644
31	649
31	650
31	654
644	643
649	648
650	651
654	655
32	185
32	190
32	653
32	658
185	184
190	189
653	652
658	657
33	176
33	181
33	659
33	663
176	175
181	180
659	660
663	664
34	662
34	667
34	668
34	672
662	661
667	666
668	669
672	673
35	671
35	676
35	677
35	681
671	670
676	675
677	678
681	682
36	680
36	685
36	686
36	690
680	679
685	684
686	687
690	691
37	194
37	199
37	689
37	694
194	193
199	198
689	688
694	693
38	203
38	208
38	695
38	699
203	202
208	207
695	696
699	700
39	698
39	703
39	704
39	708
698	697
703	702
704	705
708	709
40	707
40	712
40	713
40	717
707	706
712	711
713	714
717	718
41	221
41	226
41	716
41	721
221	220
226	225
716	715
721	720
42	212
42	217
42	722
42	726
212	211
217	216
722	723
726	727
43	725
43	730
43	731
43	735
725	724
730	729
731	732
735	736
44	734
44	739
44	740
44	744
734	733
739	738
740	741
744	745
45	743
45	748
45	749
45	753
743	742
748	747
749	750
753	754
46	230
46	235
46	752
46	757
230	229
235	234
752	751
757	756
47	239
47	244
47	758
47	762
239	238
244	243
758	759
762	763
48	761
48	766
48	767
48	771
761	760
766	765
767	768
771	772
49	770
49	775
49	776
49	780
770	769
775	774
776	777
780	781
50	257
50	262
50	779
50	784
257	256
262	261
779	778
784	783
51	248
51	253
51	785
51	789
248	247
253	252
785	786
789	790
52	788
52	793
52	794
52	798
788	787
793	792
794	795
798	799
53	797
53	802
53	803
53	807
797	796
802	801
803	804
807	808
54	806
54	811
54	812
54	816
806	805
811	810
812	813
816	817
55	266
55	271
55	815
55	820
266	265
271	270
815	814
820	819
56	275
56	280
56	821
56	825
275	274
280	279
821	822
825	826
57	824
57	829
57	830
57	834
824	823
829	828
830	831
834	835
58	833
58	838
58	839
58	843
833	832
838	837
839	840
843	844
59	293
59	298
59	842
59	847
293	292
298	297
842	841
847	846
60	284
60	289
60	848
60	852
284	283
289	288
848	849
852	853
61	851
61	856
61	857
61	861
851	850
856	855
857	858
861	862
62	860
62	865
62	866
62	870
860	859
865	864
866	867
870	871
63	869
63	874
63	875
63	879
869	868
874	873
875	876
879	880
64	302
64	307
64	878
64	883
302	301
307	306
878	877
883	882
65	311
65	316
65	884
65	888
311	310
316	315
884	885
888	889
66	887
66	892
66	893
66	897
887	886
892	891
893	894
897	898
67	896
67	901
67	902
67	906
896	895
901	900
902	903
906	907
68	329
68	334
68	905
68	910
329	328
334	333
905	904
910	909
69	320
69	325
69	911
69	915
320	319
325	324
911	912
915	916
70	914
70	919
70	920
70	924
914	913
919	918
920	921
924	925
71	923
71	928
71	929
71	933
923	922
928	927
929	930
933	934
72	932
72	937
72	938
72	942
932	931
937	936
938	939
942	943
73	338
73	343
73	941
73	946
338	337
343	342
941	940
946	945
74	347
74	352
74	947
74	951
347	346
352	351
947	948
951	952
75	950
75	955
75	956
75	960
950	949
955	954
956	957
960	961
76	959
76	964
76	965
76	969
959	958
964	963
965	966
969	970
77	365
77	370
77	968
77	973
365	364
370	369
968	967
973	972
78	356
78	361
78	974
78	978
356	355
361	360
974	975
978	979
79	977
79	982
79	983
79	987
977	976
982	981
983	984
987	988
80	986
80	991
80	992
80	996
986	985
991	990
992	993
996	997
81	995
81	1000
81	1001
81	1005
995	994
1000	999
1001	1002
1005	1006
82	374
82	379
82	1004
82	1009
374	373
379	378
1004	1003
1009	1008
83	383
83	388
83	1010
83	1014
383	382
388	387
1010	1011
1014	1015
84	1013
84	1018
84	1019
84	1023
1013	1012
1018	1017
1019	1020
1023	1024
85	1022
85	1027
85	1028
85	1032
1022	1021
1027	1026
1028	1029
1032	1033
86	401
86	406
86	1031
86	1036
401	400
406	405
1031	1030
1036	1035
87	392
87	397
87	1037
87	1041
392	391
397	396
1037	1038
1041	1042
88	1040
88	1045
88	1046
88	1050
1040	1039
1045	1044
1046	1047
1050	1051
89	1049
89	1054
89	1055
89	1059
1049	1048
1054	1053
1055	1056
1059	1060
90	1058
90	1063
90	1064
90	1068
1058	1057
1063	1062
1064	1065
1068	1069
91	410
91	415
91	1067
91	1072
410	409
415	414
1067	1066
1072	1071
92	419
92	424
92	1073
92	1077
419	418
424	423
1073	1074
1077	1078
93	1076
93	1081
93	1082
93	1086
1076	1075
1081	1080
1082	1083
1086	1087
94	1085
94	1090
94	1091
94	1095
1085	1084
1090	1089
1091	1092
1095	1096
95	437
95	442
95	1094
95	1099
437	436
442	441
1094	1093
1099	1098
96	428
96	433
96	1100
96	1104
428	427
433	432
1100	1101
1104	1105
97	1103
97	1108
97	1109
97	1113
1103	1102
1108	1107
1109	1110
1113	1114
98	1112
98	1117
98	1118
98	1122
1112	1111
1117	1116
1118	1119
1122	1123
99	1121
99	1126
99	1127
99	1131
1121	1120
1126	1125
1127	1128
1131	1132
100	446
100	451
100	1130
100	1135
446	445
451	450
1130	1129
1135	1134
101	455
101	460
101	1136
101	1140
455	454
460	459
1136	1137
1140	1141
102	1139
102	1144
102	1145
102	1149
1139	1138
1144	1143
1145	1146
1149	1150
103	1148
103	1153
103	1154
103	1158
1148	1147
1153	1152
1154	1155
1158	1159
104	491
104	496
104	1157
104	1162
491	490
496	495
1157	1156
1162	1161
105	464
105	469
105	1163
105	1167
464	463
469	468
1163	1164
1167	1168
106	1166
106	1171
106	1172
106	1176
1166	1165
1171	1170
1172	1173
1176	1177
107	1175
107	1180
107	1181
107	1185
1175	1174
1180	1179
1181	1182
1185	1186
108	1184
108	1189
108	1190
108	1194
1184	1183
1189	1188
1190	1191
1194	1195
109	500
109	505
109	1193
109	1198
500	499
505	504
1193	1192
1198	1197
111	112
115	116
116	117
120	121
124	125
125	126
129	130
133	134
134	135
138	139
142	143
143	144
147	148
151	152
152	153
156	157
160	161
161	162
165	166
169	170
170	171
174	175
178	179
179	180
183	184
187	188
188	189
192	193
196	197
197	198
201	202
205	206
206	207
210	211
214	215
215	216
219	220
223	224
224	225
228	229
232	233
233	234
237	238
241	242
242	243
246	247
250	251
251	252
255	256
259	260
260	261
264	265
268	269
269	270
273	274
277	278
278	279
282	283
286	287
287	288
291	292
295	296
296	297
300	301
304	305
305	306
309	310
313	314
314	315
318	319
322	323
323	324
327	328
331	332
332	333
336	337
340	341
341	342
345	346
349	350
350	351
354	355
358	359
359	360
363	364
367	368
368	369
372	373
376	377
377	378
381	382
385	386
386	387
390	391
394	395
395	396
399	400
403	404
404	405
408	409
412	413
413	414
417	418
421	422
422	423
426	427
430	431
431	432
435	436
439	440
440	441
444	445
448	449
449	450
453	454
457	458
458	459
462	463
466	467
467	468
471	472
475	476
476	477
480	481
484	485
485	486
489	490
493	494
494	495
498	499
502	503
503	504
507	508
511	512
512	513
516	517
520	521
521	522
525	526
529	530
530	531
534	535
538	539
539	540
543	544
547	548
548	549
552	553
556	557
557	558
561	562
565	566
566	567
570	571
574	575
575	576
579	580
583	584
584	585
588	589
592	593
593	594
597	598
601	602
602	603
606	607
610	611
611	612
615	616
619	620
620	621
624	625
628	629
629	630
633	634
637	638
638	639
642	643
646	647
647	648
651	652
655	656
656	657
660	661
664	665
665	666
669	670
673	674
674	675
678	679
682	683
683	684
687	688
691	692
692	693
696	697
700	701
701	702
705	706
709	710
710	711
714	715
718	719
719	720
723	724
727	728
728	729
732	733
736	737
737	738
741	742
745	746
746	747
750	751
754	755
755	756
759	760
763	764
764	765
768	769
772	773
773	774
777	778
781	782
782	783
786	787
790	791
791	792
795	796
799	800
800	801
804	805
808	809
809	810
813	814
817	818
818	819
822	823
826	827
827	828
831	832
835	836
836	837
840	841
844	845
845	846
849	850
853	854
854	855
858	859
862	863
863	864
867	868
871	872
872	873
876	877
880	881
881	882
885	886
889	890
890	891
894	895
898	899
899	900
903	904
907	908
908	909
912	913
916	917
917	918
921	922
925	926
926	927
930	931
934	935
935	936
939	940
943	944
944	945
948	949
952	953
953	954
957	958
961	962
962	963
966	967
970	971
971	972
975	976
979	980
980	981
984	985
988	989
989	990
993	994
997	998
998	999
1002	1003
1006	1007
1007	1008
1011	1012
1015	1016
1016	1017
1020	1021
1024	1025
1025	1026
1029	1030
1033	1034
1034	1035
1038	1039
1042	1043
1043	1044
1047	1048
1051	1052
1052	1053
1056	1057
1060	1061
1061	1062
1065	1066
1069	1070
1070	1071
1074	1075
1078	1079
1079	1080
1083	1084
1087	1088
1088	1089
1092	1093
1096	1097
1097	1098
1101	1102
1105	1106
1106	1107
1110	1111
1114	1115
1115	1116
1119	1120
1123	1124
1124	1125
1128	1129
1132	1133
1133	1134
1137	1138
1141	1142
1142	1143
1146	1147
1150	1151
1151	1152
1155	1156
1159	1160
1160	1161
1164	1165
1168	1169
1169	1170
1173	1174
1177	1178
1178	1179
1182	1183
1186	1187
1187	1188
1191	1192
1195	1196
1196	1197
