0	1
0	172
0	44
0	174
0	12
0	176
0	46
0	178
0	4
0	180
0	48
0	182
0	14
0	184
0	50
0	186
0	3
0	188
0	52
0	190
0	16
0	192
0	54
0	194
0	6
0	196
0	56
0	198
0	18
0	200
0	58
0	202
1	173
1	45
1	204
1	13
1	206
1	60
1	208
1	5
1	210
1	62
1	212
1	20
1	214
1	64
1	216
1	2
1	218
1	66
1	220
1	22
1	222
1	68
1	224
1	8
1	226
1	70
1	228
1	24
1	230
1	72
1	232
172	173
44	45
44	175
44	556
174	175
12	13
12	177
12	47
12	396
12	398
12	140
12	400
176	177
46	47
46	179
46	558
178	179
4	5
4	181
4	49
4	292
4	15
4	294
4	100
4	296
4	298
4	102
4	300
4	36
4	302
4	104
4	304
180	181
48	49
48	183
48	560
182	183
14	15
14	185
14	51
14	406
14	408
14	142
14	410
184	185
50	51
50	187
50	562
186	187
3	2
3	189
3	249
3	53
3	264
3	81
3	266
3	17
3	268
3	88
3	270
3	29
3	272
3	90
3	274
3	7
3	276
3	92
3	278
3	32
3	280
3	94
3	282
3	11
3	284
3	96
3	286
3	34
3	288
3	98
3	290
188	189
52	53
52	191
52	564
190	191
16	17
16	193
16	55
16	416
16	418
16	144
16	420
192	193
54	55
54	195
54	566
194	195
6	7
6	197
6	57
6	318
6	19
6	320
6	110
6	322
6	324
6	112
6	326
6	38
6	328
6	114
6	330
196	197
56	57
56	199
56	568
198	199
18	19
18	201
18	59
18	426
18	428
18	146
18	430
200	201
58	59
58	203
58	570
202	203
45	205
45	557
204	205
13	207
13	399
13	61
13	402
13	141
13	404
206	207
60	61
60	209
60	572
208	209
5	211
5	299
5	63
5	306
5	103
5	308
5	21
5	310
5	106
5	312
5	37
5	314
5	108
5	316
210	211
62	63
62	213
62	574
212	213
20	21
20	215
20	65
20	436
20	438
20	148
20	440
214	215
64	65
64	217
64	576
216	217
2	219
2	67
2	234
2	23
2	236
2	74
2	238
2	9
2	240
2	76
2	242
2	26
2	244
2	78
2	246
2	248
2	80
2	250
2	28
2	252
2	82
2	254
2	10
2	256
2	84
2	258
2	30
2	260
2	86
2	262
218	219
66	67
66	221
66	578
220	221
22	23
22	223
22	69
22	446
22	448
22	150
22	450
222	223
68	69
68	225
68	580
224	225
8	9
8	227
8	71
8	344
8	25
8	346
8	120
8	348
8	350
8	122
8	352
8	40
8	354
8	124
8	356
226	227
70	71
70	229
70	582
228	229
24	25
24	231
24	73
24	456
24	458
24	152
24	460
230	231
72	73
72	233
72	584
232	233
67	235
67	579
234	235
23	237
23	449
23	75
23	452
23	151
23	454
236	237
74	75
74	239
74	586
238	239
9	241
9	351
9	77
9	358
9	123
9	360
9	27
9	362
9	126
9	364
9	41
9	366
9	128
9	368
240	241
76	77
76	243
76	588
242	243
26	27
26	245
26	79
26	466
26	468
26	154
26	470
244	245
78	79
78	247
78	590
246	247
248	249
80	81
80	251
80	592
250	251
28	29
28	253
28	83
28	476
28	478
28	156
28	480
252	253
82	83
82	255
82	594
254	255
10	11
10	257
10	85
10	370
10	31
10	372
10	130
10	374
10	376
10	132
10	378
10	42
10	380
10	134
10	382
256	257
84	85
84	259
84	596
258	259
30	31
30	261
30	87
30	486
30	488
30	158
30	490
260	261
86	87
86	263
86	598
262	263
53	265
53	565
264	265
81	267
81	593
266	267
17	269
17	419
17	89
17	422
17	145
17	424
268	269
88	89
88	271
88	600
270	271
29	273
29	479
29	91
29	482
29	157
29	484
272	273
90	91
90	275
90	602
274	275
7	277
7	325
7	93
7	332
7	113
7	334
7	33
7	336
7	116
7	338
7	39
7	340
7	118
7	342
276	277
92	93
92	279
92	604
278	279
32	33
32	281
32	95
32	496
32	498
32	160
32	500
280	281
94	95
94	283
94	606
282	283
11	285
11	377
11	97
11	384
11	133
11	386
11	35
11	388
11	136
11	390
11	43
11	392
11	138
11	394
284	285
96	97
96	287
96	608
286	287
34	35
34	289
34	99
34	506
34	508
34	162
34	510
288	289
98	99
98	291
98	610
290	291
49	293
49	561
292	293
15	295
15	409
15	101
15	412
15	143
15	414
294	295
100	101
100	297
100	612
296	297
298	299
102	103
102	301
102	614
300	301
36	37
36	303
36	105
36	516
36	518
36	164
36	520
302	303
104	105
104	305
104	616
304	305
63	307
63	575
306	307
103	309
103	615
308	309
21	311
21	439
21	107
21	442
21	149
21	444
310	311
106	107
106	313
106	618
312	313
37	315
37	519
37	109
37	522
37	165
37	524
314	315
108	109
108	317
108	620
316	317
57	319
57	569
318	319
19	321
19	429
19	111
19	432
19	147
19	434
320	321
110	111
110	323
110	622
322	323
324	325
112	113
112	327
112	624
326	327
38	39
38	329
38	115
38	526
38	528
38	166
38	530
328	329
114	115
114	331
114	626
330	331
93	333
93	605
332	333
113	335
113	625
334	335
33	337
33	499
33	117
33	502
33	161
33	504
336	337
116	117
116	339
116	628
338	339
39	341
39	529
39	119
39	532
39	167
39	534
340	341
118	119
118	343
118	630
342	343
71	345
71	583
344	345
25	347
25	459
25	121
25	462
25	153
25	464
346	347
120	121
120	349
120	632
348	349
350	351
122	123
122	353
122	634
352	353
40	41
40	355
40	125
40	536
40	538
40	168
40	540
354	355
124	125
124	357
124	636
356	357
77	359
77	589
358	359
123	361
123	635
360	361
27	363
27	469
27	127
27	472
27	155
27	474
362	363
126	127
126	365
126	638
364	365
41	367
41	539
41	129
41	542
41	169
41	544
366	367
128	129
128	369
128	640
368	369
85	371
85	597
370	371
31	373
31	489
31	131
31	492
31	159
31	494
372	373
130	131
130	375
130	642
374	375
376	377
132	133
132	379
132	644
378	379
42	43
42	381
42	135
42	546
42	548
42	170
42	550
380	381
134	135
134	383
134	646
382	383
97	385
97	609
384	385
133	387
133	645
386	387
35	389
35	509
35	137
35	512
35	163
35	514
388	389
136	137
136	391
136	648
390	391
43	393
43	549
43	139
43	552
43	171
43	554
392	393
138	139
138	395
138	650
394	395
47	397
47	559
396	397
398	399
140	141
140	401
140	652
400	401
61	403
61	573
402	403
141	405
141	653
404	405
51	407
51	563
406	407
408	409
142	143
142	411
142	654
410	411
101	413
101	613
412	413
143	415
143	655
414	415
55	417
55	567
416	417
418	419
144	145
144	421
144	656
420	421
89	423
89	601
422	423
145	425
145	657
424	425
59	427
59	571
426	427
428	429
146	147
146	431
146	658
430	431
111	433
111	623
432	433
147	435
147	659
434	435
65	437
65	577
436	437
438	439
148	149
148	441
148	660
440	441
107	443
107	619
442	443
149	445
149	661
444	445
69	447
69	581
446	447
448	449
150	151
150	451
150	662
450	451
75	453
75	587
452	453
151	455
151	663
454	455
73	457
73	585
456	457
458	459
152	153
152	461
152	664
460	461
121	463
121	633
462	463
153	465
153	665
464	465
79	467
79	591
466	467
468	469
154	155
154	471
154	666
470	471
127	473
127	639
472	473
155	475
155	667
474	475
83	477
83	595
476	477
478	479
156	157
156	481
156	668
480	481
91	483
91	603
482	483
157	485
157	669
484	485
87	487
87	599
486	487
488	489
158	159
158	491
158	670
490	491
131	493
131	643
492	493
159	495
159	671
494	495
95	497
95	607
496	497
498	499
160	161
160	501
160	672
500	501
117	503
117	629
502	503
161	505
161	673
504	505
99	507
99	611
506	507
508	509
162	163
162	511
162	674
510	511
137	513
137	649
512	513
163	515
163	675
514	515
105	517
105	617
516	517
518	519
164	165
164	521
164	676
520	521
109	523
109	621
522	523
165	525
165	677
524	525
115	527
115	627
526	527
528	529
166	167
166	531
166	678
530	531
119	533
119	631
532	533
167	535
167	679
534	535
125	537
125	637
536	537
538	539
168	169
168	541
168	680
540	541
129	543
129	641
542	543
169	545
169	681
544	545
135	547
135	647
546	547
548	549
170	171
170	551
170	682
550	551
139	553
139	651
552	553
171	555
171	683
554	555
556	557
558	559
560	561
562	563
564	565
566	567
568	569
570	571
572	573
574	575
576	577
578	579
580	581
582	583
584	585
586	587
588	589
590	591
592	593
594	595
596	597
598	599
600	601
602	603
604	605
606	607
608	609
610	611
612	613
614	615
616	617
618	619
620	621
622	623
624	625
626	627
628	629
630	631
632	633
634	635
636	637
638	639
640	641
642	643
644	645
646	647
648	649
650	651
652	653
654	655
656	657
658	659
660	661
662	663
664	665
666	667
668	669
670	671
672	673
674	675
676	677
678	679
680	681
682	683
