0	9
0	10
0	16
0	17
9	1
10	11
16	8
17	18
1	15
1	23
1	24
15	14
23	2
24	25
2	29
2	30
2	31
29	28
30	3
31	32
3	36
3	37
3	38
36	35
37	4
38	39
4	43
4	44
4	45
43	42
44	5
45	46
5	50
5	51
5	52
50	49
51	6
52	53
6	57
6	58
6	59
57	56
58	7
59	60
7	64
7	65
7	66
64	63
65	8
66	67
8	22
8	71
22	21
71	70
11	12
12	13
13	14
18	19
19	20
20	21
25	26
26	27
27	28
32	33
33	34
34	35
39	40
40	41
41	42
46	47
47	48
48	49
53	54
54	55
55	56
60	61
61	62
62	63
67	68
68	69
69	70
