0	10
0	16
0	18
0	24
10	11
16	17
18	19
24	25
1	15
1	17
1	26
1	32
15	14
26	27
32	33
2	31
2	33
2	34
2	40
31	30
34	35
40	41
3	39
3	41
3	42
3	48
39	38
42	43
48	49
4	47
4	49
4	50
4	56
47	46
50	51
56	57
5	55
5	57
5	58
5	64
55	54
58	59
64	65
6	63
6	65
6	66
6	72
63	62
66	67
72	73
7	71
7	73
7	74
7	80
71	70
74	75
80	81
8	79
8	81
8	82
8	88
79	78
82	83
88	89
9	23
9	25
9	87
9	89
23	22
87	86
11	12
12	13
13	14
19	20
20	21
21	22
27	28
28	29
29	30
35	36
36	37
37	38
43	44
44	45
45	46
51	52
52	53
53	54
59	60
60	61
61	62
67	68
68	69
69	70
75	76
76	77
77	78
83	84
84	85
85	86
