0	287
0	291
0	292
0	296
0	297
0	301
0	302
0	306
0	307
0	311
0	312
0	316
0	317
0	321
0	322
0	326
287	288
291	42
292	293
296	46
297	298
301	47
302	303
306	51
307	308
311	52
312	313
316	56
317	318
321	57
322	323
326	61
1	327
1	331
1	332
1	336
1	337
1	341
1	342
1	346
1	347
1	351
1	352
1	356
1	357
1	361
1	362
1	366
327	328
331	62
332	333
336	66
337	338
341	67
342	343
346	71
347	348
351	72
352	353
356	76
357	358
361	77
362	363
366	81
2	367
2	371
2	372
2	376
2	377
2	381
2	382
2	386
2	387
2	391
2	392
2	396
2	397
2	401
2	402
2	406
367	368
371	82
372	373
376	86
377	378
381	87
382	383
386	91
387	388
391	92
392	393
396	96
397	398
401	97
402	403
406	101
3	407
3	411
3	412
3	416
3	417
3	421
3	422
3	426
3	427
3	431
3	432
3	436
3	437
3	441
3	442
3	446
407	408
411	102
412	413
416	106
417	418
421	107
422	423
426	111
427	428
431	112
432	433
436	116
437	438
441	117
442	443
446	121
4	447
4	451
4	452
4	456
4	457
4	461
4	462
4	466
4	467
4	471
4	472
4	476
4	477
4	481
4	482
4	486
447	448
451	122
452	453
456	126
457	458
461	127
462	463
466	131
467	468
471	132
472	473
476	136
477	478
481	137
482	483
486	141
5	487
5	491
5	492
5	496
5	497
5	501
5	502
5	506
5	507
5	511
5	512
5	516
5	517
5	521
5	522
5	526
487	488
491	142
492	493
496	146
497	498
501	147
502	503
506	151
507	508
511	152
512	513
516	156
517	518
521	157
522	523
526	161
6	527
6	531
6	532
6	536
6	537
6	541
6	542
6	546
6	547
6	551
6	552
6	556
6	557
6	561
6	562
6	566
527	528
531	162
532	533
536	166
537	538
541	167
542	543
546	171
547	548
551	172
552	553
556	176
557	558
561	177
562	563
566	181
7	567
7	571
7	572
7	576
7	577
7	581
7	582
7	586
567	568
571	45
572	573
576	46
577	578
581	182
582	583
586	186
8	587
8	591
8	592
8	596
8	597
8	601
8	602
8	606
587	588
591	185
592	593
596	186
597	598
601	187
602	603
606	191
9	607
9	611
9	612
9	616
9	617
9	621
9	622
9	626
607	608
611	190
612	613
616	191
617	618
621	192
622	623
626	196
10	627
10	631
10	632
10	636
10	637
10	641
10	642
10	646
627	628
631	65
632	633
636	66
637	638
641	195
642	643
646	196
11	647
11	651
11	652
11	656
11	657
11	661
11	662
11	666
647	648
651	50
652	653
656	51
657	658
661	70
662	663
666	71
12	667
12	671
12	672
12	676
12	677
12	681
12	682
12	686
667	668
671	55
672	673
676	56
677	678
681	197
682	683
686	201
13	687
13	691
13	692
13	696
13	697
13	701
13	702
13	706
687	688
691	200
692	693
696	201
697	698
701	202
702	703
706	206
14	707
14	711
14	712
14	716
14	717
14	721
14	722
14	726
707	708
711	205
712	713
716	206
717	718
721	207
722	723
726	211
15	727
15	731
15	732
15	736
15	737
15	741
15	742
15	746
727	728
731	165
732	733
736	166
737	738
741	210
742	743
746	211
16	747
16	751
16	752
16	756
16	757
16	761
16	762
16	766
747	748
751	60
752	753
756	61
757	758
761	170
762	763
766	171
17	767
17	771
17	772
17	776
17	777
17	781
17	782
17	786
767	768
771	75
772	773
776	76
777	778
781	212
782	783
786	216
18	787
18	791
18	792
18	796
18	797
18	801
18	802
18	806
787	788
791	215
792	793
796	216
797	798
801	217
802	803
806	221
19	807
19	811
19	812
19	816
19	817
19	821
19	822
19	826
807	808
811	220
812	813
816	221
817	818
821	222
822	823
826	226
20	827
20	831
20	832
20	836
20	837
20	841
20	842
20	846
827	828
831	85
832	833
836	86
837	838
841	225
842	843
846	226
21	847
21	851
21	852
21	856
21	857
21	861
21	862
21	866
847	848
851	80
852	853
856	81
857	858
861	90
862	863
866	91
22	867
22	871
22	872
22	876
22	877
22	881
22	882
22	886
867	868
871	95
872	873
876	96
877	878
881	227
882	883
886	231
23	887
23	891
23	892
23	896
23	897
23	901
23	902
23	906
887	888
891	230
892	893
896	231
897	898
901	232
902	903
906	236
24	907
24	911
24	912
24	916
24	917
24	921
24	922
24	926
907	908
911	235
912	913
916	236
917	918
921	237
922	923
926	241
25	927
25	931
25	932
25	936
25	937
25	941
25	942
25	946
927	928
931	105
932	933
936	106
937	938
941	240
942	943
946	241
26	947
26	951
26	952
26	956
26	957
26	961
26	962
26	966
947	948
951	100
952	953
956	101
957	958
961	110
962	963
966	111
27	967
27	971
27	972
27	976
27	977
27	981
27	982
27	986
967	968
971	115
972	973
976	116
977	978
981	242
982	983
986	246
28	987
28	991
28	992
28	996
28	997
28	1001
28	1002
28	1006
987	988
991	245
992	993
996	246
997	998
1001	247
1002	1003
1006	251
29	1007
29	1011
29	1012
29	1016
29	1017
29	1021
29	1022
29	1026
1007	1008
1011	250
1012	1013
1016	251
1017	1018
1021	252
1022	1023
1026	256
30	1027
30	1031
30	1032
30	1036
30	1037
30	1041
30	1042
30	1046
1027	1028
1031	125
1032	1033
1036	126
1037	1038
1041	255
1042	1043
1046	256
31	1047
31	1051
31	1052
31	1056
31	1057
31	1061
31	1062
31	1066
1047	1048
1051	120
1052	1053
1056	121
1057	1058
1061	130
1062	1063
1066	131
32	1067
32	1071
32	1072
32	1076
32	1077
32	1081
32	1082
32	1086
1067	1068
1071	135
1072	1073
1076	136
1077	1078
1081	257
1082	1083
1086	261
33	1087
33	1091
33	1092
33	1096
33	1097
33	1101
33	1102
33	1106
1087	1088
1091	260
1092	1093
1096	261
1097	1098
1101	262
1102	1103
1106	266
34	1107
34	1111
34	1112
34	1116
34	1117
34	1121
34	1122
34	1126
1107	1108
1111	265
1112	1113
1116	266
1117	1118
1121	267
1122	1123
1126	271
35	1127
35	1131
35	1132
35	1136
35	1137
35	1141
35	1142
35	1146
1127	1128
1131	145
1132	1133
1136	146
1137	1138
1141	270
1142	1143
1146	271
36	1147
36	1151
36	1152
36	1156
36	1157
36	1161
36	1162
36	1166
1147	1148
1151	140
1152	1153
1156	141
1157	1158
1161	150
1162	1163
1166	151
37	1167
37	1171
37	1172
37	1176
37	1177
37	1181
37	1182
37	1186
1167	1168
1171	155
1172	1173
1176	156
1177	1178
1181	272
1182	1183
1186	276
38	1187
38	1191
38	1192
38	1196
38	1197
38	1201
38	1202
38	1206
1187	1188
1191	275
1192	1193
1196	276
1197	1198
1201	277
1202	1203
1206	281
39	1207
39	1211
39	1212
39	1216
39	1217
39	1221
39	1222
39	1226
1207	1208
1211	280
1212	1213
1216	281
1217	1218
1221	282
1222	1223
1226	286
40	1227
40	1231
40	1232
40	1236
40	1237
40	1241
40	1242
40	1246
1227	1228
1231	175
1232	1233
1236	176
1237	1238
1241	285
1242	1243
1246	286
41	1247
41	1251
41	1252
41	1256
41	1257
41	1261
41	1262
41	1266
1247	1248
1251	160
1252	1253
1256	161
1257	1258
1261	180
1262	1263
1266	181
42	290
42	1267
42	1271
290	289
1267	1268
1271	43
43	1270
43	1272
43	1276
1270	1269
1272	1273
1276	44
44	1275
44	1277
44	1281
1275	1274
1277	1278
1281	45
45	570
45	1280
570	569
1280	1279
46	295
46	575
295	294
575	574
47	300
47	1282
47	1286
300	299
1282	1283
1286	48
48	1285
48	1287
48	1291
1285	1284
1287	1288
1291	49
49	1290
49	1292
49	1296
1290	1289
1292	1293
1296	50
50	650
50	1295
650	649
1295	1294
51	305
51	655
305	304
655	654
52	310
52	1297
52	1301
310	309
1297	1298
1301	53
53	1300
53	1302
53	1306
1300	1299
1302	1303
1306	54
54	1305
54	1307
54	1311
1305	1304
1307	1308
1311	55
55	670
55	1310
670	669
1310	1309
56	315
56	675
315	314
675	674
57	320
57	1312
57	1316
320	319
1312	1313
1316	58
58	1315
58	1317
58	1321
1315	1314
1317	1318
1321	59
59	1320
59	1322
59	1326
1320	1319
1322	1323
1326	60
60	750
60	1325
750	749
1325	1324
61	325
61	755
325	324
755	754
62	330
62	1327
62	1331
330	329
1327	1328
1331	63
63	1330
63	1332
63	1336
1330	1329
1332	1333
1336	64
64	1335
64	1337
64	1341
1335	1334
1337	1338
1341	65
65	630
65	1340
630	629
1340	1339
66	335
66	635
335	334
635	634
67	340
67	1342
67	1346
340	339
1342	1343
1346	68
68	1345
68	1347
68	1351
1345	1344
1347	1348
1351	69
69	1350
69	1352
69	1356
1350	1349
1352	1353
1356	70
70	660
70	1355
660	659
1355	1354
71	345
71	665
345	344
665	664
72	350
72	1357
72	1361
350	349
1357	1358
1361	73
73	1360
73	1362
73	1366
1360	1359
1362	1363
1366	74
74	1365
74	1367
74	1371
1365	1364
1367	1368
1371	75
75	770
75	1370
770	769
1370	1369
76	355
76	775
355	354
775	774
77	360
77	1372
77	1376
360	359
1372	1373
1376	78
78	1375
78	1377
78	1381
1375	1374
1377	1378
1381	79
79	1380
79	1382
79	1386
1380	1379
1382	1383
1386	80
80	850
80	1385
850	849
1385	1384
81	365
81	855
365	364
855	854
82	370
82	1387
82	1391
370	369
1387	1388
1391	83
83	1390
83	1392
83	1396
1390	1389
1392	1393
1396	84
84	1395
84	1397
84	1401
1395	1394
1397	1398
1401	85
85	830
85	1400
830	829
1400	1399
86	375
86	835
375	374
835	834
87	380
87	1402
87	1406
380	379
1402	1403
1406	88
88	1405
88	1407
88	1411
1405	1404
1407	1408
1411	89
89	1410
89	1412
89	1416
1410	1409
1412	1413
1416	90
90	860
90	1415
860	859
1415	1414
91	385
91	865
385	384
865	864
92	390
92	1417
92	1421
390	389
1417	1418
1421	93
93	1420
93	1422
93	1426
1420	1419
1422	1423
1426	94
94	1425
94	1427
94	1431
1425	1424
1427	1428
1431	95
95	870
95	1430
870	869
1430	1429
96	395
96	875
395	394
875	874
97	400
97	1432
97	1436
400	399
1432	1433
1436	98
98	1435
98	1437
98	1441
1435	1434
1437	1438
1441	99
99	1440
99	1442
99	1446
1440	1439
1442	1443
1446	100
100	950
100	1445
950	949
1445	1444
101	405
101	955
405	404
955	954
102	410
102	1447
102	1451
410	409
1447	1448
1451	103
103	1450
103	1452
103	1456
1450	1449
1452	1453
1456	104
104	1455
104	1457
104	1461
1455	1454
1457	1458
1461	105
105	930
105	1460
930	929
1460	1459
106	415
106	935
415	414
935	934
107	420
107	1462
107	1466
420	419
1462	1463
1466	108
108	1465
108	1467
108	1471
1465	1464
1467	1468
1471	109
109	1470
109	1472
109	1476
1470	1469
1472	1473
1476	110
110	960
110	1475
960	959
1475	1474
111	425
111	965
425	424
965	964
112	430
112	1477
112	1481
430	429
1477	1478
1481	113
113	1480
113	1482
113	1486
1480	1479
1482	1483
1486	114
114	1485
114	1487
114	1491
1485	1484
1487	1488
1491	115
115	970
115	1490
970	969
1490	1489
116	435
116	975
435	434
975	974
117	440
117	1492
117	1496
440	439
1492	1493
1496	118
118	1495
118	1497
118	1501
1495	1494
1497	1498
1501	119
119	1500
119	1502
119	1506
1500	1499
1502	1503
1506	120
120	1050
120	1505
1050	1049
1505	1504
121	445
121	1055
445	444
1055	1054
122	450
122	1507
122	1511
450	449
1507	1508
1511	123
123	1510
123	1512
123	1516
1510	1509
1512	1513
1516	124
124	1515
124	1517
124	1521
1515	1514
1517	1518
1521	125
125	1030
125	1520
1030	1029
1520	1519
126	455
126	1035
455	454
1035	1034
127	460
127	1522
127	1526
460	459
1522	1523
1526	128
128	1525
128	1527
128	1531
1525	1524
1527	1528
1531	129
129	1530
129	1532
129	1536
1530	1529
1532	1533
1536	130
130	1060
130	1535
1060	1059
1535	1534
131	465
131	1065
465	464
1065	1064
132	470
132	1537
132	1541
470	469
1537	1538
1541	133
133	1540
133	1542
133	1546
1540	1539
1542	1543
1546	134
134	1545
134	1547
134	1551
1545	1544
1547	1548
1551	135
135	1070
135	1550
1070	1069
1550	1549
136	475
136	1075
475	474
1075	1074
137	480
137	1552
137	1556
480	479
1552	1553
1556	138
138	1555
138	1557
138	1561
1555	1554
1557	1558
1561	139
139	1560
139	1562
139	1566
1560	1559
1562	1563
1566	140
140	1150
140	1565
1150	1149
1565	1564
141	485
141	1155
485	484
1155	1154
142	490
142	1567
142	1571
490	489
1567	1568
1571	143
143	1570
143	1572
143	1576
1570	1569
1572	1573
1576	144
144	1575
144	1577
144	1581
1575	1574
1577	1578
1581	145
145	1130
145	1580
1130	1129
1580	1579
146	495
146	1135
495	494
1135	1134
147	500
147	1582
147	1586
500	499
1582	1583
1586	148
148	1585
148	1587
148	1591
1585	1584
1587	1588
1591	149
149	1590
149	1592
149	1596
1590	1589
1592	1593
1596	150
150	1160
150	1595
1160	1159
1595	1594
151	505
151	1165
505	504
1165	1164
152	510
152	1597
152	1601
510	509
1597	1598
1601	153
153	1600
153	1602
153	1606
1600	1599
1602	1603
1606	154
154	1605
154	1607
154	1611
1605	1604
1607	1608
1611	155
155	1170
155	1610
1170	1169
1610	1609
156	515
156	1175
515	514
1175	1174
157	520
157	1612
157	1616
520	519
1612	1613
1616	158
158	1615
158	1617
158	1621
1615	1614
1617	1618
1621	159
159	1620
159	1622
159	1626
1620	1619
1622	1623
1626	160
160	1250
160	1625
1250	1249
1625	1624
161	525
161	1255
525	524
1255	1254
162	530
162	1627
162	1631
530	529
1627	1628
1631	163
163	1630
163	1632
163	1636
1630	1629
1632	1633
1636	164
164	1635
164	1637
164	1641
1635	1634
1637	1638
1641	165
165	730
165	1640
730	729
1640	1639
166	535
166	735
535	534
735	734
167	540
167	1642
167	1646
540	539
1642	1643
1646	168
168	1645
168	1647
168	1651
1645	1644
1647	1648
1651	169
169	1650
169	1652
169	1656
1650	1649
1652	1653
1656	170
170	760
170	1655
760	759
1655	1654
171	545
171	765
545	544
765	764
172	550
172	1657
172	1661
550	549
1657	1658
1661	173
173	1660
173	1662
173	1666
1660	1659
1662	1663
1666	174
174	1665
174	1667
174	1671
1665	1664
1667	1668
1671	175
175	1230
175	1670
1230	1229
1670	1669
176	555
176	1235
555	554
1235	1234
177	560
177	1672
177	1676
560	559
1672	1673
1676	178
178	1675
178	1677
178	1681
1675	1674
1677	1678
1681	179
179	1680
179	1682
179	1686
1680	1679
1682	1683
1686	180
180	1260
180	1685
1260	1259
1685	1684
181	565
181	1265
565	564
1265	1264
182	580
182	1687
182	1691
580	579
1687	1688
1691	183
183	1690
183	1692
183	1696
1690	1689
1692	1693
1696	184
184	1695
184	1697
184	1701
1695	1694
1697	1698
1701	185
185	590
185	1700
590	589
1700	1699
186	585
186	595
585	584
595	594
187	600
187	1702
187	1706
600	599
1702	1703
1706	188
188	1705
188	1707
188	1711
1705	1704
1707	1708
1711	189
189	1710
189	1712
189	1716
1710	1709
1712	1713
1716	190
190	610
190	1715
610	609
1715	1714
191	605
191	615
605	604
615	614
192	620
192	1717
192	1721
620	619
1717	1718
1721	193
193	1720
193	1722
193	1726
1720	1719
1722	1723
1726	194
194	1725
194	1727
194	1731
1725	1724
1727	1728
1731	195
195	640
195	1730
640	639
1730	1729
196	625
196	645
625	624
645	644
197	680
197	1732
197	1736
680	679
1732	1733
1736	198
198	1735
198	1737
198	1741
1735	1734
1737	1738
1741	199
199	1740
199	1742
199	1746
1740	1739
1742	1743
1746	200
200	690
200	1745
690	689
1745	1744
201	685
201	695
685	684
695	694
202	700
202	1747
202	1751
700	699
1747	1748
1751	203
203	1750
203	1752
203	1756
1750	1749
1752	1753
1756	204
204	1755
204	1757
204	1761
1755	1754
1757	1758
1761	205
205	710
205	1760
710	709
1760	1759
206	705
206	715
705	704
715	714
207	720
207	1762
207	1766
720	719
1762	1763
1766	208
208	1765
208	1767
208	1771
1765	1764
1767	1768
1771	209
209	1770
209	1772
209	1776
1770	1769
1772	1773
1776	210
210	740
210	1775
740	739
1775	1774
211	725
211	745
725	724
745	744
212	780
212	1777
212	1781
780	779
1777	1778
1781	213
213	1780
213	1782
213	1786
1780	1779
1782	1783
1786	214
214	1785
214	1787
214	1791
1785	1784
1787	1788
1791	215
215	790
215	1790
790	789
1790	1789
216	785
216	795
785	784
795	794
217	800
217	1792
217	1796
800	799
1792	1793
1796	218
218	1795
218	1797
218	1801
1795	1794
1797	1798
1801	219
219	1800
219	1802
219	1806
1800	1799
1802	1803
1806	220
220	810
220	1805
810	809
1805	1804
221	805
221	815
805	804
815	814
222	820
222	1807
222	1811
820	819
1807	1808
1811	223
223	1810
223	1812
223	1816
1810	1809
1812	1813
1816	224
224	1815
224	1817
224	1821
1815	1814
1817	1818
1821	225
225	840
225	1820
840	839
1820	1819
226	825
226	845
825	824
845	844
227	880
227	1822
227	1826
880	879
1822	1823
1826	228
228	1825
228	1827
228	1831
1825	1824
1827	1828
1831	229
229	1830
229	1832
229	1836
1830	1829
1832	1833
1836	230
230	890
230	1835
890	889
1835	1834
231	885
231	895
885	884
895	894
232	900
232	1837
232	1841
900	899
1837	1838
1841	233
233	1840
233	1842
233	1846
1840	1839
1842	1843
1846	234
234	1845
234	1847
234	1851
1845	1844
1847	1848
1851	235
235	910
235	1850
910	909
1850	1849
236	905
236	915
905	904
915	914
237	920
237	1852
237	1856
920	919
1852	1853
1856	238
238	1855
238	1857
238	1861
1855	1854
1857	1858
1861	239
239	1860
239	1862
239	1866
1860	1859
1862	1863
1866	240
240	940
240	1865
940	939
1865	1864
241	925
241	945
925	924
945	944
242	980
242	1867
242	1871
980	979
1867	1868
1871	243
243	1870
243	1872
243	1876
1870	1869
1872	1873
1876	244
244	1875
244	1877
244	1881
1875	1874
1877	1878
1881	245
245	990
245	1880
990	989
1880	1879
246	985
246	995
985	984
995	994
247	1000
247	1882
247	1886
1000	999
1882	1883
1886	248
248	1885
248	1887
248	1891
1885	1884
1887	1888
1891	249
249	1890
249	1892
249	1896
1890	1889
1892	1893
1896	250
250	1010
250	1895
1010	1009
1895	1894
251	1005
251	1015
1005	1004
1015	1014
252	1020
252	1897
252	1901
1020	1019
1897	1898
1901	253
253	1900
253	1902
253	1906
1900	1899
1902	1903
1906	254
254	1905
254	1907
254	1911
1905	1904
1907	1908
1911	255
255	1040
255	1910
1040	1039
1910	1909
256	1025
256	1045
1025	1024
1045	1044
257	1080
257	1912
257	1916
1080	1079
1912	1913
1916	258
258	1915
258	1917
258	1921
1915	1914
1917	1918
1921	259
259	1920
259	1922
259	1926
1920	1919
1922	1923
1926	260
260	1090
260	1925
1090	1089
1925	1924
261	1085
261	1095
1085	1084
1095	1094
262	1100
262	1927
262	1931
1100	1099
1927	1928
1931	263
263	1930
263	1932
263	1936
1930	1929
1932	1933
1936	264
264	1935
264	1937
264	1941
1935	1934
1937	1938
1941	265
265	1110
265	1940
1110	1109
1940	1939
266	1105
266	1115
1105	1104
1115	1114
267	1120
267	1942
267	1946
1120	1119
1942	1943
1946	268
268	1945
268	1947
268	1951
1945	1944
1947	1948
1951	269
269	1950
269	1952
269	1956
1950	1949
1952	1953
1956	270
270	1140
270	1955
1140	1139
1955	1954
271	1125
271	1145
1125	1124
1145	1144
272	1180
272	1957
272	1961
1180	1179
1957	1958
1961	273
273	1960
273	1962
273	1966
1960	1959
1962	1963
1966	274
274	1965
274	1967
274	1971
1965	1964
1967	1968
1971	275
275	1190
275	1970
1190	1189
1970	1969
276	1185
276	1195
1185	1184
1195	1194
277	1200
277	1972
277	1976
1200	1199
1972	1973
1976	278
278	1975
278	1977
278	1981
1975	1974
1977	1978
1981	279
279	1980
279	1982
279	1986
1980	1979
1982	1983
1986	280
280	1210
280	1985
1210	1209
1985	1984
281	1205
281	1215
1205	1204
1215	1214
282	1220
282	1987
282	1991
1220	1219
1987	1988
1991	283
283	1990
283	1992
283	1996
1990	1989
1992	1993
1996	284
284	1995
284	1997
284	2001
1995	1994
1997	1998
2001	285
285	1240
285	2000
1240	1239
2000	1999
286	1225
286	1245
1225	1224
1245	1244
288	289
293	294
298	299
303	304
308	309
313	314
318	319
323	324
328	329
333	334
338	339
343	344
348	349
353	354
358	359
363	364
368	369
373	374
378	379
383	384
388	389
393	394
398	399
403	404
408	409
413	414
418	419
423	424
428	429
433	434
438	439
443	444
448	449
453	454
458	459
463	464
468	469
473	474
478	479
483	484
488	489
493	494
498	499
503	504
508	509
513	514
518	519
523	524
528	529
533	534
538	539
543	544
548	549
553	554
558	559
563	564
568	569
573	574
578	579
583	584
588	589
593	594
598	599
603	604
608	609
613	614
618	619
623	624
628	629
633	634
638	639
643	644
648	649
653	654
658	659
663	664
668	669
673	674
678	679
683	684
688	689
693	694
698	699
703	704
708	709
713	714
718	719
723	724
728	729
733	734
738	739
743	744
748	749
753	754
758	759
763	764
768	769
773	774
778	779
783	784
788	789
793	794
798	799
803	804
808	809
813	814
818	819
823	824
828	829
833	834
838	839
843	844
848	849
853	854
858	859
863	864
868	869
873	874
878	879
883	884
888	889
893	894
898	899
903	904
908	909
913	914
918	919
923	924
928	929
933	934
938	939
943	944
948	949
953	954
958	959
963	964
968	969
973	974
978	979
983	984
988	989
993	994
998	999
1003	1004
1008	1009
1013	1014
1018	1019
1023	1024
1028	1029
1033	1034
1038	1039
1043	1044
1048	1049
1053	1054
1058	1059
1063	1064
1068	1069
1073	1074
1078	1079
1083	1084
1088	1089
1093	1094
1098	1099
1103	1104
1108	1109
1113	1114
1118	1119
1123	1124
1128	1129
1133	1134
1138	1139
1143	1144
1148	1149
1153	1154
1158	1159
1163	1164
1168	1169
1173	1174
1178	1179
1183	1184
1188	1189
1193	1194
1198	1199
1203	1204
1208	1209
1213	1214
1218	1219
1223	1224
1228	1229
1233	1234
1238	1239
1243	1244
1248	1249
1253	1254
1258	1259
1263	1264
1268	1269
1273	1274
1278	1279
1283	1284
1288	1289
1293	1294
1298	1299
1303	1304
1308	1309
1313	1314
1318	1319
1323	1324
1328	1329
1333	1334
1338	1339
1343	1344
1348	1349
1353	1354
1358	1359
1363	1364
1368	1369
1373	1374
1378	1379
1383	1384
1388	1389
1393	1394
1398	1399
1403	1404
1408	1409
1413	1414
1418	1419
1423	1424
1428	1429
1433	1434
1438	1439
1443	1444
1448	1449
1453	1454
1458	1459
1463	1464
1468	1469
1473	1474
1478	1479
1483	1484
1488	1489
1493	1494
1498	1499
1503	1504
1508	1509
1513	1514
1518	1519
1523	1524
1528	1529
1533	1534
1538	1539
1543	1544
1548	1549
1553	1554
1558	1559
1563	1564
1568	1569
1573	1574
1578	1579
1583	1584
1588	1589
1593	1594
1598	1599
1603	1604
1608	1609
1613	1614
1618	1619
1623	1624
1628	1629
1633	1634
1638	1639
1643	1644
1648	1649
1653	1654
1658	1659
1663	1664
1668	1669
1673	1674
1678	1679
1683	1684
1688	1689
1693	1694
1698	1699
1703	1704
1708	1709
1713	1714
1718	1719
1723	1724
1728	1729
1733	1734
1738	1739
1743	1744
1748	1749
1753	1754
1758	1759
1763	1764
1768	1769
1773	1774
1778	1779
1783	1784
1788	1789
1793	1794
1798	1799
1803	1804
1808	1809
1813	1814
1818	1819
1823	1824
1828	1829
1833	1834
1838	1839
1843	1844
1848	1849
1853	1854
1858	1859
1863	1864
1868	1869
1873	1874
1878	1879
1883	1884
1888	1889
1893	1894
1898	1899
1903	1904
1908	1909
1913	1914
1918	1919
1923	1924
1928	1929
1933	1934
1938	1939
1943	1944
1948	1949
1953	1954
1958	1959
1963	1964
1968	1969
1973	1974
1978	1979
1983	1984
1988	1989
1993	1994
1998	1999
