0	639
0	644
0	646
0	651
0	653
0	658
0	660
0	665
0	667
0	672
0	674
0	679
0	681
0	686
0	688
0	693
639	640
644	645
646	647
651	652
653	654
658	659
660	661
665	666
667	668
672	673
674	675
679	680
681	682
686	687
688	689
693	694
1	695
1	700
1	702
1	707
1	709
1	714
1	716
1	721
1	723
1	728
1	730
1	735
1	737
1	742
1	744
1	749
695	696
700	701
702	703
707	708
709	710
714	715
716	717
721	722
723	724
728	729
730	731
735	736
737	738
742	743
744	745
749	750
2	751
2	756
2	758
2	763
2	765
2	770
2	772
2	777
2	779
2	784
2	786
2	791
2	793
2	798
2	800
2	805
751	752
756	757
758	759
763	764
765	766
770	771
772	773
777	778
779	780
784	785
786	787
791	792
793	794
798	799
800	801
805	806
3	807
3	812
3	814
3	819
3	821
3	826
3	828
3	833
3	835
3	840
3	842
3	847
3	849
3	854
3	856
3	861
807	808
812	813
814	815
819	820
821	822
826	827
828	829
833	834
835	836
840	841
842	843
847	848
849	850
854	855
856	857
861	862
4	863
4	868
4	870
4	875
4	877
4	882
4	884
4	889
4	891
4	896
4	898
4	903
4	905
4	910
4	912
4	917
863	864
868	869
870	871
875	876
877	878
882	883
884	885
889	890
891	892
896	897
898	899
903	904
905	906
910	911
912	913
917	918
5	919
5	924
5	926
5	931
5	933
5	938
5	940
5	945
5	947
5	952
5	954
5	959
5	961
5	966
5	968
5	973
919	920
924	925
926	927
931	932
933	934
938	939
940	941
945	946
947	948
952	953
954	955
959	960
961	962
966	967
968	969
973	974
6	975
6	980
6	982
6	987
6	989
6	994
6	996
6	1001
6	1003
6	1008
6	1010
6	1015
6	1017
6	1022
6	1024
6	1029
975	976
980	981
982	983
987	988
989	990
994	995
996	997
1001	1002
1003	1004
1008	1009
1010	1011
1015	1016
1017	1018
1022	1023
1024	1025
1029	1030
7	1031
7	1036
7	1038
7	1043
7	1045
7	1050
7	1052
7	1057
7	1059
7	1064
7	1066
7	1071
7	1073
7	1078
7	1080
7	1085
1031	1032
1036	1037
1038	1039
1043	1044
1045	1046
1050	1051
1052	1053
1057	1058
1059	1060
1064	1065
1066	1067
1071	1072
1073	1074
1078	1079
1080	1081
1085	1086
8	1087
8	1092
8	1094
8	1099
8	1101
8	1106
8	1108
8	1113
8	1115
8	1120
8	1122
8	1127
8	1129
8	1134
8	1136
8	1141
1087	1088
1092	1093
1094	1095
1099	1100
1101	1102
1106	1107
1108	1109
1113	1114
1115	1116
1120	1121
1122	1123
1127	1128
1129	1130
1134	1135
1136	1137
1141	1142
9	1143
9	1148
9	1150
9	1155
9	1157
9	1162
9	1164
9	1169
1143	1144
1148	1149
1150	1151
1155	1156
1157	1158
1162	1163
1164	1165
1169	1170
10	1171
10	1176
10	1178
10	1183
10	1185
10	1190
10	1192
10	1197
1171	1172
1176	1177
1178	1179
1183	1184
1185	1186
1190	1191
1192	1193
1197	1198
11	1199
11	1204
11	1206
11	1211
11	1213
11	1218
11	1220
11	1225
1199	1200
1204	1205
1206	1207
1211	1212
1213	1214
1218	1219
1220	1221
1225	1226
12	1227
12	1232
12	1234
12	1239
12	1241
12	1246
12	1248
12	1253
1227	1228
1232	1233
1234	1235
1239	1240
1241	1242
1246	1247
1248	1249
1253	1254
13	1255
13	1260
13	1262
13	1267
13	1269
13	1274
13	1276
13	1281
1255	1256
1260	1261
1262	1263
1267	1268
1269	1270
1274	1275
1276	1277
1281	1282
14	1283
14	1288
14	1290
14	1295
14	1297
14	1302
14	1304
14	1309
1283	1284
1288	1289
1290	1291
1295	1296
1297	1298
1302	1303
1304	1305
1309	1310
15	1311
15	1316
15	1318
15	1323
15	1325
15	1330
15	1332
15	1337
1311	1312
1316	1317
1318	1319
1323	1324
1325	1326
1330	1331
1332	1333
1337	1338
16	1339
16	1344
16	1346
16	1351
16	1353
16	1358
16	1360
16	1365
1339	1340
1344	1345
1346	1347
1351	1352
1353	1354
1358	1359
1360	1361
1365	1366
17	1367
17	1372
17	1374
17	1379
17	1381
17	1386
17	1388
17	1393
1367	1368
1372	1373
1374	1375
1379	1380
1381	1382
1386	1387
1388	1389
1393	1394
18	1395
18	1400
18	1402
18	1407
18	1409
18	1414
18	1416
18	1421
1395	1396
1400	1401
1402	1403
1407	1408
1409	1410
1414	1415
1416	1417
1421	1422
19	1423
19	1428
19	1430
19	1435
19	1437
19	1442
19	1444
19	1449
1423	1424
1428	1429
1430	1431
1435	1436
1437	1438
1442	1443
1444	1445
1449	1450
20	1451
20	1456
20	1458
20	1463
20	1465
20	1470
20	1472
20	1477
1451	1452
1456	1457
1458	1459
1463	1464
1465	1466
1470	1471
1472	1473
1477	1478
21	1479
21	1484
21	1486
21	1491
21	1493
21	1498
21	1500
21	1505
1479	1480
1484	1485
1486	1487
1491	1492
1493	1494
1498	1499
1500	1501
1505	1506
22	1507
22	1512
22	1514
22	1519
22	1521
22	1526
22	1528
22	1533
1507	1508
1512	1513
1514	1515
1519	1520
1521	1522
1526	1527
1528	1529
1533	1534
23	1535
23	1540
23	1542
23	1547
23	1549
23	1554
23	1556
23	1561
1535	1536
1540	1541
1542	1543
1547	1548
1549	1550
1554	1555
1556	1557
1561	1562
24	1563
24	1568
24	1570
24	1575
24	1577
24	1582
24	1584
24	1589
1563	1564
1568	1569
1570	1571
1575	1576
1577	1578
1582	1583
1584	1585
1589	1590
25	1591
25	1596
25	1598
25	1603
25	1605
25	1610
25	1612
25	1617
1591	1592
1596	1597
1598	1599
1603	1604
1605	1606
1610	1611
1612	1613
1617	1618
26	1619
26	1624
26	1626
26	1631
26	1633
26	1638
26	1640
26	1645
1619	1620
1624	1625
1626	1627
1631	1632
1633	1634
1638	1639
1640	1641
1645	1646
27	1647
27	1652
27	1654
27	1659
27	1661
27	1666
27	1668
27	1673
1647	1648
1652	1653
1654	1655
1659	1660
1661	1662
1666	1667
1668	1669
1673	1674
28	1675
28	1680
28	1682
28	1687
28	1689
28	1694
28	1696
28	1701
1675	1676
1680	1681
1682	1683
1687	1688
1689	1690
1694	1695
1696	1697
1701	1702
29	1703
29	1708
29	1710
29	1715
29	1717
29	1722
29	1724
29	1729
1703	1704
1708	1709
1710	1711
1715	1716
1717	1718
1722	1723
1724	1725
1729	1730
30	1731
30	1736
30	1738
30	1743
30	1745
30	1750
30	1752
30	1757
1731	1732
1736	1737
1738	1739
1743	1744
1745	1746
1750	1751
1752	1753
1757	1758
31	1759
31	1764
31	1766
31	1771
31	1773
31	1778
31	1780
31	1785
1759	1760
1764	1765
1766	1767
1771	1772
1773	1774
1778	1779
1780	1781
1785	1786
32	1787
32	1792
32	1794
32	1799
32	1801
32	1806
32	1808
32	1813
1787	1788
1792	1793
1794	1795
1799	1800
1801	1802
1806	1807
1808	1809
1813	1814
33	1815
33	1820
33	1822
33	1827
33	1829
33	1834
33	1836
33	1841
1815	1816
1820	1821
1822	1823
1827	1828
1829	1830
1834	1835
1836	1837
1841	1842
34	1843
34	1848
34	1850
34	1855
34	1857
34	1862
34	1864
34	1869
1843	1844
1848	1849
1850	1851
1855	1856
1857	1858
1862	1863
1864	1865
1869	1870
35	1871
35	1876
35	1878
35	1883
35	1885
35	1890
35	1892
35	1897
1871	1872
1876	1877
1878	1879
1883	1884
1885	1886
1890	1891
1892	1893
1897	1898
36	1899
36	1904
36	1906
36	1911
36	1913
36	1918
36	1920
36	1925
1899	1900
1904	1905
1906	1907
1911	1912
1913	1914
1918	1919
1920	1921
1925	1926
37	1927
37	1932
37	1934
37	1939
37	1941
37	1946
37	1948
37	1953
1927	1928
1932	1933
1934	1935
1939	1940
1941	1942
1946	1947
1948	1949
1953	1954
38	1955
38	1960
38	1962
38	1967
38	1969
38	1974
38	1976
38	1981
1955	1956
1960	1961
1962	1963
1967	1968
1969	1970
1974	1975
1976	1977
1981	1982
39	1983
39	1988
39	1990
39	1995
39	1997
39	2002
39	2004
39	2009
1983	1984
1988	1989
1990	1991
1995	1996
1997	1998
2002	2003
2004	2005
2009	2010
40	2011
40	2016
40	2018
40	2023
40	2025
40	2030
40	2032
40	2037
2011	2012
2016	2017
2018	2019
2023	2024
2025	2026
2030	2031
2032	2033
2037	2038
41	2039
41	2044
41	2046
41	2051
41	2053
41	2058
41	2060
41	2065
2039	2040
2044	2045
2046	2047
2051	2052
2053	2054
2058	2059
2060	2061
2065	2066
42	2067
42	2072
42	2074
42	2079
42	2081
42	2086
42	2088
42	2093
2067	2068
2072	2073
2074	2075
2079	2080
2081	2082
2086	2087
2088	2089
2093	2094
43	2095
43	2100
43	2102
43	2107
43	2109
43	2114
43	2116
43	2121
2095	2096
2100	2101
2102	2103
2107	2108
2109	2110
2114	2115
2116	2117
2121	2122
44	2123
44	2128
44	2130
44	2135
44	2137
44	2142
44	2144
44	2149
2123	2124
2128	2129
2130	2131
2135	2136
2137	2138
2142	2143
2144	2145
2149	2150
45	2151
45	2156
45	2158
45	2163
45	2165
45	2170
45	2172
45	2177
2151	2152
2156	2157
2158	2159
2163	2164
2165	2166
2170	2171
2172	2173
2177	2178
46	2179
46	2184
46	2186
46	2191
46	2193
46	2198
46	2200
46	2205
2179	2180
2184	2185
2186	2187
2191	2192
2193	2194
2198	2199
2200	2201
2205	2206
47	2207
47	2212
47	2214
47	2219
47	2221
47	2226
47	2228
47	2233
2207	2208
2212	2213
2214	2215
2219	2220
2221	2222
2226	2227
2228	2229
2233	2234
48	2235
48	2240
48	2242
48	2247
48	2249
48	2254
48	2256
48	2261
2235	2236
2240	2241
2242	2243
2247	2248
2249	2250
2254	2255
2256	2257
2261	2262
49	2263
49	2268
49	2270
49	2275
49	2277
49	2282
49	2284
49	2289
2263	2264
2268	2269
2270	2271
2275	2276
2277	2278
2282	2283
2284	2285
2289	2290
50	2291
50	2296
50	2298
50	2303
50	2305
50	2310
50	2312
50	2317
2291	2292
2296	2297
2298	2299
2303	2304
2305	2306
2310	2311
2312	2313
2317	2318
51	2319
51	2324
51	2326
51	2331
51	2333
51	2338
51	2340
51	2345
2319	2320
2324	2325
2326	2327
2331	2332
2333	2334
2338	2339
2340	2341
2345	2346
52	2347
52	2352
52	2354
52	2359
52	2361
52	2366
52	2368
52	2373
2347	2348
2352	2353
2354	2355
2359	2360
2361	2362
2366	2367
2368	2369
2373	2374
53	2375
53	2380
53	2382
53	2387
53	2389
53	2394
53	2396
53	2401
2375	2376
2380	2381
2382	2383
2387	2388
2389	2390
2394	2395
2396	2397
2401	2402
54	2403
54	2408
54	2410
54	2415
54	2417
54	2422
54	2424
54	2429
2403	2404
2408	2409
2410	2411
2415	2416
2417	2418
2422	2423
2424	2425
2429	2430
55	2431
55	2436
55	2438
55	2443
55	2445
55	2450
55	2452
55	2457
2431	2432
2436	2437
2438	2439
2443	2444
2445	2446
2450	2451
2452	2453
2457	2458
56	2459
56	2464
56	2466
56	2471
56	2473
56	2478
56	2480
56	2485
2459	2460
2464	2465
2466	2467
2471	2472
2473	2474
2478	2479
2480	2481
2485	2486
57	2487
57	2492
57	2494
57	2499
57	2501
57	2506
57	2508
57	2513
2487	2488
2492	2493
2494	2495
2499	2500
2501	2502
2506	2507
2508	2509
2513	2514
58	2515
58	2520
58	2522
58	2527
58	2529
58	2534
58	2536
58	2541
2515	2516
2520	2521
2522	2523
2527	2528
2529	2530
2534	2535
2536	2537
2541	2542
59	2543
59	2548
59	2550
59	2555
59	2557
59	2562
59	2564
59	2569
2543	2544
2548	2549
2550	2551
2555	2556
2557	2558
2562	2563
2564	2565
2569	2570
60	2571
60	2576
60	2578
60	2583
60	2585
60	2590
60	2592
60	2597
2571	2572
2576	2577
2578	2579
2583	2584
2585	2586
2590	2591
2592	2593
2597	2598
61	2599
61	2604
61	2606
61	2611
61	2613
61	2618
61	2620
61	2625
2599	2600
2604	2605
2606	2607
2611	2612
2613	2614
2618	2619
2620	2621
2625	2626
62	2627
62	2632
62	2634
62	2639
62	2641
62	2646
62	2648
62	2653
2627	2628
2632	2633
2634	2635
2639	2640
2641	2642
2646	2647
2648	2649
2653	2654
63	2655
63	2660
63	2662
63	2667
63	2669
63	2674
63	2676
63	2681
2655	2656
2660	2661
2662	2663
2667	2668
2669	2670
2674	2675
2676	2677
2681	2682
64	2683
64	2688
64	2690
64	2695
64	2697
64	2702
64	2704
64	2709
2683	2684
2688	2689
2690	2691
2695	2696
2697	2698
2702	2703
2704	2705
2709	2710
65	2711
65	2716
65	2718
65	2723
65	2725
65	2730
65	2732
65	2737
2711	2712
2716	2717
2718	2719
2723	2724
2725	2726
2730	2731
2732	2733
2737	2738
66	2739
66	2744
66	2746
66	2751
66	2753
66	2758
66	2760
66	2765
2739	2740
2744	2745
2746	2747
2751	2752
2753	2754
2758	2759
2760	2761
2765	2766
67	2767
67	2772
67	2774
67	2779
67	2781
67	2786
67	2788
67	2793
2767	2768
2772	2773
2774	2775
2779	2780
2781	2782
2786	2787
2788	2789
2793	2794
68	2795
68	2800
68	2802
68	2807
68	2809
68	2814
68	2816
68	2821
2795	2796
2800	2801
2802	2803
2807	2808
2809	2810
2814	2815
2816	2817
2821	2822
69	2823
69	2828
69	2830
69	2835
69	2837
69	2842
69	2844
69	2849
2823	2824
2828	2829
2830	2831
2835	2836
2837	2838
2842	2843
2844	2845
2849	2850
70	2851
70	2856
70	2858
70	2863
70	2865
70	2870
70	2872
70	2877
2851	2852
2856	2857
2858	2859
2863	2864
2865	2866
2870	2871
2872	2873
2877	2878
71	2879
71	2884
71	2886
71	2891
71	2893
71	2898
71	2900
71	2905
2879	2880
2884	2885
2886	2887
2891	2892
2893	2894
2898	2899
2900	2901
2905	2906
72	643
72	645
72	2907
72	2912
643	642
2907	2908
2912	2913
73	2911
73	2913
73	2914
73	2919
2911	2910
2914	2915
2919	2920
74	2918
74	2920
74	2921
74	2926
2918	2917
2921	2922
2926	2927
75	2925
75	2927
75	2928
75	2933
2925	2924
2928	2929
2933	2934
76	1147
76	1149
76	2932
76	2934
1147	1146
2932	2931
77	650
77	652
77	2935
77	2940
650	649
2935	2936
2940	2941
78	1154
78	1156
78	2939
78	2941
1154	1153
2939	2938
79	657
79	659
79	2942
79	2947
657	656
2942	2943
2947	2948
80	2946
80	2948
80	2949
80	2954
2946	2945
2949	2950
2954	2955
81	2953
81	2955
81	2956
81	2961
2953	2952
2956	2957
2961	2962
82	2960
82	2962
82	2963
82	2968
2960	2959
2963	2964
2968	2969
83	1287
83	1289
83	2967
83	2969
1287	1286
2967	2966
84	664
84	666
84	2970
84	2975
664	663
2970	2971
2975	2976
85	1294
85	1296
85	2974
85	2976
1294	1293
2974	2973
86	671
86	673
86	2977
86	2982
671	670
2977	2978
2982	2983
87	2981
87	2983
87	2984
87	2989
2981	2980
2984	2985
2989	2990
88	2988
88	2990
88	2991
88	2996
2988	2987
2991	2992
2996	2997
89	2995
89	2997
89	2998
89	3003
2995	2994
2998	2999
3003	3004
90	1343
90	1345
90	3002
90	3004
1343	1342
3002	3001
91	678
91	680
91	3005
91	3010
678	677
3005	3006
3010	3011
92	1350
92	1352
92	3009
92	3011
1350	1349
3009	3008
93	685
93	687
93	3012
93	3017
685	684
3012	3013
3017	3018
94	3016
94	3018
94	3019
94	3024
3016	3015
3019	3020
3024	3025
95	3023
95	3025
95	3026
95	3031
3023	3022
3026	3027
3031	3032
96	3030
96	3032
96	3033
96	3038
3030	3029
3033	3034
3038	3039
97	1483
97	1485
97	3037
97	3039
1483	1482
3037	3036
98	692
98	694
98	3040
98	3045
692	691
3040	3041
3045	3046
99	1490
99	1492
99	3044
99	3046
1490	1489
3044	3043
100	699
100	701
100	3047
100	3052
699	698
3047	3048
3052	3053
101	3051
101	3053
101	3054
101	3059
3051	3050
3054	3055
3059	3060
102	3058
102	3060
102	3061
102	3066
3058	3057
3061	3062
3066	3067
103	3065
103	3067
103	3068
103	3073
3065	3064
3068	3069
3073	3074
104	1259
104	1261
104	3072
104	3074
1259	1258
3072	3071
105	706
105	708
105	3075
105	3080
706	705
3075	3076
3080	3081
106	1266
106	1268
106	3079
106	3081
1266	1265
3079	3078
107	713
107	715
107	3082
107	3087
713	712
3082	3083
3087	3088
108	3086
108	3088
108	3089
108	3094
3086	3085
3089	3090
3094	3095
109	3093
109	3095
109	3096
109	3101
3093	3092
3096	3097
3101	3102
110	3100
110	3102
110	3103
110	3108
3100	3099
3103	3104
3108	3109
111	1315
111	1317
111	3107
111	3109
1315	1314
3107	3106
112	720
112	722
112	3110
112	3115
720	719
3110	3111
3115	3116
113	1322
113	1324
113	3114
113	3116
1322	1321
3114	3113
114	727
114	729
114	3117
114	3122
727	726
3117	3118
3122	3123
115	3121
115	3123
115	3124
115	3129
3121	3120
3124	3125
3129	3130
116	3128
116	3130
116	3131
116	3136
3128	3127
3131	3132
3136	3137
117	3135
117	3137
117	3138
117	3143
3135	3134
3138	3139
3143	3144
118	1539
118	1541
118	3142
118	3144
1539	1538
3142	3141
119	734
119	736
119	3145
119	3150
734	733
3145	3146
3150	3151
120	1546
120	1548
120	3149
120	3151
1546	1545
3149	3148
121	741
121	743
121	3152
121	3157
741	740
3152	3153
3157	3158
122	3156
122	3158
122	3159
122	3164
3156	3155
3159	3160
3164	3165
123	3163
123	3165
123	3166
123	3171
3163	3162
3166	3167
3171	3172
124	3170
124	3172
124	3173
124	3178
3170	3169
3173	3174
3178	3179
125	1679
125	1681
125	3177
125	3179
1679	1678
3177	3176
126	748
126	750
126	3180
126	3185
748	747
3180	3181
3185	3186
127	1686
127	1688
127	3184
127	3186
1686	1685
3184	3183
128	755
128	757
128	3187
128	3192
755	754
3187	3188
3192	3193
129	3191
129	3193
129	3194
129	3199
3191	3190
3194	3195
3199	3200
130	3198
130	3200
130	3201
130	3206
3198	3197
3201	3202
3206	3207
131	3205
131	3207
131	3208
131	3213
3205	3204
3208	3209
3213	3214
132	1651
132	1653
132	3212
132	3214
1651	1650
3212	3211
133	762
133	764
133	3215
133	3220
762	761
3215	3216
3220	3221
134	1658
134	1660
134	3219
134	3221
1658	1657
3219	3218
135	769
135	771
135	3222
135	3227
769	768
3222	3223
3227	3228
136	3226
136	3228
136	3229
136	3234
3226	3225
3229	3230
3234	3235
137	3233
137	3235
137	3236
137	3241
3233	3232
3236	3237
3241	3242
138	3240
138	3242
138	3243
138	3248
3240	3239
3243	3244
3248	3249
139	1707
139	1709
139	3247
139	3249
1707	1706
3247	3246
140	776
140	778
140	3250
140	3255
776	775
3250	3251
3255	3256
141	1714
141	1716
141	3254
141	3256
1714	1713
3254	3253
142	783
142	785
142	3257
142	3262
783	782
3257	3258
3262	3263
143	3261
143	3263
143	3264
143	3269
3261	3260
3264	3265
3269	3270
144	3268
144	3270
144	3271
144	3276
3268	3267
3271	3272
3276	3277
145	3275
145	3277
145	3278
145	3283
3275	3274
3278	3279
3283	3284
146	1735
146	1737
146	3282
146	3284
1735	1734
3282	3281
147	790
147	792
147	3285
147	3290
790	789
3285	3286
3290	3291
148	1742
148	1744
148	3289
148	3291
1742	1741
3289	3288
149	797
149	799
149	3292
149	3297
797	796
3292	3293
3297	3298
150	3296
150	3298
150	3299
150	3304
3296	3295
3299	3300
3304	3305
151	3303
151	3305
151	3306
151	3311
3303	3302
3306	3307
3311	3312
152	3310
152	3312
152	3313
152	3318
3310	3309
3313	3314
3318	3319
153	1875
153	1877
153	3317
153	3319
1875	1874
3317	3316
154	804
154	806
154	3320
154	3325
804	803
3320	3321
3325	3326
155	1882
155	1884
155	3324
155	3326
1882	1881
3324	3323
156	811
156	813
156	3327
156	3332
811	810
3327	3328
3332	3333
157	3331
157	3333
157	3334
157	3339
3331	3330
3334	3335
3339	3340
158	3338
158	3340
158	3341
158	3346
3338	3337
3341	3342
3346	3347
159	3345
159	3347
159	3348
159	3353
3345	3344
3348	3349
3353	3354
160	1847
160	1849
160	3352
160	3354
1847	1846
3352	3351
161	818
161	820
161	3355
161	3360
818	817
3355	3356
3360	3361
162	1854
162	1856
162	3359
162	3361
1854	1853
3359	3358
163	825
163	827
163	3362
163	3367
825	824
3362	3363
3367	3368
164	3366
164	3368
164	3369
164	3374
3366	3365
3369	3370
3374	3375
165	3373
165	3375
165	3376
165	3381
3373	3372
3376	3377
3381	3382
166	3380
166	3382
166	3383
166	3388
3380	3379
3383	3384
3388	3389
167	1903
167	1905
167	3387
167	3389
1903	1902
3387	3386
168	832
168	834
168	3390
168	3395
832	831
3390	3391
3395	3396
169	1910
169	1912
169	3394
169	3396
1910	1909
3394	3393
170	839
170	841
170	3397
170	3402
839	838
3397	3398
3402	3403
171	3401
171	3403
171	3404
171	3409
3401	3400
3404	3405
3409	3410
172	3408
172	3410
172	3411
172	3416
3408	3407
3411	3412
3416	3417
173	3415
173	3417
173	3418
173	3423
3415	3414
3418	3419
3423	3424
174	1931
174	1933
174	3422
174	3424
1931	1930
3422	3421
175	846
175	848
175	3425
175	3430
846	845
3425	3426
3430	3431
176	1938
176	1940
176	3429
176	3431
1938	1937
3429	3428
177	853
177	855
177	3432
177	3437
853	852
3432	3433
3437	3438
178	3436
178	3438
178	3439
178	3444
3436	3435
3439	3440
3444	3445
179	3443
179	3445
179	3446
179	3451
3443	3442
3446	3447
3451	3452
180	3450
180	3452
180	3453
180	3458
3450	3449
3453	3454
3458	3459
181	2071
181	2073
181	3457
181	3459
2071	2070
3457	3456
182	860
182	862
182	3460
182	3465
860	859
3460	3461
3465	3466
183	2078
183	2080
183	3464
183	3466
2078	2077
3464	3463
184	867
184	869
184	3467
184	3472
867	866
3467	3468
3472	3473
185	3471
185	3473
185	3474
185	3479
3471	3470
3474	3475
3479	3480
186	3478
186	3480
186	3481
186	3486
3478	3477
3481	3482
3486	3487
187	3485
187	3487
187	3488
187	3493
3485	3484
3488	3489
3493	3494
188	2043
188	2045
188	3492
188	3494
2043	2042
3492	3491
189	874
189	876
189	3495
189	3500
874	873
3495	3496
3500	3501
190	2050
190	2052
190	3499
190	3501
2050	2049
3499	3498
191	881
191	883
191	3502
191	3507
881	880
3502	3503
3507	3508
192	3506
192	3508
192	3509
192	3514
3506	3505
3509	3510
3514	3515
193	3513
193	3515
193	3516
193	3521
3513	3512
3516	3517
3521	3522
194	3520
194	3522
194	3523
194	3528
3520	3519
3523	3524
3528	3529
195	2099
195	2101
195	3527
195	3529
2099	2098
3527	3526
196	888
196	890
196	3530
196	3535
888	887
3530	3531
3535	3536
197	2106
197	2108
197	3534
197	3536
2106	2105
3534	3533
198	895
198	897
198	3537
198	3542
895	894
3537	3538
3542	3543
199	3541
199	3543
199	3544
199	3549
3541	3540
3544	3545
3549	3550
200	3548
200	3550
200	3551
200	3556
3548	3547
3551	3552
3556	3557
201	3555
201	3557
201	3558
201	3563
3555	3554
3558	3559
3563	3564
202	2127
202	2129
202	3562
202	3564
2127	2126
3562	3561
203	902
203	904
203	3565
203	3570
902	901
3565	3566
3570	3571
204	2134
204	2136
204	3569
204	3571
2134	2133
3569	3568
205	909
205	911
205	3572
205	3577
909	908
3572	3573
3577	3578
206	3576
206	3578
206	3579
206	3584
3576	3575
3579	3580
3584	3585
207	3583
207	3585
207	3586
207	3591
3583	3582
3586	3587
3591	3592
208	3590
208	3592
208	3593
208	3598
3590	3589
3593	3594
3598	3599
209	2267
209	2269
209	3597
209	3599
2267	2266
3597	3596
210	916
210	918
210	3600
210	3605
916	915
3600	3601
3605	3606
211	2274
211	2276
211	3604
211	3606
2274	2273
3604	3603
212	923
212	925
212	3607
212	3612
923	922
3607	3608
3612	3613
213	3611
213	3613
213	3614
213	3619
3611	3610
3614	3615
3619	3620
214	3618
214	3620
214	3621
214	3626
3618	3617
3621	3622
3626	3627
215	3625
215	3627
215	3628
215	3633
3625	3624
3628	3629
3633	3634
216	2239
216	2241
216	3632
216	3634
2239	2238
3632	3631
217	930
217	932
217	3635
217	3640
930	929
3635	3636
3640	3641
218	2246
218	2248
218	3639
218	3641
2246	2245
3639	3638
219	937
219	939
219	3642
219	3647
937	936
3642	3643
3647	3648
220	3646
220	3648
220	3649
220	3654
3646	3645
3649	3650
3654	3655
221	3653
221	3655
221	3656
221	3661
3653	3652
3656	3657
3661	3662
222	3660
222	3662
222	3663
222	3668
3660	3659
3663	3664
3668	3669
223	2295
223	2297
223	3667
223	3669
2295	2294
3667	3666
224	944
224	946
224	3670
224	3675
944	943
3670	3671
3675	3676
225	2302
225	2304
225	3674
225	3676
2302	2301
3674	3673
226	951
226	953
226	3677
226	3682
951	950
3677	3678
3682	3683
227	3681
227	3683
227	3684
227	3689
3681	3680
3684	3685
3689	3690
228	3688
228	3690
228	3691
228	3696
3688	3687
3691	3692
3696	3697
229	3695
229	3697
229	3698
229	3703
3695	3694
3698	3699
3703	3704
230	2323
230	2325
230	3702
230	3704
2323	2322
3702	3701
231	958
231	960
231	3705
231	3710
958	957
3705	3706
3710	3711
232	2330
232	2332
232	3709
232	3711
2330	2329
3709	3708
233	965
233	967
233	3712
233	3717
965	964
3712	3713
3717	3718
234	3716
234	3718
234	3719
234	3724
3716	3715
3719	3720
3724	3725
235	3723
235	3725
235	3726
235	3731
3723	3722
3726	3727
3731	3732
236	3730
236	3732
236	3733
236	3738
3730	3729
3733	3734
3738	3739
237	2463
237	2465
237	3737
237	3739
2463	2462
3737	3736
238	972
238	974
238	3740
238	3745
972	971
3740	3741
3745	3746
239	2470
239	2472
239	3744
239	3746
2470	2469
3744	3743
240	979
240	981
240	3747
240	3752
979	978
3747	3748
3752	3753
241	3751
241	3753
241	3754
241	3759
3751	3750
3754	3755
3759	3760
242	3758
242	3760
242	3761
242	3766
3758	3757
3761	3762
3766	3767
243	3765
243	3767
243	3768
243	3773
3765	3764
3768	3769
3773	3774
244	2435
244	2437
244	3772
244	3774
2435	2434
3772	3771
245	986
245	988
245	3775
245	3780
986	985
3775	3776
3780	3781
246	2442
246	2444
246	3779
246	3781
2442	2441
3779	3778
247	993
247	995
247	3782
247	3787
993	992
3782	3783
3787	3788
248	3786
248	3788
248	3789
248	3794
3786	3785
3789	3790
3794	3795
249	3793
249	3795
249	3796
249	3801
3793	3792
3796	3797
3801	3802
250	3800
250	3802
250	3803
250	3808
3800	3799
3803	3804
3808	3809
251	2491
251	2493
251	3807
251	3809
2491	2490
3807	3806
252	1000
252	1002
252	3810
252	3815
1000	999
3810	3811
3815	3816
253	2498
253	2500
253	3814
253	3816
2498	2497
3814	3813
254	1007
254	1009
254	3817
254	3822
1007	1006
3817	3818
3822	3823
255	3821
255	3823
255	3824
255	3829
3821	3820
3824	3825
3829	3830
256	3828
256	3830
256	3831
256	3836
3828	3827
3831	3832
3836	3837
257	3835
257	3837
257	3838
257	3843
3835	3834
3838	3839
3843	3844
258	2519
258	2521
258	3842
258	3844
2519	2518
3842	3841
259	1014
259	1016
259	3845
259	3850
1014	1013
3845	3846
3850	3851
260	2526
260	2528
260	3849
260	3851
2526	2525
3849	3848
261	1021
261	1023
261	3852
261	3857
1021	1020
3852	3853
3857	3858
262	3856
262	3858
262	3859
262	3864
3856	3855
3859	3860
3864	3865
263	3863
263	3865
263	3866
263	3871
3863	3862
3866	3867
3871	3872
264	3870
264	3872
264	3873
264	3878
3870	3869
3873	3874
3878	3879
265	2659
265	2661
265	3877
265	3879
2659	2658
3877	3876
266	1028
266	1030
266	3880
266	3885
1028	1027
3880	3881
3885	3886
267	2666
267	2668
267	3884
267	3886
2666	2665
3884	3883
268	1035
268	1037
268	3887
268	3892
1035	1034
3887	3888
3892	3893
269	3891
269	3893
269	3894
269	3899
3891	3890
3894	3895
3899	3900
270	3898
270	3900
270	3901
270	3906
3898	3897
3901	3902
3906	3907
271	3905
271	3907
271	3908
271	3913
3905	3904
3908	3909
3913	3914
272	2631
272	2633
272	3912
272	3914
2631	2630
3912	3911
273	1042
273	1044
273	3915
273	3920
1042	1041
3915	3916
3920	3921
274	2638
274	2640
274	3919
274	3921
2638	2637
3919	3918
275	1049
275	1051
275	3922
275	3927
1049	1048
3922	3923
3927	3928
276	3926
276	3928
276	3929
276	3934
3926	3925
3929	3930
3934	3935
277	3933
277	3935
277	3936
277	3941
3933	3932
3936	3937
3941	3942
278	3940
278	3942
278	3943
278	3948
3940	3939
3943	3944
3948	3949
279	2687
279	2689
279	3947
279	3949
2687	2686
3947	3946
280	1056
280	1058
280	3950
280	3955
1056	1055
3950	3951
3955	3956
281	2694
281	2696
281	3954
281	3956
2694	2693
3954	3953
282	1063
282	1065
282	3957
282	3962
1063	1062
3957	3958
3962	3963
283	3961
283	3963
283	3964
283	3969
3961	3960
3964	3965
3969	3970
284	3968
284	3970
284	3971
284	3976
3968	3967
3971	3972
3976	3977
285	3975
285	3977
285	3978
285	3983
3975	3974
3978	3979
3983	3984
286	2715
286	2717
286	3982
286	3984
2715	2714
3982	3981
287	1070
287	1072
287	3985
287	3990
1070	1069
3985	3986
3990	3991
288	2722
288	2724
288	3989
288	3991
2722	2721
3989	3988
289	1077
289	1079
289	3992
289	3997
1077	1076
3992	3993
3997	3998
290	3996
290	3998
290	3999
290	4004
3996	3995
3999	4000
4004	4005
291	4003
291	4005
291	4006
291	4011
4003	4002
4006	4007
4011	4012
292	4010
292	4012
292	4013
292	4018
4010	4009
4013	4014
4018	4019
293	2855
293	2857
293	4017
293	4019
2855	2854
4017	4016
294	1084
294	1086
294	4020
294	4025
1084	1083
4020	4021
4025	4026
295	2862
295	2864
295	4024
295	4026
2862	2861
4024	4023
296	1091
296	1093
296	4027
296	4032
1091	1090
4027	4028
4032	4033
297	4031
297	4033
297	4034
297	4039
4031	4030
4034	4035
4039	4040
298	4038
298	4040
298	4041
298	4046
4038	4037
4041	4042
4046	4047
299	4045
299	4047
299	4048
299	4053
4045	4044
4048	4049
4053	4054
300	1455
300	1457
300	4052
300	4054
1455	1454
4052	4051
301	1098
301	1100
301	4055
301	4060
1098	1097
4055	4056
4060	4061
302	1462
302	1464
302	4059
302	4061
1462	1461
4059	4058
303	1105
303	1107
303	4062
303	4067
1105	1104
4062	4063
4067	4068
304	4066
304	4068
304	4069
304	4074
4066	4065
4069	4070
4074	4075
305	4073
305	4075
305	4076
305	4081
4073	4072
4076	4077
4081	4082
306	4080
306	4082
306	4083
306	4088
4080	4079
4083	4084
4088	4089
307	1511
307	1513
307	4087
307	4089
1511	1510
4087	4086
308	1112
308	1114
308	4090
308	4095
1112	1111
4090	4091
4095	4096
309	1518
309	1520
309	4094
309	4096
1518	1517
4094	4093
310	1119
310	1121
310	4097
310	4102
1119	1118
4097	4098
4102	4103
311	4101
311	4103
311	4104
311	4109
4101	4100
4104	4105
4109	4110
312	4108
312	4110
312	4111
312	4116
4108	4107
4111	4112
4116	4117
313	4115
313	4117
313	4118
313	4123
4115	4114
4118	4119
4123	4124
314	2827
314	2829
314	4122
314	4124
2827	2826
4122	4121
315	1126
315	1128
315	4125
315	4130
1126	1125
4125	4126
4130	4131
316	2834
316	2836
316	4129
316	4131
2834	2833
4129	4128
317	1133
317	1135
317	4132
317	4137
1133	1132
4132	4133
4137	4138
318	4136
318	4138
318	4139
318	4144
4136	4135
4139	4140
4144	4145
319	4143
319	4145
319	4146
319	4151
4143	4142
4146	4147
4151	4152
320	4150
320	4152
320	4153
320	4158
4150	4149
4153	4154
4158	4159
321	2883
321	2885
321	4157
321	4159
2883	2882
4157	4156
322	1140
322	1142
322	4160
322	4165
1140	1139
4160	4161
4165	4166
323	2890
323	2892
323	4164
323	4166
2890	2889
4164	4163
324	1161
324	1163
324	4167
324	4172
1161	1160
4167	4168
4172	4173
325	4171
325	4173
325	4174
325	4179
4171	4170
4174	4175
4179	4180
326	4178
326	4180
326	4181
326	4186
4178	4177
4181	4182
4186	4187
327	4185
327	4187
327	4188
327	4193
4185	4184
4188	4189
4193	4194
328	1175
328	1177
328	4192
328	4194
1175	1174
4192	4191
329	1168
329	1170
329	4195
329	4200
1168	1167
4195	4196
4200	4201
330	1182
330	1184
330	4199
330	4201
1182	1181
4199	4198
331	1189
331	1191
331	4202
331	4207
1189	1188
4202	4203
4207	4208
332	4206
332	4208
332	4209
332	4214
4206	4205
4209	4210
4214	4215
333	4213
333	4215
333	4216
333	4221
4213	4212
4216	4217
4221	4222
334	4220
334	4222
334	4223
334	4228
4220	4219
4223	4224
4228	4229
335	1203
335	1205
335	4227
335	4229
1203	1202
4227	4226
336	1196
336	1198
336	4230
336	4235
1196	1195
4230	4231
4235	4236
337	1210
337	1212
337	4234
337	4236
1210	1209
4234	4233
338	1217
338	1219
338	4237
338	4242
1217	1216
4237	4238
4242	4243
339	4241
339	4243
339	4244
339	4249
4241	4240
4244	4245
4249	4250
340	4248
340	4250
340	4251
340	4256
4248	4247
4251	4252
4256	4257
341	4255
341	4257
341	4258
341	4263
4255	4254
4258	4259
4263	4264
342	1231
342	1233
342	4262
342	4264
1231	1230
4262	4261
343	1224
343	1226
343	4265
343	4270
1224	1223
4265	4266
4270	4271
344	1238
344	1240
344	4269
344	4271
1238	1237
4269	4268
345	1245
345	1247
345	4272
345	4277
1245	1244
4272	4273
4277	4278
346	4276
346	4278
346	4279
346	4284
4276	4275
4279	4280
4284	4285
347	4283
347	4285
347	4286
347	4291
4283	4282
4286	4287
4291	4292
348	4290
348	4292
348	4293
348	4298
4290	4289
4293	4294
4298	4299
349	1273
349	1275
349	4297
349	4299
1273	1272
4297	4296
350	1252
350	1254
350	4300
350	4305
1252	1251
4300	4301
4305	4306
351	1280
351	1282
351	4304
351	4306
1280	1279
4304	4303
352	1301
352	1303
352	4307
352	4312
1301	1300
4307	4308
4312	4313
353	4311
353	4313
353	4314
353	4319
4311	4310
4314	4315
4319	4320
354	4318
354	4320
354	4321
354	4326
4318	4317
4321	4322
4326	4327
355	4325
355	4327
355	4328
355	4333
4325	4324
4328	4329
4333	4334
356	1329
356	1331
356	4332
356	4334
1329	1328
4332	4331
357	1308
357	1310
357	4335
357	4340
1308	1307
4335	4336
4340	4341
358	1336
358	1338
358	4339
358	4341
1336	1335
4339	4338
359	1357
359	1359
359	4342
359	4347
1357	1356
4342	4343
4347	4348
360	4346
360	4348
360	4349
360	4354
4346	4345
4349	4350
4354	4355
361	4353
361	4355
361	4356
361	4361
4353	4352
4356	4357
4361	4362
362	4360
362	4362
362	4363
362	4368
4360	4359
4363	4364
4368	4369
363	1371
363	1373
363	4367
363	4369
1371	1370
4367	4366
364	1364
364	1366
364	4370
364	4375
1364	1363
4370	4371
4375	4376
365	1378
365	1380
365	4374
365	4376
1378	1377
4374	4373
366	1385
366	1387
366	4377
366	4382
1385	1384
4377	4378
4382	4383
367	4381
367	4383
367	4384
367	4389
4381	4380
4384	4385
4389	4390
368	4388
368	4390
368	4391
368	4396
4388	4387
4391	4392
4396	4397
369	4395
369	4397
369	4398
369	4403
4395	4394
4398	4399
4403	4404
370	1399
370	1401
370	4402
370	4404
1399	1398
4402	4401
371	1392
371	1394
371	4405
371	4410
1392	1391
4405	4406
4410	4411
372	1406
372	1408
372	4409
372	4411
1406	1405
4409	4408
373	1413
373	1415
373	4412
373	4417
1413	1412
4412	4413
4417	4418
374	4416
374	4418
374	4419
374	4424
4416	4415
4419	4420
4424	4425
375	4423
375	4425
375	4426
375	4431
4423	4422
4426	4427
4431	4432
376	4430
376	4432
376	4433
376	4438
4430	4429
4433	4434
4438	4439
377	1427
377	1429
377	4437
377	4439
1427	1426
4437	4436
378	1420
378	1422
378	4440
378	4445
1420	1419
4440	4441
4445	4446
379	1434
379	1436
379	4444
379	4446
1434	1433
4444	4443
380	1441
380	1443
380	4447
380	4452
1441	1440
4447	4448
4452	4453
381	4451
381	4453
381	4454
381	4459
4451	4450
4454	4455
4459	4460
382	4458
382	4460
382	4461
382	4466
4458	4457
4461	4462
4466	4467
383	4465
383	4467
383	4468
383	4473
4465	4464
4468	4469
4473	4474
384	1469
384	1471
384	4472
384	4474
1469	1468
4472	4471
385	1448
385	1450
385	4475
385	4480
1448	1447
4475	4476
4480	4481
386	1476
386	1478
386	4479
386	4481
1476	1475
4479	4478
387	1497
387	1499
387	4482
387	4487
1497	1496
4482	4483
4487	4488
388	4486
388	4488
388	4489
388	4494
4486	4485
4489	4490
4494	4495
389	4493
389	4495
389	4496
389	4501
4493	4492
4496	4497
4501	4502
390	4500
390	4502
390	4503
390	4508
4500	4499
4503	4504
4508	4509
391	1525
391	1527
391	4507
391	4509
1525	1524
4507	4506
392	1504
392	1506
392	4510
392	4515
1504	1503
4510	4511
4515	4516
393	1532
393	1534
393	4514
393	4516
1532	1531
4514	4513
394	1553
394	1555
394	4517
394	4522
1553	1552
4517	4518
4522	4523
395	4521
395	4523
395	4524
395	4529
4521	4520
4524	4525
4529	4530
396	4528
396	4530
396	4531
396	4536
4528	4527
4531	4532
4536	4537
397	4535
397	4537
397	4538
397	4543
4535	4534
4538	4539
4543	4544
398	1567
398	1569
398	4542
398	4544
1567	1566
4542	4541
399	1560
399	1562
399	4545
399	4550
1560	1559
4545	4546
4550	4551
400	1574
400	1576
400	4549
400	4551
1574	1573
4549	4548
401	1581
401	1583
401	4552
401	4557
1581	1580
4552	4553
4557	4558
402	4556
402	4558
402	4559
402	4564
4556	4555
4559	4560
4564	4565
403	4563
403	4565
403	4566
403	4571
4563	4562
4566	4567
4571	4572
404	4570
404	4572
404	4573
404	4578
4570	4569
4573	4574
4578	4579
405	1595
405	1597
405	4577
405	4579
1595	1594
4577	4576
406	1588
406	1590
406	4580
406	4585
1588	1587
4580	4581
4585	4586
407	1602
407	1604
407	4584
407	4586
1602	1601
4584	4583
408	1609
408	1611
408	4587
408	4592
1609	1608
4587	4588
4592	4593
409	4591
409	4593
409	4594
409	4599
4591	4590
4594	4595
4599	4600
410	4598
410	4600
410	4601
410	4606
4598	4597
4601	4602
4606	4607
411	4605
411	4607
411	4608
411	4613
4605	4604
4608	4609
4613	4614
412	1623
412	1625
412	4612
412	4614
1623	1622
4612	4611
413	1616
413	1618
413	4615
413	4620
1616	1615
4615	4616
4620	4621
414	1630
414	1632
414	4619
414	4621
1630	1629
4619	4618
415	1637
415	1639
415	4622
415	4627
1637	1636
4622	4623
4627	4628
416	4626
416	4628
416	4629
416	4634
4626	4625
4629	4630
4634	4635
417	4633
417	4635
417	4636
417	4641
4633	4632
4636	4637
4641	4642
418	4640
418	4642
418	4643
418	4648
4640	4639
4643	4644
4648	4649
419	1665
419	1667
419	4647
419	4649
1665	1664
4647	4646
420	1644
420	1646
420	4650
420	4655
1644	1643
4650	4651
4655	4656
421	1672
421	1674
421	4654
421	4656
1672	1671
4654	4653
422	1693
422	1695
422	4657
422	4662
1693	1692
4657	4658
4662	4663
423	4661
423	4663
423	4664
423	4669
4661	4660
4664	4665
4669	4670
424	4668
424	4670
424	4671
424	4676
4668	4667
4671	4672
4676	4677
425	4675
425	4677
425	4678
425	4683
4675	4674
4678	4679
4683	4684
426	1721
426	1723
426	4682
426	4684
1721	1720
4682	4681
427	1700
427	1702
427	4685
427	4690
1700	1699
4685	4686
4690	4691
428	1728
428	1730
428	4689
428	4691
1728	1727
4689	4688
429	1749
429	1751
429	4692
429	4697
1749	1748
4692	4693
4697	4698
430	4696
430	4698
430	4699
430	4704
4696	4695
4699	4700
4704	4705
431	4703
431	4705
431	4706
431	4711
4703	4702
4706	4707
4711	4712
432	4710
432	4712
432	4713
432	4718
4710	4709
4713	4714
4718	4719
433	1763
433	1765
433	4717
433	4719
1763	1762
4717	4716
434	1756
434	1758
434	4720
434	4725
1756	1755
4720	4721
4725	4726
435	1770
435	1772
435	4724
435	4726
1770	1769
4724	4723
436	1777
436	1779
436	4727
436	4732
1777	1776
4727	4728
4732	4733
437	4731
437	4733
437	4734
437	4739
4731	4730
4734	4735
4739	4740
438	4738
438	4740
438	4741
438	4746
4738	4737
4741	4742
4746	4747
439	4745
439	4747
439	4748
439	4753
4745	4744
4748	4749
4753	4754
440	1791
440	1793
440	4752
440	4754
1791	1790
4752	4751
441	1784
441	1786
441	4755
441	4760
1784	1783
4755	4756
4760	4761
442	1798
442	1800
442	4759
442	4761
1798	1797
4759	4758
443	1805
443	1807
443	4762
443	4767
1805	1804
4762	4763
4767	4768
444	4766
444	4768
444	4769
444	4774
4766	4765
4769	4770
4774	4775
445	4773
445	4775
445	4776
445	4781
4773	4772
4776	4777
4781	4782
446	4780
446	4782
446	4783
446	4788
4780	4779
4783	4784
4788	4789
447	1819
447	1821
447	4787
447	4789
1819	1818
4787	4786
448	1812
448	1814
448	4790
448	4795
1812	1811
4790	4791
4795	4796
449	1826
449	1828
449	4794
449	4796
1826	1825
4794	4793
450	1833
450	1835
450	4797
450	4802
1833	1832
4797	4798
4802	4803
451	4801
451	4803
451	4804
451	4809
4801	4800
4804	4805
4809	4810
452	4808
452	4810
452	4811
452	4816
4808	4807
4811	4812
4816	4817
453	4815
453	4817
453	4818
453	4823
4815	4814
4818	4819
4823	4824
454	1861
454	1863
454	4822
454	4824
1861	1860
4822	4821
455	1840
455	1842
455	4825
455	4830
1840	1839
4825	4826
4830	4831
456	1868
456	1870
456	4829
456	4831
1868	1867
4829	4828
457	1889
457	1891
457	4832
457	4837
1889	1888
4832	4833
4837	4838
458	4836
458	4838
458	4839
458	4844
4836	4835
4839	4840
4844	4845
459	4843
459	4845
459	4846
459	4851
4843	4842
4846	4847
4851	4852
460	4850
460	4852
460	4853
460	4858
4850	4849
4853	4854
4858	4859
461	1917
461	1919
461	4857
461	4859
1917	1916
4857	4856
462	1896
462	1898
462	4860
462	4865
1896	1895
4860	4861
4865	4866
463	1924
463	1926
463	4864
463	4866
1924	1923
4864	4863
464	1945
464	1947
464	4867
464	4872
1945	1944
4867	4868
4872	4873
465	4871
465	4873
465	4874
465	4879
4871	4870
4874	4875
4879	4880
466	4878
466	4880
466	4881
466	4886
4878	4877
4881	4882
4886	4887
467	4885
467	4887
467	4888
467	4893
4885	4884
4888	4889
4893	4894
468	1959
468	1961
468	4892
468	4894
1959	1958
4892	4891
469	1952
469	1954
469	4895
469	4900
1952	1951
4895	4896
4900	4901
470	1966
470	1968
470	4899
470	4901
1966	1965
4899	4898
471	1973
471	1975
471	4902
471	4907
1973	1972
4902	4903
4907	4908
472	4906
472	4908
472	4909
472	4914
4906	4905
4909	4910
4914	4915
473	4913
473	4915
473	4916
473	4921
4913	4912
4916	4917
4921	4922
474	4920
474	4922
474	4923
474	4928
4920	4919
4923	4924
4928	4929
475	1987
475	1989
475	4927
475	4929
1987	1986
4927	4926
476	1980
476	1982
476	4930
476	4935
1980	1979
4930	4931
4935	4936
477	1994
477	1996
477	4934
477	4936
1994	1993
4934	4933
478	2001
478	2003
478	4937
478	4942
2001	2000
4937	4938
4942	4943
479	4941
479	4943
479	4944
479	4949
4941	4940
4944	4945
4949	4950
480	4948
480	4950
480	4951
480	4956
4948	4947
4951	4952
4956	4957
481	4955
481	4957
481	4958
481	4963
4955	4954
4958	4959
4963	4964
482	2015
482	2017
482	4962
482	4964
2015	2014
4962	4961
483	2008
483	2010
483	4965
483	4970
2008	2007
4965	4966
4970	4971
484	2022
484	2024
484	4969
484	4971
2022	2021
4969	4968
485	2029
485	2031
485	4972
485	4977
2029	2028
4972	4973
4977	4978
486	4976
486	4978
486	4979
486	4984
4976	4975
4979	4980
4984	4985
487	4983
487	4985
487	4986
487	4991
4983	4982
4986	4987
4991	4992
488	4990
488	4992
488	4993
488	4998
4990	4989
4993	4994
4998	4999
489	2057
489	2059
489	4997
489	4999
2057	2056
4997	4996
490	2036
490	2038
490	5000
490	5005
2036	2035
5000	5001
5005	5006
491	2064
491	2066
491	5004
491	5006
2064	2063
5004	5003
492	2085
492	2087
492	5007
492	5012
2085	2084
5007	5008
5012	5013
493	5011
493	5013
493	5014
493	5019
5011	5010
5014	5015
5019	5020
494	5018
494	5020
494	5021
494	5026
5018	5017
5021	5022
5026	5027
495	5025
495	5027
495	5028
495	5033
5025	5024
5028	5029
5033	5034
496	2113
496	2115
496	5032
496	5034
2113	2112
5032	5031
497	2092
497	2094
497	5035
497	5040
2092	2091
5035	5036
5040	5041
498	2120
498	2122
498	5039
498	5041
2120	2119
5039	5038
499	2141
499	2143
499	5042
499	5047
2141	2140
5042	5043
5047	5048
500	5046
500	5048
500	5049
500	5054
5046	5045
5049	5050
5054	5055
501	5053
501	5055
501	5056
501	5061
5053	5052
5056	5057
5061	5062
502	5060
502	5062
502	5063
502	5068
5060	5059
5063	5064
5068	5069
503	2155
503	2157
503	5067
503	5069
2155	2154
5067	5066
504	2148
504	2150
504	5070
504	5075
2148	2147
5070	5071
5075	5076
505	2162
505	2164
505	5074
505	5076
2162	2161
5074	5073
506	2169
506	2171
506	5077
506	5082
2169	2168
5077	5078
5082	5083
507	5081
507	5083
507	5084
507	5089
5081	5080
5084	5085
5089	5090
508	5088
508	5090
508	5091
508	5096
5088	5087
5091	5092
5096	5097
509	5095
509	5097
509	5098
509	5103
5095	5094
5098	5099
5103	5104
510	2183
510	2185
510	5102
510	5104
2183	2182
5102	5101
511	2176
511	2178
511	5105
511	5110
2176	2175
5105	5106
5110	5111
512	2190
512	2192
512	5109
512	5111
2190	2189
5109	5108
513	2197
513	2199
513	5112
513	5117
2197	2196
5112	5113
5117	5118
514	5116
514	5118
514	5119
514	5124
5116	5115
5119	5120
5124	5125
515	5123
515	5125
515	5126
515	5131
5123	5122
5126	5127
5131	5132
516	5130
516	5132
516	5133
516	5138
5130	5129
5133	5134
5138	5139
517	2211
517	2213
517	5137
517	5139
2211	2210
5137	5136
518	2204
518	2206
518	5140
518	5145
2204	2203
5140	5141
5145	5146
519	2218
519	2220
519	5144
519	5146
2218	2217
5144	5143
520	2225
520	2227
520	5147
520	5152
2225	2224
5147	5148
5152	5153
521	5151
521	5153
521	5154
521	5159
5151	5150
5154	5155
5159	5160
522	5158
522	5160
522	5161
522	5166
5158	5157
5161	5162
5166	5167
523	5165
523	5167
523	5168
523	5173
5165	5164
5168	5169
5173	5174
524	2253
524	2255
524	5172
524	5174
2253	2252
5172	5171
525	2232
525	2234
525	5175
525	5180
2232	2231
5175	5176
5180	5181
526	2260
526	2262
526	5179
526	5181
2260	2259
5179	5178
527	2281
527	2283
527	5182
527	5187
2281	2280
5182	5183
5187	5188
528	5186
528	5188
528	5189
528	5194
5186	5185
5189	5190
5194	5195
529	5193
529	5195
529	5196
529	5201
5193	5192
5196	5197
5201	5202
530	5200
530	5202
530	5203
530	5208
5200	5199
5203	5204
5208	5209
531	2309
531	2311
531	5207
531	5209
2309	2308
5207	5206
532	2288
532	2290
532	5210
532	5215
2288	2287
5210	5211
5215	5216
533	2316
533	2318
533	5214
533	5216
2316	2315
5214	5213
534	2337
534	2339
534	5217
534	5222
2337	2336
5217	5218
5222	5223
535	5221
535	5223
535	5224
535	5229
5221	5220
5224	5225
5229	5230
536	5228
536	5230
536	5231
536	5236
5228	5227
5231	5232
5236	5237
537	5235
537	5237
537	5238
537	5243
5235	5234
5238	5239
5243	5244
538	2351
538	2353
538	5242
538	5244
2351	2350
5242	5241
539	2344
539	2346
539	5245
539	5250
2344	2343
5245	5246
5250	5251
540	2358
540	2360
540	5249
540	5251
2358	2357
5249	5248
541	2365
541	2367
541	5252
541	5257
2365	2364
5252	5253
5257	5258
542	5256
542	5258
542	5259
542	5264
5256	5255
5259	5260
5264	5265
543	5263
543	5265
543	5266
543	5271
5263	5262
5266	5267
5271	5272
544	5270
544	5272
544	5273
544	5278
5270	5269
5273	5274
5278	5279
545	2379
545	2381
545	5277
545	5279
2379	2378
5277	5276
546	2372
546	2374
546	5280
546	5285
2372	2371
5280	5281
5285	5286
547	2386
547	2388
547	5284
547	5286
2386	2385
5284	5283
548	2393
548	2395
548	5287
548	5292
2393	2392
5287	5288
5292	5293
549	5291
549	5293
549	5294
549	5299
5291	5290
5294	5295
5299	5300
550	5298
550	5300
550	5301
550	5306
5298	5297
5301	5302
5306	5307
551	5305
551	5307
551	5308
551	5313
5305	5304
5308	5309
5313	5314
552	2407
552	2409
552	5312
552	5314
2407	2406
5312	5311
553	2400
553	2402
553	5315
553	5320
2400	2399
5315	5316
5320	5321
554	2414
554	2416
554	5319
554	5321
2414	2413
5319	5318
555	2421
555	2423
555	5322
555	5327
2421	2420
5322	5323
5327	5328
556	5326
556	5328
556	5329
556	5334
5326	5325
5329	5330
5334	5335
557	5333
557	5335
557	5336
557	5341
5333	5332
5336	5337
5341	5342
558	5340
558	5342
558	5343
558	5348
5340	5339
5343	5344
5348	5349
559	2449
559	2451
559	5347
559	5349
2449	2448
5347	5346
560	2428
560	2430
560	5350
560	5355
2428	2427
5350	5351
5355	5356
561	2456
561	2458
561	5354
561	5356
2456	2455
5354	5353
562	2477
562	2479
562	5357
562	5362
2477	2476
5357	5358
5362	5363
563	5361
563	5363
563	5364
563	5369
5361	5360
5364	5365
5369	5370
564	5368
564	5370
564	5371
564	5376
5368	5367
5371	5372
5376	5377
565	5375
565	5377
565	5378
565	5383
5375	5374
5378	5379
5383	5384
566	2505
566	2507
566	5382
566	5384
2505	2504
5382	5381
567	2484
567	2486
567	5385
567	5390
2484	2483
5385	5386
5390	5391
568	2512
568	2514
568	5389
568	5391
2512	2511
5389	5388
569	2533
569	2535
569	5392
569	5397
2533	2532
5392	5393
5397	5398
570	5396
570	5398
570	5399
570	5404
5396	5395
5399	5400
5404	5405
571	5403
571	5405
571	5406
571	5411
5403	5402
5406	5407
5411	5412
572	5410
572	5412
572	5413
572	5418
5410	5409
5413	5414
5418	5419
573	2547
573	2549
573	5417
573	5419
2547	2546
5417	5416
574	2540
574	2542
574	5420
574	5425
2540	2539
5420	5421
5425	5426
575	2554
575	2556
575	5424
575	5426
2554	2553
5424	5423
576	2561
576	2563
576	5427
576	5432
2561	2560
5427	5428
5432	5433
577	5431
577	5433
577	5434
577	5439
5431	5430
5434	5435
5439	5440
578	5438
578	5440
578	5441
578	5446
5438	5437
5441	5442
5446	5447
579	5445
579	5447
579	5448
579	5453
5445	5444
5448	5449
5453	5454
580	2575
580	2577
580	5452
580	5454
2575	2574
5452	5451
581	2568
581	2570
581	5455
581	5460
2568	2567
5455	5456
5460	5461
582	2582
582	2584
582	5459
582	5461
2582	2581
5459	5458
583	2589
583	2591
583	5462
583	5467
2589	2588
5462	5463
5467	5468
584	5466
584	5468
584	5469
584	5474
5466	5465
5469	5470
5474	5475
585	5473
585	5475
585	5476
585	5481
5473	5472
5476	5477
5481	5482
586	5480
586	5482
586	5483
586	5488
5480	5479
5483	5484
5488	5489
587	2603
587	2605
587	5487
587	5489
2603	2602
5487	5486
588	2596
588	2598
588	5490
588	5495
2596	2595
5490	5491
5495	5496
589	2610
589	2612
589	5494
589	5496
2610	2609
5494	5493
590	2617
590	2619
590	5497
590	5502
2617	2616
5497	5498
5502	5503
591	5501
591	5503
591	5504
591	5509
5501	5500
5504	5505
5509	5510
592	5508
592	5510
592	5511
592	5516
5508	5507
5511	5512
5516	5517
593	5515
593	5517
593	5518
593	5523
5515	5514
5518	5519
5523	5524
594	2645
594	2647
594	5522
594	5524
2645	2644
5522	5521
595	2624
595	2626
595	5525
595	5530
2624	2623
5525	5526
5530	5531
596	2652
596	2654
596	5529
596	5531
2652	2651
5529	5528
597	2673
597	2675
597	5532
597	5537
2673	2672
5532	5533
5537	5538
598	5536
598	5538
598	5539
598	5544
5536	5535
5539	5540
5544	5545
599	5543
599	5545
599	5546
599	5551
5543	5542
5546	5547
5551	5552
600	5550
600	5552
600	5553
600	5558
5550	5549
5553	5554
5558	5559
601	2701
601	2703
601	5557
601	5559
2701	2700
5557	5556
602	2680
602	2682
602	5560
602	5565
2680	2679
5560	5561
5565	5566
603	2708
603	2710
603	5564
603	5566
2708	2707
5564	5563
604	2729
604	2731
604	5567
604	5572
2729	2728
5567	5568
5572	5573
605	5571
605	5573
605	5574
605	5579
5571	5570
5574	5575
5579	5580
606	5578
606	5580
606	5581
606	5586
5578	5577
5581	5582
5586	5587
607	5585
607	5587
607	5588
607	5593
5585	5584
5588	5589
5593	5594
608	2743
608	2745
608	5592
608	5594
2743	2742
5592	5591
609	2736
609	2738
609	5595
609	5600
2736	2735
5595	5596
5600	5601
610	2750
610	2752
610	5599
610	5601
2750	2749
5599	5598
611	2757
611	2759
611	5602
611	5607
2757	2756
5602	5603
5607	5608
612	5606
612	5608
612	5609
612	5614
5606	5605
5609	5610
5614	5615
613	5613
613	5615
613	5616
613	5621
5613	5612
5616	5617
5621	5622
614	5620
614	5622
614	5623
614	5628
5620	5619
5623	5624
5628	5629
615	2771
615	2773
615	5627
615	5629
2771	2770
5627	5626
616	2764
616	2766
616	5630
616	5635
2764	2763
5630	5631
5635	5636
617	2778
617	2780
617	5634
617	5636
2778	2777
5634	5633
618	2785
618	2787
618	5637
618	5642
2785	2784
5637	5638
5642	5643
619	5641
619	5643
619	5644
619	5649
5641	5640
5644	5645
5649	5650
620	5648
620	5650
620	5651
620	5656
5648	5647
5651	5652
5656	5657
621	5655
621	5657
621	5658
621	5663
5655	5654
5658	5659
5663	5664
622	2799
622	2801
622	5662
622	5664
2799	2798
5662	5661
623	2792
623	2794
623	5665
623	5670
2792	2791
5665	5666
5670	5671
624	2806
624	2808
624	5669
624	5671
2806	2805
5669	5668
625	2813
625	2815
625	5672
625	5677
2813	2812
5672	5673
5677	5678
626	5676
626	5678
626	5679
626	5684
5676	5675
5679	5680
5684	5685
627	5683
627	5685
627	5686
627	5691
5683	5682
5686	5687
5691	5692
628	5690
628	5692
628	5693
628	5698
5690	5689
5693	5694
5698	5699
629	2841
629	2843
629	5697
629	5699
2841	2840
5697	5696
630	2820
630	2822
630	5700
630	5705
2820	2819
5700	5701
5705	5706
631	2848
631	2850
631	5704
631	5706
2848	2847
5704	5703
632	2869
632	2871
632	5707
632	5712
2869	2868
5707	5708
5712	5713
633	5711
633	5713
633	5714
633	5719
5711	5710
5714	5715
5719	5720
634	5718
634	5720
634	5721
634	5726
5718	5717
5721	5722
5726	5727
635	5725
635	5727
635	5728
635	5733
5725	5724
5728	5729
5733	5734
636	2897
636	2899
636	5732
636	5734
2897	2896
5732	5731
637	2876
637	2878
637	5735
637	5740
2876	2875
5735	5736
5740	5741
638	2904
638	2906
638	5739
638	5741
2904	2903
5739	5738
640	641
641	642
647	648
648	649
654	655
655	656
661	662
662	663
668	669
669	670
675	676
676	677
682	683
683	684
689	690
690	691
696	697
697	698
703	704
704	705
710	711
711	712
717	718
718	719
724	725
725	726
731	732
732	733
738	739
739	740
745	746
746	747
752	753
753	754
759	760
760	761
766	767
767	768
773	774
774	775
780	781
781	782
787	788
788	789
794	795
795	796
801	802
802	803
808	809
809	810
815	816
816	817
822	823
823	824
829	830
830	831
836	837
837	838
843	844
844	845
850	851
851	852
857	858
858	859
864	865
865	866
871	872
872	873
878	879
879	880
885	886
886	887
892	893
893	894
899	900
900	901
906	907
907	908
913	914
914	915
920	921
921	922
927	928
928	929
934	935
935	936
941	942
942	943
948	949
949	950
955	956
956	957
962	963
963	964
969	970
970	971
976	977
977	978
983	984
984	985
990	991
991	992
997	998
998	999
1004	1005
1005	1006
1011	1012
1012	1013
1018	1019
1019	1020
1025	1026
1026	1027
1032	1033
1033	1034
1039	1040
1040	1041
1046	1047
1047	1048
1053	1054
1054	1055
1060	1061
1061	1062
1067	1068
1068	1069
1074	1075
1075	1076
1081	1082
1082	1083
1088	1089
1089	1090
1095	1096
1096	1097
1102	1103
1103	1104
1109	1110
1110	1111
1116	1117
1117	1118
1123	1124
1124	1125
1130	1131
1131	1132
1137	1138
1138	1139
1144	1145
1145	1146
1151	1152
1152	1153
1158	1159
1159	1160
1165	1166
1166	1167
1172	1173
1173	1174
1179	1180
1180	1181
1186	1187
1187	1188
1193	1194
1194	1195
1200	1201
1201	1202
1207	1208
1208	1209
1214	1215
1215	1216
1221	1222
1222	1223
1228	1229
1229	1230
1235	1236
1236	1237
1242	1243
1243	1244
1249	1250
1250	1251
1256	1257
1257	1258
1263	1264
1264	1265
1270	1271
1271	1272
1277	1278
1278	1279
1284	1285
1285	1286
1291	1292
1292	1293
1298	1299
1299	1300
1305	1306
1306	1307
1312	1313
1313	1314
1319	1320
1320	1321
1326	1327
1327	1328
1333	1334
1334	1335
1340	1341
1341	1342
1347	1348
1348	1349
1354	1355
1355	1356
1361	1362
1362	1363
1368	1369
1369	1370
1375	1376
1376	1377
1382	1383
1383	1384
1389	1390
1390	1391
1396	1397
1397	1398
1403	1404
1404	1405
1410	1411
1411	1412
1417	1418
1418	1419
1424	1425
1425	1426
1431	1432
1432	1433
1438	1439
1439	1440
1445	1446
1446	1447
1452	1453
1453	1454
1459	1460
1460	1461
1466	1467
1467	1468
1473	1474
1474	1475
1480	1481
1481	1482
1487	1488
1488	1489
1494	1495
1495	1496
1501	1502
1502	1503
1508	1509
1509	1510
1515	1516
1516	1517
1522	1523
1523	1524
1529	1530
1530	1531
1536	1537
1537	1538
1543	1544
1544	1545
1550	1551
1551	1552
1557	1558
1558	1559
1564	1565
1565	1566
1571	1572
1572	1573
1578	1579
1579	1580
1585	1586
1586	1587
1592	1593
1593	1594
1599	1600
1600	1601
1606	1607
1607	1608
1613	1614
1614	1615
1620	1621
1621	1622
1627	1628
1628	1629
1634	1635
1635	1636
1641	1642
1642	1643
1648	1649
1649	1650
1655	1656
1656	1657
1662	1663
1663	1664
1669	1670
1670	1671
1676	1677
1677	1678
1683	1684
1684	1685
1690	1691
1691	1692
1697	1698
1698	1699
1704	1705
1705	1706
1711	1712
1712	1713
1718	1719
1719	1720
1725	1726
1726	1727
1732	1733
1733	1734
1739	1740
1740	1741
1746	1747
1747	1748
1753	1754
1754	1755
1760	1761
1761	1762
1767	1768
1768	1769
1774	1775
1775	1776
1781	1782
1782	1783
1788	1789
1789	1790
1795	1796
1796	1797
1802	1803
1803	1804
1809	1810
1810	1811
1816	1817
1817	1818
1823	1824
1824	1825
1830	1831
1831	1832
1837	1838
1838	1839
1844	1845
1845	1846
1851	1852
1852	1853
1858	1859
1859	1860
1865	1866
1866	1867
1872	1873
1873	1874
1879	1880
1880	1881
1886	1887
1887	1888
1893	1894
1894	1895
1900	1901
1901	1902
1907	1908
1908	1909
1914	1915
1915	1916
1921	1922
1922	1923
1928	1929
1929	1930
1935	1936
1936	1937
1942	1943
1943	1944
1949	1950
1950	1951
1956	1957
1957	1958
1963	1964
1964	1965
1970	1971
1971	1972
1977	1978
1978	1979
1984	1985
1985	1986
1991	1992
1992	1993
1998	1999
1999	2000
2005	2006
2006	2007
2012	2013
2013	2014
2019	2020
2020	2021
2026	2027
2027	2028
2033	2034
2034	2035
2040	2041
2041	2042
2047	2048
2048	2049
2054	2055
2055	2056
2061	2062
2062	2063
2068	2069
2069	2070
2075	2076
2076	2077
2082	2083
2083	2084
2089	2090
2090	2091
2096	2097
2097	2098
2103	2104
2104	2105
2110	2111
2111	2112
2117	2118
2118	2119
2124	2125
2125	2126
2131	2132
2132	2133
2138	2139
2139	2140
2145	2146
2146	2147
2152	2153
2153	2154
2159	2160
2160	2161
2166	2167
2167	2168
2173	2174
2174	2175
2180	2181
2181	2182
2187	2188
2188	2189
2194	2195
2195	2196
2201	2202
2202	2203
2208	2209
2209	2210
2215	2216
2216	2217
2222	2223
2223	2224
2229	2230
2230	2231
2236	2237
2237	2238
2243	2244
2244	2245
2250	2251
2251	2252
2257	2258
2258	2259
2264	2265
2265	2266
2271	2272
2272	2273
2278	2279
2279	2280
2285	2286
2286	2287
2292	2293
2293	2294
2299	2300
2300	2301
2306	2307
2307	2308
2313	2314
2314	2315
2320	2321
2321	2322
2327	2328
2328	2329
2334	2335
2335	2336
2341	2342
2342	2343
2348	2349
2349	2350
2355	2356
2356	2357
2362	2363
2363	2364
2369	2370
2370	2371
2376	2377
2377	2378
2383	2384
2384	2385
2390	2391
2391	2392
2397	2398
2398	2399
2404	2405
2405	2406
2411	2412
2412	2413
2418	2419
2419	2420
2425	2426
2426	2427
2432	2433
2433	2434
2439	2440
2440	2441
2446	2447
2447	2448
2453	2454
2454	2455
2460	2461
2461	2462
2467	2468
2468	2469
2474	2475
2475	2476
2481	2482
2482	2483
2488	2489
2489	2490
2495	2496
2496	2497
2502	2503
2503	2504
2509	2510
2510	2511
2516	2517
2517	2518
2523	2524
2524	2525
2530	2531
2531	2532
2537	2538
2538	2539
2544	2545
2545	2546
2551	2552
2552	2553
2558	2559
2559	2560
2565	2566
2566	2567
2572	2573
2573	2574
2579	2580
2580	2581
2586	2587
2587	2588
2593	2594
2594	2595
2600	2601
2601	2602
2607	2608
2608	2609
2614	2615
2615	2616
2621	2622
2622	2623
2628	2629
2629	2630
2635	2636
2636	2637
2642	2643
2643	2644
2649	2650
2650	2651
2656	2657
2657	2658
2663	2664
2664	2665
2670	2671
2671	2672
2677	2678
2678	2679
2684	2685
2685	2686
2691	2692
2692	2693
2698	2699
2699	2700
2705	2706
2706	2707
2712	2713
2713	2714
2719	2720
2720	2721
2726	2727
2727	2728
2733	2734
2734	2735
2740	2741
2741	2742
2747	2748
2748	2749
2754	2755
2755	2756
2761	2762
2762	2763
2768	2769
2769	2770
2775	2776
2776	2777
2782	2783
2783	2784
2789	2790
2790	2791
2796	2797
2797	2798
2803	2804
2804	2805
2810	2811
2811	2812
2817	2818
2818	2819
2824	2825
2825	2826
2831	2832
2832	2833
2838	2839
2839	2840
2845	2846
2846	2847
2852	2853
2853	2854
2859	2860
2860	2861
2866	2867
2867	2868
2873	2874
2874	2875
2880	2881
2881	2882
2887	2888
2888	2889
2894	2895
2895	2896
2901	2902
2902	2903
2908	2909
2909	2910
2915	2916
2916	2917
2922	2923
2923	2924
2929	2930
2930	2931
2936	2937
2937	2938
2943	2944
2944	2945
2950	2951
2951	2952
2957	2958
2958	2959
2964	2965
2965	2966
2971	2972
2972	2973
2978	2979
2979	2980
2985	2986
2986	2987
2992	2993
2993	2994
2999	3000
3000	3001
3006	3007
3007	3008
3013	3014
3014	3015
3020	3021
3021	3022
3027	3028
3028	3029
3034	3035
3035	3036
3041	3042
3042	3043
3048	3049
3049	3050
3055	3056
3056	3057
3062	3063
3063	3064
3069	3070
3070	3071
3076	3077
3077	3078
3083	3084
3084	3085
3090	3091
3091	3092
3097	3098
3098	3099
3104	3105
3105	3106
3111	3112
3112	3113
3118	3119
3119	3120
3125	3126
3126	3127
3132	3133
3133	3134
3139	3140
3140	3141
3146	3147
3147	3148
3153	3154
3154	3155
3160	3161
3161	3162
3167	3168
3168	3169
3174	3175
3175	3176
3181	3182
3182	3183
3188	3189
3189	3190
3195	3196
3196	3197
3202	3203
3203	3204
3209	3210
3210	3211
3216	3217
3217	3218
3223	3224
3224	3225
3230	3231
3231	3232
3237	3238
3238	3239
3244	3245
3245	3246
3251	3252
3252	3253
3258	3259
3259	3260
3265	3266
3266	3267
3272	3273
3273	3274
3279	3280
3280	3281
3286	3287
3287	3288
3293	3294
3294	3295
3300	3301
3301	3302
3307	3308
3308	3309
3314	3315
3315	3316
3321	3322
3322	3323
3328	3329
3329	3330
3335	3336
3336	3337
3342	3343
3343	3344
3349	3350
3350	3351
3356	3357
3357	3358
3363	3364
3364	3365
3370	3371
3371	3372
3377	3378
3378	3379
3384	3385
3385	3386
3391	3392
3392	3393
3398	3399
3399	3400
3405	3406
3406	3407
3412	3413
3413	3414
3419	3420
3420	3421
3426	3427
3427	3428
3433	3434
3434	3435
3440	3441
3441	3442
3447	3448
3448	3449
3454	3455
3455	3456
3461	3462
3462	3463
3468	3469
3469	3470
3475	3476
3476	3477
3482	3483
3483	3484
3489	3490
3490	3491
3496	3497
3497	3498
3503	3504
3504	3505
3510	3511
3511	3512
3517	3518
3518	3519
3524	3525
3525	3526
3531	3532
3532	3533
3538	3539
3539	3540
3545	3546
3546	3547
3552	3553
3553	3554
3559	3560
3560	3561
3566	3567
3567	3568
3573	3574
3574	3575
3580	3581
3581	3582
3587	3588
3588	3589
3594	3595
3595	3596
3601	3602
3602	3603
3608	3609
3609	3610
3615	3616
3616	3617
3622	3623
3623	3624
3629	3630
3630	3631
3636	3637
3637	3638
3643	3644
3644	3645
3650	3651
3651	3652
3657	3658
3658	3659
3664	3665
3665	3666
3671	3672
3672	3673
3678	3679
3679	3680
3685	3686
3686	3687
3692	3693
3693	3694
3699	3700
3700	3701
3706	3707
3707	3708
3713	3714
3714	3715
3720	3721
3721	3722
3727	3728
3728	3729
3734	3735
3735	3736
3741	3742
3742	3743
3748	3749
3749	3750
3755	3756
3756	3757
3762	3763
3763	3764
3769	3770
3770	3771
3776	3777
3777	3778
3783	3784
3784	3785
3790	3791
3791	3792
3797	3798
3798	3799
3804	3805
3805	3806
3811	3812
3812	3813
3818	3819
3819	3820
3825	3826
3826	3827
3832	3833
3833	3834
3839	3840
3840	3841
3846	3847
3847	3848
3853	3854
3854	3855
3860	3861
3861	3862
3867	3868
3868	3869
3874	3875
3875	3876
3881	3882
3882	3883
3888	3889
3889	3890
3895	3896
3896	3897
3902	3903
3903	3904
3909	3910
3910	3911
3916	3917
3917	3918
3923	3924
3924	3925
3930	3931
3931	3932
3937	3938
3938	3939
3944	3945
3945	3946
3951	3952
3952	3953
3958	3959
3959	3960
3965	3966
3966	3967
3972	3973
3973	3974
3979	3980
3980	3981
3986	3987
3987	3988
3993	3994
3994	3995
4000	4001
4001	4002
4007	4008
4008	4009
4014	4015
4015	4016
4021	4022
4022	4023
4028	4029
4029	4030
4035	4036
4036	4037
4042	4043
4043	4044
4049	4050
4050	4051
4056	4057
4057	4058
4063	4064
4064	4065
4070	4071
4071	4072
4077	4078
4078	4079
4084	4085
4085	4086
4091	4092
4092	4093
4098	4099
4099	4100
4105	4106
4106	4107
4112	4113
4113	4114
4119	4120
4120	4121
4126	4127
4127	4128
4133	4134
4134	4135
4140	4141
4141	4142
4147	4148
4148	4149
4154	4155
4155	4156
4161	4162
4162	4163
4168	4169
4169	4170
4175	4176
4176	4177
4182	4183
4183	4184
4189	4190
4190	4191
4196	4197
4197	4198
4203	4204
4204	4205
4210	4211
4211	4212
4217	4218
4218	4219
4224	4225
4225	4226
4231	4232
4232	4233
4238	4239
4239	4240
4245	4246
4246	4247
4252	4253
4253	4254
4259	4260
4260	4261
4266	4267
4267	4268
4273	4274
4274	4275
4280	4281
4281	4282
4287	4288
4288	4289
4294	4295
4295	4296
4301	4302
4302	4303
4308	4309
4309	4310
4315	4316
4316	4317
4322	4323
4323	4324
4329	4330
4330	4331
4336	4337
4337	4338
4343	4344
4344	4345
4350	4351
4351	4352
4357	4358
4358	4359
4364	4365
4365	4366
4371	4372
4372	4373
4378	4379
4379	4380
4385	4386
4386	4387
4392	4393
4393	4394
4399	4400
4400	4401
4406	4407
4407	4408
4413	4414
4414	4415
4420	4421
4421	4422
4427	4428
4428	4429
4434	4435
4435	4436
4441	4442
4442	4443
4448	4449
4449	4450
4455	4456
4456	4457
4462	4463
4463	4464
4469	4470
4470	4471
4476	4477
4477	4478
4483	4484
4484	4485
4490	4491
4491	4492
4497	4498
4498	4499
4504	4505
4505	4506
4511	4512
4512	4513
4518	4519
4519	4520
4525	4526
4526	4527
4532	4533
4533	4534
4539	4540
4540	4541
4546	4547
4547	4548
4553	4554
4554	4555
4560	4561
4561	4562
4567	4568
4568	4569
4574	4575
4575	4576
4581	4582
4582	4583
4588	4589
4589	4590
4595	4596
4596	4597
4602	4603
4603	4604
4609	4610
4610	4611
4616	4617
4617	4618
4623	4624
4624	4625
4630	4631
4631	4632
4637	4638
4638	4639
4644	4645
4645	4646
4651	4652
4652	4653
4658	4659
4659	4660
4665	4666
4666	4667
4672	4673
4673	4674
4679	4680
4680	4681
4686	4687
4687	4688
4693	4694
4694	4695
4700	4701
4701	4702
4707	4708
4708	4709
4714	4715
4715	4716
4721	4722
4722	4723
4728	4729
4729	4730
4735	4736
4736	4737
4742	4743
4743	4744
4749	4750
4750	4751
4756	4757
4757	4758
4763	4764
4764	4765
4770	4771
4771	4772
4777	4778
4778	4779
4784	4785
4785	4786
4791	4792
4792	4793
4798	4799
4799	4800
4805	4806
4806	4807
4812	4813
4813	4814
4819	4820
4820	4821
4826	4827
4827	4828
4833	4834
4834	4835
4840	4841
4841	4842
4847	4848
4848	4849
4854	4855
4855	4856
4861	4862
4862	4863
4868	4869
4869	4870
4875	4876
4876	4877
4882	4883
4883	4884
4889	4890
4890	4891
4896	4897
4897	4898
4903	4904
4904	4905
4910	4911
4911	4912
4917	4918
4918	4919
4924	4925
4925	4926
4931	4932
4932	4933
4938	4939
4939	4940
4945	4946
4946	4947
4952	4953
4953	4954
4959	4960
4960	4961
4966	4967
4967	4968
4973	4974
4974	4975
4980	4981
4981	4982
4987	4988
4988	4989
4994	4995
4995	4996
5001	5002
5002	5003
5008	5009
5009	5010
5015	5016
5016	5017
5022	5023
5023	5024
5029	5030
5030	5031
5036	5037
5037	5038
5043	5044
5044	5045
5050	5051
5051	5052
5057	5058
5058	5059
5064	5065
5065	5066
5071	5072
5072	5073
5078	5079
5079	5080
5085	5086
5086	5087
5092	5093
5093	5094
5099	5100
5100	5101
5106	5107
5107	5108
5113	5114
5114	5115
5120	5121
5121	5122
5127	5128
5128	5129
5134	5135
5135	5136
5141	5142
5142	5143
5148	5149
5149	5150
5155	5156
5156	5157
5162	5163
5163	5164
5169	5170
5170	5171
5176	5177
5177	5178
5183	5184
5184	5185
5190	5191
5191	5192
5197	5198
5198	5199
5204	5205
5205	5206
5211	5212
5212	5213
5218	5219
5219	5220
5225	5226
5226	5227
5232	5233
5233	5234
5239	5240
5240	5241
5246	5247
5247	5248
5253	5254
5254	5255
5260	5261
5261	5262
5267	5268
5268	5269
5274	5275
5275	5276
5281	5282
5282	5283
5288	5289
5289	5290
5295	5296
5296	5297
5302	5303
5303	5304
5309	5310
5310	5311
5316	5317
5317	5318
5323	5324
5324	5325
5330	5331
5331	5332
5337	5338
5338	5339
5344	5345
5345	5346
5351	5352
5352	5353
5358	5359
5359	5360
5365	5366
5366	5367
5372	5373
5373	5374
5379	5380
5380	5381
5386	5387
5387	5388
5393	5394
5394	5395
5400	5401
5401	5402
5407	5408
5408	5409
5414	5415
5415	5416
5421	5422
5422	5423
5428	5429
5429	5430
5435	5436
5436	5437
5442	5443
5443	5444
5449	5450
5450	5451
5456	5457
5457	5458
5463	5464
5464	5465
5470	5471
5471	5472
5477	5478
5478	5479
5484	5485
5485	5486
5491	5492
5492	5493
5498	5499
5499	5500
5505	5506
5506	5507
5512	5513
5513	5514
5519	5520
5520	5521
5526	5527
5527	5528
5533	5534
5534	5535
5540	5541
5541	5542
5547	5548
5548	5549
5554	5555
5555	5556
5561	5562
5562	5563
5568	5569
5569	5570
5575	5576
5576	5577
5582	5583
5583	5584
5589	5590
5590	5591
5596	5597
5597	5598
5603	5604
5604	5605
5610	5611
5611	5612
5617	5618
5618	5619
5624	5625
5625	5626
5631	5632
5632	5633
5638	5639
5639	5640
5645	5646
5646	5647
5652	5653
5653	5654
5659	5660
5660	5661
5666	5667
5667	5668
5673	5674
5674	5675
5680	5681
5681	5682
5687	5688
5688	5689
5694	5695
5695	5696
5701	5702
5702	5703
5708	5709
5709	5710
5715	5716
5716	5717
5722	5723
5723	5724
5729	5730
5730	5731
5736	5737
5737	5738
