0	110
0	111
0	119
0	120
0	128
0	129
0	137
0	138
110	11
111	112
119	12
120	121
128	20
129	130
137	21
138	139
1	146
1	147
1	155
1	156
1	164
1	165
1	173
1	174
146	11
147	148
155	19
156	157
164	29
165	166
173	30
174	175
2	182
2	183
2	191
2	192
2	200
2	201
2	209
2	210
182	29
183	184
191	37
192	193
200	38
201	202
209	39
210	211
3	218
3	219
3	227
3	228
3	236
3	237
3	245
3	246
218	38
219	220
227	46
228	229
236	47
237	238
245	48
246	247
4	254
4	255
4	263
4	264
4	272
4	273
4	281
4	282
254	47
255	256
263	55
264	265
272	56
273	274
281	57
282	283
5	290
5	291
5	299
5	300
5	308
5	309
5	317
5	318
290	56
291	292
299	64
300	301
308	65
309	310
317	66
318	319
6	326
6	327
6	335
6	336
6	344
6	345
6	353
6	354
326	65
327	328
335	73
336	337
344	74
345	346
353	75
354	355
7	362
7	363
7	371
7	372
7	380
7	381
7	389
7	390
362	74
363	364
371	82
372	373
380	83
381	382
389	84
390	391
8	398
8	399
8	407
8	408
8	416
8	417
8	425
8	426
398	83
399	400
407	91
408	409
416	92
417	418
425	93
426	427
9	434
9	435
9	443
9	444
9	452
9	453
9	461
9	462
434	92
435	436
443	100
444	445
452	101
453	454
461	102
462	463
10	470
10	471
10	479
10	480
10	488
10	489
10	497
10	498
470	20
471	472
479	28
480	481
488	101
489	490
497	109
498	499
11	118
11	154
118	117
154	153
12	127
12	506
12	507
127	126
506	13
507	508
13	514
13	515
13	516
514	513
515	14
516	517
14	523
14	524
14	525
523	522
524	15
525	526
15	532
15	533
15	534
532	531
533	16
534	535
16	541
16	542
16	543
541	540
542	17
543	544
17	550
17	551
17	552
550	549
551	18
552	553
18	559
18	560
18	561
559	558
560	19
561	562
19	163
19	568
163	162
568	567
20	136
20	478
136	135
478	477
21	145
21	569
21	570
145	144
569	22
570	571
22	577
22	578
22	579
577	576
578	23
579	580
23	586
23	587
23	588
586	585
587	24
588	589
24	595
24	596
24	597
595	594
596	25
597	598
25	604
25	605
25	606
604	603
605	26
606	607
26	613
26	614
26	615
613	612
614	27
615	616
27	622
27	623
27	624
622	621
623	28
624	625
28	487
28	631
487	486
631	630
29	172
29	190
172	171
190	189
30	181
30	632
30	633
181	180
632	31
633	634
31	640
31	641
31	642
640	639
641	32
642	643
32	649
32	650
32	651
649	648
650	33
651	652
33	658
33	659
33	660
658	657
659	34
660	661
34	667
34	668
34	669
667	666
668	35
669	670
35	676
35	677
35	678
676	675
677	36
678	679
36	685
36	686
36	687
685	684
686	37
687	688
37	199
37	694
199	198
694	693
38	208
38	226
208	207
226	225
39	217
39	695
39	696
217	216
695	40
696	697
40	703
40	704
40	705
703	702
704	41
705	706
41	712
41	713
41	714
712	711
713	42
714	715
42	721
42	722
42	723
721	720
722	43
723	724
43	730
43	731
43	732
730	729
731	44
732	733
44	739
44	740
44	741
739	738
740	45
741	742
45	748
45	749
45	750
748	747
749	46
750	751
46	235
46	757
235	234
757	756
47	244
47	262
244	243
262	261
48	253
48	758
48	759
253	252
758	49
759	760
49	766
49	767
49	768
766	765
767	50
768	769
50	775
50	776
50	777
775	774
776	51
777	778
51	784
51	785
51	786
784	783
785	52
786	787
52	793
52	794
52	795
793	792
794	53
795	796
53	802
53	803
53	804
802	801
803	54
804	805
54	811
54	812
54	813
811	810
812	55
813	814
55	271
55	820
271	270
820	819
56	280
56	298
280	279
298	297
57	289
57	821
57	822
289	288
821	58
822	823
58	829
58	830
58	831
829	828
830	59
831	832
59	838
59	839
59	840
838	837
839	60
840	841
60	847
60	848
60	849
847	846
848	61
849	850
61	856
61	857
61	858
856	855
857	62
858	859
62	865
62	866
62	867
865	864
866	63
867	868
63	874
63	875
63	876
874	873
875	64
876	877
64	307
64	883
307	306
883	882
65	316
65	334
316	315
334	333
66	325
66	884
66	885
325	324
884	67
885	886
67	892
67	893
67	894
892	891
893	68
894	895
68	901
68	902
68	903
901	900
902	69
903	904
69	910
69	911
69	912
910	909
911	70
912	913
70	919
70	920
70	921
919	918
920	71
921	922
71	928
71	929
71	930
928	927
929	72
930	931
72	937
72	938
72	939
937	936
938	73
939	940
73	343
73	946
343	342
946	945
74	352
74	370
352	351
370	369
75	361
75	947
75	948
361	360
947	76
948	949
76	955
76	956
76	957
955	954
956	77
957	958
77	964
77	965
77	966
964	963
965	78
966	967
78	973
78	974
78	975
973	972
974	79
975	976
79	982
79	983
79	984
982	981
983	80
984	985
80	991
80	992
80	993
991	990
992	81
993	994
81	1000
81	1001
81	1002
1000	999
1001	82
1002	1003
82	379
82	1009
379	378
1009	1008
83	388
83	406
388	387
406	405
84	397
84	1010
84	1011
397	396
1010	85
1011	1012
85	1018
85	1019
85	1020
1018	1017
1019	86
1020	1021
86	1027
86	1028
86	1029
1027	1026
1028	87
1029	1030
87	1036
87	1037
87	1038
1036	1035
1037	88
1038	1039
88	1045
88	1046
88	1047
1045	1044
1046	89
1047	1048
89	1054
89	1055
89	1056
1054	1053
1055	90
1056	1057
90	1063
90	1064
90	1065
1063	1062
1064	91
1065	1066
91	415
91	1072
415	414
1072	1071
92	424
92	442
424	423
442	441
93	433
93	1073
93	1074
433	432
1073	94
1074	1075
94	1081
94	1082
94	1083
1081	1080
1082	95
1083	1084
95	1090
95	1091
95	1092
1090	1089
1091	96
1092	1093
96	1099
96	1100
96	1101
1099	1098
1100	97
1101	1102
97	1108
97	1109
97	1110
1108	1107
1109	98
1110	1111
98	1117
98	1118
98	1119
1117	1116
1118	99
1119	1120
99	1126
99	1127
99	1128
1126	1125
1127	100
1128	1129
100	451
100	1135
451	450
1135	1134
101	460
101	496
460	459
496	495
102	469
102	1136
102	1137
469	468
1136	103
1137	1138
103	1144
103	1145
103	1146
1144	1143
1145	104
1146	1147
104	1153
104	1154
104	1155
1153	1152
1154	105
1155	1156
105	1162
105	1163
105	1164
1162	1161
1163	106
1164	1165
106	1171
106	1172
106	1173
1171	1170
1172	107
1173	1174
107	1180
107	1181
107	1182
1180	1179
1181	108
1182	1183
108	1189
108	1190
108	1191
1189	1188
1190	109
1191	1192
109	505
109	1198
505	504
1198	1197
112	113
113	114
114	115
115	116
116	117
121	122
122	123
123	124
124	125
125	126
130	131
131	132
132	133
133	134
134	135
139	140
140	141
141	142
142	143
143	144
148	149
149	150
150	151
151	152
152	153
157	158
158	159
159	160
160	161
161	162
166	167
167	168
168	169
169	170
170	171
175	176
176	177
177	178
178	179
179	180
184	185
185	186
186	187
187	188
188	189
193	194
194	195
195	196
196	197
197	198
202	203
203	204
204	205
205	206
206	207
211	212
212	213
213	214
214	215
215	216
220	221
221	222
222	223
223	224
224	225
229	230
230	231
231	232
232	233
233	234
238	239
239	240
240	241
241	242
242	243
247	248
248	249
249	250
250	251
251	252
256	257
257	258
258	259
259	260
260	261
265	266
266	267
267	268
268	269
269	270
274	275
275	276
276	277
277	278
278	279
283	284
284	285
285	286
286	287
287	288
292	293
293	294
294	295
295	296
296	297
301	302
302	303
303	304
304	305
305	306
310	311
311	312
312	313
313	314
314	315
319	320
320	321
321	322
322	323
323	324
328	329
329	330
330	331
331	332
332	333
337	338
338	339
339	340
340	341
341	342
346	347
347	348
348	349
349	350
350	351
355	356
356	357
357	358
358	359
359	360
364	365
365	366
366	367
367	368
368	369
373	374
374	375
375	376
376	377
377	378
382	383
383	384
384	385
385	386
386	387
391	392
392	393
393	394
394	395
395	396
400	401
401	402
402	403
403	404
404	405
409	410
410	411
411	412
412	413
413	414
418	419
419	420
420	421
421	422
422	423
427	428
428	429
429	430
430	431
431	432
436	437
437	438
438	439
439	440
440	441
445	446
446	447
447	448
448	449
449	450
454	455
455	456
456	457
457	458
458	459
463	464
464	465
465	466
466	467
467	468
472	473
473	474
474	475
475	476
476	477
481	482
482	483
483	484
484	485
485	486
490	491
491	492
492	493
493	494
494	495
499	500
500	501
501	502
502	503
503	504
508	509
509	510
510	511
511	512
512	513
517	518
518	519
519	520
520	521
521	522
526	527
527	528
528	529
529	530
530	531
535	536
536	537
537	538
538	539
539	540
544	545
545	546
546	547
547	548
548	549
553	554
554	555
555	556
556	557
557	558
562	563
563	564
564	565
565	566
566	567
571	572
572	573
573	574
574	575
575	576
580	581
581	582
582	583
583	584
584	585
589	590
590	591
591	592
592	593
593	594
598	599
599	600
600	601
601	602
602	603
607	608
608	609
609	610
610	611
611	612
616	617
617	618
618	619
619	620
620	621
625	626
626	627
627	628
628	629
629	630
634	635
635	636
636	637
637	638
638	639
643	644
644	645
645	646
646	647
647	648
652	653
653	654
654	655
655	656
656	657
661	662
662	663
663	664
664	665
665	666
670	671
671	672
672	673
673	674
674	675
679	680
680	681
681	682
682	683
683	684
688	689
689	690
690	691
691	692
692	693
697	698
698	699
699	700
700	701
701	702
706	707
707	708
708	709
709	710
710	711
715	716
716	717
717	718
718	719
719	720
724	725
725	726
726	727
727	728
728	729
733	734
734	735
735	736
736	737
737	738
742	743
743	744
744	745
745	746
746	747
751	752
752	753
753	754
754	755
755	756
760	761
761	762
762	763
763	764
764	765
769	770
770	771
771	772
772	773
773	774
778	779
779	780
780	781
781	782
782	783
787	788
788	789
789	790
790	791
791	792
796	797
797	798
798	799
799	800
800	801
805	806
806	807
807	808
808	809
809	810
814	815
815	816
816	817
817	818
818	819
823	824
824	825
825	826
826	827
827	828
832	833
833	834
834	835
835	836
836	837
841	842
842	843
843	844
844	845
845	846
850	851
851	852
852	853
853	854
854	855
859	860
860	861
861	862
862	863
863	864
868	869
869	870
870	871
871	872
872	873
877	878
878	879
879	880
880	881
881	882
886	887
887	888
888	889
889	890
890	891
895	896
896	897
897	898
898	899
899	900
904	905
905	906
906	907
907	908
908	909
913	914
914	915
915	916
916	917
917	918
922	923
923	924
924	925
925	926
926	927
931	932
932	933
933	934
934	935
935	936
940	941
941	942
942	943
943	944
944	945
949	950
950	951
951	952
952	953
953	954
958	959
959	960
960	961
961	962
962	963
967	968
968	969
969	970
970	971
971	972
976	977
977	978
978	979
979	980
980	981
985	986
986	987
987	988
988	989
989	990
994	995
995	996
996	997
997	998
998	999
1003	1004
1004	1005
1005	1006
1006	1007
1007	1008
1012	1013
1013	1014
1014	1015
1015	1016
1016	1017
1021	1022
1022	1023
1023	1024
1024	1025
1025	1026
1030	1031
1031	1032
1032	1033
1033	1034
1034	1035
1039	1040
1040	1041
1041	1042
1042	1043
1043	1044
1048	1049
1049	1050
1050	1051
1051	1052
1052	1053
1057	1058
1058	1059
1059	1060
1060	1061
1061	1062
1066	1067
1067	1068
1068	1069
1069	1070
1070	1071
1075	1076
1076	1077
1077	1078
1078	1079
1079	1080
1084	1085
1085	1086
1086	1087
1087	1088
1088	1089
1093	1094
1094	1095
1095	1096
1096	1097
1097	1098
1102	1103
1103	1104
1104	1105
1105	1106
1106	1107
1111	1112
1112	1113
1113	1114
1114	1115
1115	1116
1120	1121
1121	1122
1122	1123
1123	1124
1124	1125
1129	1130
1130	1131
1131	1132
1132	1133
1133	1134
1138	1139
1139	1140
1140	1141
1141	1142
1142	1143
1147	1148
1148	1149
1149	1150
1150	1151
1151	1152
1156	1157
1157	1158
1158	1159
1159	1160
1160	1161
1165	1166
1166	1167
1167	1168
1168	1169
1169	1170
1174	1175
1175	1176
1176	1177
1177	1178
1178	1179
1183	1184
1184	1185
1185	1186
1186	1187
1187	1188
1192	1193
1193	1194
1194	1195
1195	1196
1196	1197
