0	1
0	639
0	72
0	646
0	9
0	653
0	79
0	660
0	8
0	667
0	86
0	674
0	16
0	681
0	93
0	688
1	645
1	78
1	695
1	15
1	702
1	100
1	709
1	2
1	716
1	107
1	723
1	23
1	730
1	114
1	737
639	640
72	652
72	73
72	2340
646	647
9	659
9	85
9	1080
9	10
9	1087
9	261
9	1094
653	654
79	666
79	80
79	2382
660	661
8	7
8	673
8	1016
8	92
8	1038
8	239
8	1045
8	22
8	1052
8	247
8	1059
8	71
8	1066
8	254
8	1073
667	668
86	680
86	87
86	2424
674	675
16	687
16	99
16	1220
16	17
16	1227
16	303
16	1234
681	682
93	694
93	94
93	2466
688	689
645	644
78	77
78	701
78	2381
695	696
15	14
15	708
15	1198
15	106
15	1206
15	302
15	1213
702	703
100	715
100	101
100	2508
709	710
2	722
2	113
2	744
2	29
2	751
2	121
2	758
2	3
2	765
2	128
2	772
2	30
2	779
2	135
2	786
716	717
107	729
107	108
107	2550
723	724
23	736
23	120
23	1360
23	24
23	1367
23	345
23	1374
730	731
114	743
114	115
114	2592
737	738
722	721
113	112
113	750
113	2591
744	745
29	28
29	757
29	1478
29	127
29	1486
29	386
29	1493
751	752
121	764
121	122
121	2634
758	759
3	771
3	134
3	793
3	36
3	800
3	142
3	807
3	4
3	814
3	149
3	821
3	37
3	828
3	156
3	835
765	766
128	778
128	129
128	2676
772	773
30	785
30	141
30	1500
30	31
30	1507
30	387
30	1514
779	780
135	792
135	136
135	2718
786	787
771	770
134	133
134	799
134	2717
793	794
36	35
36	806
36	1618
36	148
36	1626
36	428
36	1633
800	801
142	813
142	143
142	2760
807	808
4	820
4	155
4	842
4	43
4	849
4	163
4	856
4	5
4	863
4	170
4	870
4	44
4	877
4	177
4	884
814	815
149	827
149	150
149	2802
821	822
37	834
37	162
37	1640
37	38
37	1647
37	429
37	1654
828	829
156	841
156	157
156	2844
835	836
820	819
155	154
155	848
155	2843
842	843
43	42
43	855
43	1758
43	169
43	1766
43	470
43	1773
849	850
163	862
163	164
163	2886
856	857
5	869
5	176
5	891
5	50
5	898
5	184
5	905
5	6
5	912
5	191
5	919
5	51
5	926
5	198
5	933
863	864
170	876
170	171
170	2928
870	871
44	883
44	183
44	1780
44	45
44	1787
44	471
44	1794
877	878
177	890
177	178
177	2970
884	885
869	868
176	175
176	897
176	2969
891	892
50	49
50	904
50	1898
50	190
50	1906
50	512
50	1913
898	899
184	911
184	185
184	3012
905	906
6	918
6	197
6	940
6	57
6	947
6	205
6	954
6	7
6	961
6	212
6	968
6	58
6	975
6	219
6	982
912	913
191	925
191	192
191	3054
919	920
51	932
51	204
51	1920
51	52
51	1927
51	513
51	1934
926	927
198	939
198	199
198	3096
933	934
918	917
197	196
197	946
197	3095
940	941
57	56
57	953
57	2038
57	211
57	2046
57	554
57	2053
947	948
205	960
205	206
205	3138
954	955
7	967
7	218
7	989
7	64
7	996
7	226
7	1003
7	1010
7	233
7	1017
7	65
7	1024
7	240
7	1031
961	962
212	974
212	213
212	3180
968	969
58	981
58	225
58	2060
58	59
58	2067
58	555
58	2074
975	976
219	988
219	220
219	3222
982	983
967	966
218	217
218	995
218	3221
989	990
64	63
64	1002
64	2178
64	232
64	2186
64	596
64	2193
996	997
226	1009
226	227
226	3264
1003	1004
1010	1011
233	1023
233	234
233	3306
1017	1018
65	1030
65	246
65	2200
65	66
65	2207
65	597
65	2214
1024	1025
240	1037
240	241
240	3348
1031	1032
673	672
1016	1015
92	91
92	1044
92	2465
1038	1039
239	238
239	1051
239	3347
1045	1046
22	21
22	1058
22	1338
22	253
22	1346
22	344
22	1353
1052	1053
247	1065
247	248
247	3390
1059	1060
71	70
71	1072
71	2318
71	260
71	2326
71	638
71	2333
1066	1067
254	1079
254	255
254	3432
1073	1074
659	658
85	84
85	1086
85	2423
1080	1081
10	1093
10	267
10	1101
10	11
10	1108
10	268
10	1115
1087	1088
261	1100
261	262
261	3474
1094	1095
1093	1092
267	266
267	1107
267	3515
1101	1102
11	1114
11	274
11	1122
11	12
11	1129
11	275
11	1136
1108	1109
268	1121
268	269
268	3516
1115	1116
1114	1113
274	273
274	1128
274	3557
1122	1123
12	1135
12	281
12	1143
12	13
12	1150
12	282
12	1157
1129	1130
275	1142
275	276
275	3558
1136	1137
1135	1134
281	280
281	1149
281	3599
1143	1144
13	1156
13	288
13	1164
13	14
13	1171
13	289
13	1178
1150	1151
282	1163
282	283
282	3600
1157	1158
1156	1155
288	287
288	1170
288	3641
1164	1165
14	1177
14	295
14	1185
14	1192
14	296
14	1199
1171	1172
289	1184
289	290
289	3642
1178	1179
1177	1176
295	294
295	1191
295	3683
1185	1186
1192	1193
296	1205
296	297
296	3684
1199	1200
708	707
1198	1197
106	105
106	1212
106	2549
1206	1207
302	301
302	1219
302	3725
1213	1214
687	686
99	98
99	1226
99	2507
1220	1221
17	1233
17	309
17	1241
17	18
17	1248
17	310
17	1255
1227	1228
303	1240
303	304
303	3726
1234	1235
1233	1232
309	308
309	1247
309	3767
1241	1242
18	1254
18	316
18	1262
18	19
18	1269
18	317
18	1276
1248	1249
310	1261
310	311
310	3768
1255	1256
1254	1253
316	315
316	1268
316	3809
1262	1263
19	1275
19	323
19	1283
19	20
19	1290
19	324
19	1297
1269	1270
317	1282
317	318
317	3810
1276	1277
1275	1274
323	322
323	1289
323	3851
1283	1284
20	1296
20	330
20	1304
20	21
20	1311
20	331
20	1318
1290	1291
324	1303
324	325
324	3852
1297	1298
1296	1295
330	329
330	1310
330	3893
1304	1305
21	1317
21	337
21	1325
21	1332
21	338
21	1339
1311	1312
331	1324
331	332
331	3894
1318	1319
1317	1316
337	336
337	1331
337	3935
1325	1326
1332	1333
338	1345
338	339
338	3936
1339	1340
1058	1057
1338	1337
253	252
253	1352
253	3431
1346	1347
344	343
344	1359
344	3977
1353	1354
736	735
120	119
120	1366
120	2633
1360	1361
24	1373
24	351
24	1381
24	25
24	1388
24	352
24	1395
1367	1368
345	1380
345	346
345	3978
1374	1375
1373	1372
351	350
351	1387
351	4019
1381	1382
25	1394
25	358
25	1402
25	26
25	1409
25	359
25	1416
1388	1389
352	1401
352	353
352	4020
1395	1396
1394	1393
358	357
358	1408
358	4061
1402	1403
26	1415
26	365
26	1423
26	27
26	1430
26	366
26	1437
1409	1410
359	1422
359	360
359	4062
1416	1417
1415	1414
365	364
365	1429
365	4103
1423	1424
27	1436
27	372
27	1444
27	28
27	1451
27	373
27	1458
1430	1431
366	1443
366	367
366	4104
1437	1438
1436	1435
372	371
372	1450
372	4145
1444	1445
28	1457
28	379
28	1465
28	1472
28	380
28	1479
1451	1452
373	1464
373	374
373	4146
1458	1459
1457	1456
379	378
379	1471
379	4187
1465	1466
1472	1473
380	1485
380	381
380	4188
1479	1480
757	756
1478	1477
127	126
127	1492
127	2675
1486	1487
386	385
386	1499
386	4229
1493	1494
785	784
141	140
141	1506
141	2759
1500	1501
31	1513
31	393
31	1521
31	32
31	1528
31	394
31	1535
1507	1508
387	1520
387	388
387	4230
1514	1515
1513	1512
393	392
393	1527
393	4271
1521	1522
32	1534
32	400
32	1542
32	33
32	1549
32	401
32	1556
1528	1529
394	1541
394	395
394	4272
1535	1536
1534	1533
400	399
400	1548
400	4313
1542	1543
33	1555
33	407
33	1563
33	34
33	1570
33	408
33	1577
1549	1550
401	1562
401	402
401	4314
1556	1557
1555	1554
407	406
407	1569
407	4355
1563	1564
34	1576
34	414
34	1584
34	35
34	1591
34	415
34	1598
1570	1571
408	1583
408	409
408	4356
1577	1578
1576	1575
414	413
414	1590
414	4397
1584	1585
35	1597
35	421
35	1605
35	1612
35	422
35	1619
1591	1592
415	1604
415	416
415	4398
1598	1599
1597	1596
421	420
421	1611
421	4439
1605	1606
1612	1613
422	1625
422	423
422	4440
1619	1620
806	805
1618	1617
148	147
148	1632
148	2801
1626	1627
428	427
428	1639
428	4481
1633	1634
834	833
162	161
162	1646
162	2885
1640	1641
38	1653
38	435
38	1661
38	39
38	1668
38	436
38	1675
1647	1648
429	1660
429	430
429	4482
1654	1655
1653	1652
435	434
435	1667
435	4523
1661	1662
39	1674
39	442
39	1682
39	40
39	1689
39	443
39	1696
1668	1669
436	1681
436	437
436	4524
1675	1676
1674	1673
442	441
442	1688
442	4565
1682	1683
40	1695
40	449
40	1703
40	41
40	1710
40	450
40	1717
1689	1690
443	1702
443	444
443	4566
1696	1697
1695	1694
449	448
449	1709
449	4607
1703	1704
41	1716
41	456
41	1724
41	42
41	1731
41	457
41	1738
1710	1711
450	1723
450	451
450	4608
1717	1718
1716	1715
456	455
456	1730
456	4649
1724	1725
42	1737
42	463
42	1745
42	1752
42	464
42	1759
1731	1732
457	1744
457	458
457	4650
1738	1739
1737	1736
463	462
463	1751
463	4691
1745	1746
1752	1753
464	1765
464	465
464	4692
1759	1760
855	854
1758	1757
169	168
169	1772
169	2927
1766	1767
470	469
470	1779
470	4733
1773	1774
883	882
183	182
183	1786
183	3011
1780	1781
45	1793
45	477
45	1801
45	46
45	1808
45	478
45	1815
1787	1788
471	1800
471	472
471	4734
1794	1795
1793	1792
477	476
477	1807
477	4775
1801	1802
46	1814
46	484
46	1822
46	47
46	1829
46	485
46	1836
1808	1809
478	1821
478	479
478	4776
1815	1816
1814	1813
484	483
484	1828
484	4817
1822	1823
47	1835
47	491
47	1843
47	48
47	1850
47	492
47	1857
1829	1830
485	1842
485	486
485	4818
1836	1837
1835	1834
491	490
491	1849
491	4859
1843	1844
48	1856
48	498
48	1864
48	49
48	1871
48	499
48	1878
1850	1851
492	1863
492	493
492	4860
1857	1858
1856	1855
498	497
498	1870
498	4901
1864	1865
49	1877
49	505
49	1885
49	1892
49	506
49	1899
1871	1872
499	1884
499	500
499	4902
1878	1879
1877	1876
505	504
505	1891
505	4943
1885	1886
1892	1893
506	1905
506	507
506	4944
1899	1900
904	903
1898	1897
190	189
190	1912
190	3053
1906	1907
512	511
512	1919
512	4985
1913	1914
932	931
204	203
204	1926
204	3137
1920	1921
52	1933
52	519
52	1941
52	53
52	1948
52	520
52	1955
1927	1928
513	1940
513	514
513	4986
1934	1935
1933	1932
519	518
519	1947
519	5027
1941	1942
53	1954
53	526
53	1962
53	54
53	1969
53	527
53	1976
1948	1949
520	1961
520	521
520	5028
1955	1956
1954	1953
526	525
526	1968
526	5069
1962	1963
54	1975
54	533
54	1983
54	55
54	1990
54	534
54	1997
1969	1970
527	1982
527	528
527	5070
1976	1977
1975	1974
533	532
533	1989
533	5111
1983	1984
55	1996
55	540
55	2004
55	56
55	2011
55	541
55	2018
1990	1991
534	2003
534	535
534	5112
1997	1998
1996	1995
540	539
540	2010
540	5153
2004	2005
56	2017
56	547
56	2025
56	2032
56	548
56	2039
2011	2012
541	2024
541	542
541	5154
2018	2019
2017	2016
547	546
547	2031
547	5195
2025	2026
2032	2033
548	2045
548	549
548	5196
2039	2040
953	952
2038	2037
211	210
211	2052
211	3179
2046	2047
554	553
554	2059
554	5237
2053	2054
981	980
225	224
225	2066
225	3263
2060	2061
59	2073
59	561
59	2081
59	60
59	2088
59	562
59	2095
2067	2068
555	2080
555	556
555	5238
2074	2075
2073	2072
561	560
561	2087
561	5279
2081	2082
60	2094
60	568
60	2102
60	61
60	2109
60	569
60	2116
2088	2089
562	2101
562	563
562	5280
2095	2096
2094	2093
568	567
568	2108
568	5321
2102	2103
61	2115
61	575
61	2123
61	62
61	2130
61	576
61	2137
2109	2110
569	2122
569	570
569	5322
2116	2117
2115	2114
575	574
575	2129
575	5363
2123	2124
62	2136
62	582
62	2144
62	63
62	2151
62	583
62	2158
2130	2131
576	2143
576	577
576	5364
2137	2138
2136	2135
582	581
582	2150
582	5405
2144	2145
63	2157
63	589
63	2165
63	2172
63	590
63	2179
2151	2152
583	2164
583	584
583	5406
2158	2159
2157	2156
589	588
589	2171
589	5447
2165	2166
2172	2173
590	2185
590	591
590	5448
2179	2180
1002	1001
2178	2177
232	231
232	2192
232	3305
2186	2187
596	595
596	2199
596	5489
2193	2194
1030	1029
246	245
246	2206
246	3389
2200	2201
66	2213
66	603
66	2221
66	67
66	2228
66	604
66	2235
2207	2208
597	2220
597	598
597	5490
2214	2215
2213	2212
603	602
603	2227
603	5531
2221	2222
67	2234
67	610
67	2242
67	68
67	2249
67	611
67	2256
2228	2229
604	2241
604	605
604	5532
2235	2236
2234	2233
610	609
610	2248
610	5573
2242	2243
68	2255
68	617
68	2263
68	69
68	2270
68	618
68	2277
2249	2250
611	2262
611	612
611	5574
2256	2257
2255	2254
617	616
617	2269
617	5615
2263	2264
69	2276
69	624
69	2284
69	70
69	2291
69	625
69	2298
2270	2271
618	2283
618	619
618	5616
2277	2278
2276	2275
624	623
624	2290
624	5657
2284	2285
70	2297
70	631
70	2305
70	2312
70	632
70	2319
2291	2292
625	2304
625	626
625	5658
2298	2299
2297	2296
631	630
631	2311
631	5699
2305	2306
2312	2313
632	2325
632	633
632	5700
2319	2320
1072	1071
2318	2317
260	259
260	2332
260	3473
2326	2327
638	637
638	2339
638	5741
2333	2334
652	651
73	2346
73	74
73	2347
2340	2341
2346	2345
74	2353
74	75
74	2354
2347	2348
2353	2352
75	2360
75	76
75	2361
2354	2355
2360	2359
76	2367
76	77
76	2368
2361	2362
2367	2366
77	2374
77	2375
2368	2369
2374	2373
2375	2376
701	700
2381	2380
666	665
80	2388
80	81
80	2389
2382	2383
2388	2387
81	2395
81	82
81	2396
2389	2390
2395	2394
82	2402
82	83
82	2403
2396	2397
2402	2401
83	2409
83	84
83	2410
2403	2404
2409	2408
84	2416
84	2417
2410	2411
2416	2415
2417	2418
1086	1085
2423	2422
680	679
87	2430
87	88
87	2431
2424	2425
2430	2429
88	2437
88	89
88	2438
2431	2432
2437	2436
89	2444
89	90
89	2445
2438	2439
2444	2443
90	2451
90	91
90	2452
2445	2446
2451	2450
91	2458
91	2459
2452	2453
2458	2457
2459	2460
1044	1043
2465	2464
694	693
94	2472
94	95
94	2473
2466	2467
2472	2471
95	2479
95	96
95	2480
2473	2474
2479	2478
96	2486
96	97
96	2487
2480	2481
2486	2485
97	2493
97	98
97	2494
2487	2488
2493	2492
98	2500
98	2501
2494	2495
2500	2499
2501	2502
1226	1225
2507	2506
715	714
101	2514
101	102
101	2515
2508	2509
2514	2513
102	2521
102	103
102	2522
2515	2516
2521	2520
103	2528
103	104
103	2529
2522	2523
2528	2527
104	2535
104	105
104	2536
2529	2530
2535	2534
105	2542
105	2543
2536	2537
2542	2541
2543	2544
1212	1211
2549	2548
729	728
108	2556
108	109
108	2557
2550	2551
2556	2555
109	2563
109	110
109	2564
2557	2558
2563	2562
110	2570
110	111
110	2571
2564	2565
2570	2569
111	2577
111	112
111	2578
2571	2572
2577	2576
112	2584
112	2585
2578	2579
2584	2583
2585	2586
750	749
2591	2590
743	742
115	2598
115	116
115	2599
2592	2593
2598	2597
116	2605
116	117
116	2606
2599	2600
2605	2604
117	2612
117	118
117	2613
2606	2607
2612	2611
118	2619
118	119
118	2620
2613	2614
2619	2618
119	2626
119	2627
2620	2621
2626	2625
2627	2628
1366	1365
2633	2632
764	763
122	2640
122	123
122	2641
2634	2635
2640	2639
123	2647
123	124
123	2648
2641	2642
2647	2646
124	2654
124	125
124	2655
2648	2649
2654	2653
125	2661
125	126
125	2662
2655	2656
2661	2660
126	2668
126	2669
2662	2663
2668	2667
2669	2670
1492	1491
2675	2674
778	777
129	2682
129	130
129	2683
2676	2677
2682	2681
130	2689
130	131
130	2690
2683	2684
2689	2688
131	2696
131	132
131	2697
2690	2691
2696	2695
132	2703
132	133
132	2704
2697	2698
2703	2702
133	2710
133	2711
2704	2705
2710	2709
2711	2712
799	798
2717	2716
792	791
136	2724
136	137
136	2725
2718	2719
2724	2723
137	2731
137	138
137	2732
2725	2726
2731	2730
138	2738
138	139
138	2739
2732	2733
2738	2737
139	2745
139	140
139	2746
2739	2740
2745	2744
140	2752
140	2753
2746	2747
2752	2751
2753	2754
1506	1505
2759	2758
813	812
143	2766
143	144
143	2767
2760	2761
2766	2765
144	2773
144	145
144	2774
2767	2768
2773	2772
145	2780
145	146
145	2781
2774	2775
2780	2779
146	2787
146	147
146	2788
2781	2782
2787	2786
147	2794
147	2795
2788	2789
2794	2793
2795	2796
1632	1631
2801	2800
827	826
150	2808
150	151
150	2809
2802	2803
2808	2807
151	2815
151	152
151	2816
2809	2810
2815	2814
152	2822
152	153
152	2823
2816	2817
2822	2821
153	2829
153	154
153	2830
2823	2824
2829	2828
154	2836
154	2837
2830	2831
2836	2835
2837	2838
848	847
2843	2842
841	840
157	2850
157	158
157	2851
2844	2845
2850	2849
158	2857
158	159
158	2858
2851	2852
2857	2856
159	2864
159	160
159	2865
2858	2859
2864	2863
160	2871
160	161
160	2872
2865	2866
2871	2870
161	2878
161	2879
2872	2873
2878	2877
2879	2880
1646	1645
2885	2884
862	861
164	2892
164	165
164	2893
2886	2887
2892	2891
165	2899
165	166
165	2900
2893	2894
2899	2898
166	2906
166	167
166	2907
2900	2901
2906	2905
167	2913
167	168
167	2914
2907	2908
2913	2912
168	2920
168	2921
2914	2915
2920	2919
2921	2922
1772	1771
2927	2926
876	875
171	2934
171	172
171	2935
2928	2929
2934	2933
172	2941
172	173
172	2942
2935	2936
2941	2940
173	2948
173	174
173	2949
2942	2943
2948	2947
174	2955
174	175
174	2956
2949	2950
2955	2954
175	2962
175	2963
2956	2957
2962	2961
2963	2964
897	896
2969	2968
890	889
178	2976
178	179
178	2977
2970	2971
2976	2975
179	2983
179	180
179	2984
2977	2978
2983	2982
180	2990
180	181
180	2991
2984	2985
2990	2989
181	2997
181	182
181	2998
2991	2992
2997	2996
182	3004
182	3005
2998	2999
3004	3003
3005	3006
1786	1785
3011	3010
911	910
185	3018
185	186
185	3019
3012	3013
3018	3017
186	3025
186	187
186	3026
3019	3020
3025	3024
187	3032
187	188
187	3033
3026	3027
3032	3031
188	3039
188	189
188	3040
3033	3034
3039	3038
189	3046
189	3047
3040	3041
3046	3045
3047	3048
1912	1911
3053	3052
925	924
192	3060
192	193
192	3061
3054	3055
3060	3059
193	3067
193	194
193	3068
3061	3062
3067	3066
194	3074
194	195
194	3075
3068	3069
3074	3073
195	3081
195	196
195	3082
3075	3076
3081	3080
196	3088
196	3089
3082	3083
3088	3087
3089	3090
946	945
3095	3094
939	938
199	3102
199	200
199	3103
3096	3097
3102	3101
200	3109
200	201
200	3110
3103	3104
3109	3108
201	3116
201	202
201	3117
3110	3111
3116	3115
202	3123
202	203
202	3124
3117	3118
3123	3122
203	3130
203	3131
3124	3125
3130	3129
3131	3132
1926	1925
3137	3136
960	959
206	3144
206	207
206	3145
3138	3139
3144	3143
207	3151
207	208
207	3152
3145	3146
3151	3150
208	3158
208	209
208	3159
3152	3153
3158	3157
209	3165
209	210
209	3166
3159	3160
3165	3164
210	3172
210	3173
3166	3167
3172	3171
3173	3174
2052	2051
3179	3178
974	973
213	3186
213	214
213	3187
3180	3181
3186	3185
214	3193
214	215
214	3194
3187	3188
3193	3192
215	3200
215	216
215	3201
3194	3195
3200	3199
216	3207
216	217
216	3208
3201	3202
3207	3206
217	3214
217	3215
3208	3209
3214	3213
3215	3216
995	994
3221	3220
988	987
220	3228
220	221
220	3229
3222	3223
3228	3227
221	3235
221	222
221	3236
3229	3230
3235	3234
222	3242
222	223
222	3243
3236	3237
3242	3241
223	3249
223	224
223	3250
3243	3244
3249	3248
224	3256
224	3257
3250	3251
3256	3255
3257	3258
2066	2065
3263	3262
1009	1008
227	3270
227	228
227	3271
3264	3265
3270	3269
228	3277
228	229
228	3278
3271	3272
3277	3276
229	3284
229	230
229	3285
3278	3279
3284	3283
230	3291
230	231
230	3292
3285	3286
3291	3290
231	3298
231	3299
3292	3293
3298	3297
3299	3300
2192	2191
3305	3304
1023	1022
234	3312
234	235
234	3313
3306	3307
3312	3311
235	3319
235	236
235	3320
3313	3314
3319	3318
236	3326
236	237
236	3327
3320	3321
3326	3325
237	3333
237	238
237	3334
3327	3328
3333	3332
238	3340
238	3341
3334	3335
3340	3339
3341	3342
1051	1050
3347	3346
1037	1036
241	3354
241	242
241	3355
3348	3349
3354	3353
242	3361
242	243
242	3362
3355	3356
3361	3360
243	3368
243	244
243	3369
3362	3363
3368	3367
244	3375
244	245
244	3376
3369	3370
3375	3374
245	3382
245	3383
3376	3377
3382	3381
3383	3384
2206	2205
3389	3388
1065	1064
248	3396
248	249
248	3397
3390	3391
3396	3395
249	3403
249	250
249	3404
3397	3398
3403	3402
250	3410
250	251
250	3411
3404	3405
3410	3409
251	3417
251	252
251	3418
3411	3412
3417	3416
252	3424
252	3425
3418	3419
3424	3423
3425	3426
1352	1351
3431	3430
1079	1078
255	3438
255	256
255	3439
3432	3433
3438	3437
256	3445
256	257
256	3446
3439	3440
3445	3444
257	3452
257	258
257	3453
3446	3447
3452	3451
258	3459
258	259
258	3460
3453	3454
3459	3458
259	3466
259	3467
3460	3461
3466	3465
3467	3468
2332	2331
3473	3472
1100	1099
262	3480
262	263
262	3481
3474	3475
3480	3479
263	3487
263	264
263	3488
3481	3482
3487	3486
264	3494
264	265
264	3495
3488	3489
3494	3493
265	3501
265	266
265	3502
3495	3496
3501	3500
266	3508
266	3509
3502	3503
3508	3507
3509	3510
1107	1106
3515	3514
1121	1120
269	3522
269	270
269	3523
3516	3517
3522	3521
270	3529
270	271
270	3530
3523	3524
3529	3528
271	3536
271	272
271	3537
3530	3531
3536	3535
272	3543
272	273
272	3544
3537	3538
3543	3542
273	3550
273	3551
3544	3545
3550	3549
3551	3552
1128	1127
3557	3556
1142	1141
276	3564
276	277
276	3565
3558	3559
3564	3563
277	3571
277	278
277	3572
3565	3566
3571	3570
278	3578
278	279
278	3579
3572	3573
3578	3577
279	3585
279	280
279	3586
3579	3580
3585	3584
280	3592
280	3593
3586	3587
3592	3591
3593	3594
1149	1148
3599	3598
1163	1162
283	3606
283	284
283	3607
3600	3601
3606	3605
284	3613
284	285
284	3614
3607	3608
3613	3612
285	3620
285	286
285	3621
3614	3615
3620	3619
286	3627
286	287
286	3628
3621	3622
3627	3626
287	3634
287	3635
3628	3629
3634	3633
3635	3636
1170	1169
3641	3640
1184	1183
290	3648
290	291
290	3649
3642	3643
3648	3647
291	3655
291	292
291	3656
3649	3650
3655	3654
292	3662
292	293
292	3663
3656	3657
3662	3661
293	3669
293	294
293	3670
3663	3664
3669	3668
294	3676
294	3677
3670	3671
3676	3675
3677	3678
1191	1190
3683	3682
1205	1204
297	3690
297	298
297	3691
3684	3685
3690	3689
298	3697
298	299
298	3698
3691	3692
3697	3696
299	3704
299	300
299	3705
3698	3699
3704	3703
300	3711
300	301
300	3712
3705	3706
3711	3710
301	3718
301	3719
3712	3713
3718	3717
3719	3720
1219	1218
3725	3724
1240	1239
304	3732
304	305
304	3733
3726	3727
3732	3731
305	3739
305	306
305	3740
3733	3734
3739	3738
306	3746
306	307
306	3747
3740	3741
3746	3745
307	3753
307	308
307	3754
3747	3748
3753	3752
308	3760
308	3761
3754	3755
3760	3759
3761	3762
1247	1246
3767	3766
1261	1260
311	3774
311	312
311	3775
3768	3769
3774	3773
312	3781
312	313
312	3782
3775	3776
3781	3780
313	3788
313	314
313	3789
3782	3783
3788	3787
314	3795
314	315
314	3796
3789	3790
3795	3794
315	3802
315	3803
3796	3797
3802	3801
3803	3804
1268	1267
3809	3808
1282	1281
318	3816
318	319
318	3817
3810	3811
3816	3815
319	3823
319	320
319	3824
3817	3818
3823	3822
320	3830
320	321
320	3831
3824	3825
3830	3829
321	3837
321	322
321	3838
3831	3832
3837	3836
322	3844
322	3845
3838	3839
3844	3843
3845	3846
1289	1288
3851	3850
1303	1302
325	3858
325	326
325	3859
3852	3853
3858	3857
326	3865
326	327
326	3866
3859	3860
3865	3864
327	3872
327	328
327	3873
3866	3867
3872	3871
328	3879
328	329
328	3880
3873	3874
3879	3878
329	3886
329	3887
3880	3881
3886	3885
3887	3888
1310	1309
3893	3892
1324	1323
332	3900
332	333
332	3901
3894	3895
3900	3899
333	3907
333	334
333	3908
3901	3902
3907	3906
334	3914
334	335
334	3915
3908	3909
3914	3913
335	3921
335	336
335	3922
3915	3916
3921	3920
336	3928
336	3929
3922	3923
3928	3927
3929	3930
1331	1330
3935	3934
1345	1344
339	3942
339	340
339	3943
3936	3937
3942	3941
340	3949
340	341
340	3950
3943	3944
3949	3948
341	3956
341	342
341	3957
3950	3951
3956	3955
342	3963
342	343
342	3964
3957	3958
3963	3962
343	3970
343	3971
3964	3965
3970	3969
3971	3972
1359	1358
3977	3976
1380	1379
346	3984
346	347
346	3985
3978	3979
3984	3983
347	3991
347	348
347	3992
3985	3986
3991	3990
348	3998
348	349
348	3999
3992	3993
3998	3997
349	4005
349	350
349	4006
3999	4000
4005	4004
350	4012
350	4013
4006	4007
4012	4011
4013	4014
1387	1386
4019	4018
1401	1400
353	4026
353	354
353	4027
4020	4021
4026	4025
354	4033
354	355
354	4034
4027	4028
4033	4032
355	4040
355	356
355	4041
4034	4035
4040	4039
356	4047
356	357
356	4048
4041	4042
4047	4046
357	4054
357	4055
4048	4049
4054	4053
4055	4056
1408	1407
4061	4060
1422	1421
360	4068
360	361
360	4069
4062	4063
4068	4067
361	4075
361	362
361	4076
4069	4070
4075	4074
362	4082
362	363
362	4083
4076	4077
4082	4081
363	4089
363	364
363	4090
4083	4084
4089	4088
364	4096
364	4097
4090	4091
4096	4095
4097	4098
1429	1428
4103	4102
1443	1442
367	4110
367	368
367	4111
4104	4105
4110	4109
368	4117
368	369
368	4118
4111	4112
4117	4116
369	4124
369	370
369	4125
4118	4119
4124	4123
370	4131
370	371
370	4132
4125	4126
4131	4130
371	4138
371	4139
4132	4133
4138	4137
4139	4140
1450	1449
4145	4144
1464	1463
374	4152
374	375
374	4153
4146	4147
4152	4151
375	4159
375	376
375	4160
4153	4154
4159	4158
376	4166
376	377
376	4167
4160	4161
4166	4165
377	4173
377	378
377	4174
4167	4168
4173	4172
378	4180
378	4181
4174	4175
4180	4179
4181	4182
1471	1470
4187	4186
1485	1484
381	4194
381	382
381	4195
4188	4189
4194	4193
382	4201
382	383
382	4202
4195	4196
4201	4200
383	4208
383	384
383	4209
4202	4203
4208	4207
384	4215
384	385
384	4216
4209	4210
4215	4214
385	4222
385	4223
4216	4217
4222	4221
4223	4224
1499	1498
4229	4228
1520	1519
388	4236
388	389
388	4237
4230	4231
4236	4235
389	4243
389	390
389	4244
4237	4238
4243	4242
390	4250
390	391
390	4251
4244	4245
4250	4249
391	4257
391	392
391	4258
4251	4252
4257	4256
392	4264
392	4265
4258	4259
4264	4263
4265	4266
1527	1526
4271	4270
1541	1540
395	4278
395	396
395	4279
4272	4273
4278	4277
396	4285
396	397
396	4286
4279	4280
4285	4284
397	4292
397	398
397	4293
4286	4287
4292	4291
398	4299
398	399
398	4300
4293	4294
4299	4298
399	4306
399	4307
4300	4301
4306	4305
4307	4308
1548	1547
4313	4312
1562	1561
402	4320
402	403
402	4321
4314	4315
4320	4319
403	4327
403	404
403	4328
4321	4322
4327	4326
404	4334
404	405
404	4335
4328	4329
4334	4333
405	4341
405	406
405	4342
4335	4336
4341	4340
406	4348
406	4349
4342	4343
4348	4347
4349	4350
1569	1568
4355	4354
1583	1582
409	4362
409	410
409	4363
4356	4357
4362	4361
410	4369
410	411
410	4370
4363	4364
4369	4368
411	4376
411	412
411	4377
4370	4371
4376	4375
412	4383
412	413
412	4384
4377	4378
4383	4382
413	4390
413	4391
4384	4385
4390	4389
4391	4392
1590	1589
4397	4396
1604	1603
416	4404
416	417
416	4405
4398	4399
4404	4403
417	4411
417	418
417	4412
4405	4406
4411	4410
418	4418
418	419
418	4419
4412	4413
4418	4417
419	4425
419	420
419	4426
4419	4420
4425	4424
420	4432
420	4433
4426	4427
4432	4431
4433	4434
1611	1610
4439	4438
1625	1624
423	4446
423	424
423	4447
4440	4441
4446	4445
424	4453
424	425
424	4454
4447	4448
4453	4452
425	4460
425	426
425	4461
4454	4455
4460	4459
426	4467
426	427
426	4468
4461	4462
4467	4466
427	4474
427	4475
4468	4469
4474	4473
4475	4476
1639	1638
4481	4480
1660	1659
430	4488
430	431
430	4489
4482	4483
4488	4487
431	4495
431	432
431	4496
4489	4490
4495	4494
432	4502
432	433
432	4503
4496	4497
4502	4501
433	4509
433	434
433	4510
4503	4504
4509	4508
434	4516
434	4517
4510	4511
4516	4515
4517	4518
1667	1666
4523	4522
1681	1680
437	4530
437	438
437	4531
4524	4525
4530	4529
438	4537
438	439
438	4538
4531	4532
4537	4536
439	4544
439	440
439	4545
4538	4539
4544	4543
440	4551
440	441
440	4552
4545	4546
4551	4550
441	4558
441	4559
4552	4553
4558	4557
4559	4560
1688	1687
4565	4564
1702	1701
444	4572
444	445
444	4573
4566	4567
4572	4571
445	4579
445	446
445	4580
4573	4574
4579	4578
446	4586
446	447
446	4587
4580	4581
4586	4585
447	4593
447	448
447	4594
4587	4588
4593	4592
448	4600
448	4601
4594	4595
4600	4599
4601	4602
1709	1708
4607	4606
1723	1722
451	4614
451	452
451	4615
4608	4609
4614	4613
452	4621
452	453
452	4622
4615	4616
4621	4620
453	4628
453	454
453	4629
4622	4623
4628	4627
454	4635
454	455
454	4636
4629	4630
4635	4634
455	4642
455	4643
4636	4637
4642	4641
4643	4644
1730	1729
4649	4648
1744	1743
458	4656
458	459
458	4657
4650	4651
4656	4655
459	4663
459	460
459	4664
4657	4658
4663	4662
460	4670
460	461
460	4671
4664	4665
4670	4669
461	4677
461	462
461	4678
4671	4672
4677	4676
462	4684
462	4685
4678	4679
4684	4683
4685	4686
1751	1750
4691	4690
1765	1764
465	4698
465	466
465	4699
4692	4693
4698	4697
466	4705
466	467
466	4706
4699	4700
4705	4704
467	4712
467	468
467	4713
4706	4707
4712	4711
468	4719
468	469
468	4720
4713	4714
4719	4718
469	4726
469	4727
4720	4721
4726	4725
4727	4728
1779	1778
4733	4732
1800	1799
472	4740
472	473
472	4741
4734	4735
4740	4739
473	4747
473	474
473	4748
4741	4742
4747	4746
474	4754
474	475
474	4755
4748	4749
4754	4753
475	4761
475	476
475	4762
4755	4756
4761	4760
476	4768
476	4769
4762	4763
4768	4767
4769	4770
1807	1806
4775	4774
1821	1820
479	4782
479	480
479	4783
4776	4777
4782	4781
480	4789
480	481
480	4790
4783	4784
4789	4788
481	4796
481	482
481	4797
4790	4791
4796	4795
482	4803
482	483
482	4804
4797	4798
4803	4802
483	4810
483	4811
4804	4805
4810	4809
4811	4812
1828	1827
4817	4816
1842	1841
486	4824
486	487
486	4825
4818	4819
4824	4823
487	4831
487	488
487	4832
4825	4826
4831	4830
488	4838
488	489
488	4839
4832	4833
4838	4837
489	4845
489	490
489	4846
4839	4840
4845	4844
490	4852
490	4853
4846	4847
4852	4851
4853	4854
1849	1848
4859	4858
1863	1862
493	4866
493	494
493	4867
4860	4861
4866	4865
494	4873
494	495
494	4874
4867	4868
4873	4872
495	4880
495	496
495	4881
4874	4875
4880	4879
496	4887
496	497
496	4888
4881	4882
4887	4886
497	4894
497	4895
4888	4889
4894	4893
4895	4896
1870	1869
4901	4900
1884	1883
500	4908
500	501
500	4909
4902	4903
4908	4907
501	4915
501	502
501	4916
4909	4910
4915	4914
502	4922
502	503
502	4923
4916	4917
4922	4921
503	4929
503	504
503	4930
4923	4924
4929	4928
504	4936
504	4937
4930	4931
4936	4935
4937	4938
1891	1890
4943	4942
1905	1904
507	4950
507	508
507	4951
4944	4945
4950	4949
508	4957
508	509
508	4958
4951	4952
4957	4956
509	4964
509	510
509	4965
4958	4959
4964	4963
510	4971
510	511
510	4972
4965	4966
4971	4970
511	4978
511	4979
4972	4973
4978	4977
4979	4980
1919	1918
4985	4984
1940	1939
514	4992
514	515
514	4993
4986	4987
4992	4991
515	4999
515	516
515	5000
4993	4994
4999	4998
516	5006
516	517
516	5007
5000	5001
5006	5005
517	5013
517	518
517	5014
5007	5008
5013	5012
518	5020
518	5021
5014	5015
5020	5019
5021	5022
1947	1946
5027	5026
1961	1960
521	5034
521	522
521	5035
5028	5029
5034	5033
522	5041
522	523
522	5042
5035	5036
5041	5040
523	5048
523	524
523	5049
5042	5043
5048	5047
524	5055
524	525
524	5056
5049	5050
5055	5054
525	5062
525	5063
5056	5057
5062	5061
5063	5064
1968	1967
5069	5068
1982	1981
528	5076
528	529
528	5077
5070	5071
5076	5075
529	5083
529	530
529	5084
5077	5078
5083	5082
530	5090
530	531
530	5091
5084	5085
5090	5089
531	5097
531	532
531	5098
5091	5092
5097	5096
532	5104
532	5105
5098	5099
5104	5103
5105	5106
1989	1988
5111	5110
2003	2002
535	5118
535	536
535	5119
5112	5113
5118	5117
536	5125
536	537
536	5126
5119	5120
5125	5124
537	5132
537	538
537	5133
5126	5127
5132	5131
538	5139
538	539
538	5140
5133	5134
5139	5138
539	5146
539	5147
5140	5141
5146	5145
5147	5148
2010	2009
5153	5152
2024	2023
542	5160
542	543
542	5161
5154	5155
5160	5159
543	5167
543	544
543	5168
5161	5162
5167	5166
544	5174
544	545
544	5175
5168	5169
5174	5173
545	5181
545	546
545	5182
5175	5176
5181	5180
546	5188
546	5189
5182	5183
5188	5187
5189	5190
2031	2030
5195	5194
2045	2044
549	5202
549	550
549	5203
5196	5197
5202	5201
550	5209
550	551
550	5210
5203	5204
5209	5208
551	5216
551	552
551	5217
5210	5211
5216	5215
552	5223
552	553
552	5224
5217	5218
5223	5222
553	5230
553	5231
5224	5225
5230	5229
5231	5232
2059	2058
5237	5236
2080	2079
556	5244
556	557
556	5245
5238	5239
5244	5243
557	5251
557	558
557	5252
5245	5246
5251	5250
558	5258
558	559
558	5259
5252	5253
5258	5257
559	5265
559	560
559	5266
5259	5260
5265	5264
560	5272
560	5273
5266	5267
5272	5271
5273	5274
2087	2086
5279	5278
2101	2100
563	5286
563	564
563	5287
5280	5281
5286	5285
564	5293
564	565
564	5294
5287	5288
5293	5292
565	5300
565	566
565	5301
5294	5295
5300	5299
566	5307
566	567
566	5308
5301	5302
5307	5306
567	5314
567	5315
5308	5309
5314	5313
5315	5316
2108	2107
5321	5320
2122	2121
570	5328
570	571
570	5329
5322	5323
5328	5327
571	5335
571	572
571	5336
5329	5330
5335	5334
572	5342
572	573
572	5343
5336	5337
5342	5341
573	5349
573	574
573	5350
5343	5344
5349	5348
574	5356
574	5357
5350	5351
5356	5355
5357	5358
2129	2128
5363	5362
2143	2142
577	5370
577	578
577	5371
5364	5365
5370	5369
578	5377
578	579
578	5378
5371	5372
5377	5376
579	5384
579	580
579	5385
5378	5379
5384	5383
580	5391
580	581
580	5392
5385	5386
5391	5390
581	5398
581	5399
5392	5393
5398	5397
5399	5400
2150	2149
5405	5404
2164	2163
584	5412
584	585
584	5413
5406	5407
5412	5411
585	5419
585	586
585	5420
5413	5414
5419	5418
586	5426
586	587
586	5427
5420	5421
5426	5425
587	5433
587	588
587	5434
5427	5428
5433	5432
588	5440
588	5441
5434	5435
5440	5439
5441	5442
2171	2170
5447	5446
2185	2184
591	5454
591	592
591	5455
5448	5449
5454	5453
592	5461
592	593
592	5462
5455	5456
5461	5460
593	5468
593	594
593	5469
5462	5463
5468	5467
594	5475
594	595
594	5476
5469	5470
5475	5474
595	5482
595	5483
5476	5477
5482	5481
5483	5484
2199	2198
5489	5488
2220	2219
598	5496
598	599
598	5497
5490	5491
5496	5495
599	5503
599	600
599	5504
5497	5498
5503	5502
600	5510
600	601
600	5511
5504	5505
5510	5509
601	5517
601	602
601	5518
5511	5512
5517	5516
602	5524
602	5525
5518	5519
5524	5523
5525	5526
2227	2226
5531	5530
2241	2240
605	5538
605	606
605	5539
5532	5533
5538	5537
606	5545
606	607
606	5546
5539	5540
5545	5544
607	5552
607	608
607	5553
5546	5547
5552	5551
608	5559
608	609
608	5560
5553	5554
5559	5558
609	5566
609	5567
5560	5561
5566	5565
5567	5568
2248	2247
5573	5572
2262	2261
612	5580
612	613
612	5581
5574	5575
5580	5579
613	5587
613	614
613	5588
5581	5582
5587	5586
614	5594
614	615
614	5595
5588	5589
5594	5593
615	5601
615	616
615	5602
5595	5596
5601	5600
616	5608
616	5609
5602	5603
5608	5607
5609	5610
2269	2268
5615	5614
2283	2282
619	5622
619	620
619	5623
5616	5617
5622	5621
620	5629
620	621
620	5630
5623	5624
5629	5628
621	5636
621	622
621	5637
5630	5631
5636	5635
622	5643
622	623
622	5644
5637	5638
5643	5642
623	5650
623	5651
5644	5645
5650	5649
5651	5652
2290	2289
5657	5656
2304	2303
626	5664
626	627
626	5665
5658	5659
5664	5663
627	5671
627	628
627	5672
5665	5666
5671	5670
628	5678
628	629
628	5679
5672	5673
5678	5677
629	5685
629	630
629	5686
5679	5680
5685	5684
630	5692
630	5693
5686	5687
5692	5691
5693	5694
2311	2310
5699	5698
2325	2324
633	5706
633	634
633	5707
5700	5701
5706	5705
634	5713
634	635
634	5714
5707	5708
5713	5712
635	5720
635	636
635	5721
5714	5715
5720	5719
636	5727
636	637
636	5728
5721	5722
5727	5726
637	5734
637	5735
5728	5729
5734	5733
5735	5736
2339	2338
5741	5740
640	641
641	642
642	643
643	644
647	648
648	649
649	650
650	651
654	655
655	656
656	657
657	658
661	662
662	663
663	664
664	665
668	669
669	670
670	671
671	672
675	676
676	677
677	678
678	679
682	683
683	684
684	685
685	686
689	690
690	691
691	692
692	693
696	697
697	698
698	699
699	700
703	704
704	705
705	706
706	707
710	711
711	712
712	713
713	714
717	718
718	719
719	720
720	721
724	725
725	726
726	727
727	728
731	732
732	733
733	734
734	735
738	739
739	740
740	741
741	742
745	746
746	747
747	748
748	749
752	753
753	754
754	755
755	756
759	760
760	761
761	762
762	763
766	767
767	768
768	769
769	770
773	774
774	775
775	776
776	777
780	781
781	782
782	783
783	784
787	788
788	789
789	790
790	791
794	795
795	796
796	797
797	798
801	802
802	803
803	804
804	805
808	809
809	810
810	811
811	812
815	816
816	817
817	818
818	819
822	823
823	824
824	825
825	826
829	830
830	831
831	832
832	833
836	837
837	838
838	839
839	840
843	844
844	845
845	846
846	847
850	851
851	852
852	853
853	854
857	858
858	859
859	860
860	861
864	865
865	866
866	867
867	868
871	872
872	873
873	874
874	875
878	879
879	880
880	881
881	882
885	886
886	887
887	888
888	889
892	893
893	894
894	895
895	896
899	900
900	901
901	902
902	903
906	907
907	908
908	909
909	910
913	914
914	915
915	916
916	917
920	921
921	922
922	923
923	924
927	928
928	929
929	930
930	931
934	935
935	936
936	937
937	938
941	942
942	943
943	944
944	945
948	949
949	950
950	951
951	952
955	956
956	957
957	958
958	959
962	963
963	964
964	965
965	966
969	970
970	971
971	972
972	973
976	977
977	978
978	979
979	980
983	984
984	985
985	986
986	987
990	991
991	992
992	993
993	994
997	998
998	999
999	1000
1000	1001
1004	1005
1005	1006
1006	1007
1007	1008
1011	1012
1012	1013
1013	1014
1014	1015
1018	1019
1019	1020
1020	1021
1021	1022
1025	1026
1026	1027
1027	1028
1028	1029
1032	1033
1033	1034
1034	1035
1035	1036
1039	1040
1040	1041
1041	1042
1042	1043
1046	1047
1047	1048
1048	1049
1049	1050
1053	1054
1054	1055
1055	1056
1056	1057
1060	1061
1061	1062
1062	1063
1063	1064
1067	1068
1068	1069
1069	1070
1070	1071
1074	1075
1075	1076
1076	1077
1077	1078
1081	1082
1082	1083
1083	1084
1084	1085
1088	1089
1089	1090
1090	1091
1091	1092
1095	1096
1096	1097
1097	1098
1098	1099
1102	1103
1103	1104
1104	1105
1105	1106
1109	1110
1110	1111
1111	1112
1112	1113
1116	1117
1117	1118
1118	1119
1119	1120
1123	1124
1124	1125
1125	1126
1126	1127
1130	1131
1131	1132
1132	1133
1133	1134
1137	1138
1138	1139
1139	1140
1140	1141
1144	1145
1145	1146
1146	1147
1147	1148
1151	1152
1152	1153
1153	1154
1154	1155
1158	1159
1159	1160
1160	1161
1161	1162
1165	1166
1166	1167
1167	1168
1168	1169
1172	1173
1173	1174
1174	1175
1175	1176
1179	1180
1180	1181
1181	1182
1182	1183
1186	1187
1187	1188
1188	1189
1189	1190
1193	1194
1194	1195
1195	1196
1196	1197
1200	1201
1201	1202
1202	1203
1203	1204
1207	1208
1208	1209
1209	1210
1210	1211
1214	1215
1215	1216
1216	1217
1217	1218
1221	1222
1222	1223
1223	1224
1224	1225
1228	1229
1229	1230
1230	1231
1231	1232
1235	1236
1236	1237
1237	1238
1238	1239
1242	1243
1243	1244
1244	1245
1245	1246
1249	1250
1250	1251
1251	1252
1252	1253
1256	1257
1257	1258
1258	1259
1259	1260
1263	1264
1264	1265
1265	1266
1266	1267
1270	1271
1271	1272
1272	1273
1273	1274
1277	1278
1278	1279
1279	1280
1280	1281
1284	1285
1285	1286
1286	1287
1287	1288
1291	1292
1292	1293
1293	1294
1294	1295
1298	1299
1299	1300
1300	1301
1301	1302
1305	1306
1306	1307
1307	1308
1308	1309
1312	1313
1313	1314
1314	1315
1315	1316
1319	1320
1320	1321
1321	1322
1322	1323
1326	1327
1327	1328
1328	1329
1329	1330
1333	1334
1334	1335
1335	1336
1336	1337
1340	1341
1341	1342
1342	1343
1343	1344
1347	1348
1348	1349
1349	1350
1350	1351
1354	1355
1355	1356
1356	1357
1357	1358
1361	1362
1362	1363
1363	1364
1364	1365
1368	1369
1369	1370
1370	1371
1371	1372
1375	1376
1376	1377
1377	1378
1378	1379
1382	1383
1383	1384
1384	1385
1385	1386
1389	1390
1390	1391
1391	1392
1392	1393
1396	1397
1397	1398
1398	1399
1399	1400
1403	1404
1404	1405
1405	1406
1406	1407
1410	1411
1411	1412
1412	1413
1413	1414
1417	1418
1418	1419
1419	1420
1420	1421
1424	1425
1425	1426
1426	1427
1427	1428
1431	1432
1432	1433
1433	1434
1434	1435
1438	1439
1439	1440
1440	1441
1441	1442
1445	1446
1446	1447
1447	1448
1448	1449
1452	1453
1453	1454
1454	1455
1455	1456
1459	1460
1460	1461
1461	1462
1462	1463
1466	1467
1467	1468
1468	1469
1469	1470
1473	1474
1474	1475
1475	1476
1476	1477
1480	1481
1481	1482
1482	1483
1483	1484
1487	1488
1488	1489
1489	1490
1490	1491
1494	1495
1495	1496
1496	1497
1497	1498
1501	1502
1502	1503
1503	1504
1504	1505
1508	1509
1509	1510
1510	1511
1511	1512
1515	1516
1516	1517
1517	1518
1518	1519
1522	1523
1523	1524
1524	1525
1525	1526
1529	1530
1530	1531
1531	1532
1532	1533
1536	1537
1537	1538
1538	1539
1539	1540
1543	1544
1544	1545
1545	1546
1546	1547
1550	1551
1551	1552
1552	1553
1553	1554
1557	1558
1558	1559
1559	1560
1560	1561
1564	1565
1565	1566
1566	1567
1567	1568
1571	1572
1572	1573
1573	1574
1574	1575
1578	1579
1579	1580
1580	1581
1581	1582
1585	1586
1586	1587
1587	1588
1588	1589
1592	1593
1593	1594
1594	1595
1595	1596
1599	1600
1600	1601
1601	1602
1602	1603
1606	1607
1607	1608
1608	1609
1609	1610
1613	1614
1614	1615
1615	1616
1616	1617
1620	1621
1621	1622
1622	1623
1623	1624
1627	1628
1628	1629
1629	1630
1630	1631
1634	1635
1635	1636
1636	1637
1637	1638
1641	1642
1642	1643
1643	1644
1644	1645
1648	1649
1649	1650
1650	1651
1651	1652
1655	1656
1656	1657
1657	1658
1658	1659
1662	1663
1663	1664
1664	1665
1665	1666
1669	1670
1670	1671
1671	1672
1672	1673
1676	1677
1677	1678
1678	1679
1679	1680
1683	1684
1684	1685
1685	1686
1686	1687
1690	1691
1691	1692
1692	1693
1693	1694
1697	1698
1698	1699
1699	1700
1700	1701
1704	1705
1705	1706
1706	1707
1707	1708
1711	1712
1712	1713
1713	1714
1714	1715
1718	1719
1719	1720
1720	1721
1721	1722
1725	1726
1726	1727
1727	1728
1728	1729
1732	1733
1733	1734
1734	1735
1735	1736
1739	1740
1740	1741
1741	1742
1742	1743
1746	1747
1747	1748
1748	1749
1749	1750
1753	1754
1754	1755
1755	1756
1756	1757
1760	1761
1761	1762
1762	1763
1763	1764
1767	1768
1768	1769
1769	1770
1770	1771
1774	1775
1775	1776
1776	1777
1777	1778
1781	1782
1782	1783
1783	1784
1784	1785
1788	1789
1789	1790
1790	1791
1791	1792
1795	1796
1796	1797
1797	1798
1798	1799
1802	1803
1803	1804
1804	1805
1805	1806
1809	1810
1810	1811
1811	1812
1812	1813
1816	1817
1817	1818
1818	1819
1819	1820
1823	1824
1824	1825
1825	1826
1826	1827
1830	1831
1831	1832
1832	1833
1833	1834
1837	1838
1838	1839
1839	1840
1840	1841
1844	1845
1845	1846
1846	1847
1847	1848
1851	1852
1852	1853
1853	1854
1854	1855
1858	1859
1859	1860
1860	1861
1861	1862
1865	1866
1866	1867
1867	1868
1868	1869
1872	1873
1873	1874
1874	1875
1875	1876
1879	1880
1880	1881
1881	1882
1882	1883
1886	1887
1887	1888
1888	1889
1889	1890
1893	1894
1894	1895
1895	1896
1896	1897
1900	1901
1901	1902
1902	1903
1903	1904
1907	1908
1908	1909
1909	1910
1910	1911
1914	1915
1915	1916
1916	1917
1917	1918
1921	1922
1922	1923
1923	1924
1924	1925
1928	1929
1929	1930
1930	1931
1931	1932
1935	1936
1936	1937
1937	1938
1938	1939
1942	1943
1943	1944
1944	1945
1945	1946
1949	1950
1950	1951
1951	1952
1952	1953
1956	1957
1957	1958
1958	1959
1959	1960
1963	1964
1964	1965
1965	1966
1966	1967
1970	1971
1971	1972
1972	1973
1973	1974
1977	1978
1978	1979
1979	1980
1980	1981
1984	1985
1985	1986
1986	1987
1987	1988
1991	1992
1992	1993
1993	1994
1994	1995
1998	1999
1999	2000
2000	2001
2001	2002
2005	2006
2006	2007
2007	2008
2008	2009
2012	2013
2013	2014
2014	2015
2015	2016
2019	2020
2020	2021
2021	2022
2022	2023
2026	2027
2027	2028
2028	2029
2029	2030
2033	2034
2034	2035
2035	2036
2036	2037
2040	2041
2041	2042
2042	2043
2043	2044
2047	2048
2048	2049
2049	2050
2050	2051
2054	2055
2055	2056
2056	2057
2057	2058
2061	2062
2062	2063
2063	2064
2064	2065
2068	2069
2069	2070
2070	2071
2071	2072
2075	2076
2076	2077
2077	2078
2078	2079
2082	2083
2083	2084
2084	2085
2085	2086
2089	2090
2090	2091
2091	2092
2092	2093
2096	2097
2097	2098
2098	2099
2099	2100
2103	2104
2104	2105
2105	2106
2106	2107
2110	2111
2111	2112
2112	2113
2113	2114
2117	2118
2118	2119
2119	2120
2120	2121
2124	2125
2125	2126
2126	2127
2127	2128
2131	2132
2132	2133
2133	2134
2134	2135
2138	2139
2139	2140
2140	2141
2141	2142
2145	2146
2146	2147
2147	2148
2148	2149
2152	2153
2153	2154
2154	2155
2155	2156
2159	2160
2160	2161
2161	2162
2162	2163
2166	2167
2167	2168
2168	2169
2169	2170
2173	2174
2174	2175
2175	2176
2176	2177
2180	2181
2181	2182
2182	2183
2183	2184
2187	2188
2188	2189
2189	2190
2190	2191
2194	2195
2195	2196
2196	2197
2197	2198
2201	2202
2202	2203
2203	2204
2204	2205
2208	2209
2209	2210
2210	2211
2211	2212
2215	2216
2216	2217
2217	2218
2218	2219
2222	2223
2223	2224
2224	2225
2225	2226
2229	2230
2230	2231
2231	2232
2232	2233
2236	2237
2237	2238
2238	2239
2239	2240
2243	2244
2244	2245
2245	2246
2246	2247
2250	2251
2251	2252
2252	2253
2253	2254
2257	2258
2258	2259
2259	2260
2260	2261
2264	2265
2265	2266
2266	2267
2267	2268
2271	2272
2272	2273
2273	2274
2274	2275
2278	2279
2279	2280
2280	2281
2281	2282
2285	2286
2286	2287
2287	2288
2288	2289
2292	2293
2293	2294
2294	2295
2295	2296
2299	2300
2300	2301
2301	2302
2302	2303
2306	2307
2307	2308
2308	2309
2309	2310
2313	2314
2314	2315
2315	2316
2316	2317
2320	2321
2321	2322
2322	2323
2323	2324
2327	2328
2328	2329
2329	2330
2330	2331
2334	2335
2335	2336
2336	2337
2337	2338
2341	2342
2342	2343
2343	2344
2344	2345
2348	2349
2349	2350
2350	2351
2351	2352
2355	2356
2356	2357
2357	2358
2358	2359
2362	2363
2363	2364
2364	2365
2365	2366
2369	2370
2370	2371
2371	2372
2372	2373
2376	2377
2377	2378
2378	2379
2379	2380
2383	2384
2384	2385
2385	2386
2386	2387
2390	2391
2391	2392
2392	2393
2393	2394
2397	2398
2398	2399
2399	2400
2400	2401
2404	2405
2405	2406
2406	2407
2407	2408
2411	2412
2412	2413
2413	2414
2414	2415
2418	2419
2419	2420
2420	2421
2421	2422
2425	2426
2426	2427
2427	2428
2428	2429
2432	2433
2433	2434
2434	2435
2435	2436
2439	2440
2440	2441
2441	2442
2442	2443
2446	2447
2447	2448
2448	2449
2449	2450
2453	2454
2454	2455
2455	2456
2456	2457
2460	2461
2461	2462
2462	2463
2463	2464
2467	2468
2468	2469
2469	2470
2470	2471
2474	2475
2475	2476
2476	2477
2477	2478
2481	2482
2482	2483
2483	2484
2484	2485
2488	2489
2489	2490
2490	2491
2491	2492
2495	2496
2496	2497
2497	2498
2498	2499
2502	2503
2503	2504
2504	2505
2505	2506
2509	2510
2510	2511
2511	2512
2512	2513
2516	2517
2517	2518
2518	2519
2519	2520
2523	2524
2524	2525
2525	2526
2526	2527
2530	2531
2531	2532
2532	2533
2533	2534
2537	2538
2538	2539
2539	2540
2540	2541
2544	2545
2545	2546
2546	2547
2547	2548
2551	2552
2552	2553
2553	2554
2554	2555
2558	2559
2559	2560
2560	2561
2561	2562
2565	2566
2566	2567
2567	2568
2568	2569
2572	2573
2573	2574
2574	2575
2575	2576
2579	2580
2580	2581
2581	2582
2582	2583
2586	2587
2587	2588
2588	2589
2589	2590
2593	2594
2594	2595
2595	2596
2596	2597
2600	2601
2601	2602
2602	2603
2603	2604
2607	2608
2608	2609
2609	2610
2610	2611
2614	2615
2615	2616
2616	2617
2617	2618
2621	2622
2622	2623
2623	2624
2624	2625
2628	2629
2629	2630
2630	2631
2631	2632
2635	2636
2636	2637
2637	2638
2638	2639
2642	2643
2643	2644
2644	2645
2645	2646
2649	2650
2650	2651
2651	2652
2652	2653
2656	2657
2657	2658
2658	2659
2659	2660
2663	2664
2664	2665
2665	2666
2666	2667
2670	2671
2671	2672
2672	2673
2673	2674
2677	2678
2678	2679
2679	2680
2680	2681
2684	2685
2685	2686
2686	2687
2687	2688
2691	2692
2692	2693
2693	2694
2694	2695
2698	2699
2699	2700
2700	2701
2701	2702
2705	2706
2706	2707
2707	2708
2708	2709
2712	2713
2713	2714
2714	2715
2715	2716
2719	2720
2720	2721
2721	2722
2722	2723
2726	2727
2727	2728
2728	2729
2729	2730
2733	2734
2734	2735
2735	2736
2736	2737
2740	2741
2741	2742
2742	2743
2743	2744
2747	2748
2748	2749
2749	2750
2750	2751
2754	2755
2755	2756
2756	2757
2757	2758
2761	2762
2762	2763
2763	2764
2764	2765
2768	2769
2769	2770
2770	2771
2771	2772
2775	2776
2776	2777
2777	2778
2778	2779
2782	2783
2783	2784
2784	2785
2785	2786
2789	2790
2790	2791
2791	2792
2792	2793
2796	2797
2797	2798
2798	2799
2799	2800
2803	2804
2804	2805
2805	2806
2806	2807
2810	2811
2811	2812
2812	2813
2813	2814
2817	2818
2818	2819
2819	2820
2820	2821
2824	2825
2825	2826
2826	2827
2827	2828
2831	2832
2832	2833
2833	2834
2834	2835
2838	2839
2839	2840
2840	2841
2841	2842
2845	2846
2846	2847
2847	2848
2848	2849
2852	2853
2853	2854
2854	2855
2855	2856
2859	2860
2860	2861
2861	2862
2862	2863
2866	2867
2867	2868
2868	2869
2869	2870
2873	2874
2874	2875
2875	2876
2876	2877
2880	2881
2881	2882
2882	2883
2883	2884
2887	2888
2888	2889
2889	2890
2890	2891
2894	2895
2895	2896
2896	2897
2897	2898
2901	2902
2902	2903
2903	2904
2904	2905
2908	2909
2909	2910
2910	2911
2911	2912
2915	2916
2916	2917
2917	2918
2918	2919
2922	2923
2923	2924
2924	2925
2925	2926
2929	2930
2930	2931
2931	2932
2932	2933
2936	2937
2937	2938
2938	2939
2939	2940
2943	2944
2944	2945
2945	2946
2946	2947
2950	2951
2951	2952
2952	2953
2953	2954
2957	2958
2958	2959
2959	2960
2960	2961
2964	2965
2965	2966
2966	2967
2967	2968
2971	2972
2972	2973
2973	2974
2974	2975
2978	2979
2979	2980
2980	2981
2981	2982
2985	2986
2986	2987
2987	2988
2988	2989
2992	2993
2993	2994
2994	2995
2995	2996
2999	3000
3000	3001
3001	3002
3002	3003
3006	3007
3007	3008
3008	3009
3009	3010
3013	3014
3014	3015
3015	3016
3016	3017
3020	3021
3021	3022
3022	3023
3023	3024
3027	3028
3028	3029
3029	3030
3030	3031
3034	3035
3035	3036
3036	3037
3037	3038
3041	3042
3042	3043
3043	3044
3044	3045
3048	3049
3049	3050
3050	3051
3051	3052
3055	3056
3056	3057
3057	3058
3058	3059
3062	3063
3063	3064
3064	3065
3065	3066
3069	3070
3070	3071
3071	3072
3072	3073
3076	3077
3077	3078
3078	3079
3079	3080
3083	3084
3084	3085
3085	3086
3086	3087
3090	3091
3091	3092
3092	3093
3093	3094
3097	3098
3098	3099
3099	3100
3100	3101
3104	3105
3105	3106
3106	3107
3107	3108
3111	3112
3112	3113
3113	3114
3114	3115
3118	3119
3119	3120
3120	3121
3121	3122
3125	3126
3126	3127
3127	3128
3128	3129
3132	3133
3133	3134
3134	3135
3135	3136
3139	3140
3140	3141
3141	3142
3142	3143
3146	3147
3147	3148
3148	3149
3149	3150
3153	3154
3154	3155
3155	3156
3156	3157
3160	3161
3161	3162
3162	3163
3163	3164
3167	3168
3168	3169
3169	3170
3170	3171
3174	3175
3175	3176
3176	3177
3177	3178
3181	3182
3182	3183
3183	3184
3184	3185
3188	3189
3189	3190
3190	3191
3191	3192
3195	3196
3196	3197
3197	3198
3198	3199
3202	3203
3203	3204
3204	3205
3205	3206
3209	3210
3210	3211
3211	3212
3212	3213
3216	3217
3217	3218
3218	3219
3219	3220
3223	3224
3224	3225
3225	3226
3226	3227
3230	3231
3231	3232
3232	3233
3233	3234
3237	3238
3238	3239
3239	3240
3240	3241
3244	3245
3245	3246
3246	3247
3247	3248
3251	3252
3252	3253
3253	3254
3254	3255
3258	3259
3259	3260
3260	3261
3261	3262
3265	3266
3266	3267
3267	3268
3268	3269
3272	3273
3273	3274
3274	3275
3275	3276
3279	3280
3280	3281
3281	3282
3282	3283
3286	3287
3287	3288
3288	3289
3289	3290
3293	3294
3294	3295
3295	3296
3296	3297
3300	3301
3301	3302
3302	3303
3303	3304
3307	3308
3308	3309
3309	3310
3310	3311
3314	3315
3315	3316
3316	3317
3317	3318
3321	3322
3322	3323
3323	3324
3324	3325
3328	3329
3329	3330
3330	3331
3331	3332
3335	3336
3336	3337
3337	3338
3338	3339
3342	3343
3343	3344
3344	3345
3345	3346
3349	3350
3350	3351
3351	3352
3352	3353
3356	3357
3357	3358
3358	3359
3359	3360
3363	3364
3364	3365
3365	3366
3366	3367
3370	3371
3371	3372
3372	3373
3373	3374
3377	3378
3378	3379
3379	3380
3380	3381
3384	3385
3385	3386
3386	3387
3387	3388
3391	3392
3392	3393
3393	3394
3394	3395
3398	3399
3399	3400
3400	3401
3401	3402
3405	3406
3406	3407
3407	3408
3408	3409
3412	3413
3413	3414
3414	3415
3415	3416
3419	3420
3420	3421
3421	3422
3422	3423
3426	3427
3427	3428
3428	3429
3429	3430
3433	3434
3434	3435
3435	3436
3436	3437
3440	3441
3441	3442
3442	3443
3443	3444
3447	3448
3448	3449
3449	3450
3450	3451
3454	3455
3455	3456
3456	3457
3457	3458
3461	3462
3462	3463
3463	3464
3464	3465
3468	3469
3469	3470
3470	3471
3471	3472
3475	3476
3476	3477
3477	3478
3478	3479
3482	3483
3483	3484
3484	3485
3485	3486
3489	3490
3490	3491
3491	3492
3492	3493
3496	3497
3497	3498
3498	3499
3499	3500
3503	3504
3504	3505
3505	3506
3506	3507
3510	3511
3511	3512
3512	3513
3513	3514
3517	3518
3518	3519
3519	3520
3520	3521
3524	3525
3525	3526
3526	3527
3527	3528
3531	3532
3532	3533
3533	3534
3534	3535
3538	3539
3539	3540
3540	3541
3541	3542
3545	3546
3546	3547
3547	3548
3548	3549
3552	3553
3553	3554
3554	3555
3555	3556
3559	3560
3560	3561
3561	3562
3562	3563
3566	3567
3567	3568
3568	3569
3569	3570
3573	3574
3574	3575
3575	3576
3576	3577
3580	3581
3581	3582
3582	3583
3583	3584
3587	3588
3588	3589
3589	3590
3590	3591
3594	3595
3595	3596
3596	3597
3597	3598
3601	3602
3602	3603
3603	3604
3604	3605
3608	3609
3609	3610
3610	3611
3611	3612
3615	3616
3616	3617
3617	3618
3618	3619
3622	3623
3623	3624
3624	3625
3625	3626
3629	3630
3630	3631
3631	3632
3632	3633
3636	3637
3637	3638
3638	3639
3639	3640
3643	3644
3644	3645
3645	3646
3646	3647
3650	3651
3651	3652
3652	3653
3653	3654
3657	3658
3658	3659
3659	3660
3660	3661
3664	3665
3665	3666
3666	3667
3667	3668
3671	3672
3672	3673
3673	3674
3674	3675
3678	3679
3679	3680
3680	3681
3681	3682
3685	3686
3686	3687
3687	3688
3688	3689
3692	3693
3693	3694
3694	3695
3695	3696
3699	3700
3700	3701
3701	3702
3702	3703
3706	3707
3707	3708
3708	3709
3709	3710
3713	3714
3714	3715
3715	3716
3716	3717
3720	3721
3721	3722
3722	3723
3723	3724
3727	3728
3728	3729
3729	3730
3730	3731
3734	3735
3735	3736
3736	3737
3737	3738
3741	3742
3742	3743
3743	3744
3744	3745
3748	3749
3749	3750
3750	3751
3751	3752
3755	3756
3756	3757
3757	3758
3758	3759
3762	3763
3763	3764
3764	3765
3765	3766
3769	3770
3770	3771
3771	3772
3772	3773
3776	3777
3777	3778
3778	3779
3779	3780
3783	3784
3784	3785
3785	3786
3786	3787
3790	3791
3791	3792
3792	3793
3793	3794
3797	3798
3798	3799
3799	3800
3800	3801
3804	3805
3805	3806
3806	3807
3807	3808
3811	3812
3812	3813
3813	3814
3814	3815
3818	3819
3819	3820
3820	3821
3821	3822
3825	3826
3826	3827
3827	3828
3828	3829
3832	3833
3833	3834
3834	3835
3835	3836
3839	3840
3840	3841
3841	3842
3842	3843
3846	3847
3847	3848
3848	3849
3849	3850
3853	3854
3854	3855
3855	3856
3856	3857
3860	3861
3861	3862
3862	3863
3863	3864
3867	3868
3868	3869
3869	3870
3870	3871
3874	3875
3875	3876
3876	3877
3877	3878
3881	3882
3882	3883
3883	3884
3884	3885
3888	3889
3889	3890
3890	3891
3891	3892
3895	3896
3896	3897
3897	3898
3898	3899
3902	3903
3903	3904
3904	3905
3905	3906
3909	3910
3910	3911
3911	3912
3912	3913
3916	3917
3917	3918
3918	3919
3919	3920
3923	3924
3924	3925
3925	3926
3926	3927
3930	3931
3931	3932
3932	3933
3933	3934
3937	3938
3938	3939
3939	3940
3940	3941
3944	3945
3945	3946
3946	3947
3947	3948
3951	3952
3952	3953
3953	3954
3954	3955
3958	3959
3959	3960
3960	3961
3961	3962
3965	3966
3966	3967
3967	3968
3968	3969
3972	3973
3973	3974
3974	3975
3975	3976
3979	3980
3980	3981
3981	3982
3982	3983
3986	3987
3987	3988
3988	3989
3989	3990
3993	3994
3994	3995
3995	3996
3996	3997
4000	4001
4001	4002
4002	4003
4003	4004
4007	4008
4008	4009
4009	4010
4010	4011
4014	4015
4015	4016
4016	4017
4017	4018
4021	4022
4022	4023
4023	4024
4024	4025
4028	4029
4029	4030
4030	4031
4031	4032
4035	4036
4036	4037
4037	4038
4038	4039
4042	4043
4043	4044
4044	4045
4045	4046
4049	4050
4050	4051
4051	4052
4052	4053
4056	4057
4057	4058
4058	4059
4059	4060
4063	4064
4064	4065
4065	4066
4066	4067
4070	4071
4071	4072
4072	4073
4073	4074
4077	4078
4078	4079
4079	4080
4080	4081
4084	4085
4085	4086
4086	4087
4087	4088
4091	4092
4092	4093
4093	4094
4094	4095
4098	4099
4099	4100
4100	4101
4101	4102
4105	4106
4106	4107
4107	4108
4108	4109
4112	4113
4113	4114
4114	4115
4115	4116
4119	4120
4120	4121
4121	4122
4122	4123
4126	4127
4127	4128
4128	4129
4129	4130
4133	4134
4134	4135
4135	4136
4136	4137
4140	4141
4141	4142
4142	4143
4143	4144
4147	4148
4148	4149
4149	4150
4150	4151
4154	4155
4155	4156
4156	4157
4157	4158
4161	4162
4162	4163
4163	4164
4164	4165
4168	4169
4169	4170
4170	4171
4171	4172
4175	4176
4176	4177
4177	4178
4178	4179
4182	4183
4183	4184
4184	4185
4185	4186
4189	4190
4190	4191
4191	4192
4192	4193
4196	4197
4197	4198
4198	4199
4199	4200
4203	4204
4204	4205
4205	4206
4206	4207
4210	4211
4211	4212
4212	4213
4213	4214
4217	4218
4218	4219
4219	4220
4220	4221
4224	4225
4225	4226
4226	4227
4227	4228
4231	4232
4232	4233
4233	4234
4234	4235
4238	4239
4239	4240
4240	4241
4241	4242
4245	4246
4246	4247
4247	4248
4248	4249
4252	4253
4253	4254
4254	4255
4255	4256
4259	4260
4260	4261
4261	4262
4262	4263
4266	4267
4267	4268
4268	4269
4269	4270
4273	4274
4274	4275
4275	4276
4276	4277
4280	4281
4281	4282
4282	4283
4283	4284
4287	4288
4288	4289
4289	4290
4290	4291
4294	4295
4295	4296
4296	4297
4297	4298
4301	4302
4302	4303
4303	4304
4304	4305
4308	4309
4309	4310
4310	4311
4311	4312
4315	4316
4316	4317
4317	4318
4318	4319
4322	4323
4323	4324
4324	4325
4325	4326
4329	4330
4330	4331
4331	4332
4332	4333
4336	4337
4337	4338
4338	4339
4339	4340
4343	4344
4344	4345
4345	4346
4346	4347
4350	4351
4351	4352
4352	4353
4353	4354
4357	4358
4358	4359
4359	4360
4360	4361
4364	4365
4365	4366
4366	4367
4367	4368
4371	4372
4372	4373
4373	4374
4374	4375
4378	4379
4379	4380
4380	4381
4381	4382
4385	4386
4386	4387
4387	4388
4388	4389
4392	4393
4393	4394
4394	4395
4395	4396
4399	4400
4400	4401
4401	4402
4402	4403
4406	4407
4407	4408
4408	4409
4409	4410
4413	4414
4414	4415
4415	4416
4416	4417
4420	4421
4421	4422
4422	4423
4423	4424
4427	4428
4428	4429
4429	4430
4430	4431
4434	4435
4435	4436
4436	4437
4437	4438
4441	4442
4442	4443
4443	4444
4444	4445
4448	4449
4449	4450
4450	4451
4451	4452
4455	4456
4456	4457
4457	4458
4458	4459
4462	4463
4463	4464
4464	4465
4465	4466
4469	4470
4470	4471
4471	4472
4472	4473
4476	4477
4477	4478
4478	4479
4479	4480
4483	4484
4484	4485
4485	4486
4486	4487
4490	4491
4491	4492
4492	4493
4493	4494
4497	4498
4498	4499
4499	4500
4500	4501
4504	4505
4505	4506
4506	4507
4507	4508
4511	4512
4512	4513
4513	4514
4514	4515
4518	4519
4519	4520
4520	4521
4521	4522
4525	4526
4526	4527
4527	4528
4528	4529
4532	4533
4533	4534
4534	4535
4535	4536
4539	4540
4540	4541
4541	4542
4542	4543
4546	4547
4547	4548
4548	4549
4549	4550
4553	4554
4554	4555
4555	4556
4556	4557
4560	4561
4561	4562
4562	4563
4563	4564
4567	4568
4568	4569
4569	4570
4570	4571
4574	4575
4575	4576
4576	4577
4577	4578
4581	4582
4582	4583
4583	4584
4584	4585
4588	4589
4589	4590
4590	4591
4591	4592
4595	4596
4596	4597
4597	4598
4598	4599
4602	4603
4603	4604
4604	4605
4605	4606
4609	4610
4610	4611
4611	4612
4612	4613
4616	4617
4617	4618
4618	4619
4619	4620
4623	4624
4624	4625
4625	4626
4626	4627
4630	4631
4631	4632
4632	4633
4633	4634
4637	4638
4638	4639
4639	4640
4640	4641
4644	4645
4645	4646
4646	4647
4647	4648
4651	4652
4652	4653
4653	4654
4654	4655
4658	4659
4659	4660
4660	4661
4661	4662
4665	4666
4666	4667
4667	4668
4668	4669
4672	4673
4673	4674
4674	4675
4675	4676
4679	4680
4680	4681
4681	4682
4682	4683
4686	4687
4687	4688
4688	4689
4689	4690
4693	4694
4694	4695
4695	4696
4696	4697
4700	4701
4701	4702
4702	4703
4703	4704
4707	4708
4708	4709
4709	4710
4710	4711
4714	4715
4715	4716
4716	4717
4717	4718
4721	4722
4722	4723
4723	4724
4724	4725
4728	4729
4729	4730
4730	4731
4731	4732
4735	4736
4736	4737
4737	4738
4738	4739
4742	4743
4743	4744
4744	4745
4745	4746
4749	4750
4750	4751
4751	4752
4752	4753
4756	4757
4757	4758
4758	4759
4759	4760
4763	4764
4764	4765
4765	4766
4766	4767
4770	4771
4771	4772
4772	4773
4773	4774
4777	4778
4778	4779
4779	4780
4780	4781
4784	4785
4785	4786
4786	4787
4787	4788
4791	4792
4792	4793
4793	4794
4794	4795
4798	4799
4799	4800
4800	4801
4801	4802
4805	4806
4806	4807
4807	4808
4808	4809
4812	4813
4813	4814
4814	4815
4815	4816
4819	4820
4820	4821
4821	4822
4822	4823
4826	4827
4827	4828
4828	4829
4829	4830
4833	4834
4834	4835
4835	4836
4836	4837
4840	4841
4841	4842
4842	4843
4843	4844
4847	4848
4848	4849
4849	4850
4850	4851
4854	4855
4855	4856
4856	4857
4857	4858
4861	4862
4862	4863
4863	4864
4864	4865
4868	4869
4869	4870
4870	4871
4871	4872
4875	4876
4876	4877
4877	4878
4878	4879
4882	4883
4883	4884
4884	4885
4885	4886
4889	4890
4890	4891
4891	4892
4892	4893
4896	4897
4897	4898
4898	4899
4899	4900
4903	4904
4904	4905
4905	4906
4906	4907
4910	4911
4911	4912
4912	4913
4913	4914
4917	4918
4918	4919
4919	4920
4920	4921
4924	4925
4925	4926
4926	4927
4927	4928
4931	4932
4932	4933
4933	4934
4934	4935
4938	4939
4939	4940
4940	4941
4941	4942
4945	4946
4946	4947
4947	4948
4948	4949
4952	4953
4953	4954
4954	4955
4955	4956
4959	4960
4960	4961
4961	4962
4962	4963
4966	4967
4967	4968
4968	4969
4969	4970
4973	4974
4974	4975
4975	4976
4976	4977
4980	4981
4981	4982
4982	4983
4983	4984
4987	4988
4988	4989
4989	4990
4990	4991
4994	4995
4995	4996
4996	4997
4997	4998
5001	5002
5002	5003
5003	5004
5004	5005
5008	5009
5009	5010
5010	5011
5011	5012
5015	5016
5016	5017
5017	5018
5018	5019
5022	5023
5023	5024
5024	5025
5025	5026
5029	5030
5030	5031
5031	5032
5032	5033
5036	5037
5037	5038
5038	5039
5039	5040
5043	5044
5044	5045
5045	5046
5046	5047
5050	5051
5051	5052
5052	5053
5053	5054
5057	5058
5058	5059
5059	5060
5060	5061
5064	5065
5065	5066
5066	5067
5067	5068
5071	5072
5072	5073
5073	5074
5074	5075
5078	5079
5079	5080
5080	5081
5081	5082
5085	5086
5086	5087
5087	5088
5088	5089
5092	5093
5093	5094
5094	5095
5095	5096
5099	5100
5100	5101
5101	5102
5102	5103
5106	5107
5107	5108
5108	5109
5109	5110
5113	5114
5114	5115
5115	5116
5116	5117
5120	5121
5121	5122
5122	5123
5123	5124
5127	5128
5128	5129
5129	5130
5130	5131
5134	5135
5135	5136
5136	5137
5137	5138
5141	5142
5142	5143
5143	5144
5144	5145
5148	5149
5149	5150
5150	5151
5151	5152
5155	5156
5156	5157
5157	5158
5158	5159
5162	5163
5163	5164
5164	5165
5165	5166
5169	5170
5170	5171
5171	5172
5172	5173
5176	5177
5177	5178
5178	5179
5179	5180
5183	5184
5184	5185
5185	5186
5186	5187
5190	5191
5191	5192
5192	5193
5193	5194
5197	5198
5198	5199
5199	5200
5200	5201
5204	5205
5205	5206
5206	5207
5207	5208
5211	5212
5212	5213
5213	5214
5214	5215
5218	5219
5219	5220
5220	5221
5221	5222
5225	5226
5226	5227
5227	5228
5228	5229
5232	5233
5233	5234
5234	5235
5235	5236
5239	5240
5240	5241
5241	5242
5242	5243
5246	5247
5247	5248
5248	5249
5249	5250
5253	5254
5254	5255
5255	5256
5256	5257
5260	5261
5261	5262
5262	5263
5263	5264
5267	5268
5268	5269
5269	5270
5270	5271
5274	5275
5275	5276
5276	5277
5277	5278
5281	5282
5282	5283
5283	5284
5284	5285
5288	5289
5289	5290
5290	5291
5291	5292
5295	5296
5296	5297
5297	5298
5298	5299
5302	5303
5303	5304
5304	5305
5305	5306
5309	5310
5310	5311
5311	5312
5312	5313
5316	5317
5317	5318
5318	5319
5319	5320
5323	5324
5324	5325
5325	5326
5326	5327
5330	5331
5331	5332
5332	5333
5333	5334
5337	5338
5338	5339
5339	5340
5340	5341
5344	5345
5345	5346
5346	5347
5347	5348
5351	5352
5352	5353
5353	5354
5354	5355
5358	5359
5359	5360
5360	5361
5361	5362
5365	5366
5366	5367
5367	5368
5368	5369
5372	5373
5373	5374
5374	5375
5375	5376
5379	5380
5380	5381
5381	5382
5382	5383
5386	5387
5387	5388
5388	5389
5389	5390
5393	5394
5394	5395
5395	5396
5396	5397
5400	5401
5401	5402
5402	5403
5403	5404
5407	5408
5408	5409
5409	5410
5410	5411
5414	5415
5415	5416
5416	5417
5417	5418
5421	5422
5422	5423
5423	5424
5424	5425
5428	5429
5429	5430
5430	5431
5431	5432
5435	5436
5436	5437
5437	5438
5438	5439
5442	5443
5443	5444
5444	5445
5445	5446
5449	5450
5450	5451
5451	5452
5452	5453
5456	5457
5457	5458
5458	5459
5459	5460
5463	5464
5464	5465
5465	5466
5466	5467
5470	5471
5471	5472
5472	5473
5473	5474
5477	5478
5478	5479
5479	5480
5480	5481
5484	5485
5485	5486
5486	5487
5487	5488
5491	5492
5492	5493
5493	5494
5494	5495
5498	5499
5499	5500
5500	5501
5501	5502
5505	5506
5506	5507
5507	5508
5508	5509
5512	5513
5513	5514
5514	5515
5515	5516
5519	5520
5520	5521
5521	5522
5522	5523
5526	5527
5527	5528
5528	5529
5529	5530
5533	5534
5534	5535
5535	5536
5536	5537
5540	5541
5541	5542
5542	5543
5543	5544
5547	5548
5548	5549
5549	5550
5550	5551
5554	5555
5555	5556
5556	5557
5557	5558
5561	5562
5562	5563
5563	5564
5564	5565
5568	5569
5569	5570
5570	5571
5571	5572
5575	5576
5576	5577
5577	5578
5578	5579
5582	5583
5583	5584
5584	5585
5585	5586
5589	5590
5590	5591
5591	5592
5592	5593
5596	5597
5597	5598
5598	5599
5599	5600
5603	5604
5604	5605
5605	5606
5606	5607
5610	5611
5611	5612
5612	5613
5613	5614
5617	5618
5618	5619
5619	5620
5620	5621
5624	5625
5625	5626
5626	5627
5627	5628
5631	5632
5632	5633
5633	5634
5634	5635
5638	5639
5639	5640
5640	5641
5641	5642
5645	5646
5646	5647
5647	5648
5648	5649
5652	5653
5653	5654
5654	5655
5655	5656
5659	5660
5660	5661
5661	5662
5662	5663
5666	5667
5667	5668
5668	5669
5669	5670
5673	5674
5674	5675
5675	5676
5676	5677
5680	5681
5681	5682
5682	5683
5683	5684
5687	5688
5688	5689
5689	5690
5690	5691
5694	5695
5695	5696
5696	5697
5697	5698
5701	5702
5702	5703
5703	5704
5704	5705
5708	5709
5709	5710
5710	5711
5711	5712
5715	5716
5716	5717
5717	5718
5718	5719
5722	5723
5723	5724
5724	5725
5725	5726
5729	5730
5730	5731
5731	5732
5732	5733
5736	5737
5737	5738
5738	5739
5739	5740
