0	440
0	442
0	446
0	448
0	452
0	454
0	458
0	460
0	464
0	466
0	470
0	472
0	476
0	478
0	482
0	484
440	441
442	443
446	447
448	449
452	453
454	455
458	459
460	461
464	465
466	467
470	471
472	473
476	477
478	479
482	483
484	485
1	488
1	490
1	494
1	496
1	500
1	502
1	506
1	508
1	512
1	514
1	518
1	520
1	524
1	526
1	530
1	532
488	489
490	491
494	495
496	497
500	501
502	503
506	507
508	509
512	513
514	515
518	519
520	521
524	525
526	527
530	531
532	533
2	536
2	538
2	542
2	544
2	548
2	550
2	554
2	556
2	560
2	562
2	566
2	568
2	572
2	574
2	578
2	580
536	537
538	539
542	543
544	545
548	549
550	551
554	555
556	557
560	561
562	563
566	567
568	569
572	573
574	575
578	579
580	581
3	584
3	586
3	590
3	592
3	596
3	598
3	602
3	604
3	608
3	610
3	614
3	616
3	620
3	622
3	626
3	628
584	585
586	587
590	591
592	593
596	597
598	599
602	603
604	605
608	609
610	611
614	615
616	617
620	621
622	623
626	627
628	629
4	632
4	634
4	638
4	640
4	644
4	646
4	650
4	652
4	656
4	658
4	662
4	664
4	668
4	670
4	674
4	676
632	633
634	635
638	639
640	641
644	645
646	647
650	651
652	653
656	657
658	659
662	663
664	665
668	669
670	671
674	675
676	677
5	680
5	682
5	686
5	688
5	692
5	694
5	698
5	700
5	704
5	706
5	710
5	712
5	716
5	718
5	722
5	724
680	681
682	683
686	687
688	689
692	693
694	695
698	699
700	701
704	705
706	707
710	711
712	713
716	717
718	719
722	723
724	725
6	728
6	730
6	734
6	736
6	740
6	742
6	746
6	748
6	752
6	754
6	758
6	760
6	764
6	766
6	770
6	772
728	729
730	731
734	735
736	737
740	741
742	743
746	747
748	749
752	753
754	755
758	759
760	761
764	765
766	767
770	771
772	773
7	776
7	778
7	782
7	784
7	788
7	790
7	794
7	796
7	800
7	802
7	806
7	808
7	812
7	814
7	818
7	820
776	777
778	779
782	783
784	785
788	789
790	791
794	795
796	797
800	801
802	803
806	807
808	809
812	813
814	815
818	819
820	821
8	824
8	826
8	830
8	832
8	836
8	838
8	842
8	844
824	825
826	827
830	831
832	833
836	837
838	839
842	843
844	845
9	848
9	850
9	854
9	856
9	860
9	862
9	866
9	868
848	849
850	851
854	855
856	857
860	861
862	863
866	867
868	869
10	872
10	874
10	878
10	880
10	884
10	886
10	890
10	892
872	873
874	875
878	879
880	881
884	885
886	887
890	891
892	893
11	896
11	898
11	902
11	904
11	908
11	910
11	914
11	916
896	897
898	899
902	903
904	905
908	909
910	911
914	915
916	917
12	920
12	922
12	926
12	928
12	932
12	934
12	938
12	940
920	921
922	923
926	927
928	929
932	933
934	935
938	939
940	941
13	944
13	946
13	950
13	952
13	956
13	958
13	962
13	964
944	945
946	947
950	951
952	953
956	957
958	959
962	963
964	965
14	968
14	970
14	974
14	976
14	980
14	982
14	986
14	988
968	969
970	971
974	975
976	977
980	981
982	983
986	987
988	989
15	992
15	994
15	998
15	1000
15	1004
15	1006
15	1010
15	1012
992	993
994	995
998	999
1000	1001
1004	1005
1006	1007
1010	1011
1012	1013
16	1016
16	1018
16	1022
16	1024
16	1028
16	1030
16	1034
16	1036
1016	1017
1018	1019
1022	1023
1024	1025
1028	1029
1030	1031
1034	1035
1036	1037
17	1040
17	1042
17	1046
17	1048
17	1052
17	1054
17	1058
17	1060
1040	1041
1042	1043
1046	1047
1048	1049
1052	1053
1054	1055
1058	1059
1060	1061
18	1064
18	1066
18	1070
18	1072
18	1076
18	1078
18	1082
18	1084
1064	1065
1066	1067
1070	1071
1072	1073
1076	1077
1078	1079
1082	1083
1084	1085
19	1088
19	1090
19	1094
19	1096
19	1100
19	1102
19	1106
19	1108
1088	1089
1090	1091
1094	1095
1096	1097
1100	1101
1102	1103
1106	1107
1108	1109
20	1112
20	1114
20	1118
20	1120
20	1124
20	1126
20	1130
20	1132
1112	1113
1114	1115
1118	1119
1120	1121
1124	1125
1126	1127
1130	1131
1132	1133
21	1136
21	1138
21	1142
21	1144
21	1148
21	1150
21	1154
21	1156
1136	1137
1138	1139
1142	1143
1144	1145
1148	1149
1150	1151
1154	1155
1156	1157
22	1160
22	1162
22	1166
22	1168
22	1172
22	1174
22	1178
22	1180
1160	1161
1162	1163
1166	1167
1168	1169
1172	1173
1174	1175
1178	1179
1180	1181
23	1184
23	1186
23	1190
23	1192
23	1196
23	1198
23	1202
23	1204
1184	1185
1186	1187
1190	1191
1192	1193
1196	1197
1198	1199
1202	1203
1204	1205
24	1208
24	1210
24	1214
24	1216
24	1220
24	1222
24	1226
24	1228
1208	1209
1210	1211
1214	1215
1216	1217
1220	1221
1222	1223
1226	1227
1228	1229
25	1232
25	1234
25	1238
25	1240
25	1244
25	1246
25	1250
25	1252
1232	1233
1234	1235
1238	1239
1240	1241
1244	1245
1246	1247
1250	1251
1252	1253
26	1256
26	1258
26	1262
26	1264
26	1268
26	1270
26	1274
26	1276
1256	1257
1258	1259
1262	1263
1264	1265
1268	1269
1270	1271
1274	1275
1276	1277
27	1280
27	1282
27	1286
27	1288
27	1292
27	1294
27	1298
27	1300
1280	1281
1282	1283
1286	1287
1288	1289
1292	1293
1294	1295
1298	1299
1300	1301
28	1304
28	1306
28	1310
28	1312
28	1316
28	1318
28	1322
28	1324
1304	1305
1306	1307
1310	1311
1312	1313
1316	1317
1318	1319
1322	1323
1324	1325
29	1328
29	1330
29	1334
29	1336
29	1340
29	1342
29	1346
29	1348
1328	1329
1330	1331
1334	1335
1336	1337
1340	1341
1342	1343
1346	1347
1348	1349
30	1352
30	1354
30	1358
30	1360
30	1364
30	1366
30	1370
30	1372
1352	1353
1354	1355
1358	1359
1360	1361
1364	1365
1366	1367
1370	1371
1372	1373
31	1376
31	1378
31	1382
31	1384
31	1388
31	1390
31	1394
31	1396
1376	1377
1378	1379
1382	1383
1384	1385
1388	1389
1390	1391
1394	1395
1396	1397
32	1400
32	1402
32	1406
32	1408
32	1412
32	1414
32	1418
32	1420
1400	1401
1402	1403
1406	1407
1408	1409
1412	1413
1414	1415
1418	1419
1420	1421
33	1424
33	1426
33	1430
33	1432
33	1436
33	1438
33	1442
33	1444
1424	1425
1426	1427
1430	1431
1432	1433
1436	1437
1438	1439
1442	1443
1444	1445
34	1448
34	1450
34	1454
34	1456
34	1460
34	1462
34	1466
34	1468
1448	1449
1450	1451
1454	1455
1456	1457
1460	1461
1462	1463
1466	1467
1468	1469
35	1472
35	1474
35	1478
35	1480
35	1484
35	1486
35	1490
35	1492
1472	1473
1474	1475
1478	1479
1480	1481
1484	1485
1486	1487
1490	1491
1492	1493
36	1496
36	1498
36	1502
36	1504
36	1508
36	1510
36	1514
36	1516
1496	1497
1498	1499
1502	1503
1504	1505
1508	1509
1510	1511
1514	1515
1516	1517
37	1520
37	1522
37	1526
37	1528
37	1532
37	1534
37	1538
37	1540
1520	1521
1522	1523
1526	1527
1528	1529
1532	1533
1534	1535
1538	1539
1540	1541
38	1544
38	1546
38	1550
38	1552
38	1556
38	1558
38	1562
38	1564
1544	1545
1546	1547
1550	1551
1552	1553
1556	1557
1558	1559
1562	1563
1564	1565
39	1568
39	1570
39	1574
39	1576
39	1580
39	1582
39	1586
39	1588
1568	1569
1570	1571
1574	1575
1576	1577
1580	1581
1582	1583
1586	1587
1588	1589
40	1592
40	1594
40	1598
40	1600
40	1604
40	1606
40	1610
40	1612
1592	1593
1594	1595
1598	1599
1600	1601
1604	1605
1606	1607
1610	1611
1612	1613
41	1616
41	1618
41	1622
41	1624
41	1628
41	1630
41	1634
41	1636
1616	1617
1618	1619
1622	1623
1624	1625
1628	1629
1630	1631
1634	1635
1636	1637
42	1640
42	1642
42	1646
42	1648
42	1652
42	1654
42	1658
42	1660
1640	1641
1642	1643
1646	1647
1648	1649
1652	1653
1654	1655
1658	1659
1660	1661
43	1664
43	1666
43	1670
43	1672
43	1676
43	1678
43	1682
43	1684
1664	1665
1666	1667
1670	1671
1672	1673
1676	1677
1678	1679
1682	1683
1684	1685
44	1688
44	1690
44	1694
44	1696
44	1700
44	1702
44	1706
44	1708
1688	1689
1690	1691
1694	1695
1696	1697
1700	1701
1702	1703
1706	1707
1708	1709
45	1712
45	1714
45	1718
45	1720
45	1724
45	1726
45	1730
45	1732
1712	1713
1714	1715
1718	1719
1720	1721
1724	1725
1726	1727
1730	1731
1732	1733
46	1736
46	1738
46	1742
46	1744
46	1748
46	1750
46	1754
46	1756
1736	1737
1738	1739
1742	1743
1744	1745
1748	1749
1750	1751
1754	1755
1756	1757
47	1760
47	1762
47	1766
47	1768
47	1772
47	1774
47	1778
47	1780
1760	1761
1762	1763
1766	1767
1768	1769
1772	1773
1774	1775
1778	1779
1780	1781
48	1784
48	1786
48	1790
48	1792
48	1796
48	1798
48	1802
48	1804
1784	1785
1786	1787
1790	1791
1792	1793
1796	1797
1798	1799
1802	1803
1804	1805
49	1808
49	1810
49	1814
49	1816
49	1820
49	1822
49	1826
49	1828
1808	1809
1810	1811
1814	1815
1816	1817
1820	1821
1822	1823
1826	1827
1828	1829
50	1832
50	1834
50	1838
50	1840
50	1844
50	1846
50	1850
50	1852
1832	1833
1834	1835
1838	1839
1840	1841
1844	1845
1846	1847
1850	1851
1852	1853
51	1856
51	1858
51	1862
51	1864
51	1868
51	1870
51	1874
51	1876
1856	1857
1858	1859
1862	1863
1864	1865
1868	1869
1870	1871
1874	1875
1876	1877
52	1880
52	1882
52	1886
52	1888
52	1892
52	1894
52	1898
52	1900
1880	1881
1882	1883
1886	1887
1888	1889
1892	1893
1894	1895
1898	1899
1900	1901
53	1904
53	1906
53	1910
53	1912
53	1916
53	1918
53	1922
53	1924
1904	1905
1906	1907
1910	1911
1912	1913
1916	1917
1918	1919
1922	1923
1924	1925
54	1928
54	1930
54	1934
54	1936
54	1940
54	1942
54	1946
54	1948
1928	1929
1930	1931
1934	1935
1936	1937
1940	1941
1942	1943
1946	1947
1948	1949
55	1952
55	1954
55	1958
55	1960
55	1964
55	1966
55	1970
55	1972
1952	1953
1954	1955
1958	1959
1960	1961
1964	1965
1966	1967
1970	1971
1972	1973
56	441
56	445
56	1976
56	1978
445	444
1976	1977
1978	1979
57	825
57	829
57	1977
57	1981
829	828
1981	1980
58	447
58	451
58	1982
58	1984
451	450
1982	1983
1984	1985
59	1983
59	1987
59	1988
59	1990
1987	1986
1988	1989
1990	1991
60	1989
60	1993
60	1994
60	1996
1993	1992
1994	1995
1996	1997
61	831
61	835
61	1995
61	1999
835	834
1999	1998
62	453
62	457
62	2000
62	2002
457	456
2000	2001
2002	2003
63	873
63	877
63	2001
63	2005
877	876
2005	2004
64	459
64	463
64	2006
64	2008
463	462
2006	2007
2008	2009
65	2007
65	2011
65	2012
65	2014
2011	2010
2012	2013
2014	2015
66	2013
66	2017
66	2018
66	2020
2017	2016
2018	2019
2020	2021
67	879
67	883
67	2019
67	2023
883	882
2023	2022
68	465
68	469
68	2024
68	2026
469	468
2024	2025
2026	2027
69	969
69	973
69	2025
69	2029
973	972
2029	2028
70	471
70	475
70	2030
70	2032
475	474
2030	2031
2032	2033
71	2031
71	2035
71	2036
71	2038
2035	2034
2036	2037
2038	2039
72	2037
72	2041
72	2042
72	2044
2041	2040
2042	2043
2044	2045
73	975
73	979
73	2043
73	2047
979	978
2047	2046
74	477
74	481
74	2048
74	2050
481	480
2048	2049
2050	2051
75	1017
75	1021
75	2049
75	2053
1021	1020
2053	2052
76	483
76	487
76	2054
76	2056
487	486
2054	2055
2056	2057
77	2055
77	2059
77	2060
77	2062
2059	2058
2060	2061
2062	2063
78	2061
78	2065
78	2066
78	2068
2065	2064
2066	2067
2068	2069
79	1023
79	1027
79	2067
79	2071
1027	1026
2071	2070
80	489
80	493
80	2072
80	2074
493	492
2072	2073
2074	2075
81	849
81	853
81	2073
81	2077
853	852
2077	2076
82	495
82	499
82	2078
82	2080
499	498
2078	2079
2080	2081
83	2079
83	2083
83	2084
83	2086
2083	2082
2084	2085
2086	2087
84	2085
84	2089
84	2090
84	2092
2089	2088
2090	2091
2092	2093
85	855
85	859
85	2091
85	2095
859	858
2095	2094
86	501
86	505
86	2096
86	2098
505	504
2096	2097
2098	2099
87	945
87	949
87	2097
87	2101
949	948
2101	2100
88	507
88	511
88	2102
88	2104
511	510
2102	2103
2104	2105
89	2103
89	2107
89	2108
89	2110
2107	2106
2108	2109
2110	2111
90	2109
90	2113
90	2114
90	2116
2113	2112
2114	2115
2116	2117
91	951
91	955
91	2115
91	2119
955	954
2119	2118
92	513
92	517
92	2120
92	2122
517	516
2120	2121
2122	2123
93	1113
93	1117
93	2121
93	2125
1117	1116
2125	2124
94	519
94	523
94	2126
94	2128
523	522
2126	2127
2128	2129
95	2127
95	2131
95	2132
95	2134
2131	2130
2132	2133
2134	2135
96	2133
96	2137
96	2138
96	2140
2137	2136
2138	2139
2140	2141
97	1119
97	1123
97	2139
97	2143
1123	1122
2143	2142
98	525
98	529
98	2144
98	2146
529	528
2144	2145
2146	2147
99	1161
99	1165
99	2145
99	2149
1165	1164
2149	2148
100	531
100	535
100	2150
100	2152
535	534
2150	2151
2152	2153
101	2151
101	2155
101	2156
101	2158
2155	2154
2156	2157
2158	2159
102	2157
102	2161
102	2162
102	2164
2161	2160
2162	2163
2164	2165
103	1167
103	1171
103	2163
103	2167
1171	1170
2167	2166
104	537
104	541
104	2168
104	2170
541	540
2168	2169
2170	2171
105	1137
105	1141
105	2169
105	2173
1141	1140
2173	2172
106	543
106	547
106	2174
106	2176
547	546
2174	2175
2176	2177
107	2175
107	2179
107	2180
107	2182
2179	2178
2180	2181
2182	2183
108	2181
108	2185
108	2186
108	2188
2185	2184
2186	2187
2188	2189
109	1143
109	1147
109	2187
109	2191
1147	1146
2191	2190
110	549
110	553
110	2192
110	2194
553	552
2192	2193
2194	2195
111	1233
111	1237
111	2193
111	2197
1237	1236
2197	2196
112	555
112	559
112	2198
112	2200
559	558
2198	2199
2200	2201
113	2199
113	2203
113	2204
113	2206
2203	2202
2204	2205
2206	2207
114	2205
114	2209
114	2210
114	2212
2209	2208
2210	2211
2212	2213
115	1239
115	1243
115	2211
115	2215
1243	1242
2215	2214
116	561
116	565
116	2216
116	2218
565	564
2216	2217
2218	2219
117	1257
117	1261
117	2217
117	2221
1261	1260
2221	2220
118	567
118	571
118	2222
118	2224
571	570
2222	2223
2224	2225
119	2223
119	2227
119	2228
119	2230
2227	2226
2228	2229
2230	2231
120	2229
120	2233
120	2234
120	2236
2233	2232
2234	2235
2236	2237
121	1263
121	1267
121	2235
121	2239
1267	1266
2239	2238
122	573
122	577
122	2240
122	2242
577	576
2240	2241
2242	2243
123	1305
123	1309
123	2241
123	2245
1309	1308
2245	2244
124	579
124	583
124	2246
124	2248
583	582
2246	2247
2248	2249
125	2247
125	2251
125	2252
125	2254
2251	2250
2252	2253
2254	2255
126	2253
126	2257
126	2258
126	2260
2257	2256
2258	2259
2260	2261
127	1311
127	1315
127	2259
127	2263
1315	1314
2263	2262
128	585
128	589
128	2264
128	2266
589	588
2264	2265
2266	2267
129	1281
129	1285
129	2265
129	2269
1285	1284
2269	2268
130	591
130	595
130	2270
130	2272
595	594
2270	2271
2272	2273
131	2271
131	2275
131	2276
131	2278
2275	2274
2276	2277
2278	2279
132	2277
132	2281
132	2282
132	2284
2281	2280
2282	2283
2284	2285
133	1287
133	1291
133	2283
133	2287
1291	1290
2287	2286
134	597
134	601
134	2288
134	2290
601	600
2288	2289
2290	2291
135	1377
135	1381
135	2289
135	2293
1381	1380
2293	2292
136	603
136	607
136	2294
136	2296
607	606
2294	2295
2296	2297
137	2295
137	2299
137	2300
137	2302
2299	2298
2300	2301
2302	2303
138	2301
138	2305
138	2306
138	2308
2305	2304
2306	2307
2308	2309
139	1383
139	1387
139	2307
139	2311
1387	1386
2311	2310
140	609
140	613
140	2312
140	2314
613	612
2312	2313
2314	2315
141	1401
141	1405
141	2313
141	2317
1405	1404
2317	2316
142	615
142	619
142	2318
142	2320
619	618
2318	2319
2320	2321
143	2319
143	2323
143	2324
143	2326
2323	2322
2324	2325
2326	2327
144	2325
144	2329
144	2330
144	2332
2329	2328
2330	2331
2332	2333
145	1407
145	1411
145	2331
145	2335
1411	1410
2335	2334
146	621
146	625
146	2336
146	2338
625	624
2336	2337
2338	2339
147	1449
147	1453
147	2337
147	2341
1453	1452
2341	2340
148	627
148	631
148	2342
148	2344
631	630
2342	2343
2344	2345
149	2343
149	2347
149	2348
149	2350
2347	2346
2348	2349
2350	2351
150	2349
150	2353
150	2354
150	2356
2353	2352
2354	2355
2356	2357
151	1455
151	1459
151	2355
151	2359
1459	1458
2359	2358
152	633
152	637
152	2360
152	2362
637	636
2360	2361
2362	2363
153	1425
153	1429
153	2361
153	2365
1429	1428
2365	2364
154	639
154	643
154	2366
154	2368
643	642
2366	2367
2368	2369
155	2367
155	2371
155	2372
155	2374
2371	2370
2372	2373
2374	2375
156	2373
156	2377
156	2378
156	2380
2377	2376
2378	2379
2380	2381
157	1431
157	1435
157	2379
157	2383
1435	1434
2383	2382
158	645
158	649
158	2384
158	2386
649	648
2384	2385
2386	2387
159	1521
159	1525
159	2385
159	2389
1525	1524
2389	2388
160	651
160	655
160	2390
160	2392
655	654
2390	2391
2392	2393
161	2391
161	2395
161	2396
161	2398
2395	2394
2396	2397
2398	2399
162	2397
162	2401
162	2402
162	2404
2401	2400
2402	2403
2404	2405
163	1527
163	1531
163	2403
163	2407
1531	1530
2407	2406
164	657
164	661
164	2408
164	2410
661	660
2408	2409
2410	2411
165	1545
165	1549
165	2409
165	2413
1549	1548
2413	2412
166	663
166	667
166	2414
166	2416
667	666
2414	2415
2416	2417
167	2415
167	2419
167	2420
167	2422
2419	2418
2420	2421
2422	2423
168	2421
168	2425
168	2426
168	2428
2425	2424
2426	2427
2428	2429
169	1551
169	1555
169	2427
169	2431
1555	1554
2431	2430
170	669
170	673
170	2432
170	2434
673	672
2432	2433
2434	2435
171	1593
171	1597
171	2433
171	2437
1597	1596
2437	2436
172	675
172	679
172	2438
172	2440
679	678
2438	2439
2440	2441
173	2439
173	2443
173	2444
173	2446
2443	2442
2444	2445
2446	2447
174	2445
174	2449
174	2450
174	2452
2449	2448
2450	2451
2452	2453
175	1599
175	1603
175	2451
175	2455
1603	1602
2455	2454
176	681
176	685
176	2456
176	2458
685	684
2456	2457
2458	2459
177	1569
177	1573
177	2457
177	2461
1573	1572
2461	2460
178	687
178	691
178	2462
178	2464
691	690
2462	2463
2464	2465
179	2463
179	2467
179	2468
179	2470
2467	2466
2468	2469
2470	2471
180	2469
180	2473
180	2474
180	2476
2473	2472
2474	2475
2476	2477
181	1575
181	1579
181	2475
181	2479
1579	1578
2479	2478
182	693
182	697
182	2480
182	2482
697	696
2480	2481
2482	2483
183	1665
183	1669
183	2481
183	2485
1669	1668
2485	2484
184	699
184	703
184	2486
184	2488
703	702
2486	2487
2488	2489
185	2487
185	2491
185	2492
185	2494
2491	2490
2492	2493
2494	2495
186	2493
186	2497
186	2498
186	2500
2497	2496
2498	2499
2500	2501
187	1671
187	1675
187	2499
187	2503
1675	1674
2503	2502
188	705
188	709
188	2504
188	2506
709	708
2504	2505
2506	2507
189	1689
189	1693
189	2505
189	2509
1693	1692
2509	2508
190	711
190	715
190	2510
190	2512
715	714
2510	2511
2512	2513
191	2511
191	2515
191	2516
191	2518
2515	2514
2516	2517
2518	2519
192	2517
192	2521
192	2522
192	2524
2521	2520
2522	2523
2524	2525
193	1695
193	1699
193	2523
193	2527
1699	1698
2527	2526
194	717
194	721
194	2528
194	2530
721	720
2528	2529
2530	2531
195	1737
195	1741
195	2529
195	2533
1741	1740
2533	2532
196	723
196	727
196	2534
196	2536
727	726
2534	2535
2536	2537
197	2535
197	2539
197	2540
197	2542
2539	2538
2540	2541
2542	2543
198	2541
198	2545
198	2546
198	2548
2545	2544
2546	2547
2548	2549
199	1743
199	1747
199	2547
199	2551
1747	1746
2551	2550
200	729
200	733
200	2552
200	2554
733	732
2552	2553
2554	2555
201	1713
201	1717
201	2553
201	2557
1717	1716
2557	2556
202	735
202	739
202	2558
202	2560
739	738
2558	2559
2560	2561
203	2559
203	2563
203	2564
203	2566
2563	2562
2564	2565
2566	2567
204	2565
204	2569
204	2570
204	2572
2569	2568
2570	2571
2572	2573
205	1719
205	1723
205	2571
205	2575
1723	1722
2575	2574
206	741
206	745
206	2576
206	2578
745	744
2576	2577
2578	2579
207	1809
207	1813
207	2577
207	2581
1813	1812
2581	2580
208	747
208	751
208	2582
208	2584
751	750
2582	2583
2584	2585
209	2583
209	2587
209	2588
209	2590
2587	2586
2588	2589
2590	2591
210	2589
210	2593
210	2594
210	2596
2593	2592
2594	2595
2596	2597
211	1815
211	1819
211	2595
211	2599
1819	1818
2599	2598
212	753
212	757
212	2600
212	2602
757	756
2600	2601
2602	2603
213	1833
213	1837
213	2601
213	2605
1837	1836
2605	2604
214	759
214	763
214	2606
214	2608
763	762
2606	2607
2608	2609
215	2607
215	2611
215	2612
215	2614
2611	2610
2612	2613
2614	2615
216	2613
216	2617
216	2618
216	2620
2617	2616
2618	2619
2620	2621
217	1839
217	1843
217	2619
217	2623
1843	1842
2623	2622
218	765
218	769
218	2624
218	2626
769	768
2624	2625
2626	2627
219	1881
219	1885
219	2625
219	2629
1885	1884
2629	2628
220	771
220	775
220	2630
220	2632
775	774
2630	2631
2632	2633
221	2631
221	2635
221	2636
221	2638
2635	2634
2636	2637
2638	2639
222	2637
222	2641
222	2642
222	2644
2641	2640
2642	2643
2644	2645
223	1887
223	1891
223	2643
223	2647
1891	1890
2647	2646
224	777
224	781
224	2648
224	2650
781	780
2648	2649
2650	2651
225	993
225	997
225	2649
225	2653
997	996
2653	2652
226	783
226	787
226	2654
226	2656
787	786
2654	2655
2656	2657
227	2655
227	2659
227	2660
227	2662
2659	2658
2660	2661
2662	2663
228	2661
228	2665
228	2666
228	2668
2665	2664
2666	2667
2668	2669
229	999
229	1003
229	2667
229	2671
1003	1002
2671	2670
230	789
230	793
230	2672
230	2674
793	792
2672	2673
2674	2675
231	1089
231	1093
231	2673
231	2677
1093	1092
2677	2676
232	795
232	799
232	2678
232	2680
799	798
2678	2679
2680	2681
233	2679
233	2683
233	2684
233	2686
2683	2682
2684	2685
2686	2687
234	2685
234	2689
234	2690
234	2692
2689	2688
2690	2691
2692	2693
235	1095
235	1099
235	2691
235	2695
1099	1098
2695	2694
236	801
236	805
236	2696
236	2698
805	804
2696	2697
2698	2699
237	1857
237	1861
237	2697
237	2701
1861	1860
2701	2700
238	807
238	811
238	2702
238	2704
811	810
2702	2703
2704	2705
239	2703
239	2707
239	2708
239	2710
2707	2706
2708	2709
2710	2711
240	2709
240	2713
240	2714
240	2716
2713	2712
2714	2715
2716	2717
241	1863
241	1867
241	2715
241	2719
1867	1866
2719	2718
242	813
242	817
242	2720
242	2722
817	816
2720	2721
2722	2723
243	1953
243	1957
243	2721
243	2725
1957	1956
2725	2724
244	819
244	823
244	2726
244	2728
823	822
2726	2727
2728	2729
245	2727
245	2731
245	2732
245	2734
2731	2730
2732	2733
2734	2735
246	2733
246	2737
246	2738
246	2740
2737	2736
2738	2739
2740	2741
247	1959
247	1963
247	2739
247	2743
1963	1962
2743	2742
248	837
248	841
248	2744
248	2746
841	840
2744	2745
2746	2747
249	861
249	865
249	2745
249	2749
865	864
2749	2748
250	843
250	847
250	2750
250	2752
847	846
2750	2751
2752	2753
251	2751
251	2755
251	2756
251	2758
2755	2754
2756	2757
2758	2759
252	2757
252	2761
252	2762
252	2764
2761	2760
2762	2763
2764	2765
253	867
253	871
253	2763
253	2767
871	870
2767	2766
254	885
254	889
254	2768
254	2770
889	888
2768	2769
2770	2771
255	897
255	901
255	2769
255	2773
901	900
2773	2772
256	891
256	895
256	2774
256	2776
895	894
2774	2775
2776	2777
257	2775
257	2779
257	2780
257	2782
2779	2778
2780	2781
2782	2783
258	2781
258	2785
258	2786
258	2788
2785	2784
2786	2787
2788	2789
259	903
259	907
259	2787
259	2791
907	906
2791	2790
260	909
260	913
260	2792
260	2794
913	912
2792	2793
2794	2795
261	921
261	925
261	2793
261	2797
925	924
2797	2796
262	915
262	919
262	2798
262	2800
919	918
2798	2799
2800	2801
263	2799
263	2803
263	2804
263	2806
2803	2802
2804	2805
2806	2807
264	2805
264	2809
264	2810
264	2812
2809	2808
2810	2811
2812	2813
265	927
265	931
265	2811
265	2815
931	930
2815	2814
266	933
266	937
266	2816
266	2818
937	936
2816	2817
2818	2819
267	957
267	961
267	2817
267	2821
961	960
2821	2820
268	939
268	943
268	2822
268	2824
943	942
2822	2823
2824	2825
269	2823
269	2827
269	2828
269	2830
2827	2826
2828	2829
2830	2831
270	2829
270	2833
270	2834
270	2836
2833	2832
2834	2835
2836	2837
271	963
271	967
271	2835
271	2839
967	966
2839	2838
272	981
272	985
272	2840
272	2842
985	984
2840	2841
2842	2843
273	1005
273	1009
273	2841
273	2845
1009	1008
2845	2844
274	987
274	991
274	2846
274	2848
991	990
2846	2847
2848	2849
275	2847
275	2851
275	2852
275	2854
2851	2850
2852	2853
2854	2855
276	2853
276	2857
276	2858
276	2860
2857	2856
2858	2859
2860	2861
277	1011
277	1015
277	2859
277	2863
1015	1014
2863	2862
278	1029
278	1033
278	2864
278	2866
1033	1032
2864	2865
2866	2867
279	1041
279	1045
279	2865
279	2869
1045	1044
2869	2868
280	1035
280	1039
280	2870
280	2872
1039	1038
2870	2871
2872	2873
281	2871
281	2875
281	2876
281	2878
2875	2874
2876	2877
2878	2879
282	2877
282	2881
282	2882
282	2884
2881	2880
2882	2883
2884	2885
283	1047
283	1051
283	2883
283	2887
1051	1050
2887	2886
284	1053
284	1057
284	2888
284	2890
1057	1056
2888	2889
2890	2891
285	1065
285	1069
285	2889
285	2893
1069	1068
2893	2892
286	1059
286	1063
286	2894
286	2896
1063	1062
2894	2895
2896	2897
287	2895
287	2899
287	2900
287	2902
2899	2898
2900	2901
2902	2903
288	2901
288	2905
288	2906
288	2908
2905	2904
2906	2907
2908	2909
289	1071
289	1075
289	2907
289	2911
1075	1074
2911	2910
290	1077
290	1081
290	2912
290	2914
1081	1080
2912	2913
2914	2915
291	1101
291	1105
291	2913
291	2917
1105	1104
2917	2916
292	1083
292	1087
292	2918
292	2920
1087	1086
2918	2919
2920	2921
293	2919
293	2923
293	2924
293	2926
2923	2922
2924	2925
2926	2927
294	2925
294	2929
294	2930
294	2932
2929	2928
2930	2931
2932	2933
295	1107
295	1111
295	2931
295	2935
1111	1110
2935	2934
296	1125
296	1129
296	2936
296	2938
1129	1128
2936	2937
2938	2939
297	1149
297	1153
297	2937
297	2941
1153	1152
2941	2940
298	1131
298	1135
298	2942
298	2944
1135	1134
2942	2943
2944	2945
299	2943
299	2947
299	2948
299	2950
2947	2946
2948	2949
2950	2951
300	2949
300	2953
300	2954
300	2956
2953	2952
2954	2955
2956	2957
301	1155
301	1159
301	2955
301	2959
1159	1158
2959	2958
302	1173
302	1177
302	2960
302	2962
1177	1176
2960	2961
2962	2963
303	1185
303	1189
303	2961
303	2965
1189	1188
2965	2964
304	1179
304	1183
304	2966
304	2968
1183	1182
2966	2967
2968	2969
305	2967
305	2971
305	2972
305	2974
2971	2970
2972	2973
2974	2975
306	2973
306	2977
306	2978
306	2980
2977	2976
2978	2979
2980	2981
307	1191
307	1195
307	2979
307	2983
1195	1194
2983	2982
308	1197
308	1201
308	2984
308	2986
1201	1200
2984	2985
2986	2987
309	1209
309	1213
309	2985
309	2989
1213	1212
2989	2988
310	1203
310	1207
310	2990
310	2992
1207	1206
2990	2991
2992	2993
311	2991
311	2995
311	2996
311	2998
2995	2994
2996	2997
2998	2999
312	2997
312	3001
312	3002
312	3004
3001	3000
3002	3003
3004	3005
313	1215
313	1219
313	3003
313	3007
1219	1218
3007	3006
314	1221
314	1225
314	3008
314	3010
1225	1224
3008	3009
3010	3011
315	1245
315	1249
315	3009
315	3013
1249	1248
3013	3012
316	1227
316	1231
316	3014
316	3016
1231	1230
3014	3015
3016	3017
317	3015
317	3019
317	3020
317	3022
3019	3018
3020	3021
3022	3023
318	3021
318	3025
318	3026
318	3028
3025	3024
3026	3027
3028	3029
319	1251
319	1255
319	3027
319	3031
1255	1254
3031	3030
320	1269
320	1273
320	3032
320	3034
1273	1272
3032	3033
3034	3035
321	1293
321	1297
321	3033
321	3037
1297	1296
3037	3036
322	1275
322	1279
322	3038
322	3040
1279	1278
3038	3039
3040	3041
323	3039
323	3043
323	3044
323	3046
3043	3042
3044	3045
3046	3047
324	3045
324	3049
324	3050
324	3052
3049	3048
3050	3051
3052	3053
325	1299
325	1303
325	3051
325	3055
1303	1302
3055	3054
326	1317
326	1321
326	3056
326	3058
1321	1320
3056	3057
3058	3059
327	1329
327	1333
327	3057
327	3061
1333	1332
3061	3060
328	1323
328	1327
328	3062
328	3064
1327	1326
3062	3063
3064	3065
329	3063
329	3067
329	3068
329	3070
3067	3066
3068	3069
3070	3071
330	3069
330	3073
330	3074
330	3076
3073	3072
3074	3075
3076	3077
331	1335
331	1339
331	3075
331	3079
1339	1338
3079	3078
332	1341
332	1345
332	3080
332	3082
1345	1344
3080	3081
3082	3083
333	1353
333	1357
333	3081
333	3085
1357	1356
3085	3084
334	1347
334	1351
334	3086
334	3088
1351	1350
3086	3087
3088	3089
335	3087
335	3091
335	3092
335	3094
3091	3090
3092	3093
3094	3095
336	3093
336	3097
336	3098
336	3100
3097	3096
3098	3099
3100	3101
337	1359
337	1363
337	3099
337	3103
1363	1362
3103	3102
338	1365
338	1369
338	3104
338	3106
1369	1368
3104	3105
3106	3107
339	1389
339	1393
339	3105
339	3109
1393	1392
3109	3108
340	1371
340	1375
340	3110
340	3112
1375	1374
3110	3111
3112	3113
341	3111
341	3115
341	3116
341	3118
3115	3114
3116	3117
3118	3119
342	3117
342	3121
342	3122
342	3124
3121	3120
3122	3123
3124	3125
343	1395
343	1399
343	3123
343	3127
1399	1398
3127	3126
344	1413
344	1417
344	3128
344	3130
1417	1416
3128	3129
3130	3131
345	1437
345	1441
345	3129
345	3133
1441	1440
3133	3132
346	1419
346	1423
346	3134
346	3136
1423	1422
3134	3135
3136	3137
347	3135
347	3139
347	3140
347	3142
3139	3138
3140	3141
3142	3143
348	3141
348	3145
348	3146
348	3148
3145	3144
3146	3147
3148	3149
349	1443
349	1447
349	3147
349	3151
1447	1446
3151	3150
350	1461
350	1465
350	3152
350	3154
1465	1464
3152	3153
3154	3155
351	1473
351	1477
351	3153
351	3157
1477	1476
3157	3156
352	1467
352	1471
352	3158
352	3160
1471	1470
3158	3159
3160	3161
353	3159
353	3163
353	3164
353	3166
3163	3162
3164	3165
3166	3167
354	3165
354	3169
354	3170
354	3172
3169	3168
3170	3171
3172	3173
355	1479
355	1483
355	3171
355	3175
1483	1482
3175	3174
356	1485
356	1489
356	3176
356	3178
1489	1488
3176	3177
3178	3179
357	1497
357	1501
357	3177
357	3181
1501	1500
3181	3180
358	1491
358	1495
358	3182
358	3184
1495	1494
3182	3183
3184	3185
359	3183
359	3187
359	3188
359	3190
3187	3186
3188	3189
3190	3191
360	3189
360	3193
360	3194
360	3196
3193	3192
3194	3195
3196	3197
361	1503
361	1507
361	3195
361	3199
1507	1506
3199	3198
362	1509
362	1513
362	3200
362	3202
1513	1512
3200	3201
3202	3203
363	1533
363	1537
363	3201
363	3205
1537	1536
3205	3204
364	1515
364	1519
364	3206
364	3208
1519	1518
3206	3207
3208	3209
365	3207
365	3211
365	3212
365	3214
3211	3210
3212	3213
3214	3215
366	3213
366	3217
366	3218
366	3220
3217	3216
3218	3219
3220	3221
367	1539
367	1543
367	3219
367	3223
1543	1542
3223	3222
368	1557
368	1561
368	3224
368	3226
1561	1560
3224	3225
3226	3227
369	1581
369	1585
369	3225
369	3229
1585	1584
3229	3228
370	1563
370	1567
370	3230
370	3232
1567	1566
3230	3231
3232	3233
371	3231
371	3235
371	3236
371	3238
3235	3234
3236	3237
3238	3239
372	3237
372	3241
372	3242
372	3244
3241	3240
3242	3243
3244	3245
373	1587
373	1591
373	3243
373	3247
1591	1590
3247	3246
374	1605
374	1609
374	3248
374	3250
1609	1608
3248	3249
3250	3251
375	1617
375	1621
375	3249
375	3253
1621	1620
3253	3252
376	1611
376	1615
376	3254
376	3256
1615	1614
3254	3255
3256	3257
377	3255
377	3259
377	3260
377	3262
3259	3258
3260	3261
3262	3263
378	3261
378	3265
378	3266
378	3268
3265	3264
3266	3267
3268	3269
379	1623
379	1627
379	3267
379	3271
1627	1626
3271	3270
380	1629
380	1633
380	3272
380	3274
1633	1632
3272	3273
3274	3275
381	1641
381	1645
381	3273
381	3277
1645	1644
3277	3276
382	1635
382	1639
382	3278
382	3280
1639	1638
3278	3279
3280	3281
383	3279
383	3283
383	3284
383	3286
3283	3282
3284	3285
3286	3287
384	3285
384	3289
384	3290
384	3292
3289	3288
3290	3291
3292	3293
385	1647
385	1651
385	3291
385	3295
1651	1650
3295	3294
386	1653
386	1657
386	3296
386	3298
1657	1656
3296	3297
3298	3299
387	1677
387	1681
387	3297
387	3301
1681	1680
3301	3300
388	1659
388	1663
388	3302
388	3304
1663	1662
3302	3303
3304	3305
389	3303
389	3307
389	3308
389	3310
3307	3306
3308	3309
3310	3311
390	3309
390	3313
390	3314
390	3316
3313	3312
3314	3315
3316	3317
391	1683
391	1687
391	3315
391	3319
1687	1686
3319	3318
392	1701
392	1705
392	3320
392	3322
1705	1704
3320	3321
3322	3323
393	1725
393	1729
393	3321
393	3325
1729	1728
3325	3324
394	1707
394	1711
394	3326
394	3328
1711	1710
3326	3327
3328	3329
395	3327
395	3331
395	3332
395	3334
3331	3330
3332	3333
3334	3335
396	3333
396	3337
396	3338
396	3340
3337	3336
3338	3339
3340	3341
397	1731
397	1735
397	3339
397	3343
1735	1734
3343	3342
398	1749
398	1753
398	3344
398	3346
1753	1752
3344	3345
3346	3347
399	1761
399	1765
399	3345
399	3349
1765	1764
3349	3348
400	1755
400	1759
400	3350
400	3352
1759	1758
3350	3351
3352	3353
401	3351
401	3355
401	3356
401	3358
3355	3354
3356	3357
3358	3359
402	3357
402	3361
402	3362
402	3364
3361	3360
3362	3363
3364	3365
403	1767
403	1771
403	3363
403	3367
1771	1770
3367	3366
404	1773
404	1777
404	3368
404	3370
1777	1776
3368	3369
3370	3371
405	1785
405	1789
405	3369
405	3373
1789	1788
3373	3372
406	1779
406	1783
406	3374
406	3376
1783	1782
3374	3375
3376	3377
407	3375
407	3379
407	3380
407	3382
3379	3378
3380	3381
3382	3383
408	3381
408	3385
408	3386
408	3388
3385	3384
3386	3387
3388	3389
409	1791
409	1795
409	3387
409	3391
1795	1794
3391	3390
410	1797
410	1801
410	3392
410	3394
1801	1800
3392	3393
3394	3395
411	1821
411	1825
411	3393
411	3397
1825	1824
3397	3396
412	1803
412	1807
412	3398
412	3400
1807	1806
3398	3399
3400	3401
413	3399
413	3403
413	3404
413	3406
3403	3402
3404	3405
3406	3407
414	3405
414	3409
414	3410
414	3412
3409	3408
3410	3411
3412	3413
415	1827
415	1831
415	3411
415	3415
1831	1830
3415	3414
416	1845
416	1849
416	3416
416	3418
1849	1848
3416	3417
3418	3419
417	1869
417	1873
417	3417
417	3421
1873	1872
3421	3420
418	1851
418	1855
418	3422
418	3424
1855	1854
3422	3423
3424	3425
419	3423
419	3427
419	3428
419	3430
3427	3426
3428	3429
3430	3431
420	3429
420	3433
420	3434
420	3436
3433	3432
3434	3435
3436	3437
421	1875
421	1879
421	3435
421	3439
1879	1878
3439	3438
422	1893
422	1897
422	3440
422	3442
1897	1896
3440	3441
3442	3443
423	1905
423	1909
423	3441
423	3445
1909	1908
3445	3444
424	1899
424	1903
424	3446
424	3448
1903	1902
3446	3447
3448	3449
425	3447
425	3451
425	3452
425	3454
3451	3450
3452	3453
3454	3455
426	3453
426	3457
426	3458
426	3460
3457	3456
3458	3459
3460	3461
427	1911
427	1915
427	3459
427	3463
1915	1914
3463	3462
428	1917
428	1921
428	3464
428	3466
1921	1920
3464	3465
3466	3467
429	1929
429	1933
429	3465
429	3469
1933	1932
3469	3468
430	1923
430	1927
430	3470
430	3472
1927	1926
3470	3471
3472	3473
431	3471
431	3475
431	3476
431	3478
3475	3474
3476	3477
3478	3479
432	3477
432	3481
432	3482
432	3484
3481	3480
3482	3483
3484	3485
433	1935
433	1939
433	3483
433	3487
1939	1938
3487	3486
434	1941
434	1945
434	3488
434	3490
1945	1944
3488	3489
3490	3491
435	1965
435	1969
435	3489
435	3493
1969	1968
3493	3492
436	1947
436	1951
436	3494
436	3496
1951	1950
3494	3495
3496	3497
437	3495
437	3499
437	3500
437	3502
3499	3498
3500	3501
3502	3503
438	3501
438	3505
438	3506
438	3508
3505	3504
3506	3507
3508	3509
439	1971
439	1975
439	3507
439	3511
1975	1974
3511	3510
443	444
449	450
455	456
461	462
467	468
473	474
479	480
485	486
491	492
497	498
503	504
509	510
515	516
521	522
527	528
533	534
539	540
545	546
551	552
557	558
563	564
569	570
575	576
581	582
587	588
593	594
599	600
605	606
611	612
617	618
623	624
629	630
635	636
641	642
647	648
653	654
659	660
665	666
671	672
677	678
683	684
689	690
695	696
701	702
707	708
713	714
719	720
725	726
731	732
737	738
743	744
749	750
755	756
761	762
767	768
773	774
779	780
785	786
791	792
797	798
803	804
809	810
815	816
821	822
827	828
833	834
839	840
845	846
851	852
857	858
863	864
869	870
875	876
881	882
887	888
893	894
899	900
905	906
911	912
917	918
923	924
929	930
935	936
941	942
947	948
953	954
959	960
965	966
971	972
977	978
983	984
989	990
995	996
1001	1002
1007	1008
1013	1014
1019	1020
1025	1026
1031	1032
1037	1038
1043	1044
1049	1050
1055	1056
1061	1062
1067	1068
1073	1074
1079	1080
1085	1086
1091	1092
1097	1098
1103	1104
1109	1110
1115	1116
1121	1122
1127	1128
1133	1134
1139	1140
1145	1146
1151	1152
1157	1158
1163	1164
1169	1170
1175	1176
1181	1182
1187	1188
1193	1194
1199	1200
1205	1206
1211	1212
1217	1218
1223	1224
1229	1230
1235	1236
1241	1242
1247	1248
1253	1254
1259	1260
1265	1266
1271	1272
1277	1278
1283	1284
1289	1290
1295	1296
1301	1302
1307	1308
1313	1314
1319	1320
1325	1326
1331	1332
1337	1338
1343	1344
1349	1350
1355	1356
1361	1362
1367	1368
1373	1374
1379	1380
1385	1386
1391	1392
1397	1398
1403	1404
1409	1410
1415	1416
1421	1422
1427	1428
1433	1434
1439	1440
1445	1446
1451	1452
1457	1458
1463	1464
1469	1470
1475	1476
1481	1482
1487	1488
1493	1494
1499	1500
1505	1506
1511	1512
1517	1518
1523	1524
1529	1530
1535	1536
1541	1542
1547	1548
1553	1554
1559	1560
1565	1566
1571	1572
1577	1578
1583	1584
1589	1590
1595	1596
1601	1602
1607	1608
1613	1614
1619	1620
1625	1626
1631	1632
1637	1638
1643	1644
1649	1650
1655	1656
1661	1662
1667	1668
1673	1674
1679	1680
1685	1686
1691	1692
1697	1698
1703	1704
1709	1710
1715	1716
1721	1722
1727	1728
1733	1734
1739	1740
1745	1746
1751	1752
1757	1758
1763	1764
1769	1770
1775	1776
1781	1782
1787	1788
1793	1794
1799	1800
1805	1806
1811	1812
1817	1818
1823	1824
1829	1830
1835	1836
1841	1842
1847	1848
1853	1854
1859	1860
1865	1866
1871	1872
1877	1878
1883	1884
1889	1890
1895	1896
1901	1902
1907	1908
1913	1914
1919	1920
1925	1926
1931	1932
1937	1938
1943	1944
1949	1950
1955	1956
1961	1962
1967	1968
1973	1974
1979	1980
1985	1986
1991	1992
1997	1998
2003	2004
2009	2010
2015	2016
2021	2022
2027	2028
2033	2034
2039	2040
2045	2046
2051	2052
2057	2058
2063	2064
2069	2070
2075	2076
2081	2082
2087	2088
2093	2094
2099	2100
2105	2106
2111	2112
2117	2118
2123	2124
2129	2130
2135	2136
2141	2142
2147	2148
2153	2154
2159	2160
2165	2166
2171	2172
2177	2178
2183	2184
2189	2190
2195	2196
2201	2202
2207	2208
2213	2214
2219	2220
2225	2226
2231	2232
2237	2238
2243	2244
2249	2250
2255	2256
2261	2262
2267	2268
2273	2274
2279	2280
2285	2286
2291	2292
2297	2298
2303	2304
2309	2310
2315	2316
2321	2322
2327	2328
2333	2334
2339	2340
2345	2346
2351	2352
2357	2358
2363	2364
2369	2370
2375	2376
2381	2382
2387	2388
2393	2394
2399	2400
2405	2406
2411	2412
2417	2418
2423	2424
2429	2430
2435	2436
2441	2442
2447	2448
2453	2454
2459	2460
2465	2466
2471	2472
2477	2478
2483	2484
2489	2490
2495	2496
2501	2502
2507	2508
2513	2514
2519	2520
2525	2526
2531	2532
2537	2538
2543	2544
2549	2550
2555	2556
2561	2562
2567	2568
2573	2574
2579	2580
2585	2586
2591	2592
2597	2598
2603	2604
2609	2610
2615	2616
2621	2622
2627	2628
2633	2634
2639	2640
2645	2646
2651	2652
2657	2658
2663	2664
2669	2670
2675	2676
2681	2682
2687	2688
2693	2694
2699	2700
2705	2706
2711	2712
2717	2718
2723	2724
2729	2730
2735	2736
2741	2742
2747	2748
2753	2754
2759	2760
2765	2766
2771	2772
2777	2778
2783	2784
2789	2790
2795	2796
2801	2802
2807	2808
2813	2814
2819	2820
2825	2826
2831	2832
2837	2838
2843	2844
2849	2850
2855	2856
2861	2862
2867	2868
2873	2874
2879	2880
2885	2886
2891	2892
2897	2898
2903	2904
2909	2910
2915	2916
2921	2922
2927	2928
2933	2934
2939	2940
2945	2946
2951	2952
2957	2958
2963	2964
2969	2970
2975	2976
2981	2982
2987	2988
2993	2994
2999	3000
3005	3006
3011	3012
3017	3018
3023	3024
3029	3030
3035	3036
3041	3042
3047	3048
3053	3054
3059	3060
3065	3066
3071	3072
3077	3078
3083	3084
3089	3090
3095	3096
3101	3102
3107	3108
3113	3114
3119	3120
3125	3126
3131	3132
3137	3138
3143	3144
3149	3150
3155	3156
3161	3162
3167	3168
3173	3174
3179	3180
3185	3186
3191	3192
3197	3198
3203	3204
3209	3210
3215	3216
3221	3222
3227	3228
3233	3234
3239	3240
3245	3246
3251	3252
3257	3258
3263	3264
3269	3270
3275	3276
3281	3282
3287	3288
3293	3294
3299	3300
3305	3306
3311	3312
3317	3318
3323	3324
3329	3330
3335	3336
3341	3342
3347	3348
3353	3354
3359	3360
3365	3366
3371	3372
3377	3378
3383	3384
3389	3390
3395	3396
3401	3402
3407	3408
3413	3414
3419	3420
3425	3426
3431	3432
3437	3438
3443	3444
3449	3450
3455	3456
3461	3462
3467	3468
3473	3474
3479	3480
3485	3486
3491	3492
3497	3498
3503	3504
3509	3510
