0	1
0	440
0	56
0	446
0	8
0	452
0	62
0	458
0	7
0	464
0	68
0	470
0	14
0	476
0	74
0	482
1	445
1	61
1	488
1	13
1	494
1	80
1	500
1	2
1	506
1	86
1	512
1	20
1	518
1	92
1	524
440	441
56	451
56	57
56	1592
446	447
8	457
8	67
8	776
8	9
8	782
8	200
8	788
452	453
62	463
62	63
62	1622
458	459
7	6
7	469
7	721
7	73
7	740
7	181
7	746
7	19
7	752
7	188
7	758
7	55
7	764
7	194
7	770
464	465
68	475
68	69
68	1652
470	471
14	481
14	79
14	878
14	15
14	884
14	230
14	890
476	477
74	487
74	75
74	1682
482	483
445	444
61	60
61	493
61	1621
488	489
13	12
13	499
13	859
13	85
13	866
13	229
13	872
494	495
80	505
80	81
80	1712
500	501
2	511
2	91
2	530
2	25
2	536
2	98
2	542
2	3
2	548
2	104
2	554
2	26
2	560
2	110
2	566
506	507
86	517
86	87
86	1742
512	513
20	523
20	97
20	980
20	21
20	986
20	260
20	992
518	519
92	529
92	93
92	1772
524	525
511	510
91	90
91	535
91	1771
530	531
25	24
25	541
25	1063
25	103
25	1070
25	289
25	1076
536	537
98	547
98	99
98	1802
542	543
3	553
3	109
3	572
3	31
3	578
3	116
3	584
3	4
3	590
3	122
3	596
3	32
3	602
3	128
3	608
548	549
104	559
104	105
104	1832
554	555
26	565
26	115
26	1082
26	27
26	1088
26	290
26	1094
560	561
110	571
110	111
110	1862
566	567
553	552
109	108
109	577
109	1861
572	573
31	30
31	583
31	1165
31	121
31	1172
31	319
31	1178
578	579
116	589
116	117
116	1892
584	585
4	595
4	127
4	614
4	37
4	620
4	134
4	626
4	5
4	632
4	140
4	638
4	38
4	644
4	146
4	650
590	591
122	601
122	123
122	1922
596	597
32	607
32	133
32	1184
32	33
32	1190
32	320
32	1196
602	603
128	613
128	129
128	1952
608	609
595	594
127	126
127	619
127	1951
614	615
37	36
37	625
37	1267
37	139
37	1274
37	349
37	1280
620	621
134	631
134	135
134	1982
626	627
5	637
5	145
5	656
5	43
5	662
5	152
5	668
5	6
5	674
5	158
5	680
5	44
5	686
5	164
5	692
632	633
140	643
140	141
140	2012
638	639
38	649
38	151
38	1286
38	39
38	1292
38	350
38	1298
644	645
146	655
146	147
146	2042
650	651
637	636
145	144
145	661
145	2041
656	657
43	42
43	667
43	1369
43	157
43	1376
43	379
43	1382
662	663
152	673
152	153
152	2072
668	669
6	679
6	163
6	698
6	49
6	704
6	170
6	710
6	716
6	176
6	722
6	50
6	728
6	182
6	734
674	675
158	685
158	159
158	2102
680	681
44	691
44	169
44	1388
44	45
44	1394
44	380
44	1400
686	687
164	697
164	165
164	2132
692	693
679	678
163	162
163	703
163	2131
698	699
49	48
49	709
49	1471
49	175
49	1478
49	409
49	1484
704	705
170	715
170	171
170	2162
710	711
716	717
176	727
176	177
176	2192
722	723
50	733
50	187
50	1490
50	51
50	1496
50	410
50	1502
728	729
182	739
182	183
182	2222
734	735
469	468
721	720
73	72
73	745
73	1681
740	741
181	180
181	751
181	2221
746	747
19	18
19	757
19	961
19	193
19	968
19	259
19	974
752	753
188	763
188	189
188	2252
758	759
55	54
55	769
55	1573
55	199
55	1580
55	439
55	1586
764	765
194	775
194	195
194	2282
770	771
457	456
67	66
67	781
67	1651
776	777
9	787
9	205
9	794
9	10
9	800
9	206
9	806
782	783
200	793
200	201
200	2312
788	789
787	786
205	204
205	799
205	2341
794	795
10	805
10	211
10	812
10	11
10	818
10	212
10	824
800	801
206	811
206	207
206	2342
806	807
805	804
211	210
211	817
211	2371
812	813
11	823
11	217
11	830
11	12
11	836
11	218
11	842
818	819
212	829
212	213
212	2372
824	825
823	822
217	216
217	835
217	2401
830	831
12	841
12	223
12	848
12	854
12	224
12	860
836	837
218	847
218	219
218	2402
842	843
841	840
223	222
223	853
223	2431
848	849
854	855
224	865
224	225
224	2432
860	861
499	498
859	858
85	84
85	871
85	1741
866	867
229	228
229	877
229	2461
872	873
481	480
79	78
79	883
79	1711
878	879
15	889
15	235
15	896
15	16
15	902
15	236
15	908
884	885
230	895
230	231
230	2462
890	891
889	888
235	234
235	901
235	2491
896	897
16	907
16	241
16	914
16	17
16	920
16	242
16	926
902	903
236	913
236	237
236	2492
908	909
907	906
241	240
241	919
241	2521
914	915
17	925
17	247
17	932
17	18
17	938
17	248
17	944
920	921
242	931
242	243
242	2522
926	927
925	924
247	246
247	937
247	2551
932	933
18	943
18	253
18	950
18	956
18	254
18	962
938	939
248	949
248	249
248	2552
944	945
943	942
253	252
253	955
253	2581
950	951
956	957
254	967
254	255
254	2582
962	963
757	756
961	960
193	192
193	973
193	2281
968	969
259	258
259	979
259	2611
974	975
523	522
97	96
97	985
97	1801
980	981
21	991
21	265
21	998
21	22
21	1004
21	266
21	1010
986	987
260	997
260	261
260	2612
992	993
991	990
265	264
265	1003
265	2641
998	999
22	1009
22	271
22	1016
22	23
22	1022
22	272
22	1028
1004	1005
266	1015
266	267
266	2642
1010	1011
1009	1008
271	270
271	1021
271	2671
1016	1017
23	1027
23	277
23	1034
23	24
23	1040
23	278
23	1046
1022	1023
272	1033
272	273
272	2672
1028	1029
1027	1026
277	276
277	1039
277	2701
1034	1035
24	1045
24	283
24	1052
24	1058
24	284
24	1064
1040	1041
278	1051
278	279
278	2702
1046	1047
1045	1044
283	282
283	1057
283	2731
1052	1053
1058	1059
284	1069
284	285
284	2732
1064	1065
541	540
1063	1062
103	102
103	1075
103	1831
1070	1071
289	288
289	1081
289	2761
1076	1077
565	564
115	114
115	1087
115	1891
1082	1083
27	1093
27	295
27	1100
27	28
27	1106
27	296
27	1112
1088	1089
290	1099
290	291
290	2762
1094	1095
1093	1092
295	294
295	1105
295	2791
1100	1101
28	1111
28	301
28	1118
28	29
28	1124
28	302
28	1130
1106	1107
296	1117
296	297
296	2792
1112	1113
1111	1110
301	300
301	1123
301	2821
1118	1119
29	1129
29	307
29	1136
29	30
29	1142
29	308
29	1148
1124	1125
302	1135
302	303
302	2822
1130	1131
1129	1128
307	306
307	1141
307	2851
1136	1137
30	1147
30	313
30	1154
30	1160
30	314
30	1166
1142	1143
308	1153
308	309
308	2852
1148	1149
1147	1146
313	312
313	1159
313	2881
1154	1155
1160	1161
314	1171
314	315
314	2882
1166	1167
583	582
1165	1164
121	120
121	1177
121	1921
1172	1173
319	318
319	1183
319	2911
1178	1179
607	606
133	132
133	1189
133	1981
1184	1185
33	1195
33	325
33	1202
33	34
33	1208
33	326
33	1214
1190	1191
320	1201
320	321
320	2912
1196	1197
1195	1194
325	324
325	1207
325	2941
1202	1203
34	1213
34	331
34	1220
34	35
34	1226
34	332
34	1232
1208	1209
326	1219
326	327
326	2942
1214	1215
1213	1212
331	330
331	1225
331	2971
1220	1221
35	1231
35	337
35	1238
35	36
35	1244
35	338
35	1250
1226	1227
332	1237
332	333
332	2972
1232	1233
1231	1230
337	336
337	1243
337	3001
1238	1239
36	1249
36	343
36	1256
36	1262
36	344
36	1268
1244	1245
338	1255
338	339
338	3002
1250	1251
1249	1248
343	342
343	1261
343	3031
1256	1257
1262	1263
344	1273
344	345
344	3032
1268	1269
625	624
1267	1266
139	138
139	1279
139	2011
1274	1275
349	348
349	1285
349	3061
1280	1281
649	648
151	150
151	1291
151	2071
1286	1287
39	1297
39	355
39	1304
39	40
39	1310
39	356
39	1316
1292	1293
350	1303
350	351
350	3062
1298	1299
1297	1296
355	354
355	1309
355	3091
1304	1305
40	1315
40	361
40	1322
40	41
40	1328
40	362
40	1334
1310	1311
356	1321
356	357
356	3092
1316	1317
1315	1314
361	360
361	1327
361	3121
1322	1323
41	1333
41	367
41	1340
41	42
41	1346
41	368
41	1352
1328	1329
362	1339
362	363
362	3122
1334	1335
1333	1332
367	366
367	1345
367	3151
1340	1341
42	1351
42	373
42	1358
42	1364
42	374
42	1370
1346	1347
368	1357
368	369
368	3152
1352	1353
1351	1350
373	372
373	1363
373	3181
1358	1359
1364	1365
374	1375
374	375
374	3182
1370	1371
667	666
1369	1368
157	156
157	1381
157	2101
1376	1377
379	378
379	1387
379	3211
1382	1383
691	690
169	168
169	1393
169	2161
1388	1389
45	1399
45	385
45	1406
45	46
45	1412
45	386
45	1418
1394	1395
380	1405
380	381
380	3212
1400	1401
1399	1398
385	384
385	1411
385	3241
1406	1407
46	1417
46	391
46	1424
46	47
46	1430
46	392
46	1436
1412	1413
386	1423
386	387
386	3242
1418	1419
1417	1416
391	390
391	1429
391	3271
1424	1425
47	1435
47	397
47	1442
47	48
47	1448
47	398
47	1454
1430	1431
392	1441
392	393
392	3272
1436	1437
1435	1434
397	396
397	1447
397	3301
1442	1443
48	1453
48	403
48	1460
48	1466
48	404
48	1472
1448	1449
398	1459
398	399
398	3302
1454	1455
1453	1452
403	402
403	1465
403	3331
1460	1461
1466	1467
404	1477
404	405
404	3332
1472	1473
709	708
1471	1470
175	174
175	1483
175	2191
1478	1479
409	408
409	1489
409	3361
1484	1485
733	732
187	186
187	1495
187	2251
1490	1491
51	1501
51	415
51	1508
51	52
51	1514
51	416
51	1520
1496	1497
410	1507
410	411
410	3362
1502	1503
1501	1500
415	414
415	1513
415	3391
1508	1509
52	1519
52	421
52	1526
52	53
52	1532
52	422
52	1538
1514	1515
416	1525
416	417
416	3392
1520	1521
1519	1518
421	420
421	1531
421	3421
1526	1527
53	1537
53	427
53	1544
53	54
53	1550
53	428
53	1556
1532	1533
422	1543
422	423
422	3422
1538	1539
1537	1536
427	426
427	1549
427	3451
1544	1545
54	1555
54	433
54	1562
54	1568
54	434
54	1574
1550	1551
428	1561
428	429
428	3452
1556	1557
1555	1554
433	432
433	1567
433	3481
1562	1563
1568	1569
434	1579
434	435
434	3482
1574	1575
769	768
1573	1572
199	198
199	1585
199	2311
1580	1581
439	438
439	1591
439	3511
1586	1587
451	450
57	1597
57	58
57	1598
1592	1593
1597	1596
58	1603
58	59
58	1604
1598	1599
1603	1602
59	1609
59	60
59	1610
1604	1605
1609	1608
60	1615
60	1616
1610	1611
1615	1614
1616	1617
493	492
1621	1620
463	462
63	1627
63	64
63	1628
1622	1623
1627	1626
64	1633
64	65
64	1634
1628	1629
1633	1632
65	1639
65	66
65	1640
1634	1635
1639	1638
66	1645
66	1646
1640	1641
1645	1644
1646	1647
781	780
1651	1650
475	474
69	1657
69	70
69	1658
1652	1653
1657	1656
70	1663
70	71
70	1664
1658	1659
1663	1662
71	1669
71	72
71	1670
1664	1665
1669	1668
72	1675
72	1676
1670	1671
1675	1674
1676	1677
745	744
1681	1680
487	486
75	1687
75	76
75	1688
1682	1683
1687	1686
76	1693
76	77
76	1694
1688	1689
1693	1692
77	1699
77	78
77	1700
1694	1695
1699	1698
78	1705
78	1706
1700	1701
1705	1704
1706	1707
883	882
1711	1710
505	504
81	1717
81	82
81	1718
1712	1713
1717	1716
82	1723
82	83
82	1724
1718	1719
1723	1722
83	1729
83	84
83	1730
1724	1725
1729	1728
84	1735
84	1736
1730	1731
1735	1734
1736	1737
871	870
1741	1740
517	516
87	1747
87	88
87	1748
1742	1743
1747	1746
88	1753
88	89
88	1754
1748	1749
1753	1752
89	1759
89	90
89	1760
1754	1755
1759	1758
90	1765
90	1766
1760	1761
1765	1764
1766	1767
535	534
1771	1770
529	528
93	1777
93	94
93	1778
1772	1773
1777	1776
94	1783
94	95
94	1784
1778	1779
1783	1782
95	1789
95	96
95	1790
1784	1785
1789	1788
96	1795
96	1796
1790	1791
1795	1794
1796	1797
985	984
1801	1800
547	546
99	1807
99	100
99	1808
1802	1803
1807	1806
100	1813
100	101
100	1814
1808	1809
1813	1812
101	1819
101	102
101	1820
1814	1815
1819	1818
102	1825
102	1826
1820	1821
1825	1824
1826	1827
1075	1074
1831	1830
559	558
105	1837
105	106
105	1838
1832	1833
1837	1836
106	1843
106	107
106	1844
1838	1839
1843	1842
107	1849
107	108
107	1850
1844	1845
1849	1848
108	1855
108	1856
1850	1851
1855	1854
1856	1857
577	576
1861	1860
571	570
111	1867
111	112
111	1868
1862	1863
1867	1866
112	1873
112	113
112	1874
1868	1869
1873	1872
113	1879
113	114
113	1880
1874	1875
1879	1878
114	1885
114	1886
1880	1881
1885	1884
1886	1887
1087	1086
1891	1890
589	588
117	1897
117	118
117	1898
1892	1893
1897	1896
118	1903
118	119
118	1904
1898	1899
1903	1902
119	1909
119	120
119	1910
1904	1905
1909	1908
120	1915
120	1916
1910	1911
1915	1914
1916	1917
1177	1176
1921	1920
601	600
123	1927
123	124
123	1928
1922	1923
1927	1926
124	1933
124	125
124	1934
1928	1929
1933	1932
125	1939
125	126
125	1940
1934	1935
1939	1938
126	1945
126	1946
1940	1941
1945	1944
1946	1947
619	618
1951	1950
613	612
129	1957
129	130
129	1958
1952	1953
1957	1956
130	1963
130	131
130	1964
1958	1959
1963	1962
131	1969
131	132
131	1970
1964	1965
1969	1968
132	1975
132	1976
1970	1971
1975	1974
1976	1977
1189	1188
1981	1980
631	630
135	1987
135	136
135	1988
1982	1983
1987	1986
136	1993
136	137
136	1994
1988	1989
1993	1992
137	1999
137	138
137	2000
1994	1995
1999	1998
138	2005
138	2006
2000	2001
2005	2004
2006	2007
1279	1278
2011	2010
643	642
141	2017
141	142
141	2018
2012	2013
2017	2016
142	2023
142	143
142	2024
2018	2019
2023	2022
143	2029
143	144
143	2030
2024	2025
2029	2028
144	2035
144	2036
2030	2031
2035	2034
2036	2037
661	660
2041	2040
655	654
147	2047
147	148
147	2048
2042	2043
2047	2046
148	2053
148	149
148	2054
2048	2049
2053	2052
149	2059
149	150
149	2060
2054	2055
2059	2058
150	2065
150	2066
2060	2061
2065	2064
2066	2067
1291	1290
2071	2070
673	672
153	2077
153	154
153	2078
2072	2073
2077	2076
154	2083
154	155
154	2084
2078	2079
2083	2082
155	2089
155	156
155	2090
2084	2085
2089	2088
156	2095
156	2096
2090	2091
2095	2094
2096	2097
1381	1380
2101	2100
685	684
159	2107
159	160
159	2108
2102	2103
2107	2106
160	2113
160	161
160	2114
2108	2109
2113	2112
161	2119
161	162
161	2120
2114	2115
2119	2118
162	2125
162	2126
2120	2121
2125	2124
2126	2127
703	702
2131	2130
697	696
165	2137
165	166
165	2138
2132	2133
2137	2136
166	2143
166	167
166	2144
2138	2139
2143	2142
167	2149
167	168
167	2150
2144	2145
2149	2148
168	2155
168	2156
2150	2151
2155	2154
2156	2157
1393	1392
2161	2160
715	714
171	2167
171	172
171	2168
2162	2163
2167	2166
172	2173
172	173
172	2174
2168	2169
2173	2172
173	2179
173	174
173	2180
2174	2175
2179	2178
174	2185
174	2186
2180	2181
2185	2184
2186	2187
1483	1482
2191	2190
727	726
177	2197
177	178
177	2198
2192	2193
2197	2196
178	2203
178	179
178	2204
2198	2199
2203	2202
179	2209
179	180
179	2210
2204	2205
2209	2208
180	2215
180	2216
2210	2211
2215	2214
2216	2217
751	750
2221	2220
739	738
183	2227
183	184
183	2228
2222	2223
2227	2226
184	2233
184	185
184	2234
2228	2229
2233	2232
185	2239
185	186
185	2240
2234	2235
2239	2238
186	2245
186	2246
2240	2241
2245	2244
2246	2247
1495	1494
2251	2250
763	762
189	2257
189	190
189	2258
2252	2253
2257	2256
190	2263
190	191
190	2264
2258	2259
2263	2262
191	2269
191	192
191	2270
2264	2265
2269	2268
192	2275
192	2276
2270	2271
2275	2274
2276	2277
973	972
2281	2280
775	774
195	2287
195	196
195	2288
2282	2283
2287	2286
196	2293
196	197
196	2294
2288	2289
2293	2292
197	2299
197	198
197	2300
2294	2295
2299	2298
198	2305
198	2306
2300	2301
2305	2304
2306	2307
1585	1584
2311	2310
793	792
201	2317
201	202
201	2318
2312	2313
2317	2316
202	2323
202	203
202	2324
2318	2319
2323	2322
203	2329
203	204
203	2330
2324	2325
2329	2328
204	2335
204	2336
2330	2331
2335	2334
2336	2337
799	798
2341	2340
811	810
207	2347
207	208
207	2348
2342	2343
2347	2346
208	2353
208	209
208	2354
2348	2349
2353	2352
209	2359
209	210
209	2360
2354	2355
2359	2358
210	2365
210	2366
2360	2361
2365	2364
2366	2367
817	816
2371	2370
829	828
213	2377
213	214
213	2378
2372	2373
2377	2376
214	2383
214	215
214	2384
2378	2379
2383	2382
215	2389
215	216
215	2390
2384	2385
2389	2388
216	2395
216	2396
2390	2391
2395	2394
2396	2397
835	834
2401	2400
847	846
219	2407
219	220
219	2408
2402	2403
2407	2406
220	2413
220	221
220	2414
2408	2409
2413	2412
221	2419
221	222
221	2420
2414	2415
2419	2418
222	2425
222	2426
2420	2421
2425	2424
2426	2427
853	852
2431	2430
865	864
225	2437
225	226
225	2438
2432	2433
2437	2436
226	2443
226	227
226	2444
2438	2439
2443	2442
227	2449
227	228
227	2450
2444	2445
2449	2448
228	2455
228	2456
2450	2451
2455	2454
2456	2457
877	876
2461	2460
895	894
231	2467
231	232
231	2468
2462	2463
2467	2466
232	2473
232	233
232	2474
2468	2469
2473	2472
233	2479
233	234
233	2480
2474	2475
2479	2478
234	2485
234	2486
2480	2481
2485	2484
2486	2487
901	900
2491	2490
913	912
237	2497
237	238
237	2498
2492	2493
2497	2496
238	2503
238	239
238	2504
2498	2499
2503	2502
239	2509
239	240
239	2510
2504	2505
2509	2508
240	2515
240	2516
2510	2511
2515	2514
2516	2517
919	918
2521	2520
931	930
243	2527
243	244
243	2528
2522	2523
2527	2526
244	2533
244	245
244	2534
2528	2529
2533	2532
245	2539
245	246
245	2540
2534	2535
2539	2538
246	2545
246	2546
2540	2541
2545	2544
2546	2547
937	936
2551	2550
949	948
249	2557
249	250
249	2558
2552	2553
2557	2556
250	2563
250	251
250	2564
2558	2559
2563	2562
251	2569
251	252
251	2570
2564	2565
2569	2568
252	2575
252	2576
2570	2571
2575	2574
2576	2577
955	954
2581	2580
967	966
255	2587
255	256
255	2588
2582	2583
2587	2586
256	2593
256	257
256	2594
2588	2589
2593	2592
257	2599
257	258
257	2600
2594	2595
2599	2598
258	2605
258	2606
2600	2601
2605	2604
2606	2607
979	978
2611	2610
997	996
261	2617
261	262
261	2618
2612	2613
2617	2616
262	2623
262	263
262	2624
2618	2619
2623	2622
263	2629
263	264
263	2630
2624	2625
2629	2628
264	2635
264	2636
2630	2631
2635	2634
2636	2637
1003	1002
2641	2640
1015	1014
267	2647
267	268
267	2648
2642	2643
2647	2646
268	2653
268	269
268	2654
2648	2649
2653	2652
269	2659
269	270
269	2660
2654	2655
2659	2658
270	2665
270	2666
2660	2661
2665	2664
2666	2667
1021	1020
2671	2670
1033	1032
273	2677
273	274
273	2678
2672	2673
2677	2676
274	2683
274	275
274	2684
2678	2679
2683	2682
275	2689
275	276
275	2690
2684	2685
2689	2688
276	2695
276	2696
2690	2691
2695	2694
2696	2697
1039	1038
2701	2700
1051	1050
279	2707
279	280
279	2708
2702	2703
2707	2706
280	2713
280	281
280	2714
2708	2709
2713	2712
281	2719
281	282
281	2720
2714	2715
2719	2718
282	2725
282	2726
2720	2721
2725	2724
2726	2727
1057	1056
2731	2730
1069	1068
285	2737
285	286
285	2738
2732	2733
2737	2736
286	2743
286	287
286	2744
2738	2739
2743	2742
287	2749
287	288
287	2750
2744	2745
2749	2748
288	2755
288	2756
2750	2751
2755	2754
2756	2757
1081	1080
2761	2760
1099	1098
291	2767
291	292
291	2768
2762	2763
2767	2766
292	2773
292	293
292	2774
2768	2769
2773	2772
293	2779
293	294
293	2780
2774	2775
2779	2778
294	2785
294	2786
2780	2781
2785	2784
2786	2787
1105	1104
2791	2790
1117	1116
297	2797
297	298
297	2798
2792	2793
2797	2796
298	2803
298	299
298	2804
2798	2799
2803	2802
299	2809
299	300
299	2810
2804	2805
2809	2808
300	2815
300	2816
2810	2811
2815	2814
2816	2817
1123	1122
2821	2820
1135	1134
303	2827
303	304
303	2828
2822	2823
2827	2826
304	2833
304	305
304	2834
2828	2829
2833	2832
305	2839
305	306
305	2840
2834	2835
2839	2838
306	2845
306	2846
2840	2841
2845	2844
2846	2847
1141	1140
2851	2850
1153	1152
309	2857
309	310
309	2858
2852	2853
2857	2856
310	2863
310	311
310	2864
2858	2859
2863	2862
311	2869
311	312
311	2870
2864	2865
2869	2868
312	2875
312	2876
2870	2871
2875	2874
2876	2877
1159	1158
2881	2880
1171	1170
315	2887
315	316
315	2888
2882	2883
2887	2886
316	2893
316	317
316	2894
2888	2889
2893	2892
317	2899
317	318
317	2900
2894	2895
2899	2898
318	2905
318	2906
2900	2901
2905	2904
2906	2907
1183	1182
2911	2910
1201	1200
321	2917
321	322
321	2918
2912	2913
2917	2916
322	2923
322	323
322	2924
2918	2919
2923	2922
323	2929
323	324
323	2930
2924	2925
2929	2928
324	2935
324	2936
2930	2931
2935	2934
2936	2937
1207	1206
2941	2940
1219	1218
327	2947
327	328
327	2948
2942	2943
2947	2946
328	2953
328	329
328	2954
2948	2949
2953	2952
329	2959
329	330
329	2960
2954	2955
2959	2958
330	2965
330	2966
2960	2961
2965	2964
2966	2967
1225	1224
2971	2970
1237	1236
333	2977
333	334
333	2978
2972	2973
2977	2976
334	2983
334	335
334	2984
2978	2979
2983	2982
335	2989
335	336
335	2990
2984	2985
2989	2988
336	2995
336	2996
2990	2991
2995	2994
2996	2997
1243	1242
3001	3000
1255	1254
339	3007
339	340
339	3008
3002	3003
3007	3006
340	3013
340	341
340	3014
3008	3009
3013	3012
341	3019
341	342
341	3020
3014	3015
3019	3018
342	3025
342	3026
3020	3021
3025	3024
3026	3027
1261	1260
3031	3030
1273	1272
345	3037
345	346
345	3038
3032	3033
3037	3036
346	3043
346	347
346	3044
3038	3039
3043	3042
347	3049
347	348
347	3050
3044	3045
3049	3048
348	3055
348	3056
3050	3051
3055	3054
3056	3057
1285	1284
3061	3060
1303	1302
351	3067
351	352
351	3068
3062	3063
3067	3066
352	3073
352	353
352	3074
3068	3069
3073	3072
353	3079
353	354
353	3080
3074	3075
3079	3078
354	3085
354	3086
3080	3081
3085	3084
3086	3087
1309	1308
3091	3090
1321	1320
357	3097
357	358
357	3098
3092	3093
3097	3096
358	3103
358	359
358	3104
3098	3099
3103	3102
359	3109
359	360
359	3110
3104	3105
3109	3108
360	3115
360	3116
3110	3111
3115	3114
3116	3117
1327	1326
3121	3120
1339	1338
363	3127
363	364
363	3128
3122	3123
3127	3126
364	3133
364	365
364	3134
3128	3129
3133	3132
365	3139
365	366
365	3140
3134	3135
3139	3138
366	3145
366	3146
3140	3141
3145	3144
3146	3147
1345	1344
3151	3150
1357	1356
369	3157
369	370
369	3158
3152	3153
3157	3156
370	3163
370	371
370	3164
3158	3159
3163	3162
371	3169
371	372
371	3170
3164	3165
3169	3168
372	3175
372	3176
3170	3171
3175	3174
3176	3177
1363	1362
3181	3180
1375	1374
375	3187
375	376
375	3188
3182	3183
3187	3186
376	3193
376	377
376	3194
3188	3189
3193	3192
377	3199
377	378
377	3200
3194	3195
3199	3198
378	3205
378	3206
3200	3201
3205	3204
3206	3207
1387	1386
3211	3210
1405	1404
381	3217
381	382
381	3218
3212	3213
3217	3216
382	3223
382	383
382	3224
3218	3219
3223	3222
383	3229
383	384
383	3230
3224	3225
3229	3228
384	3235
384	3236
3230	3231
3235	3234
3236	3237
1411	1410
3241	3240
1423	1422
387	3247
387	388
387	3248
3242	3243
3247	3246
388	3253
388	389
388	3254
3248	3249
3253	3252
389	3259
389	390
389	3260
3254	3255
3259	3258
390	3265
390	3266
3260	3261
3265	3264
3266	3267
1429	1428
3271	3270
1441	1440
393	3277
393	394
393	3278
3272	3273
3277	3276
394	3283
394	395
394	3284
3278	3279
3283	3282
395	3289
395	396
395	3290
3284	3285
3289	3288
396	3295
396	3296
3290	3291
3295	3294
3296	3297
1447	1446
3301	3300
1459	1458
399	3307
399	400
399	3308
3302	3303
3307	3306
400	3313
400	401
400	3314
3308	3309
3313	3312
401	3319
401	402
401	3320
3314	3315
3319	3318
402	3325
402	3326
3320	3321
3325	3324
3326	3327
1465	1464
3331	3330
1477	1476
405	3337
405	406
405	3338
3332	3333
3337	3336
406	3343
406	407
406	3344
3338	3339
3343	3342
407	3349
407	408
407	3350
3344	3345
3349	3348
408	3355
408	3356
3350	3351
3355	3354
3356	3357
1489	1488
3361	3360
1507	1506
411	3367
411	412
411	3368
3362	3363
3367	3366
412	3373
412	413
412	3374
3368	3369
3373	3372
413	3379
413	414
413	3380
3374	3375
3379	3378
414	3385
414	3386
3380	3381
3385	3384
3386	3387
1513	1512
3391	3390
1525	1524
417	3397
417	418
417	3398
3392	3393
3397	3396
418	3403
418	419
418	3404
3398	3399
3403	3402
419	3409
419	420
419	3410
3404	3405
3409	3408
420	3415
420	3416
3410	3411
3415	3414
3416	3417
1531	1530
3421	3420
1543	1542
423	3427
423	424
423	3428
3422	3423
3427	3426
424	3433
424	425
424	3434
3428	3429
3433	3432
425	3439
425	426
425	3440
3434	3435
3439	3438
426	3445
426	3446
3440	3441
3445	3444
3446	3447
1549	1548
3451	3450
1561	1560
429	3457
429	430
429	3458
3452	3453
3457	3456
430	3463
430	431
430	3464
3458	3459
3463	3462
431	3469
431	432
431	3470
3464	3465
3469	3468
432	3475
432	3476
3470	3471
3475	3474
3476	3477
1567	1566
3481	3480
1579	1578
435	3487
435	436
435	3488
3482	3483
3487	3486
436	3493
436	437
436	3494
3488	3489
3493	3492
437	3499
437	438
437	3500
3494	3495
3499	3498
438	3505
438	3506
3500	3501
3505	3504
3506	3507
1591	1590
3511	3510
441	442
442	443
443	444
447	448
448	449
449	450
453	454
454	455
455	456
459	460
460	461
461	462
465	466
466	467
467	468
471	472
472	473
473	474
477	478
478	479
479	480
483	484
484	485
485	486
489	490
490	491
491	492
495	496
496	497
497	498
501	502
502	503
503	504
507	508
508	509
509	510
513	514
514	515
515	516
519	520
520	521
521	522
525	526
526	527
527	528
531	532
532	533
533	534
537	538
538	539
539	540
543	544
544	545
545	546
549	550
550	551
551	552
555	556
556	557
557	558
561	562
562	563
563	564
567	568
568	569
569	570
573	574
574	575
575	576
579	580
580	581
581	582
585	586
586	587
587	588
591	592
592	593
593	594
597	598
598	599
599	600
603	604
604	605
605	606
609	610
610	611
611	612
615	616
616	617
617	618
621	622
622	623
623	624
627	628
628	629
629	630
633	634
634	635
635	636
639	640
640	641
641	642
645	646
646	647
647	648
651	652
652	653
653	654
657	658
658	659
659	660
663	664
664	665
665	666
669	670
670	671
671	672
675	676
676	677
677	678
681	682
682	683
683	684
687	688
688	689
689	690
693	694
694	695
695	696
699	700
700	701
701	702
705	706
706	707
707	708
711	712
712	713
713	714
717	718
718	719
719	720
723	724
724	725
725	726
729	730
730	731
731	732
735	736
736	737
737	738
741	742
742	743
743	744
747	748
748	749
749	750
753	754
754	755
755	756
759	760
760	761
761	762
765	766
766	767
767	768
771	772
772	773
773	774
777	778
778	779
779	780
783	784
784	785
785	786
789	790
790	791
791	792
795	796
796	797
797	798
801	802
802	803
803	804
807	808
808	809
809	810
813	814
814	815
815	816
819	820
820	821
821	822
825	826
826	827
827	828
831	832
832	833
833	834
837	838
838	839
839	840
843	844
844	845
845	846
849	850
850	851
851	852
855	856
856	857
857	858
861	862
862	863
863	864
867	868
868	869
869	870
873	874
874	875
875	876
879	880
880	881
881	882
885	886
886	887
887	888
891	892
892	893
893	894
897	898
898	899
899	900
903	904
904	905
905	906
909	910
910	911
911	912
915	916
916	917
917	918
921	922
922	923
923	924
927	928
928	929
929	930
933	934
934	935
935	936
939	940
940	941
941	942
945	946
946	947
947	948
951	952
952	953
953	954
957	958
958	959
959	960
963	964
964	965
965	966
969	970
970	971
971	972
975	976
976	977
977	978
981	982
982	983
983	984
987	988
988	989
989	990
993	994
994	995
995	996
999	1000
1000	1001
1001	1002
1005	1006
1006	1007
1007	1008
1011	1012
1012	1013
1013	1014
1017	1018
1018	1019
1019	1020
1023	1024
1024	1025
1025	1026
1029	1030
1030	1031
1031	1032
1035	1036
1036	1037
1037	1038
1041	1042
1042	1043
1043	1044
1047	1048
1048	1049
1049	1050
1053	1054
1054	1055
1055	1056
1059	1060
1060	1061
1061	1062
1065	1066
1066	1067
1067	1068
1071	1072
1072	1073
1073	1074
1077	1078
1078	1079
1079	1080
1083	1084
1084	1085
1085	1086
1089	1090
1090	1091
1091	1092
1095	1096
1096	1097
1097	1098
1101	1102
1102	1103
1103	1104
1107	1108
1108	1109
1109	1110
1113	1114
1114	1115
1115	1116
1119	1120
1120	1121
1121	1122
1125	1126
1126	1127
1127	1128
1131	1132
1132	1133
1133	1134
1137	1138
1138	1139
1139	1140
1143	1144
1144	1145
1145	1146
1149	1150
1150	1151
1151	1152
1155	1156
1156	1157
1157	1158
1161	1162
1162	1163
1163	1164
1167	1168
1168	1169
1169	1170
1173	1174
1174	1175
1175	1176
1179	1180
1180	1181
1181	1182
1185	1186
1186	1187
1187	1188
1191	1192
1192	1193
1193	1194
1197	1198
1198	1199
1199	1200
1203	1204
1204	1205
1205	1206
1209	1210
1210	1211
1211	1212
1215	1216
1216	1217
1217	1218
1221	1222
1222	1223
1223	1224
1227	1228
1228	1229
1229	1230
1233	1234
1234	1235
1235	1236
1239	1240
1240	1241
1241	1242
1245	1246
1246	1247
1247	1248
1251	1252
1252	1253
1253	1254
1257	1258
1258	1259
1259	1260
1263	1264
1264	1265
1265	1266
1269	1270
1270	1271
1271	1272
1275	1276
1276	1277
1277	1278
1281	1282
1282	1283
1283	1284
1287	1288
1288	1289
1289	1290
1293	1294
1294	1295
1295	1296
1299	1300
1300	1301
1301	1302
1305	1306
1306	1307
1307	1308
1311	1312
1312	1313
1313	1314
1317	1318
1318	1319
1319	1320
1323	1324
1324	1325
1325	1326
1329	1330
1330	1331
1331	1332
1335	1336
1336	1337
1337	1338
1341	1342
1342	1343
1343	1344
1347	1348
1348	1349
1349	1350
1353	1354
1354	1355
1355	1356
1359	1360
1360	1361
1361	1362
1365	1366
1366	1367
1367	1368
1371	1372
1372	1373
1373	1374
1377	1378
1378	1379
1379	1380
1383	1384
1384	1385
1385	1386
1389	1390
1390	1391
1391	1392
1395	1396
1396	1397
1397	1398
1401	1402
1402	1403
1403	1404
1407	1408
1408	1409
1409	1410
1413	1414
1414	1415
1415	1416
1419	1420
1420	1421
1421	1422
1425	1426
1426	1427
1427	1428
1431	1432
1432	1433
1433	1434
1437	1438
1438	1439
1439	1440
1443	1444
1444	1445
1445	1446
1449	1450
1450	1451
1451	1452
1455	1456
1456	1457
1457	1458
1461	1462
1462	1463
1463	1464
1467	1468
1468	1469
1469	1470
1473	1474
1474	1475
1475	1476
1479	1480
1480	1481
1481	1482
1485	1486
1486	1487
1487	1488
1491	1492
1492	1493
1493	1494
1497	1498
1498	1499
1499	1500
1503	1504
1504	1505
1505	1506
1509	1510
1510	1511
1511	1512
1515	1516
1516	1517
1517	1518
1521	1522
1522	1523
1523	1524
1527	1528
1528	1529
1529	1530
1533	1534
1534	1535
1535	1536
1539	1540
1540	1541
1541	1542
1545	1546
1546	1547
1547	1548
1551	1552
1552	1553
1553	1554
1557	1558
1558	1559
1559	1560
1563	1564
1564	1565
1565	1566
1569	1570
1570	1571
1571	1572
1575	1576
1576	1577
1577	1578
1581	1582
1582	1583
1583	1584
1587	1588
1588	1589
1589	1590
1593	1594
1594	1595
1595	1596
1599	1600
1600	1601
1601	1602
1605	1606
1606	1607
1607	1608
1611	1612
1612	1613
1613	1614
1617	1618
1618	1619
1619	1620
1623	1624
1624	1625
1625	1626
1629	1630
1630	1631
1631	1632
1635	1636
1636	1637
1637	1638
1641	1642
1642	1643
1643	1644
1647	1648
1648	1649
1649	1650
1653	1654
1654	1655
1655	1656
1659	1660
1660	1661
1661	1662
1665	1666
1666	1667
1667	1668
1671	1672
1672	1673
1673	1674
1677	1678
1678	1679
1679	1680
1683	1684
1684	1685
1685	1686
1689	1690
1690	1691
1691	1692
1695	1696
1696	1697
1697	1698
1701	1702
1702	1703
1703	1704
1707	1708
1708	1709
1709	1710
1713	1714
1714	1715
1715	1716
1719	1720
1720	1721
1721	1722
1725	1726
1726	1727
1727	1728
1731	1732
1732	1733
1733	1734
1737	1738
1738	1739
1739	1740
1743	1744
1744	1745
1745	1746
1749	1750
1750	1751
1751	1752
1755	1756
1756	1757
1757	1758
1761	1762
1762	1763
1763	1764
1767	1768
1768	1769
1769	1770
1773	1774
1774	1775
1775	1776
1779	1780
1780	1781
1781	1782
1785	1786
1786	1787
1787	1788
1791	1792
1792	1793
1793	1794
1797	1798
1798	1799
1799	1800
1803	1804
1804	1805
1805	1806
1809	1810
1810	1811
1811	1812
1815	1816
1816	1817
1817	1818
1821	1822
1822	1823
1823	1824
1827	1828
1828	1829
1829	1830
1833	1834
1834	1835
1835	1836
1839	1840
1840	1841
1841	1842
1845	1846
1846	1847
1847	1848
1851	1852
1852	1853
1853	1854
1857	1858
1858	1859
1859	1860
1863	1864
1864	1865
1865	1866
1869	1870
1870	1871
1871	1872
1875	1876
1876	1877
1877	1878
1881	1882
1882	1883
1883	1884
1887	1888
1888	1889
1889	1890
1893	1894
1894	1895
1895	1896
1899	1900
1900	1901
1901	1902
1905	1906
1906	1907
1907	1908
1911	1912
1912	1913
1913	1914
1917	1918
1918	1919
1919	1920
1923	1924
1924	1925
1925	1926
1929	1930
1930	1931
1931	1932
1935	1936
1936	1937
1937	1938
1941	1942
1942	1943
1943	1944
1947	1948
1948	1949
1949	1950
1953	1954
1954	1955
1955	1956
1959	1960
1960	1961
1961	1962
1965	1966
1966	1967
1967	1968
1971	1972
1972	1973
1973	1974
1977	1978
1978	1979
1979	1980
1983	1984
1984	1985
1985	1986
1989	1990
1990	1991
1991	1992
1995	1996
1996	1997
1997	1998
2001	2002
2002	2003
2003	2004
2007	2008
2008	2009
2009	2010
2013	2014
2014	2015
2015	2016
2019	2020
2020	2021
2021	2022
2025	2026
2026	2027
2027	2028
2031	2032
2032	2033
2033	2034
2037	2038
2038	2039
2039	2040
2043	2044
2044	2045
2045	2046
2049	2050
2050	2051
2051	2052
2055	2056
2056	2057
2057	2058
2061	2062
2062	2063
2063	2064
2067	2068
2068	2069
2069	2070
2073	2074
2074	2075
2075	2076
2079	2080
2080	2081
2081	2082
2085	2086
2086	2087
2087	2088
2091	2092
2092	2093
2093	2094
2097	2098
2098	2099
2099	2100
2103	2104
2104	2105
2105	2106
2109	2110
2110	2111
2111	2112
2115	2116
2116	2117
2117	2118
2121	2122
2122	2123
2123	2124
2127	2128
2128	2129
2129	2130
2133	2134
2134	2135
2135	2136
2139	2140
2140	2141
2141	2142
2145	2146
2146	2147
2147	2148
2151	2152
2152	2153
2153	2154
2157	2158
2158	2159
2159	2160
2163	2164
2164	2165
2165	2166
2169	2170
2170	2171
2171	2172
2175	2176
2176	2177
2177	2178
2181	2182
2182	2183
2183	2184
2187	2188
2188	2189
2189	2190
2193	2194
2194	2195
2195	2196
2199	2200
2200	2201
2201	2202
2205	2206
2206	2207
2207	2208
2211	2212
2212	2213
2213	2214
2217	2218
2218	2219
2219	2220
2223	2224
2224	2225
2225	2226
2229	2230
2230	2231
2231	2232
2235	2236
2236	2237
2237	2238
2241	2242
2242	2243
2243	2244
2247	2248
2248	2249
2249	2250
2253	2254
2254	2255
2255	2256
2259	2260
2260	2261
2261	2262
2265	2266
2266	2267
2267	2268
2271	2272
2272	2273
2273	2274
2277	2278
2278	2279
2279	2280
2283	2284
2284	2285
2285	2286
2289	2290
2290	2291
2291	2292
2295	2296
2296	2297
2297	2298
2301	2302
2302	2303
2303	2304
2307	2308
2308	2309
2309	2310
2313	2314
2314	2315
2315	2316
2319	2320
2320	2321
2321	2322
2325	2326
2326	2327
2327	2328
2331	2332
2332	2333
2333	2334
2337	2338
2338	2339
2339	2340
2343	2344
2344	2345
2345	2346
2349	2350
2350	2351
2351	2352
2355	2356
2356	2357
2357	2358
2361	2362
2362	2363
2363	2364
2367	2368
2368	2369
2369	2370
2373	2374
2374	2375
2375	2376
2379	2380
2380	2381
2381	2382
2385	2386
2386	2387
2387	2388
2391	2392
2392	2393
2393	2394
2397	2398
2398	2399
2399	2400
2403	2404
2404	2405
2405	2406
2409	2410
2410	2411
2411	2412
2415	2416
2416	2417
2417	2418
2421	2422
2422	2423
2423	2424
2427	2428
2428	2429
2429	2430
2433	2434
2434	2435
2435	2436
2439	2440
2440	2441
2441	2442
2445	2446
2446	2447
2447	2448
2451	2452
2452	2453
2453	2454
2457	2458
2458	2459
2459	2460
2463	2464
2464	2465
2465	2466
2469	2470
2470	2471
2471	2472
2475	2476
2476	2477
2477	2478
2481	2482
2482	2483
2483	2484
2487	2488
2488	2489
2489	2490
2493	2494
2494	2495
2495	2496
2499	2500
2500	2501
2501	2502
2505	2506
2506	2507
2507	2508
2511	2512
2512	2513
2513	2514
2517	2518
2518	2519
2519	2520
2523	2524
2524	2525
2525	2526
2529	2530
2530	2531
2531	2532
2535	2536
2536	2537
2537	2538
2541	2542
2542	2543
2543	2544
2547	2548
2548	2549
2549	2550
2553	2554
2554	2555
2555	2556
2559	2560
2560	2561
2561	2562
2565	2566
2566	2567
2567	2568
2571	2572
2572	2573
2573	2574
2577	2578
2578	2579
2579	2580
2583	2584
2584	2585
2585	2586
2589	2590
2590	2591
2591	2592
2595	2596
2596	2597
2597	2598
2601	2602
2602	2603
2603	2604
2607	2608
2608	2609
2609	2610
2613	2614
2614	2615
2615	2616
2619	2620
2620	2621
2621	2622
2625	2626
2626	2627
2627	2628
2631	2632
2632	2633
2633	2634
2637	2638
2638	2639
2639	2640
2643	2644
2644	2645
2645	2646
2649	2650
2650	2651
2651	2652
2655	2656
2656	2657
2657	2658
2661	2662
2662	2663
2663	2664
2667	2668
2668	2669
2669	2670
2673	2674
2674	2675
2675	2676
2679	2680
2680	2681
2681	2682
2685	2686
2686	2687
2687	2688
2691	2692
2692	2693
2693	2694
2697	2698
2698	2699
2699	2700
2703	2704
2704	2705
2705	2706
2709	2710
2710	2711
2711	2712
2715	2716
2716	2717
2717	2718
2721	2722
2722	2723
2723	2724
2727	2728
2728	2729
2729	2730
2733	2734
2734	2735
2735	2736
2739	2740
2740	2741
2741	2742
2745	2746
2746	2747
2747	2748
2751	2752
2752	2753
2753	2754
2757	2758
2758	2759
2759	2760
2763	2764
2764	2765
2765	2766
2769	2770
2770	2771
2771	2772
2775	2776
2776	2777
2777	2778
2781	2782
2782	2783
2783	2784
2787	2788
2788	2789
2789	2790
2793	2794
2794	2795
2795	2796
2799	2800
2800	2801
2801	2802
2805	2806
2806	2807
2807	2808
2811	2812
2812	2813
2813	2814
2817	2818
2818	2819
2819	2820
2823	2824
2824	2825
2825	2826
2829	2830
2830	2831
2831	2832
2835	2836
2836	2837
2837	2838
2841	2842
2842	2843
2843	2844
2847	2848
2848	2849
2849	2850
2853	2854
2854	2855
2855	2856
2859	2860
2860	2861
2861	2862
2865	2866
2866	2867
2867	2868
2871	2872
2872	2873
2873	2874
2877	2878
2878	2879
2879	2880
2883	2884
2884	2885
2885	2886
2889	2890
2890	2891
2891	2892
2895	2896
2896	2897
2897	2898
2901	2902
2902	2903
2903	2904
2907	2908
2908	2909
2909	2910
2913	2914
2914	2915
2915	2916
2919	2920
2920	2921
2921	2922
2925	2926
2926	2927
2927	2928
2931	2932
2932	2933
2933	2934
2937	2938
2938	2939
2939	2940
2943	2944
2944	2945
2945	2946
2949	2950
2950	2951
2951	2952
2955	2956
2956	2957
2957	2958
2961	2962
2962	2963
2963	2964
2967	2968
2968	2969
2969	2970
2973	2974
2974	2975
2975	2976
2979	2980
2980	2981
2981	2982
2985	2986
2986	2987
2987	2988
2991	2992
2992	2993
2993	2994
2997	2998
2998	2999
2999	3000
3003	3004
3004	3005
3005	3006
3009	3010
3010	3011
3011	3012
3015	3016
3016	3017
3017	3018
3021	3022
3022	3023
3023	3024
3027	3028
3028	3029
3029	3030
3033	3034
3034	3035
3035	3036
3039	3040
3040	3041
3041	3042
3045	3046
3046	3047
3047	3048
3051	3052
3052	3053
3053	3054
3057	3058
3058	3059
3059	3060
3063	3064
3064	3065
3065	3066
3069	3070
3070	3071
3071	3072
3075	3076
3076	3077
3077	3078
3081	3082
3082	3083
3083	3084
3087	3088
3088	3089
3089	3090
3093	3094
3094	3095
3095	3096
3099	3100
3100	3101
3101	3102
3105	3106
3106	3107
3107	3108
3111	3112
3112	3113
3113	3114
3117	3118
3118	3119
3119	3120
3123	3124
3124	3125
3125	3126
3129	3130
3130	3131
3131	3132
3135	3136
3136	3137
3137	3138
3141	3142
3142	3143
3143	3144
3147	3148
3148	3149
3149	3150
3153	3154
3154	3155
3155	3156
3159	3160
3160	3161
3161	3162
3165	3166
3166	3167
3167	3168
3171	3172
3172	3173
3173	3174
3177	3178
3178	3179
3179	3180
3183	3184
3184	3185
3185	3186
3189	3190
3190	3191
3191	3192
3195	3196
3196	3197
3197	3198
3201	3202
3202	3203
3203	3204
3207	3208
3208	3209
3209	3210
3213	3214
3214	3215
3215	3216
3219	3220
3220	3221
3221	3222
3225	3226
3226	3227
3227	3228
3231	3232
3232	3233
3233	3234
3237	3238
3238	3239
3239	3240
3243	3244
3244	3245
3245	3246
3249	3250
3250	3251
3251	3252
3255	3256
3256	3257
3257	3258
3261	3262
3262	3263
3263	3264
3267	3268
3268	3269
3269	3270
3273	3274
3274	3275
3275	3276
3279	3280
3280	3281
3281	3282
3285	3286
3286	3287
3287	3288
3291	3292
3292	3293
3293	3294
3297	3298
3298	3299
3299	3300
3303	3304
3304	3305
3305	3306
3309	3310
3310	3311
3311	3312
3315	3316
3316	3317
3317	3318
3321	3322
3322	3323
3323	3324
3327	3328
3328	3329
3329	3330
3333	3334
3334	3335
3335	3336
3339	3340
3340	3341
3341	3342
3345	3346
3346	3347
3347	3348
3351	3352
3352	3353
3353	3354
3357	3358
3358	3359
3359	3360
3363	3364
3364	3365
3365	3366
3369	3370
3370	3371
3371	3372
3375	3376
3376	3377
3377	3378
3381	3382
3382	3383
3383	3384
3387	3388
3388	3389
3389	3390
3393	3394
3394	3395
3395	3396
3399	3400
3400	3401
3401	3402
3405	3406
3406	3407
3407	3408
3411	3412
3412	3413
3413	3414
3417	3418
3418	3419
3419	3420
3423	3424
3424	3425
3425	3426
3429	3430
3430	3431
3431	3432
3435	3436
3436	3437
3437	3438
3441	3442
3442	3443
3443	3444
3447	3448
3448	3449
3449	3450
3453	3454
3454	3455
3455	3456
3459	3460
3460	3461
3461	3462
3465	3466
3466	3467
3467	3468
3471	3472
3472	3473
3473	3474
3477	3478
3478	3479
3479	3480
3483	3484
3484	3485
3485	3486
3489	3490
3490	3491
3491	3492
3495	3496
3496	3497
3497	3498
3501	3502
3502	3503
3503	3504
3507	3508
3508	3509
3509	3510
