0	72
0	75
0	79
0	82
0	86
0	89
0	93
0	96
72	73
75	76
79	80
82	83
86	87
89	90
93	94
96	97
1	100
1	103
1	107
1	110
1	114
1	117
1	121
1	124
100	101
103	104
107	108
110	111
114	115
117	118
121	122
124	125
2	128
2	131
2	135
2	138
2	142
2	145
2	149
2	152
128	129
131	132
135	136
138	139
142	143
145	146
149	150
152	153
3	156
3	159
3	163
3	166
3	170
3	173
3	177
3	180
156	157
159	160
163	164
166	167
170	171
173	174
177	178
180	181
4	184
4	187
4	191
4	194
4	198
4	201
4	205
4	208
184	185
187	188
191	192
194	195
198	199
201	202
205	206
208	209
5	212
5	215
5	219
5	222
5	226
5	229
5	233
5	236
212	213
215	216
219	220
222	223
226	227
229	230
233	234
236	237
6	240
6	243
6	247
6	250
6	254
6	257
6	261
6	264
240	241
243	244
247	248
250	251
254	255
257	258
261	262
264	265
7	268
7	271
7	275
7	278
7	282
7	285
7	289
7	292
268	269
271	272
275	276
278	279
282	283
285	286
289	290
292	293
8	296
8	299
8	303
8	306
8	310
8	313
8	317
8	320
296	297
299	300
303	304
306	307
310	311
313	314
317	318
320	321
9	74
9	78
9	324
9	327
74	73
78	77
324	325
327	328
10	326
10	330
10	331
10	334
326	325
330	329
331	332
334	335
11	102
11	106
11	333
11	337
102	101
106	105
333	332
337	336
12	81
12	85
12	338
12	341
81	80
85	84
338	339
341	342
13	340
13	344
13	345
13	348
340	339
344	343
345	346
348	349
14	347
14	351
14	352
14	355
347	346
351	350
352	353
355	356
15	109
15	113
15	354
15	358
109	108
113	112
354	353
358	357
16	88
16	92
16	359
16	362
88	87
92	91
359	360
362	363
17	361
17	365
17	366
17	369
361	360
365	364
366	367
369	370
18	298
18	302
18	368
18	372
298	297
302	301
368	367
372	371
19	95
19	99
19	373
19	376
95	94
99	98
373	374
376	377
20	375
20	379
20	380
20	383
375	374
379	378
380	381
383	384
21	382
21	386
21	387
21	390
382	381
386	385
387	388
390	391
22	305
22	309
22	389
22	393
305	304
309	308
389	388
393	392
23	116
23	120
23	394
23	397
116	115
120	119
394	395
397	398
24	396
24	400
24	401
24	404
396	395
400	399
401	402
404	405
25	130
25	134
25	403
25	407
130	129
134	133
403	402
407	406
26	123
26	127
26	408
26	411
123	122
127	126
408	409
411	412
27	410
27	414
27	415
27	418
410	409
414	413
415	416
418	419
28	417
28	421
28	422
28	425
417	416
421	420
422	423
425	426
29	137
29	141
29	424
29	428
137	136
141	140
424	423
428	427
30	144
30	148
30	429
30	432
144	143
148	147
429	430
432	433
31	431
31	435
31	436
31	439
431	430
435	434
436	437
439	440
32	158
32	162
32	438
32	442
158	157
162	161
438	437
442	441
33	151
33	155
33	443
33	446
151	150
155	154
443	444
446	447
34	445
34	449
34	450
34	453
445	444
449	448
450	451
453	454
35	452
35	456
35	457
35	460
452	451
456	455
457	458
460	461
36	165
36	169
36	459
36	463
165	164
169	168
459	458
463	462
37	172
37	176
37	464
37	467
172	171
176	175
464	465
467	468
38	466
38	470
38	471
38	474
466	465
470	469
471	472
474	475
39	186
39	190
39	473
39	477
186	185
190	189
473	472
477	476
40	179
40	183
40	478
40	481
179	178
183	182
478	479
481	482
41	480
41	484
41	485
41	488
480	479
484	483
485	486
488	489
42	487
42	491
42	492
42	495
487	486
491	490
492	493
495	496
43	193
43	197
43	494
43	498
193	192
197	196
494	493
498	497
44	200
44	204
44	499
44	502
200	199
204	203
499	500
502	503
45	501
45	505
45	506
45	509
501	500
505	504
506	507
509	510
46	214
46	218
46	508
46	512
214	213
218	217
508	507
512	511
47	207
47	211
47	513
47	516
207	206
211	210
513	514
516	517
48	515
48	519
48	520
48	523
515	514
519	518
520	521
523	524
49	522
49	526
49	527
49	530
522	521
526	525
527	528
530	531
50	221
50	225
50	529
50	533
221	220
225	224
529	528
533	532
51	228
51	232
51	534
51	537
228	227
232	231
534	535
537	538
52	536
52	540
52	541
52	544
536	535
540	539
541	542
544	545
53	242
53	246
53	543
53	547
242	241
246	245
543	542
547	546
54	235
54	239
54	548
54	551
235	234
239	238
548	549
551	552
55	550
55	554
55	555
55	558
550	549
554	553
555	556
558	559
56	557
56	561
56	562
56	565
557	556
561	560
562	563
565	566
57	249
57	253
57	564
57	568
249	248
253	252
564	563
568	567
58	256
58	260
58	569
58	572
256	255
260	259
569	570
572	573
59	571
59	575
59	576
59	579
571	570
575	574
576	577
579	580
60	270
60	274
60	578
60	582
270	269
274	273
578	577
582	581
61	263
61	267
61	583
61	586
263	262
267	266
583	584
586	587
62	585
62	589
62	590
62	593
585	584
589	588
590	591
593	594
63	592
63	596
63	597
63	600
592	591
596	595
597	598
600	601
64	277
64	281
64	599
64	603
277	276
281	280
599	598
603	602
65	284
65	288
65	604
65	607
284	283
288	287
604	605
607	608
66	606
66	610
66	611
66	614
606	605
610	609
611	612
614	615
67	312
67	316
67	613
67	617
312	311
316	315
613	612
617	616
68	291
68	295
68	618
68	621
291	290
295	294
618	619
621	622
69	620
69	624
69	625
69	628
620	619
624	623
625	626
628	629
70	627
70	631
70	632
70	635
627	626
631	630
632	633
635	636
71	319
71	323
71	634
71	638
319	318
323	322
634	633
638	637
76	77
83	84
90	91
97	98
104	105
111	112
118	119
125	126
132	133
139	140
146	147
153	154
160	161
167	168
174	175
181	182
188	189
195	196
202	203
209	210
216	217
223	224
230	231
237	238
244	245
251	252
258	259
265	266
272	273
279	280
286	287
293	294
300	301
307	308
314	315
321	322
328	329
335	336
342	343
349	350
356	357
363	364
370	371
377	378
384	385
391	392
398	399
405	406
412	413
419	420
426	427
433	434
440	441
447	448
454	455
461	462
468	469
475	476
482	483
489	490
496	497
503	504
510	511
517	518
524	525
531	532
538	539
545	546
552	553
559	560
566	567
573	574
580	581
587	588
594	595
601	602
608	609
615	616
622	623
629	630
636	637
