0	10
0	17
0	18
0	25
10	11
17	1
18	19
25	9
1	16
1	26
1	33
16	15
26	27
33	2
2	32
2	34
2	41
32	31
34	35
41	3
3	40
3	42
3	49
40	39
42	43
49	4
4	48
4	50
4	57
48	47
50	51
57	5
5	56
5	58
5	65
56	55
58	59
65	6
6	64
6	66
6	73
64	63
66	67
73	7
7	72
7	74
7	81
72	71
74	75
81	8
8	80
8	82
8	89
80	79
82	83
89	9
9	24
9	88
24	23
88	87
11	12
12	13
13	14
14	15
19	20
20	21
21	22
22	23
27	28
28	29
29	30
30	31
35	36
36	37
37	38
38	39
43	44
44	45
45	46
46	47
51	52
52	53
53	54
54	55
59	60
60	61
61	62
62	63
67	68
68	69
69	70
70	71
75	76
76	77
77	78
78	79
83	84
84	85
85	86
86	87
