0	172
0	173
0	174
0	175
0	176
0	177
0	178
0	179
0	180
0	181
0	182
0	183
0	184
0	185
0	186
0	187
0	188
0	189
0	190
0	191
0	192
0	193
0	194
0	195
0	196
0	197
0	198
0	199
0	200
0	201
0	202
0	203
172	44
173	44
174	45
175	45
176	46
177	46
178	47
179	47
180	48
181	48
182	49
183	49
184	50
185	50
186	51
187	51
188	52
189	52
190	53
191	53
192	54
193	54
194	55
195	55
196	56
197	56
198	57
199	57
200	58
201	58
202	59
203	59
1	204
1	205
1	206
1	207
1	208
1	209
1	210
1	211
1	212
1	213
1	214
1	215
1	216
1	217
1	218
1	219
1	220
1	221
1	222
1	223
1	224
1	225
1	226
1	227
1	228
1	229
1	230
1	231
1	232
1	233
1	234
1	235
204	60
205	60
206	61
207	61
208	62
209	62
210	63
211	63
212	64
213	64
214	65
215	65
216	66
217	66
218	67
219	67
220	68
221	68
222	69
223	69
224	70
225	70
226	71
227	71
228	72
229	72
230	73
231	73
232	74
233	74
234	75
235	75
2	236
2	237
2	238
2	239
2	240
2	241
2	242
2	243
2	244
2	245
2	246
2	247
2	248
2	249
2	250
2	251
2	252
2	253
2	254
2	255
2	256
2	257
2	258
2	259
2	260
2	261
2	262
2	263
2	264
2	265
2	266
2	267
236	76
237	76
238	77
239	77
240	78
241	78
242	79
243	79
244	80
245	80
246	81
247	81
248	82
249	82
250	83
251	83
252	84
253	84
254	85
255	85
256	86
257	86
258	87
259	87
260	88
261	88
262	89
263	89
264	90
265	90
266	91
267	91
3	268
3	269
3	270
3	271
3	272
3	273
3	274
3	275
3	276
3	277
3	278
3	279
3	280
3	281
3	282
3	283
3	284
3	285
3	286
3	287
3	288
3	289
3	290
3	291
3	292
3	293
3	294
3	295
3	296
3	297
3	298
3	299
268	92
269	92
270	93
271	93
272	94
273	94
274	95
275	95
276	96
277	96
278	97
279	97
280	98
281	98
282	99
283	99
284	100
285	100
286	101
287	101
288	102
289	102
290	103
291	103
292	104
293	104
294	105
295	105
296	106
297	106
298	107
299	107
4	300
4	301
4	302
4	303
4	304
4	305
4	306
4	307
4	308
4	309
4	310
4	311
4	312
4	313
4	314
4	315
300	108
301	108
302	109
303	109
304	110
305	110
306	111
307	111
308	112
309	112
310	113
311	113
312	114
313	114
314	115
315	115
5	316
5	317
5	318
5	319
5	320
5	321
5	322
5	323
5	324
5	325
5	326
5	327
5	328
5	329
5	330
5	331
316	116
317	116
318	117
319	117
320	118
321	118
322	119
323	119
324	120
325	120
326	121
327	121
328	122
329	122
330	123
331	123
6	332
6	333
6	334
6	335
6	336
6	337
6	338
6	339
6	340
6	341
6	342
6	343
6	344
6	345
6	346
6	347
332	124
333	124
334	125
335	125
336	126
337	126
338	127
339	127
340	128
341	128
342	129
343	129
344	130
345	130
346	131
347	131
7	348
7	349
7	350
7	351
7	352
7	353
7	354
7	355
7	356
7	357
7	358
7	359
7	360
7	361
7	362
7	363
348	132
349	132
350	133
351	133
352	134
353	134
354	135
355	135
356	136
357	136
358	137
359	137
360	138
361	138
362	139
363	139
8	364
8	365
8	366
8	367
8	368
8	369
8	370
8	371
8	372
8	373
8	374
8	375
8	376
8	377
8	378
8	379
364	140
365	140
366	141
367	141
368	142
369	142
370	143
371	143
372	144
373	144
374	145
375	145
376	146
377	146
378	147
379	147
9	380
9	381
9	382
9	383
9	384
9	385
9	386
9	387
9	388
9	389
9	390
9	391
9	392
9	393
9	394
9	395
380	148
381	148
382	149
383	149
384	150
385	150
386	151
387	151
388	152
389	152
390	153
391	153
392	154
393	154
394	155
395	155
10	396
10	397
10	398
10	399
10	400
10	401
10	402
10	403
10	404
10	405
10	406
10	407
10	408
10	409
10	410
10	411
396	156
397	156
398	157
399	157
400	158
401	158
402	159
403	159
404	160
405	160
406	161
407	161
408	162
409	162
410	163
411	163
11	412
11	413
11	414
11	415
11	416
11	417
11	418
11	419
11	420
11	421
11	422
11	423
11	424
11	425
11	426
11	427
412	164
413	164
414	165
415	165
416	166
417	166
418	167
419	167
420	168
421	168
422	169
423	169
424	170
425	170
426	171
427	171
12	428
12	429
12	430
12	431
12	432
12	433
12	434
12	435
428	44
429	44
430	45
431	45
432	108
433	108
434	109
435	109
13	436
13	437
13	438
13	439
13	440
13	441
13	442
13	443
436	46
437	46
438	47
439	47
440	110
441	110
442	111
443	111
14	444
14	445
14	446
14	447
14	448
14	449
14	450
14	451
444	48
445	48
446	49
447	49
448	116
449	116
450	117
451	117
15	452
15	453
15	454
15	455
15	456
15	457
15	458
15	459
452	50
453	50
454	51
455	51
456	118
457	118
458	119
459	119
16	460
16	461
16	462
16	463
16	464
16	465
16	466
16	467
460	52
461	52
462	53
463	53
464	124
465	124
466	125
467	125
17	468
17	469
17	470
17	471
17	472
17	473
17	474
17	475
468	54
469	54
470	55
471	55
472	126
473	126
474	127
475	127
18	476
18	477
18	478
18	479
18	480
18	481
18	482
18	483
476	56
477	56
478	57
479	57
480	132
481	132
482	133
483	133
19	484
19	485
19	486
19	487
19	488
19	489
19	490
19	491
484	58
485	58
486	59
487	59
488	134
489	134
490	135
491	135
20	492
20	493
20	494
20	495
20	496
20	497
20	498
20	499
492	60
493	60
494	61
495	61
496	112
497	112
498	113
499	113
21	500
21	501
21	502
21	503
21	504
21	505
21	506
21	507
500	62
501	62
502	63
503	63
504	114
505	114
506	115
507	115
22	508
22	509
22	510
22	511
22	512
22	513
22	514
22	515
508	64
509	64
510	65
511	65
512	120
513	120
514	121
515	121
23	516
23	517
23	518
23	519
23	520
23	521
23	522
23	523
516	66
517	66
518	67
519	67
520	122
521	122
522	123
523	123
24	524
24	525
24	526
24	527
24	528
24	529
24	530
24	531
524	68
525	68
526	69
527	69
528	140
529	140
530	141
531	141
25	532
25	533
25	534
25	535
25	536
25	537
25	538
25	539
532	70
533	70
534	71
535	71
536	142
537	142
538	143
539	143
26	540
26	541
26	542
26	543
26	544
26	545
26	546
26	547
540	72
541	72
542	73
543	73
544	148
545	148
546	149
547	149
27	548
27	549
27	550
27	551
27	552
27	553
27	554
27	555
548	74
549	74
550	75
551	75
552	150
553	150
554	151
555	151
28	556
28	557
28	558
28	559
28	560
28	561
28	562
28	563
556	76
557	76
558	77
559	77
560	144
561	144
562	145
563	145
29	564
29	565
29	566
29	567
29	568
29	569
29	570
29	571
564	78
565	78
566	79
567	79
568	146
569	146
570	147
571	147
30	572
30	573
30	574
30	575
30	576
30	577
30	578
30	579
572	80
573	80
574	81
575	81
576	152
577	152
578	153
579	153
31	580
31	581
31	582
31	583
31	584
31	585
31	586
31	587
580	82
581	82
582	83
583	83
584	154
585	154
586	155
587	155
32	588
32	589
32	590
32	591
32	592
32	593
32	594
32	595
588	84
589	84
590	85
591	85
592	156
593	156
594	157
595	157
33	596
33	597
33	598
33	599
33	600
33	601
33	602
33	603
596	86
597	86
598	87
599	87
600	158
601	158
602	159
603	159
34	604
34	605
34	606
34	607
34	608
34	609
34	610
34	611
604	88
605	88
606	89
607	89
608	164
609	164
610	165
611	165
35	612
35	613
35	614
35	615
35	616
35	617
35	618
35	619
612	90
613	90
614	91
615	91
616	166
617	166
618	167
619	167
36	620
36	621
36	622
36	623
36	624
36	625
36	626
36	627
620	92
621	92
622	93
623	93
624	128
625	128
626	129
627	129
37	628
37	629
37	630
37	631
37	632
37	633
37	634
37	635
628	94
629	94
630	95
631	95
632	130
633	130
634	131
635	131
38	636
38	637
38	638
38	639
38	640
38	641
38	642
38	643
636	96
637	96
638	97
639	97
640	136
641	136
642	137
643	137
39	644
39	645
39	646
39	647
39	648
39	649
39	650
39	651
644	98
645	98
646	99
647	99
648	138
649	138
650	139
651	139
40	652
40	653
40	654
40	655
40	656
40	657
40	658
40	659
652	100
653	100
654	101
655	101
656	160
657	160
658	161
659	161
41	660
41	661
41	662
41	663
41	664
41	665
41	666
41	667
660	102
661	102
662	103
663	103
664	162
665	162
666	163
667	163
42	668
42	669
42	670
42	671
42	672
42	673
42	674
42	675
668	104
669	104
670	105
671	105
672	168
673	168
674	169
675	169
43	676
43	677
43	678
43	679
43	680
43	681
43	682
43	683
676	106
677	106
678	107
679	107
680	170
681	170
682	171
683	171
