0	10
0	14
0	18
0	22
10	11
14	15
18	19
22	23
1	13
1	17
1	26
1	30
13	12
17	16
26	27
30	31
2	29
2	33
2	34
2	38
29	28
33	32
34	35
38	39
3	37
3	41
3	42
3	46
37	36
41	40
42	43
46	47
4	45
4	49
4	50
4	54
45	44
49	48
50	51
54	55
5	53
5	57
5	58
5	62
53	52
57	56
58	59
62	63
6	61
6	65
6	66
6	70
61	60
65	64
66	67
70	71
7	69
7	73
7	74
7	78
69	68
73	72
74	75
78	79
8	77
8	81
8	82
8	86
77	76
81	80
82	83
86	87
9	21
9	25
9	85
9	89
21	20
25	24
85	84
89	88
11	12
15	16
19	20
23	24
27	28
31	32
35	36
39	40
43	44
47	48
51	52
55	56
59	60
63	64
67	68
71	72
75	76
79	80
83	84
87	88
