0	287
0	42
0	292
0	7
0	297
0	47
0	302
0	1
0	307
0	52
0	312
0	12
0	317
0	57
0	322
0	6
287	288
42	291
42	1022
42	43
292	293
7	296
7	532
7	46
7	537
7	147
7	542
7	8
297	298
47	301
47	1042
47	48
302	303
1	306
1	327
1	51
1	332
1	62
1	337
1	11
1	342
1	67
1	347
1	17
1	352
1	72
1	357
1	2
307	308
52	311
52	1062
52	53
312	313
12	316
12	602
12	56
12	607
12	167
12	612
12	13
317	318
57	321
57	1082
57	58
322	323
6	5
6	326
6	501
6	502
6	61
6	507
6	136
6	512
6	137
6	517
6	16
6	522
6	142
6	527
6	41
306	305
327	328
51	50
51	331
51	1061
332	333
62	336
62	1102
62	63
337	338
11	10
11	341
11	591
11	592
11	66
11	597
11	166
342	343
67	346
67	1122
67	68
347	348
17	351
17	672
17	71
17	677
17	187
17	682
17	18
352	353
72	356
72	1142
72	73
357	358
2	361
2	362
2	76
2	367
2	77
2	372
2	21
2	377
2	82
2	382
2	22
2	387
2	87
2	392
2	3
361	360
362	363
76	75
76	366
76	1161
367	368
77	371
77	1162
77	78
372	373
21	20
21	376
21	731
21	732
21	81
21	737
21	206
377	378
82	381
82	1182
82	83
382	383
22	386
22	742
22	86
22	747
22	207
22	752
22	23
387	388
87	391
87	1202
87	88
392	393
3	396
3	397
3	91
3	402
3	92
3	407
3	26
3	412
3	97
3	417
3	27
3	422
3	102
3	427
3	4
396	395
397	398
91	90
91	401
91	1221
402	403
92	406
92	1222
92	93
407	408
26	25
26	411
26	801
26	802
26	96
26	807
26	226
412	413
97	416
97	1242
97	98
417	418
27	421
27	812
27	101
27	817
27	227
27	822
27	28
422	423
102	426
102	1262
102	103
427	428
4	431
4	432
4	106
4	437
4	107
4	442
4	31
4	447
4	112
4	452
4	32
4	457
4	117
4	462
4	5
431	430
432	433
106	105
106	436
106	1281
437	438
107	441
107	1282
107	108
442	443
31	30
31	446
31	871
31	872
31	111
31	877
31	246
447	448
112	451
112	1302
112	113
452	453
32	456
32	882
32	116
32	887
32	247
32	892
32	33
457	458
117	461
117	1322
117	118
462	463
5	466
5	467
5	121
5	472
5	122
5	477
5	36
5	482
5	127
5	487
5	37
5	492
5	132
5	497
466	465
467	468
121	120
121	471
121	1341
472	473
122	476
122	1342
122	123
477	478
36	35
36	481
36	941
36	942
36	126
36	947
36	266
482	483
127	486
127	1362
127	128
487	488
37	491
37	952
37	131
37	957
37	267
37	962
37	38
492	493
132	496
132	1382
132	133
497	498
326	325
501	500
502	503
61	60
61	506
61	1101
507	508
136	135
136	511
136	1401
512	513
137	516
137	1402
137	138
517	518
16	15
16	521
16	661
16	662
16	141
16	667
16	186
522	523
142	526
142	1422
142	143
527	528
41	40
41	531
41	1011
41	1012
41	146
41	1017
41	286
296	295
532	533
46	45
46	536
46	1041
537	538
147	541
147	1442
147	148
542	543
8	546
8	547
8	151
8	552
8	152
8	557
8	9
546	545
547	548
151	150
151	551
151	1461
552	553
152	556
152	1462
152	153
557	558
9	561
9	562
9	156
9	567
9	157
9	572
9	10
561	560
562	563
156	155
156	566
156	1481
567	568
157	571
157	1482
157	158
572	573
10	576
10	577
10	161
10	582
10	162
10	587
576	575
577	578
161	160
161	581
161	1501
582	583
162	586
162	1502
162	163
587	588
341	340
591	590
592	593
66	65
66	596
66	1121
597	598
166	165
166	601
166	1521
316	315
602	603
56	55
56	606
56	1081
607	608
167	611
167	1522
167	168
612	613
13	616
13	617
13	171
13	622
13	172
13	627
13	14
616	615
617	618
171	170
171	621
171	1541
622	623
172	626
172	1542
172	173
627	628
14	631
14	632
14	176
14	637
14	177
14	642
14	15
631	630
632	633
176	175
176	636
176	1561
637	638
177	641
177	1562
177	178
642	643
15	646
15	647
15	181
15	652
15	182
15	657
646	645
647	648
181	180
181	651
181	1581
652	653
182	656
182	1582
182	183
657	658
521	520
661	660
662	663
141	140
141	666
141	1421
667	668
186	185
186	671
186	1601
351	350
672	673
71	70
71	676
71	1141
677	678
187	681
187	1602
187	188
682	683
18	686
18	687
18	191
18	692
18	192
18	697
18	19
686	685
687	688
191	190
191	691
191	1621
692	693
192	696
192	1622
192	193
697	698
19	701
19	702
19	196
19	707
19	197
19	712
19	20
701	700
702	703
196	195
196	706
196	1641
707	708
197	711
197	1642
197	198
712	713
20	716
20	717
20	201
20	722
20	202
20	727
716	715
717	718
201	200
201	721
201	1661
722	723
202	726
202	1662
202	203
727	728
376	375
731	730
732	733
81	80
81	736
81	1181
737	738
206	205
206	741
206	1681
386	385
742	743
86	85
86	746
86	1201
747	748
207	751
207	1682
207	208
752	753
23	756
23	757
23	211
23	762
23	212
23	767
23	24
756	755
757	758
211	210
211	761
211	1701
762	763
212	766
212	1702
212	213
767	768
24	771
24	772
24	216
24	777
24	217
24	782
24	25
771	770
772	773
216	215
216	776
216	1721
777	778
217	781
217	1722
217	218
782	783
25	786
25	787
25	221
25	792
25	222
25	797
786	785
787	788
221	220
221	791
221	1741
792	793
222	796
222	1742
222	223
797	798
411	410
801	800
802	803
96	95
96	806
96	1241
807	808
226	225
226	811
226	1761
421	420
812	813
101	100
101	816
101	1261
817	818
227	821
227	1762
227	228
822	823
28	826
28	827
28	231
28	832
28	232
28	837
28	29
826	825
827	828
231	230
231	831
231	1781
832	833
232	836
232	1782
232	233
837	838
29	841
29	842
29	236
29	847
29	237
29	852
29	30
841	840
842	843
236	235
236	846
236	1801
847	848
237	851
237	1802
237	238
852	853
30	856
30	857
30	241
30	862
30	242
30	867
856	855
857	858
241	240
241	861
241	1821
862	863
242	866
242	1822
242	243
867	868
446	445
871	870
872	873
111	110
111	876
111	1301
877	878
246	245
246	881
246	1841
456	455
882	883
116	115
116	886
116	1321
887	888
247	891
247	1842
247	248
892	893
33	896
33	897
33	251
33	902
33	252
33	907
33	34
896	895
897	898
251	250
251	901
251	1861
902	903
252	906
252	1862
252	253
907	908
34	911
34	912
34	256
34	917
34	257
34	922
34	35
911	910
912	913
256	255
256	916
256	1881
917	918
257	921
257	1882
257	258
922	923
35	926
35	927
35	261
35	932
35	262
35	937
926	925
927	928
261	260
261	931
261	1901
932	933
262	936
262	1902
262	263
937	938
481	480
941	940
942	943
126	125
126	946
126	1361
947	948
266	265
266	951
266	1921
491	490
952	953
131	130
131	956
131	1381
957	958
267	961
267	1922
267	268
962	963
38	966
38	967
38	271
38	972
38	272
38	977
38	39
966	965
967	968
271	270
271	971
271	1941
972	973
272	976
272	1942
272	273
977	978
39	981
39	982
39	276
39	987
39	277
39	992
39	40
981	980
982	983
276	275
276	986
276	1961
987	988
277	991
277	1962
277	278
992	993
40	996
40	997
40	281
40	1002
40	282
40	1007
996	995
997	998
281	280
281	1001
281	1981
1002	1003
282	1006
282	1982
282	283
1007	1008
531	530
1011	1010
1012	1013
146	145
146	1016
146	1441
1017	1018
286	285
286	1021
286	2001
291	290
1022	1023
43	1026
43	1027
43	44
1026	1025
1027	1028
44	1031
44	1032
44	45
1031	1030
1032	1033
45	1036
45	1037
1036	1035
1037	1038
536	535
1041	1040
301	300
1042	1043
48	1046
48	1047
48	49
1046	1045
1047	1048
49	1051
49	1052
49	50
1051	1050
1052	1053
50	1056
50	1057
1056	1055
1057	1058
331	330
1061	1060
311	310
1062	1063
53	1066
53	1067
53	54
1066	1065
1067	1068
54	1071
54	1072
54	55
1071	1070
1072	1073
55	1076
55	1077
1076	1075
1077	1078
606	605
1081	1080
321	320
1082	1083
58	1086
58	1087
58	59
1086	1085
1087	1088
59	1091
59	1092
59	60
1091	1090
1092	1093
60	1096
60	1097
1096	1095
1097	1098
506	505
1101	1100
336	335
1102	1103
63	1106
63	1107
63	64
1106	1105
1107	1108
64	1111
64	1112
64	65
1111	1110
1112	1113
65	1116
65	1117
1116	1115
1117	1118
596	595
1121	1120
346	345
1122	1123
68	1126
68	1127
68	69
1126	1125
1127	1128
69	1131
69	1132
69	70
1131	1130
1132	1133
70	1136
70	1137
1136	1135
1137	1138
676	675
1141	1140
356	355
1142	1143
73	1146
73	1147
73	74
1146	1145
1147	1148
74	1151
74	1152
74	75
1151	1150
1152	1153
75	1156
75	1157
1156	1155
1157	1158
366	365
1161	1160
371	370
1162	1163
78	1166
78	1167
78	79
1166	1165
1167	1168
79	1171
79	1172
79	80
1171	1170
1172	1173
80	1176
80	1177
1176	1175
1177	1178
736	735
1181	1180
381	380
1182	1183
83	1186
83	1187
83	84
1186	1185
1187	1188
84	1191
84	1192
84	85
1191	1190
1192	1193
85	1196
85	1197
1196	1195
1197	1198
746	745
1201	1200
391	390
1202	1203
88	1206
88	1207
88	89
1206	1205
1207	1208
89	1211
89	1212
89	90
1211	1210
1212	1213
90	1216
90	1217
1216	1215
1217	1218
401	400
1221	1220
406	405
1222	1223
93	1226
93	1227
93	94
1226	1225
1227	1228
94	1231
94	1232
94	95
1231	1230
1232	1233
95	1236
95	1237
1236	1235
1237	1238
806	805
1241	1240
416	415
1242	1243
98	1246
98	1247
98	99
1246	1245
1247	1248
99	1251
99	1252
99	100
1251	1250
1252	1253
100	1256
100	1257
1256	1255
1257	1258
816	815
1261	1260
426	425
1262	1263
103	1266
103	1267
103	104
1266	1265
1267	1268
104	1271
104	1272
104	105
1271	1270
1272	1273
105	1276
105	1277
1276	1275
1277	1278
436	435
1281	1280
441	440
1282	1283
108	1286
108	1287
108	109
1286	1285
1287	1288
109	1291
109	1292
109	110
1291	1290
1292	1293
110	1296
110	1297
1296	1295
1297	1298
876	875
1301	1300
451	450
1302	1303
113	1306
113	1307
113	114
1306	1305
1307	1308
114	1311
114	1312
114	115
1311	1310
1312	1313
115	1316
115	1317
1316	1315
1317	1318
886	885
1321	1320
461	460
1322	1323
118	1326
118	1327
118	119
1326	1325
1327	1328
119	1331
119	1332
119	120
1331	1330
1332	1333
120	1336
120	1337
1336	1335
1337	1338
471	470
1341	1340
476	475
1342	1343
123	1346
123	1347
123	124
1346	1345
1347	1348
124	1351
124	1352
124	125
1351	1350
1352	1353
125	1356
125	1357
1356	1355
1357	1358
946	945
1361	1360
486	485
1362	1363
128	1366
128	1367
128	129
1366	1365
1367	1368
129	1371
129	1372
129	130
1371	1370
1372	1373
130	1376
130	1377
1376	1375
1377	1378
956	955
1381	1380
496	495
1382	1383
133	1386
133	1387
133	134
1386	1385
1387	1388
134	1391
134	1392
134	135
1391	1390
1392	1393
135	1396
135	1397
1396	1395
1397	1398
511	510
1401	1400
516	515
1402	1403
138	1406
138	1407
138	139
1406	1405
1407	1408
139	1411
139	1412
139	140
1411	1410
1412	1413
140	1416
140	1417
1416	1415
1417	1418
666	665
1421	1420
526	525
1422	1423
143	1426
143	1427
143	144
1426	1425
1427	1428
144	1431
144	1432
144	145
1431	1430
1432	1433
145	1436
145	1437
1436	1435
1437	1438
1016	1015
1441	1440
541	540
1442	1443
148	1446
148	1447
148	149
1446	1445
1447	1448
149	1451
149	1452
149	150
1451	1450
1452	1453
150	1456
150	1457
1456	1455
1457	1458
551	550
1461	1460
556	555
1462	1463
153	1466
153	1467
153	154
1466	1465
1467	1468
154	1471
154	1472
154	155
1471	1470
1472	1473
155	1476
155	1477
1476	1475
1477	1478
566	565
1481	1480
571	570
1482	1483
158	1486
158	1487
158	159
1486	1485
1487	1488
159	1491
159	1492
159	160
1491	1490
1492	1493
160	1496
160	1497
1496	1495
1497	1498
581	580
1501	1500
586	585
1502	1503
163	1506
163	1507
163	164
1506	1505
1507	1508
164	1511
164	1512
164	165
1511	1510
1512	1513
165	1516
165	1517
1516	1515
1517	1518
601	600
1521	1520
611	610
1522	1523
168	1526
168	1527
168	169
1526	1525
1527	1528
169	1531
169	1532
169	170
1531	1530
1532	1533
170	1536
170	1537
1536	1535
1537	1538
621	620
1541	1540
626	625
1542	1543
173	1546
173	1547
173	174
1546	1545
1547	1548
174	1551
174	1552
174	175
1551	1550
1552	1553
175	1556
175	1557
1556	1555
1557	1558
636	635
1561	1560
641	640
1562	1563
178	1566
178	1567
178	179
1566	1565
1567	1568
179	1571
179	1572
179	180
1571	1570
1572	1573
180	1576
180	1577
1576	1575
1577	1578
651	650
1581	1580
656	655
1582	1583
183	1586
183	1587
183	184
1586	1585
1587	1588
184	1591
184	1592
184	185
1591	1590
1592	1593
185	1596
185	1597
1596	1595
1597	1598
671	670
1601	1600
681	680
1602	1603
188	1606
188	1607
188	189
1606	1605
1607	1608
189	1611
189	1612
189	190
1611	1610
1612	1613
190	1616
190	1617
1616	1615
1617	1618
691	690
1621	1620
696	695
1622	1623
193	1626
193	1627
193	194
1626	1625
1627	1628
194	1631
194	1632
194	195
1631	1630
1632	1633
195	1636
195	1637
1636	1635
1637	1638
706	705
1641	1640
711	710
1642	1643
198	1646
198	1647
198	199
1646	1645
1647	1648
199	1651
199	1652
199	200
1651	1650
1652	1653
200	1656
200	1657
1656	1655
1657	1658
721	720
1661	1660
726	725
1662	1663
203	1666
203	1667
203	204
1666	1665
1667	1668
204	1671
204	1672
204	205
1671	1670
1672	1673
205	1676
205	1677
1676	1675
1677	1678
741	740
1681	1680
751	750
1682	1683
208	1686
208	1687
208	209
1686	1685
1687	1688
209	1691
209	1692
209	210
1691	1690
1692	1693
210	1696
210	1697
1696	1695
1697	1698
761	760
1701	1700
766	765
1702	1703
213	1706
213	1707
213	214
1706	1705
1707	1708
214	1711
214	1712
214	215
1711	1710
1712	1713
215	1716
215	1717
1716	1715
1717	1718
776	775
1721	1720
781	780
1722	1723
218	1726
218	1727
218	219
1726	1725
1727	1728
219	1731
219	1732
219	220
1731	1730
1732	1733
220	1736
220	1737
1736	1735
1737	1738
791	790
1741	1740
796	795
1742	1743
223	1746
223	1747
223	224
1746	1745
1747	1748
224	1751
224	1752
224	225
1751	1750
1752	1753
225	1756
225	1757
1756	1755
1757	1758
811	810
1761	1760
821	820
1762	1763
228	1766
228	1767
228	229
1766	1765
1767	1768
229	1771
229	1772
229	230
1771	1770
1772	1773
230	1776
230	1777
1776	1775
1777	1778
831	830
1781	1780
836	835
1782	1783
233	1786
233	1787
233	234
1786	1785
1787	1788
234	1791
234	1792
234	235
1791	1790
1792	1793
235	1796
235	1797
1796	1795
1797	1798
846	845
1801	1800
851	850
1802	1803
238	1806
238	1807
238	239
1806	1805
1807	1808
239	1811
239	1812
239	240
1811	1810
1812	1813
240	1816
240	1817
1816	1815
1817	1818
861	860
1821	1820
866	865
1822	1823
243	1826
243	1827
243	244
1826	1825
1827	1828
244	1831
244	1832
244	245
1831	1830
1832	1833
245	1836
245	1837
1836	1835
1837	1838
881	880
1841	1840
891	890
1842	1843
248	1846
248	1847
248	249
1846	1845
1847	1848
249	1851
249	1852
249	250
1851	1850
1852	1853
250	1856
250	1857
1856	1855
1857	1858
901	900
1861	1860
906	905
1862	1863
253	1866
253	1867
253	254
1866	1865
1867	1868
254	1871
254	1872
254	255
1871	1870
1872	1873
255	1876
255	1877
1876	1875
1877	1878
916	915
1881	1880
921	920
1882	1883
258	1886
258	1887
258	259
1886	1885
1887	1888
259	1891
259	1892
259	260
1891	1890
1892	1893
260	1896
260	1897
1896	1895
1897	1898
931	930
1901	1900
936	935
1902	1903
263	1906
263	1907
263	264
1906	1905
1907	1908
264	1911
264	1912
264	265
1911	1910
1912	1913
265	1916
265	1917
1916	1915
1917	1918
951	950
1921	1920
961	960
1922	1923
268	1926
268	1927
268	269
1926	1925
1927	1928
269	1931
269	1932
269	270
1931	1930
1932	1933
270	1936
270	1937
1936	1935
1937	1938
971	970
1941	1940
976	975
1942	1943
273	1946
273	1947
273	274
1946	1945
1947	1948
274	1951
274	1952
274	275
1951	1950
1952	1953
275	1956
275	1957
1956	1955
1957	1958
986	985
1961	1960
991	990
1962	1963
278	1966
278	1967
278	279
1966	1965
1967	1968
279	1971
279	1972
279	280
1971	1970
1972	1973
280	1976
280	1977
1976	1975
1977	1978
1001	1000
1981	1980
1006	1005
1982	1983
283	1986
283	1987
283	284
1986	1985
1987	1988
284	1991
284	1992
284	285
1991	1990
1992	1993
285	1996
285	1997
1996	1995
1997	1998
1021	1020
2001	2000
288	289
289	290
293	294
294	295
298	299
299	300
303	304
304	305
308	309
309	310
313	314
314	315
318	319
319	320
323	324
324	325
328	329
329	330
333	334
334	335
338	339
339	340
343	344
344	345
348	349
349	350
353	354
354	355
358	359
359	360
363	364
364	365
368	369
369	370
373	374
374	375
378	379
379	380
383	384
384	385
388	389
389	390
393	394
394	395
398	399
399	400
403	404
404	405
408	409
409	410
413	414
414	415
418	419
419	420
423	424
424	425
428	429
429	430
433	434
434	435
438	439
439	440
443	444
444	445
448	449
449	450
453	454
454	455
458	459
459	460
463	464
464	465
468	469
469	470
473	474
474	475
478	479
479	480
483	484
484	485
488	489
489	490
493	494
494	495
498	499
499	500
503	504
504	505
508	509
509	510
513	514
514	515
518	519
519	520
523	524
524	525
528	529
529	530
533	534
534	535
538	539
539	540
543	544
544	545
548	549
549	550
553	554
554	555
558	559
559	560
563	564
564	565
568	569
569	570
573	574
574	575
578	579
579	580
583	584
584	585
588	589
589	590
593	594
594	595
598	599
599	600
603	604
604	605
608	609
609	610
613	614
614	615
618	619
619	620
623	624
624	625
628	629
629	630
633	634
634	635
638	639
639	640
643	644
644	645
648	649
649	650
653	654
654	655
658	659
659	660
663	664
664	665
668	669
669	670
673	674
674	675
678	679
679	680
683	684
684	685
688	689
689	690
693	694
694	695
698	699
699	700
703	704
704	705
708	709
709	710
713	714
714	715
718	719
719	720
723	724
724	725
728	729
729	730
733	734
734	735
738	739
739	740
743	744
744	745
748	749
749	750
753	754
754	755
758	759
759	760
763	764
764	765
768	769
769	770
773	774
774	775
778	779
779	780
783	784
784	785
788	789
789	790
793	794
794	795
798	799
799	800
803	804
804	805
808	809
809	810
813	814
814	815
818	819
819	820
823	824
824	825
828	829
829	830
833	834
834	835
838	839
839	840
843	844
844	845
848	849
849	850
853	854
854	855
858	859
859	860
863	864
864	865
868	869
869	870
873	874
874	875
878	879
879	880
883	884
884	885
888	889
889	890
893	894
894	895
898	899
899	900
903	904
904	905
908	909
909	910
913	914
914	915
918	919
919	920
923	924
924	925
928	929
929	930
933	934
934	935
938	939
939	940
943	944
944	945
948	949
949	950
953	954
954	955
958	959
959	960
963	964
964	965
968	969
969	970
973	974
974	975
978	979
979	980
983	984
984	985
988	989
989	990
993	994
994	995
998	999
999	1000
1003	1004
1004	1005
1008	1009
1009	1010
1013	1014
1014	1015
1018	1019
1019	1020
1023	1024
1024	1025
1028	1029
1029	1030
1033	1034
1034	1035
1038	1039
1039	1040
1043	1044
1044	1045
1048	1049
1049	1050
1053	1054
1054	1055
1058	1059
1059	1060
1063	1064
1064	1065
1068	1069
1069	1070
1073	1074
1074	1075
1078	1079
1079	1080
1083	1084
1084	1085
1088	1089
1089	1090
1093	1094
1094	1095
1098	1099
1099	1100
1103	1104
1104	1105
1108	1109
1109	1110
1113	1114
1114	1115
1118	1119
1119	1120
1123	1124
1124	1125
1128	1129
1129	1130
1133	1134
1134	1135
1138	1139
1139	1140
1143	1144
1144	1145
1148	1149
1149	1150
1153	1154
1154	1155
1158	1159
1159	1160
1163	1164
1164	1165
1168	1169
1169	1170
1173	1174
1174	1175
1178	1179
1179	1180
1183	1184
1184	1185
1188	1189
1189	1190
1193	1194
1194	1195
1198	1199
1199	1200
1203	1204
1204	1205
1208	1209
1209	1210
1213	1214
1214	1215
1218	1219
1219	1220
1223	1224
1224	1225
1228	1229
1229	1230
1233	1234
1234	1235
1238	1239
1239	1240
1243	1244
1244	1245
1248	1249
1249	1250
1253	1254
1254	1255
1258	1259
1259	1260
1263	1264
1264	1265
1268	1269
1269	1270
1273	1274
1274	1275
1278	1279
1279	1280
1283	1284
1284	1285
1288	1289
1289	1290
1293	1294
1294	1295
1298	1299
1299	1300
1303	1304
1304	1305
1308	1309
1309	1310
1313	1314
1314	1315
1318	1319
1319	1320
1323	1324
1324	1325
1328	1329
1329	1330
1333	1334
1334	1335
1338	1339
1339	1340
1343	1344
1344	1345
1348	1349
1349	1350
1353	1354
1354	1355
1358	1359
1359	1360
1363	1364
1364	1365
1368	1369
1369	1370
1373	1374
1374	1375
1378	1379
1379	1380
1383	1384
1384	1385
1388	1389
1389	1390
1393	1394
1394	1395
1398	1399
1399	1400
1403	1404
1404	1405
1408	1409
1409	1410
1413	1414
1414	1415
1418	1419
1419	1420
1423	1424
1424	1425
1428	1429
1429	1430
1433	1434
1434	1435
1438	1439
1439	1440
1443	1444
1444	1445
1448	1449
1449	1450
1453	1454
1454	1455
1458	1459
1459	1460
1463	1464
1464	1465
1468	1469
1469	1470
1473	1474
1474	1475
1478	1479
1479	1480
1483	1484
1484	1485
1488	1489
1489	1490
1493	1494
1494	1495
1498	1499
1499	1500
1503	1504
1504	1505
1508	1509
1509	1510
1513	1514
1514	1515
1518	1519
1519	1520
1523	1524
1524	1525
1528	1529
1529	1530
1533	1534
1534	1535
1538	1539
1539	1540
1543	1544
1544	1545
1548	1549
1549	1550
1553	1554
1554	1555
1558	1559
1559	1560
1563	1564
1564	1565
1568	1569
1569	1570
1573	1574
1574	1575
1578	1579
1579	1580
1583	1584
1584	1585
1588	1589
1589	1590
1593	1594
1594	1595
1598	1599
1599	1600
1603	1604
1604	1605
1608	1609
1609	1610
1613	1614
1614	1615
1618	1619
1619	1620
1623	1624
1624	1625
1628	1629
1629	1630
1633	1634
1634	1635
1638	1639
1639	1640
1643	1644
1644	1645
1648	1649
1649	1650
1653	1654
1654	1655
1658	1659
1659	1660
1663	1664
1664	1665
1668	1669
1669	1670
1673	1674
1674	1675
1678	1679
1679	1680
1683	1684
1684	1685
1688	1689
1689	1690
1693	1694
1694	1695
1698	1699
1699	1700
1703	1704
1704	1705
1708	1709
1709	1710
1713	1714
1714	1715
1718	1719
1719	1720
1723	1724
1724	1725
1728	1729
1729	1730
1733	1734
1734	1735
1738	1739
1739	1740
1743	1744
1744	1745
1748	1749
1749	1750
1753	1754
1754	1755
1758	1759
1759	1760
1763	1764
1764	1765
1768	1769
1769	1770
1773	1774
1774	1775
1778	1779
1779	1780
1783	1784
1784	1785
1788	1789
1789	1790
1793	1794
1794	1795
1798	1799
1799	1800
1803	1804
1804	1805
1808	1809
1809	1810
1813	1814
1814	1815
1818	1819
1819	1820
1823	1824
1824	1825
1828	1829
1829	1830
1833	1834
1834	1835
1838	1839
1839	1840
1843	1844
1844	1845
1848	1849
1849	1850
1853	1854
1854	1855
1858	1859
1859	1860
1863	1864
1864	1865
1868	1869
1869	1870
1873	1874
1874	1875
1878	1879
1879	1880
1883	1884
1884	1885
1888	1889
1889	1890
1893	1894
1894	1895
1898	1899
1899	1900
1903	1904
1904	1905
1908	1909
1909	1910
1913	1914
1914	1915
1918	1919
1919	1920
1923	1924
1924	1925
1928	1929
1929	1930
1933	1934
1934	1935
1938	1939
1939	1940
1943	1944
1944	1945
1948	1949
1949	1950
1953	1954
1954	1955
1958	1959
1959	1960
1963	1964
1964	1965
1968	1969
1969	1970
1973	1974
1974	1975
1978	1979
1979	1980
1983	1984
1984	1985
1988	1989
1989	1990
1993	1994
1994	1995
1998	1999
1999	2000
