1	2
1	3
1	4
1	262
1	1328
1	1511
1	1699
1	1997
1	1998
1	2000
2	4
2	171
2	695
2	1266
2	1484
2	1504
2	1838
2	1998
3	4
3	7
3	25
3	573
3	779
3	907
3	1171
3	1229
3	1999
3	2000
4	5
4	7
4	429
4	528
4	539
4	1078
4	1641
4	1709
4	2000
5	7
5	8
5	9
5	63
5	433
5	559
5	1282
6	7
6	8
6	10
6	14
6	659
6	1014
6	1409
6	1815
7	9
7	10
7	11
7	401
7	1945
8	10
8	11
8	354
8	494
8	1176
9	13
9	95
9	533
9	1408
9	1409
9	1505
9	1510
9	1677
10	11
10	12
10	13
10	14
10	695
10	795
11	12
11	14
11	15
11	169
11	1299
11	1853
12	14
12	254
12	743
12	912
12	1640
13	16
13	714
13	1421
13	1990
14	17
14	828
14	1089
14	1307
14	1677
15	16
15	17
15	55
15	138
15	1129
16	19
16	87
16	773
16	902
16	1926
17	18
17	19
17	115
17	582
17	1266
17	1632
17	1759
18	19
18	20
18	483
18	1213
18	1443
18	1838
18	1971
19	20
19	240
19	447
19	910
19	1068
19	1245
19	1431
19	1558
19	1636
19	1968
20	21
20	50
20	940
20	1166
20	1559
21	22
21	23
21	243
21	352
21	879
21	1995
22	25
22	31
22	355
22	370
22	747
22	919
22	1231
22	1375
22	1812
22	1821
23	26
23	158
23	324
23	409
23	487
23	759
23	946
23	1391
23	1859
24	26
24	61
24	451
24	654
24	1362
24	1372
24	1512
24	1529
25	27
25	28
25	141
25	929
25	1175
25	1789
26	28
26	29
26	809
26	1139
26	1546
26	1554
26	1779
26	1808
26	1862
26	1993
27	29
27	31
27	151
27	482
27	573
27	1132
28	29
28	665
28	761
28	962
28	1329
28	1553
29	33
29	152
29	470
29	755
29	1488
30	32
30	34
30	594
30	911
30	1675
30	1759
31	157
31	185
31	464
31	1681
32	33
32	34
32	35
32	708
32	1706
33	37
33	535
33	806
33	1117
33	1204
33	1996
34	35
34	36
34	38
34	608
34	1024
34	1113
34	1798
35	36
35	625
35	812
35	818
35	975
35	1074
35	1121
35	1235
35	1525
35	1764
35	1860
35	1891
36	136
36	303
36	506
36	773
36	1630
37	90
37	689
37	801
37	1202
37	1289
37	1575
37	1750
37	1914
37	1969
38	39
38	480
38	797
38	845
38	1425
38	1534
38	1899
39	280
39	724
39	1030
39	1124
39	1327
39	1449
40	41
40	43
40	432
40	441
40	605
40	999
40	1352
40	1903
41	42
41	43
41	175
41	270
41	280
41	313
41	570
41	1548
41	1701
42	43
42	44
42	45
42	46
42	99
42	602
42	1014
43	44
43	47
43	98
43	124
43	537
43	645
43	1062
44	47
44	48
44	174
44	408
44	421
44	1100
44	1677
45	46
45	47
45	49
45	1113
45	1874
46	48
46	49
46	50
46	767
47	49
47	640
47	708
47	1248
47	1573
48	50
48	51
48	333
48	902
48	1403
48	1814
48	1888
49	51
49	52
49	53
49	168
49	566
49	575
49	869
50	51
50	295
50	589
50	879
50	899
50	1497
50	1510
50	1968
51	54
51	462
51	1438
51	1974
52	288
52	782
52	853
52	1170
52	1662
53	54
53	55
53	516
53	534
53	821
53	1041
54	55
54	58
54	978
54	1362
54	1405
54	1674
54	1925
55	59
55	204
55	751
55	1296
55	1373
55	1991
56	57
56	59
56	406
56	416
56	486
56	859
56	1726
57	59
57	60
57	61
57	791
57	1151
58	60
58	126
58	164
58	190
58	578
58	1075
58	1606
59	62
59	205
59	381
59	465
59	517
59	781
59	1270
59	1401
60	62
60	63
60	540
60	906
60	1140
60	1793
60	1853
60	1894
61	64
61	1015
61	1341
61	1504
61	1652
61	1797
61	1819
61	1981
62	63
62	311
62	1174
62	1547
62	1765
62	1905
62	1959
63	64
63	66
63	1540
63	1667
64	67
64	271
64	754
64	1463
65	66
65	69
65	112
65	846
65	1222
65	1646
66	355
66	386
66	482
66	767
66	1495
66	1581
66	1893
66	1931
67	68
67	69
67	70
67	249
67	702
67	1166
67	1257
68	69
68	136
68	289
68	1303
68	1398
68	1689
68	1835
68	1872
69	73
69	400
69	464
69	667
69	1565
70	72
70	73
70	332
70	1830
71	74
71	75
71	419
71	1406
72	458
72	550
72	572
72	658
72	1076
72	1131
72	1282
72	1322
72	1345
72	1437
72	1598
72	1902
73	75
73	76
73	1656
73	1875
74	77
74	78
74	131
74	359
74	869
74	1492
75	79
75	646
75	925
75	1772
75	1885
75	1966
76	77
76	79
76	81
76	94
76	775
76	936
76	1291
76	1451
76	1630
77	79
77	80
77	81
77	392
77	453
78	79
78	82
78	1224
78	1682
78	1744
79	83
79	337
79	436
79	1002
79	1130
79	1310
80	81
80	82
80	227
80	434
80	1086
80	1234
80	1711
80	1815
81	83
81	441
81	661
81	735
81	883
81	1270
81	1480
81	1482
82	83
82	84
82	85
82	720
82	1228
83	84
83	85
83	361
83	466
83	854
83	966
83	1278
84	87
84	88
84	626
84	1314
84	1606
84	1728
85	88
85	89
85	612
85	624
85	1054
86	226
86	258
86	279
86	897
86	1838
86	1897
87	89
87	91
87	409
87	832
87	936
87	1050
88	89
88	90
88	1192
88	1575
88	1891
89	91
89	92
89	93
89	901
89	933
89	1581
89	1916
90	91
90	94
90	829
90	1496
91	95
91	213
91	479
91	665
91	789
91	864
92	93
92	94
92	96
92	764
92	1240
92	1402
92	1832
93	95
93	257
93	267
93	828
93	1074
94	129
94	1066
94	1229
94	1761
95	97
95	433
95	634
95	768
95	927
95	961
95	997
95	1125
95	1199
95	1502
95	1534
95	1641
96	653
96	1172
96	1207
96	1238
96	1485
96	1831
97	98
97	99
97	337
97	522
97	639
97	1223
98	99
98	100
98	101
98	123
98	437
98	863
99	101
99	102
99	103
99	444
100	101
100	385
100	527
100	1149
100	1973
101	356
101	378
101	659
101	1162
102	103
102	105
102	106
102	1064
102	1101
102	1183
103	126
103	178
103	909
103	1152
103	1509
103	1611
104	106
104	107
104	108
104	1192
104	1996
105	106
105	108
105	109
105	1348
105	1391
105	1836
106	110
106	141
106	1056
106	1115
106	1120
106	1273
106	1947
107	109
107	210
107	826
107	1048
107	1455
107	1618
107	1747
107	1936
108	111
108	889
108	1104
108	1501
108	1567
108	1684
108	1866
109	110
109	111
109	549
109	938
109	1135
109	1956
109	2000
110	111
110	112
110	113
110	114
110	536
110	1245
111	113
111	114
111	501
111	718
111	1624
111	1874
112	116
112	475
112	1174
112	1258
112	1529
113	114
113	116
113	435
113	916
113	1008
113	1512
113	1718
113	1994
114	116
114	117
114	1150
114	1760
114	1898
115	116
115	118
115	162
115	377
115	543
115	1180
115	1206
115	1304
116	117
116	118
116	119
116	120
116	1446
117	120
117	121
117	199
117	982
117	1219
117	1740
117	1987
118	582
118	793
118	811
118	824
118	1222
118	1238
118	1243
119	120
119	121
119	351
119	948
119	1494
120	121
120	485
120	1140
120	1242
120	1591
120	1891
121	122
121	123
121	125
121	374
121	1517
121	1807
122	268
122	377
122	378
122	1107
122	1153
122	1742
123	249
123	564
123	580
123	744
124	125
124	126
124	1084
124	1174
124	1274
124	1637
124	1685
125	129
125	642
125	657
125	862
125	986
125	1264
125	1399
125	1436
125	1514
126	129
126	130
126	455
126	492
126	930
127	130
127	131
127	539
127	868
127	1307
127	1699
128	129
128	218
128	937
128	1892
129	130
129	133
129	215
129	474
130	132
130	262
130	321
130	852
130	1909
131	175
131	299
131	663
131	907
132	135
132	290
132	981
132	1828
132	1907
133	136
133	137
133	247
133	308
133	1614
133	1892
134	136
134	138
134	318
134	642
134	1115
134	1307
134	1615
135	137
135	138
135	414
135	674
135	1583
136	137
136	138
136	139
136	140
136	194
137	138
137	140
137	290
137	1503
137	1862
138	141
138	1123
138	1216
138	1573
138	1599
138	1880
139	140
139	142
139	143
139	467
139	1413
139	1607
140	142
140	719
140	907
140	945
140	1297
140	1455
140	1541
140	1681
141	143
141	144
141	547
141	1194
141	1658
142	143
142	145
142	543
142	675
142	919
142	979
142	999
142	1760
143	147
143	254
143	264
143	431
143	897
143	1191
143	1525
144	147
144	148
144	480
144	1546
144	1965
145	146
145	149
145	156
145	898
145	1092
145	1185
145	1389
145	1715
145	1982
146	150
146	845
146	983
146	1224
146	1744
147	151
147	267
147	660
147	968
147	1722
148	149
148	150
148	442
148	995
148	1089
149	150
149	152
149	340
149	398
149	794
149	1111
149	1639
150	685
150	969
150	1067
150	1083
150	1298
150	1304
151	153
151	154
151	318
151	440
151	1844
152	154
152	156
152	210
152	1198
152	1900
153	154
153	155
153	156
153	602
153	1317
153	1344
153	1444
154	155
154	158
154	279
154	397
154	406
154	456
154	900
154	990
154	1217
154	1625
155	156
155	158
155	159
155	780
155	1297
155	1369
156	159
156	282
156	1855
156	1911
157	159
157	161
157	279
157	420
157	465
158	160
158	162
158	936
158	1466
159	161
159	753
159	1162
159	1179
159	1258
159	1748
160	378
160	788
160	1230
160	1275
160	1423
160	1588
160	1626
160	1804
161	162
161	936
161	1283
161	1737
161	1960
162	164
162	1140
162	1565
162	1755
162	1790
162	1975
163	164
163	166
163	167
163	1023
163	1232
163	1515
164	165
164	265
164	432
164	1515
164	1797
165	167
165	208
165	372
165	1029
165	1165
165	1167
165	1342
166	168
166	169
166	1033
166	1096
166	1163
166	1185
167	476
167	515
167	613
167	928
167	1300
167	1677
168	172
168	550
168	575
168	792
168	882
168	1344
168	1914
169	172
169	449
169	750
169	761
169	1108
169	1134
170	708
170	747
170	1171
170	1519
170	1754
170	1858
171	215
171	1092
171	1210
171	1503
171	1599
172	174
172	176
172	216
172	1333
172	1366
172	1702
173	174
173	175
173	176
173	671
173	864
173	1056
174	177
174	178
174	426
174	458
174	470
174	1180
175	419
175	1562
176	178
176	179
176	399
176	1956
177	179
177	180
177	181
177	984
177	1036
177	1040
177	1076
177	1944
178	180
178	369
178	595
178	614
179	241
179	419
179	527
179	608
179	1414
179	1451
179	1968
180	183
180	184
180	386
180	681
180	1220
180	1875
180	1993
181	183
181	185
181	457
181	911
181	1557
181	1718
182	185
182	186
182	227
182	233
182	236
182	273
182	1320
182	1420
182	1596
182	1722
183	185
183	186
183	942
183	1680
183	1887
184	187
184	188
184	189
184	358
184	765
184	863
184	1412
184	1875
185	187
185	470
185	653
185	676
185	1353
186	188
186	998
186	1349
186	1615
186	1781
187	189
187	190
187	191
187	538
187	1087
188	189
188	191
188	192
188	560
188	1350
188	1453
188	1846
189	671
189	936
189	1498
189	1702
189	1773
190	191
190	194
190	600
190	903
190	1400
190	1483
190	1992
191	194
191	195
191	241
191	356
191	1073
191	1198
191	1597
192	193
192	194
192	391
192	1169
192	1593
193	195
193	197
193	964
193	1299
193	1356
193	1379
193	1603
193	1801
194	198
194	656
194	1473
194	1522
195	196
195	198
195	199
195	466
195	694
195	1295
195	1550
195	1565
195	1714
196	532
196	690
196	691
196	1091
196	1132
196	1730
196	1842
197	199
197	200
197	201
197	649
197	707
197	1149
197	1888
198	199
198	201
198	698
198	1963
199	203
199	884
199	1383
199	1613
199	1844
199	1982
200	201
200	202
200	203
200	1238
200	1929
201	258
201	312
201	777
201	862
201	1427
201	1675
201	1782
201	1986
202	204
202	371
202	520
202	611
202	759
202	959
202	967
202	1770
202	1836
203	206
203	207
203	438
203	1165
203	1175
203	1985
204	206
204	208
204	234
204	461
204	841
204	1456
204	1659
205	207
205	208
205	811
205	1408
205	1471
205	1963
206	207
206	208
206	210
206	641
206	826
206	1126
206	1552
207	419
207	817
207	912
207	1197
207	1303
207	1469
208	210
208	211
208	212
208	252
208	533
208	861
208	1365
209	210
209	211
209	213
209	398
209	471
209	612
209	1130
209	1595
209	1967
210	213
210	324
210	528
210	719
210	728
210	1204
211	212
211	213
211	254
211	991
211	994
211	1396
211	1423
212	213
212	214
212	216
212	467
212	1760
212	1787
213	214
213	215
213	216
213	524
214	216
214	431
214	933
214	1002
215	219
215	285
215	572
215	901
215	1305
216	218
216	220
216	431
216	451
216	705
216	1568
216	1776
217	219
217	220
217	302
217	702
217	919
217	932
217	1826
218	219
218	222
218	522
218	1045
219	220
219	221
219	574
219	783
219	1431
219	1485
219	1819
219	1899
220	222
220	872
220	1118
220	1431
220	1724
221	222
221	224
221	1094
221	1532
221	1834
221	1966
222	223
222	226
222	301
222	1052
222	1266
222	1441
222	1792
223	225
223	226
223	227
223	1359
223	1716
224	227
224	352
224	1105
224	1238
224	1637
224	1744
225	227
225	229
225	391
225	1103
225	1209
225	1333
226	597
226	784
226	1132
226	1209
227	230
227	1371
227	1497
227	1831
227	1871
228	229
228	852
228	1513
228	1577
228	1578
228	1628
228	1988
229	231
229	233
229	363
229	393
229	801
229	1715
230	233
230	1177
230	1589
230	1913
230	1937
230	1979
231	232
231	352
231	353
231	358
231	421
231	1114
231	1731
232	236
232	332
232	737
232	1577
232	1752
232	1793
232	1802
233	235
233	366
233	458
233	860
233	925
233	940
233	1562
233	1566
234	235
234	236
234	615
234	1419
234	1438
234	1711
235	236
235	237
235	638
235	1051
235	1180
235	1548
235	1684
236	238
236	240
236	1081
236	1313
237	238
237	241
237	426
237	835
237	1463
237	1638
237	1813
238	239
238	241
238	641
238	909
238	1041
239	241
239	242
239	302
239	872
239	1297
239	1521
239	1626
240	242
240	243
240	306
240	735
240	1184
240	1245
240	1487
240	1616
240	1871
241	242
241	243
241	506
241	1767
242	243
242	975
242	1053
242	1151
242	1386
242	1936
243	247
243	417
243	506
243	798
243	967
243	1180
243	1684
243	1895
243	1985
244	248
244	730
244	821
244	1496
244	1591
245	249
245	270
245	425
245	476
245	544
245	775
245	895
245	1057
245	1480
246	249
246	250
246	256
246	1165
246	1531
247	248
247	251
247	444
247	887
247	1528
247	1807
248	249
248	250
248	251
248	928
248	1058
248	1082
248	1319
248	1407
249	250
249	251
249	711
249	1221
249	1478
249	1559
250	251
250	252
250	254
250	532
250	677
250	1421
251	253
251	266
251	643
251	680
251	881
251	947
251	1297
252	254
252	491
252	520
252	636
253	667
253	1059
253	1114
253	1245
253	1619
254	338
254	407
254	440
254	441
254	683
254	767
254	1627
254	1779
255	257
255	259
255	478
255	790
255	840
255	1141
255	1736
256	258
256	308
256	787
256	1727
257	258
257	559
257	771
257	791
257	913
257	1274
258	259
258	261
258	504
258	1267
259	353
259	396
259	613
259	1091
259	1117
259	1948
260	261
260	262
260	264
260	440
261	262
261	265
261	1004
261	1284
262	263
262	264
262	1165
262	1259
263	265
263	267
263	388
263	797
263	806
263	1178
263	1219
263	1791
264	267
264	268
264	269
264	1655
265	266
265	267
265	269
265	466
265	1709
265	1930
266	268
266	269
266	620
266	660
266	1028
266	1345
267	271
267	1596
267	1832
268	269
268	270
268	292
268	611
268	1335
268	1363
269	272
269	486
269	657
269	1171
269	1508
269	1551
269	1771
270	271
270	279
270	320
270	748
270	862
271	274
271	275
271	516
271	974
271	1113
271	1907
272	315
272	643
272	688
272	920
272	1054
272	1088
272	1353
273	518
273	1349
273	1374
273	1627
273	1990
274	275
274	278
274	438
274	822
274	1047
274	1217
275	277
275	279
275	399
275	1129
276	278
276	630
276	737
276	832
276	1666
277	279
277	280
277	990
277	1105
278	280
278	282
278	427
278	616
278	668
278	850
278	1032
278	1624
278	1680
279	280
279	281
279	974
279	989
279	1289
279	1728
280	281
280	283
280	333
280	446
280	524
280	730
280	1344
280	1761
281	282
281	284
281	285
281	651
282	284
282	285
282	953
282	1008
282	1387
283	284
283	625
283	970
283	983
283	1275
283	1534
283	1553
283	1564
283	1940
284	285
284	286
284	288
284	493
284	1541
284	1578
284	1819
285	286
285	287
285	289
285	785
286	287
286	289
286	1337
286	1410
286	1683
287	470
287	759
287	1213
287	1278
287	1316
287	1418
287	1745
287	1910
288	289
288	290
288	291
288	296
288	471
288	495
288	888
288	1858
289	290
289	292
289	293
289	1097
289	1685
290	292
290	293
290	294
290	954
290	1615
290	1918
291	292
291	293
291	294
291	295
291	799
292	293
292	660
292	816
292	1380
292	1671
293	296
293	297
293	847
293	970
293	1215
293	1771
293	1972
294	295
294	296
294	297
294	298
294	396
294	1016
294	1667
295	296
295	298
295	1882
296	297
296	325
296	359
296	408
296	721
297	299
297	300
297	301
297	422
297	700
297	1409
297	1703
297	1723
298	299
298	300
298	1164
298	1661
298	1869
299	303
299	1125
299	1241
299	1810
299	1985
300	301
300	813
300	1079
300	1101
300	1213
300	1554
300	1633
300	1977
301	304
301	312
301	500
301	1189
301	1265
301	1754
302	303
302	1551
302	1882
303	306
303	307
303	337
303	381
303	1119
303	1384
303	1788
303	1820
304	306
304	308
304	495
304	864
304	1936
305	306
305	308
305	309
305	425
305	683
305	1173
305	1885
306	308
306	445
306	536
306	1818
307	310
307	1116
307	1213
307	1585
307	1765
308	741
308	830
308	1729
309	311
309	312
309	313
309	1689
310	314
310	450
310	828
310	1036
310	1101
310	1265
310	1394
310	1658
310	1697
311	313
311	450
311	1298
311	1337
312	313
312	314
312	315
312	370
312	1376
312	1814
313	314
313	316
313	580
313	1266
314	317
314	318
314	659
314	1067
314	1543
314	1880
315	316
315	318
315	763
315	1153
315	1237
315	1443
315	1656
315	1705
316	317
316	318
316	319
316	320
316	390
316	1027
316	1634
317	320
317	706
317	789
317	939
317	957
317	1398
317	1578
317	1805
318	389
318	1321
318	1401
318	1714
319	320
319	747
319	1041
319	1175
319	1520
320	322
320	323
320	1007
320	1024
320	1287
320	1329
320	1346
321	770
321	1200
321	1222
321	1334
321	1681
321	1706
322	323
322	324
322	325
322	470
322	1669
323	325
323	326
323	327
323	676
323	1440
323	1735
323	1744
324	325
324	1238
324	1571
324	1800
324	1853
324	1937
325	326
325	413
325	905
325	1242
326	330
326	446
326	634
326	843
326	992
326	1023
326	1350
326	1838
327	328
327	329
327	1094
327	1215
327	1414
327	1444
327	1737
328	330
328	629
328	638
328	699
328	756
329	332
329	468
329	577
329	643
329	741
329	862
329	1465
329	1736
329	1778
330	331
330	332
330	333
330	341
330	362
330	1799
331	332
331	333
331	387
331	761
331	862
332	333
332	1189
332	1335
332	1504
332	1605
332	1903
333	335
333	525
333	918
333	1346
333	1347
333	1957
334	335
334	337
334	338
334	620
334	758
334	1201
334	1383
335	766
335	782
335	896
335	1910
335	1961
336	337
336	338
336	659
336	1863
337	338
337	339
337	341
337	827
337	1178
337	1999
338	339
338	340
338	342
338	692
338	1128
338	1470
338	1891
339	341
339	342
339	343
339	664
339	888
339	1108
340	1442
340	1455
340	1746
341	344
341	1260
341	1686
341	1809
341	1882
342	344
342	379
342	467
342	1318
342	1906
343	344
343	347
343	501
343	907
343	957
343	1390
343	1618
343	1693
344	347
344	348
344	626
344	1100
344	1572
344	1880
344	1912
345	349
345	631
345	872
345	884
345	1343
345	1490
345	1642
345	1907
346	349
346	881
346	1289
346	1728
346	1812
347	348
347	351
347	1203
347	1359
347	1521
347	1823
347	1862
347	1919
348	350
348	519
348	860
348	1634
348	1827
349	350
349	352
349	353
349	399
349	432
349	765
349	1413
350	351
350	354
350	506
350	764
350	1786
350	1875
351	354
351	355
351	1042
351	1863
352	732
352	768
352	794
352	1040
352	1180
353	354
353	355
353	356
353	630
353	1372
353	1792
354	356
354	357
354	365
354	469
354	617
354	763
354	1986
355	356
355	1059
355	1133
355	1294
355	1600
356	604
356	747
356	1419
356	1769
357	363
357	637
357	1093
357	1238
357	1631
357	1842
358	362
358	686
358	839
358	959
358	1003
358	1036
358	1294
358	1625
359	360
359	361
359	362
359	363
359	1153
359	1829
360	361
360	363
360	375
360	964
360	1080
360	1423
360	1582
361	363
361	606
361	1042
361	1502
361	1962
362	363
362	564
362	1126
362	1143
362	1261
362	1341
362	1893
362	1933
363	366
363	367
363	1141
363	1291
364	367
364	810
364	1280
364	1290
364	1626
364	1798
365	366
365	368
365	1073
365	1359
365	1737
365	1910
366	369
366	966
366	1795
366	1835
366	1847
367	371
367	542
367	937
367	954
367	1022
367	1171
367	1258
367	1350
367	1382
367	1421
367	1654
368	371
368	372
368	1021
368	1489
368	1882
369	371
369	372
369	373
369	1196
369	1513
370	1023
370	1218
370	1368
370	1382
370	1523
370	1542
370	1927
371	372
371	374
371	470
371	1599
372	374
372	375
372	423
372	581
372	1689
373	375
373	796
373	930
373	1020
373	1107
373	1684
373	1724
374	376
374	397
374	448
374	1274
374	1720
374	1777
374	1870
375	959
375	1338
375	1733
375	1911
376	737
376	845
376	1268
376	1346
376	1376
376	1873
376	1946
377	378
377	409
377	862
377	904
377	959
377	1101
377	1135
377	1385
378	379
378	553
378	1793
378	1836
379	381
379	382
379	383
379	443
379	1185
379	1269
380	381
380	382
380	383
380	1543
381	383
381	804
381	1068
381	1306
381	1326
382	420
382	545
382	792
382	815
382	1350
383	384
383	387
383	504
383	1649
383	1829
384	385
384	388
384	517
384	1191
384	1638
384	1708
384	1793
385	386
385	388
385	590
385	1064
385	1085
385	1456
386	387
386	388
386	665
386	796
386	889
386	1496
386	1782
387	390
387	538
387	580
387	1043
387	1839
387	1932
388	389
388	391
388	701
388	1271
388	1450
388	1688
389	390
389	393
389	400
389	482
389	525
389	713
389	1189
389	1469
389	1742
390	391
390	587
390	682
390	1398
391	392
391	394
391	898
391	1299
391	1647
392	394
392	465
392	516
392	609
392	675
392	758
392	1280
392	1575
393	395
393	397
393	891
393	934
393	1739
393	1904
394	396
394	663
394	1146
394	1186
395	396
395	397
395	398
395	1842
396	397
396	1477
396	1591
397	399
397	401
397	506
397	1672
398	402
398	430
398	545
398	780
398	826
398	1972
399	403
399	688
399	1102
399	1799
400	505
400	703
400	1092
400	1160
401	403
401	405
401	1427
401	1513
401	1691
401	1698
401	1986
402	403
402	404
402	406
402	1415
402	1676
403	404
403	405
403	406
403	665
403	1446
404	405
404	406
404	408
404	648
404	1486
405	408
405	409
405	569
405	695
405	1253
406	414
406	943
406	1508
406	1550
406	1782
406	1860
407	409
407	410
407	411
407	1045
407	1052
408	410
408	411
408	412
408	886
408	1334
409	779
409	865
409	965
409	1988
410	412
410	714
410	1324
410	1749
411	412
411	414
411	889
411	933
411	1141
412	416
412	515
412	610
412	846
412	1196
412	1544
413	414
413	415
413	416
413	679
413	834
414	415
414	417
414	535
414	1679
415	416
415	417
415	419
415	1529
415	1811
416	418
416	540
416	1263
416	1468
417	418
417	1169
417	1188
417	1398
418	421
418	1395
418	1460
418	1551
418	1874
418	1957
419	423
419	677
419	716
420	421
420	422
420	1635
421	805
421	1111
421	1630
421	1907
422	423
422	425
422	701
422	1592
422	1984
423	424
423	427
423	473
423	538
423	582
423	1376
423	1970
424	428
424	436
424	517
424	993
424	1264
424	1374
425	426
425	428
425	705
425	764
425	1467
426	428
426	429
426	1280
426	1721
426	1804
426	1930
427	429
427	430
427	800
427	1376
427	1596
428	429
428	432
428	641
428	774
428	1401
429	430
429	432
429	1554
429	1639
429	1665
430	431
430	432
430	434
430	1480
430	1650
430	1713
431	432
431	433
431	435
431	1305
432	434
432	1054
432	1556
433	437
433	704
433	1383
433	1657
433	1690
434	622
434	1185
434	1215
434	1500
434	1546
435	1655
435	1778
435	1893
435	1911
436	439
436	440
436	1103
436	1140
436	1516
437	438
437	439
437	657
437	1096
437	1426
437	1508
438	439
438	440
438	807
438	970
438	1538
438	1851
439	475
439	571
439	1050
439	1463
439	1869
439	1870
440	441
440	443
440	444
440	1355
441	449
441	677
441	1220
441	1344
441	1809
441	1950
442	444
442	445
442	446
442	559
442	612
442	1265
442	1575
443	444
443	446
443	1615
443	1685
443	1798
444	447
444	1487
444	1601
444	1989
444	1992
445	446
445	948
445	1515
445	1571
445	1982
446	484
446	584
446	812
446	946
447	449
447	451
447	548
447	554
447	993
447	1944
448	450
448	451
448	452
448	1431
449	450
449	451
449	611
449	1187
449	1397
449	1456
449	1537
449	1710
450	453
450	493
450	975
450	1496
450	1851
451	453
451	779
451	1095
451	1378
451	1594
452	454
452	456
452	631
452	880
452	931
452	981
452	1934
453	455
453	456
453	457
453	569
453	706
453	1070
453	1130
453	1363
453	1560
454	455
454	457
454	458
454	1876
455	458
455	459
455	893
455	1247
455	1701
456	459
456	705
456	785
457	1044
457	1224
457	1377
457	1783
457	1796
457	1837
457	1899
458	460
458	590
458	1003
458	1385
458	1621
458	1730
459	460
459	461
459	462
459	502
459	1028
459	1772
460	462
460	463
460	464
460	1529
460	1578
461	463
461	464
461	1191
461	1459
462	464
462	466
462	690
462	1057
462	1083
463	464
463	640
463	1038
463	1238
463	1829
464	465
464	508
464	712
464	742
464	874
464	1887
465	578
465	707
465	1453
465	1563
465	1776
466	887
466	1215
466	1575
466	1594
466	1738
467	470
467	471
467	621
467	947
467	1641
468	471
468	738
468	1322
468	1680
468	1691
469	473
469	659
469	1632
470	1322
470	1333
470	1557
470	1845
471	474
471	681
472	474
472	476
472	630
472	1936
473	474
473	476
473	477
473	958
474	476
474	477
474	1712
474	1817
475	479
475	1060
475	1176
475	1337
476	478
476	479
476	798
477	479
477	481
477	512
477	649
477	760
477	856
477	870
477	1405
477	1545
477	1656
478	480
478	536
478	1140
478	1255
478	1259
478	1396
479	482
479	504
479	1270
479	1563
479	1598
479	1765
479	1809
480	483
480	484
480	1143
481	482
481	483
481	485
481	1539
482	486
482	1517
483	484
483	485
483	508
483	1785
483	1970
484	487
484	576
484	829
484	936
484	1499
484	1600
485	487
485	488
485	1138
485	1397
485	1633
485	1668
486	487
486	488
486	1472
486	1709
487	915
487	1175
487	1274
487	1641
487	1966
488	489
488	490
488	497
488	528
488	942
488	982
488	1982
489	490
489	491
489	880
489	1009
489	1102
489	1381
489	1653
489	1894
489	1962
490	491
490	493
490	690
490	1306
490	1442
491	493
491	1162
491	1725
492	493
492	1063
492	1310
492	1731
492	1878
493	1708
493	1890
493	1972
494	495
494	496
494	497
494	1326
494	1898
494	1905
495	497
495	1717
496	497
496	498
496	500
496	766
496	1113
497	498
497	501
497	593
497	978
498	501
498	791
498	850
498	856
498	1060
498	1681
499	501
499	503
499	921
499	1498
499	1701
500	502
500	602
500	700
500	735
500	1293
500	1751
501	522
501	699
501	774
502	504
502	505
502	757
502	979
502	986
502	1240
502	1926
503	504
503	507
503	1141
503	1295
504	506
504	507
504	1386
505	509
505	559
505	1091
505	1245
505	1710
505	1749
506	508
506	1074
507	509
507	510
507	602
507	607
507	1055
507	1151
508	510
508	1019
508	1570
508	1654
509	511
509	513
509	1054
509	1076
510	512
510	513
510	514
510	778
510	1812
511	513
511	514
511	515
511	1210
512	569
512	708
512	836
512	1122
512	1388
513	514
513	515
513	516
513	663
513	1239
513	1290
513	1604
513	1755
513	1838
514	515
514	516
514	517
514	518
515	516
515	518
515	519
515	1949
516	1123
516	1362
516	1427
516	1768
517	519
517	521
517	1649
518	520
518	978
518	1980
519	520
519	521
519	688
519	1146
519	1314
519	1849
520	521
520	522
520	523
520	524
521	522
521	523
521	733
521	790
521	1525
521	1767
521	1837
522	525
522	526
522	541
522	556
522	658
523	524
523	526
523	527
523	540
523	1953
524	525
524	1694
524	1992
525	1161
525	1852
526	527
526	529
526	530
526	723
526	735
526	1087
526	1108
526	1866
527	529
527	530
527	531
527	679
527	1364
527	1969
528	529
528	530
528	532
528	1008
528	1273
529	532
529	533
529	1338
529	1765
529	1785
529	1936
530	532
530	1429
530	1740
530	1749
530	1833
530	1963
531	720
531	871
531	1062
531	1473
531	1549
532	623
532	1401
533	553
533	632
533	986
533	1212
533	1845
534	535
534	1151
534	1586
534	1878
535	536
535	787
535	802
535	887
535	1399
535	1558
536	539
536	782
536	1107
536	1223
536	1260
536	1412
537	538
537	540
537	541
538	541
538	1119
538	1924
539	543
539	906
539	1433
539	1553
539	1636
539	1687
540	543
540	721
540	895
540	1854
541	543
541	545
541	664
542	543
542	544
542	693
543	544
543	547
543	861
543	1091
543	1163
543	1541
543	1677
544	545
544	547
544	548
544	848
545	1065
545	1082
545	1085
545	1816
545	1947
546	547
546	549
546	550
546	1474
547	548
547	1307
547	1310
547	1361
547	1367
547	1883
548	965
548	1129
548	1168
548	1507
549	550
549	551
549	920
549	1211
550	552
550	553
550	1786
551	554
551	577
551	1097
551	1428
551	1714
552	553
552	554
552	555
552	1706
552	1831
552	1935
553	556
553	836
553	1008
553	1104
553	1283
553	1499
554	556
554	874
554	1814
555	558
555	576
555	843
555	1029
555	1083
555	1568
555	1791
556	560
556	791
556	998
556	1069
556	1820
556	1991
557	559
557	929
557	948
557	957
557	1823
558	559
558	1212
558	1379
558	1531
558	1814
559	560
559	782
559	1382
559	1884
560	562
560	607
560	651
560	875
560	1218
560	1267
560	1466
561	565
561	679
561	855
561	1099
561	1384
561	1733
561	1990
562	565
562	587
562	1052
562	1059
562	1400
562	1707
562	1850
562	1956
563	564
563	567
563	628
563	676
563	1277
564	565
564	753
564	1994
565	567
565	568
565	1647
565	1869
565	1928
565	1981
565	1987
566	570
566	1010
566	1267
566	1579
566	1849
566	1896
567	569
567	570
567	882
567	897
567	1992
568	569
568	570
568	590
568	610
568	775
568	1327
568	1684
569	1087
569	1586
569	1884
570	571
570	572
570	574
570	711
570	1193
570	1756
571	572
571	651
571	1250
572	574
572	575
572	580
572	1432
573	574
573	577
573	1002
573	1242
573	1725
574	591
574	1081
574	1255
574	1667
574	1768
574	1832
575	576
575	577
575	578
576	577
576	1281
576	1419
577	578
577	579
577	581
577	1101
577	1129
577	1384
577	1411
577	1674
577	1727
578	580
578	582
578	1857
578	1871
578	1877
579	581
579	582
579	661
579	692
579	1208
579	1246
579	1671
580	685
580	1318
580	1765
580	1859
580	1984
581	585
581	982
581	1109
581	1169
581	1520
581	1895
582	586
582	719
582	1456
582	1927
583	648
583	676
583	1304
583	1310
583	1341
583	1760
584	585
584	586
584	587
584	1097
584	1312
585	586
585	587
585	588
585	589
585	911
585	1086
586	587
586	588
586	589
586	685
586	1872
587	940
587	1263
587	1971
588	592
588	1195
588	1232
588	1303
588	1618
588	1901
589	592
589	636
589	1029
590	591
590	594
590	653
590	715
590	1654
591	592
591	823
591	1256
591	1739
591	1768
592	593
592	595
592	596
592	855
592	1355
592	1407
593	595
593	596
593	955
593	1051
593	1098
593	1268
593	1344
593	1655
593	1720
594	597
594	598
594	786
594	992
594	1127
595	596
595	718
595	837
595	1135
595	1221
595	1241
595	1271
595	1778
596	597
596	598
596	1727
596	1729
597	599
597	601
597	695
597	1638
598	601
598	602
598	682
598	1426
598	1586
598	1993
599	601
599	602
599	897
599	929
599	1003
599	1158
599	1559
600	604
600	714
600	765
600	976
600	1057
601	605
601	750
601	1056
601	1797
601	1815
601	1945
602	605
602	1247
603	607
603	633
603	898
603	1012
603	1239
603	1513
603	1976
604	605
604	606
604	607
604	608
604	758
604	1075
605	606
605	607
605	609
605	1186
605	1462
605	1725
605	1859
606	1036
606	1108
606	1428
606	1507
606	1523
606	1786
607	611
607	722
607	1380
607	1507
607	1943
608	610
608	781
608	1126
608	1662
609	610
609	611
609	1877
610	613
610	686
610	854
610	948
610	1592
611	1313
611	1338
611	1806
612	1203
612	1656
612	1796
613	615
613	616
613	617
613	943
613	1205
613	1648
614	617
614	618
614	624
614	915
614	1500
614	1543
614	1985
615	616
615	618
615	619
615	782
616	618
616	755
616	865
616	1450
616	1606
617	618
617	647
617	771
617	1255
617	1812
618	621
618	1204
618	1394
618	1589
618	1709
618	1873
619	620
619	621
619	1185
619	1552
620	622
620	984
620	1058
620	1212
620	1446
620	1752
621	623
621	624
621	625
621	960
622	625
622	626
622	907
622	951
622	1063
622	1463
623	625
623	626
623	890
623	1800
624	627
624	628
624	636
624	1035
625	627
625	628
625	945
625	1025
625	1235
625	1717
626	627
626	629
626	690
626	1420
627	628
627	629
627	630
627	1120
627	1693
627	1983
628	630
628	632
628	1673
628	1705
628	1727
628	1994
629	630
629	633
629	1312
629	1452
630	632
630	642
630	776
630	879
630	1245
630	1371
630	1473
630	1672
631	632
631	1806
632	634
632	635
632	636
632	771
632	788
632	1263
632	1324
632	1362
632	1816
633	634
633	635
633	790
633	978
633	1088
634	780
634	1125
634	1129
634	1214
634	1642
634	1747
635	636
635	639
635	934
635	1646
635	1764
635	1805
636	895
636	1188
636	1502
636	1560
636	1679
637	638
637	639
637	1126
637	1250
637	1410
638	641
638	971
638	1389
638	1770
639	1013
639	1071
639	1252
639	1350
639	1627
639	1951
640	642
640	816
640	1047
640	1056
640	1667
641	642
641	645
641	1350
641	1499
642	644
642	645
642	1429
642	1509
642	1748
642	1810
643	644
643	1280
643	1620
643	1961
644	645
644	646
644	840
644	1766
644	1940
645	646
645	647
645	1174
646	648
646	650
646	701
646	1165
646	1245
646	1251
646	1711
646	1850
647	648
647	1476
647	1797
647	1803
647	1972
648	649
648	650
648	1001
648	1568
649	1475
649	1608
649	1626
649	1818
649	1937
649	1975
650	653
650	654
650	868
650	899
650	1143
650	1218
650	1297
651	652
651	653
651	654
651	1046
651	1620
652	653
652	654
652	656
652	1156
652	1865
653	654
653	762
653	1983
654	658
654	884
654	1137
654	1150
655	657
655	659
655	762
655	878
655	1120
656	659
656	784
656	872
656	1674
656	1877
657	658
657	865
657	1590
658	659
658	660
658	935
658	1071
658	1516
658	1537
659	661
659	957
659	1442
659	1696
660	662
660	663
660	821
660	1080
660	1958
661	809
661	865
661	1563
662	663
662	665
662	1386
662	1549
663	664
663	665
663	667
663	765
663	1327
663	1639
664	665
664	668
664	1022
664	1137
665	667
665	1359
665	1814
665	1864
666	667
666	669
666	1026
666	1357
666	1700
666	1803
667	668
667	671
667	768
667	943
668	670
668	1736
668	1784
668	1811
668	1852
668	1873
668	1979
669	670
669	672
669	673
669	1495
670	672
670	673
670	934
670	1724
670	1924
671	672
671	744
671	947
671	962
672	674
672	675
672	796
672	1039
672	1537
672	1582
672	1669
673	674
673	676
673	677
673	1307
674	677
674	862
674	1170
674	1345
674	1876
675	1338
675	1340
675	1866
676	677
676	678
676	679
676	899
677	679
677	680
677	1509
678	679
678	680
678	682
678	860
678	1494
678	1584
679	700
679	760
679	933
679	1036
679	1386
679	1507
679	1823
680	684
680	1604
680	1628
680	1819
681	683
681	831
681	1192
681	1212
681	1652
682	683
682	684
682	685
682	686
682	1011
683	684
683	685
684	686
684	1084
684	1262
684	1662
684	1820
685	1170
685	1478
685	1519
686	687
686	690
686	692
686	1137
686	1166
686	1846
686	1956
686	1958
687	688
687	689
687	690
687	1127
687	1153
687	1158
688	725
688	1209
688	1743
688	1923
689	693
689	737
689	1536
689	1773
689	1947
690	691
690	692
690	694
690	1945
691	695
691	862
691	1196
691	1391
691	1643
691	1829
692	1029
692	1309
692	1745
693	696
693	697
693	899
693	1591
694	698
694	1174
694	1629
694	1801
695	876
695	1042
695	1866
696	1173
696	1585
696	1757
696	1902
696	1920
696	1997
697	698
697	699
697	700
697	839
697	1076
697	1126
697	1773
697	1840
698	702
698	953
698	1030
698	1142
698	1487
698	1566
699	702
699	703
699	1006
699	1154
699	1203
699	1529
699	1860
700	702
700	703
701	702
701	971
701	1148
701	1159
701	1644
702	1288
702	1486
702	1608
702	1643
703	704
703	705
703	706
703	707
703	1792
704	705
704	707
704	1915
705	707
705	1420
705	1560
706	710
706	1074
706	1306
706	1508
707	711
707	1117
707	1626
708	710
708	1457
708	1542
709	710
709	711
709	712
709	1707
710	711
710	805
710	882
710	1072
711	715
711	1241
711	1289
711	1338
711	1387
711	1967
712	983
712	1127
712	1467
712	1535
713	714
713	715
713	716
713	717
714	716
714	717
714	718
714	940
714	1050
715	717
715	1364
715	1526
715	1841
716	842
716	993
716	1383
716	1457
716	1464
716	1890
716	1996
717	718
717	719
717	720
717	721
717	1009
717	1324
717	1460
717	1939
718	719
718	720
718	721
718	1487
719	1267
719	1533
719	1786
720	721
720	722
720	924
721	739
721	1139
721	1284
721	1348
721	1924
722	723
722	726
722	1113
722	1453
723	725
723	726
723	872
723	1981
723	1985
724	725
724	726
724	781
725	726
725	728
725	890
725	1232
726	727
726	1142
726	1488
726	1503
726	1869
727	729
727	731
727	1825
727	1953
727	1978
728	732
728	1299
728	1481
728	1620
728	1873
729	742
729	1011
729	1371
729	1443
729	1513
730	731
730	732
730	733
730	898
730	1161
730	1794
730	1902
730	1917
731	1002
731	1086
731	1134
731	1580
731	1710
731	1883
732	735
732	736
732	766
732	1350
733	735
733	812
733	1433
733	1813
733	1931
734	735
734	736
734	737
734	738
734	962
734	1904
735	1473
736	738
736	1019
736	1067
736	1145
736	1163
736	1759
736	1846
736	1849
737	738
737	739
737	740
737	781
737	1072
738	739
738	742
738	785
738	815
738	1099
738	1341
738	1684
739	742
739	1037
739	1369
739	1413
739	1567
739	1590
739	1636
740	742
740	1315
740	1561
740	1762
741	744
741	745
741	941
741	1465
741	1466
741	1536
741	1712
741	1993
742	743
742	744
742	1023
742	1038
742	1921
743	744
743	747
743	954
743	1169
743	1335
743	1982
744	748
744	871
744	1134
744	1589
744	1592
745	747
745	748
745	972
745	1068
745	1833
745	1952
746	749
746	750
746	1416
746	1473
747	749
747	750
747	926
747	1001
748	752
748	974
748	1787
749	752
749	753
749	918
749	946
749	1385
750	752
750	753
750	949
750	1193
750	1424
751	753
751	754
751	755
751	1984
752	753
752	754
752	1227
752	1308
752	1690
752	1999
753	755
753	1109
753	1206
753	1612
753	1635
753	1821
753	1912
754	758
754	1083
754	1267
754	1417
754	1478
754	1989
755	757
755	759
755	790
755	1418
755	1444
756	783
756	985
756	1212
756	1723
756	1886
757	759
757	760
757	761
757	934
757	1137
757	1158
757	1268
757	1438
758	761
758	762
758	1800
759	761
759	763
759	922
759	1546
759	1889
760	761
760	764
760	886
760	1528
760	1665
760	1672
761	763
761	841
761	1090
761	1663
761	1826
762	763
762	765
762	893
762	1457
762	1458
762	1546
763	765
763	766
763	767
764	766
764	1968
765	766
765	1724
766	1135
766	1910
767	1382
767	1544
767	1649
767	1801
768	801
769	770
769	771
769	773
769	1109
769	1355
769	1419
769	1576
770	773
770	1261
770	1394
770	1696
770	1860
771	1663
771	1909
772	775
772	776
772	849
772	989
772	1435
773	774
773	775
773	1130
773	1724
773	1728
773	1875
774	776
774	781
774	900
774	1504
775	905
775	928
775	1122
776	1118
776	1509
776	1903
777	780
777	781
777	892
777	1494
777	1582
777	1788
777	1990
778	780
778	782
778	944
778	1198
778	1686
779	780
779	781
779	990
780	782
780	784
780	842
780	974
781	782
781	1606
781	1835
782	933
782	953
782	1144
782	1156
782	1683
783	784
783	785
783	786
783	1622
784	785
784	787
784	788
784	926
784	1358
784	1692
785	787
785	789
785	1650
785	1803
786	789
786	949
786	1127
786	1427
786	1454
786	1703
786	1909
787	790
787	1999
788	792
788	1111
788	1987
789	790
789	791
789	906
789	1423
789	1963
790	1273
790	1281
790	1360
790	1847
790	1895
791	793
791	1192
792	794
792	795
792	1098
792	1339
792	1857
793	797
793	968
793	1189
793	1236
793	1607
794	797
794	798
795	798
795	799
795	1306
795	1579
795	1664
795	1706
796	981
796	1505
796	1740
796	1867
796	1952
797	800
797	1225
797	1513
798	800
798	1217
798	1379
799	800
799	801
799	802
799	1370
799	1734
800	990
800	1154
800	1178
800	1281
801	802
801	803
801	1568
801	1637
801	1759
801	1811
802	803
802	804
802	805
803	804
803	807
803	945
803	1153
803	1241
803	1401
804	805
804	806
804	807
805	807
805	809
805	1570
805	1614
806	807
806	810
806	1148
806	1827
807	809
807	966
807	1059
807	1430
807	1473
807	1516
807	1657
808	809
808	810
808	812
808	837
808	851
808	1532
808	1859
809	810
809	812
809	813
809	1273
809	1602
809	1753
809	1906
810	811
810	814
810	1311
811	812
811	813
811	814
811	1453
812	814
812	816
812	1365
812	1597
813	814
813	816
813	817
813	930
814	816
814	817
814	852
814	1097
814	1225
814	1295
814	1376
814	1753
815	817
815	818
815	1054
815	1069
815	1463
815	1807
816	924
816	966
816	998
816	1174
816	1529
816	1697
816	1785
817	1087
817	1614
817	1679
817	1936
818	819
818	992
818	1710
819	987
819	1434
819	1953
819	1991
820	821
820	822
820	1349
820	1572
821	963
821	1030
821	1231
821	1578
822	824
822	1363
822	1656
823	824
823	825
823	826
823	827
823	1249
823	1721
824	825
824	826
824	827
824	917
825	827
825	1430
825	1647
825	1703
825	1787
825	1830
826	1194
826	1877
826	1899
827	953
827	1011
827	1086
827	1479
827	1632
827	1945
828	1110
828	1278
828	1576
828	1937
829	1009
829	1230
829	1772
830	832
830	833
830	834
830	1060
830	1345
831	832
831	833
831	834
831	1870
831	1894
832	835
832	1464
832	1479
832	1486
832	1597
833	836
833	965
833	1286
833	1588
834	835
834	836
834	1675
835	837
835	839
835	1637
836	837
836	838
836	839
836	840
836	1172
836	1733
836	1911
836	1927
837	838
837	1058
837	1887
838	840
838	841
838	842
838	865
838	961
838	1045
838	1487
839	1203
839	1629
840	914
840	1341
840	1563
840	1613
840	1809
841	845
841	1778
842	843
842	844
842	1497
842	1524
842	1763
843	1216
843	1706
844	846
844	847
844	848
844	933
844	1479
844	1673
845	846
845	847
845	1354
845	1424
846	849
846	965
846	1129
846	1693
846	1903
846	1980
847	848
847	1405
847	1505
847	1697
848	849
848	850
848	851
848	1729
848	1946
849	850
849	938
849	1307
849	1853
849	1899
850	851
850	852
850	853
850	980
850	1448
851	852
851	853
851	1063
851	1067
851	1098
851	1665
852	854
852	856
852	1532
852	1562
852	1669
853	857
853	1276
853	1321
853	1330
854	857
854	858
854	861
854	1436
855	859
855	1059
855	1626
855	1883
856	859
856	1733
856	1827
857	858
857	859
857	860
857	1527
857	1834
858	862
858	1280
858	1597
858	1616
858	1713
859	861
859	862
859	863
859	920
860	862
860	864
860	917
860	1703
861	1167
861	1320
861	1632
862	865
862	901
862	989
862	1258
862	1353
862	1908
863	864
863	866
863	1675
864	865
864	868
864	1132
864	1155
865	1984
866	867
866	868
866	870
866	904
866	976
867	868
867	869
867	871
867	1035
867	1092
867	1275
868	870
868	872
868	1053
868	1094
868	1314
868	1743
868	1811
869	871
869	1038
869	1267
870	871
870	872
870	874
870	1183
870	1365
871	872
871	875
871	1414
871	1466
871	1710
872	873
872	1632
872	1782
873	874
873	875
873	876
873	877
873	1828
874	875
874	1099
874	1414
874	1701
874	1864
875	877
875	878
875	1223
876	878
876	879
876	1583
876	1912
877	879
877	881
877	1261
877	1583
878	879
878	880
878	1180
878	1534
878	1797
879	880
879	1514
879	1939
880	882
880	883
880	918
880	1352
881	883
881	1242
881	1283
881	1660
881	1725
881	1914
882	883
882	961
882	1010
882	1228
882	1762
883	885
883	887
883	906
883	1570
883	1886
884	887
884	1017
884	1452
884	1652
884	1944
884	1959
885	886
885	887
885	889
885	1146
885	1490
885	1594
885	1752
886	888
886	889
886	1141
887	889
887	890
888	900
888	1694
889	890
889	942
889	1085
889	1164
890	892
890	893
890	936
890	965
890	1190
890	1533
891	1295
891	1459
891	1856
891	1986
892	893
892	961
892	984
892	1139
892	1213
892	1226
892	1451
892	1456
892	1864
893	895
893	1304
893	1756
893	1848
894	897
894	1076
894	1392
894	1455
895	897
895	1576
896	898
896	899
896	900
896	1224
897	900
897	1165
897	1333
897	1535
897	1928
897	1931
898	900
899	900
899	903
899	1131
899	1377
900	902
900	904
900	1321
900	1727
901	903
901	904
901	1605
901	1650
902	904
902	905
902	910
902	1550
903	904
903	906
903	1392
903	1830
904	905
904	906
904	907
904	908
904	1870
905	1019
905	1153
905	1458
905	1520
906	910
907	911
907	1743
908	1058
908	1188
908	1317
908	1638
908	1786
909	911
909	913
909	1554
909	1767
910	1093
910	1138
910	1143
910	1204
910	1399
910	1923
911	913
911	915
912	1163
912	1326
912	1687
912	1887
913	915
913	920
913	1186
913	1557
913	1822
913	1903
914	916
914	918
914	1095
914	1156
914	1910
915	917
915	919
915	1804
915	1922
916	917
916	1188
916	1242
916	1981
917	919
917	921
917	1529
918	1106
918	1302
918	1510
918	1682
918	1895
919	923
919	996
919	1173
919	1610
920	1020
920	1308
921	922
921	1885
921	1902
922	1032
922	1416
922	1685
922	1999
923	926
923	927
923	987
923	1161
923	1884
924	925
924	1093
924	1263
924	1634
924	1957
924	1993
925	926
925	927
925	928
925	1492
925	1710
926	928
926	929
926	1218
927	928
927	930
927	1288
928	930
928	1402
928	1779
929	930
929	1391
929	1844
930	1454
930	1482
930	1988
931	932
931	933
931	1088
931	1437
931	1518
931	1588
931	1844
931	1888
931	1994
932	936
932	1507
932	1924
933	934
933	1016
933	1316
934	1498
934	1718
934	1750
934	1984
935	938
935	1099
935	1746
935	1979
936	1034
936	1102
937	939
937	940
937	1315
937	1666
937	1859
937	1966
938	940
938	942
938	1380
938	1750
938	1834
939	942
939	1352
939	1611
939	1732
940	1181
940	1263
940	1470
940	1644
941	943
941	1583
941	1825
941	1890
941	1946
942	944
942	946
942	1259
942	1356
943	947
943	1149
943	1591
944	946
944	948
944	1353
944	1448
944	1932
944	1951
945	946
945	947
946	950
946	1262
947	950
947	1264
947	1698
947	1844
948	950
948	951
949	950
949	951
949	1393
949	1716
949	1814
949	1994
950	951
950	952
950	954
950	1158
951	953
951	1407
951	1612
951	1949
951	1988
952	955
952	1211
952	1345
952	1617
952	1675
952	1864
953	955
953	957
953	1205
953	1691
954	1096
954	1273
955	956
955	957
955	1155
955	1246
956	957
956	958
956	1589
956	1717
956	1941
957	960
957	996
958	961
958	1080
958	1459
959	962
959	1115
959	1263
959	1724
959	1791
960	964
960	1104
960	1107
960	1620
961	962
961	1004
961	1774
962	963
962	1427
962	1547
963	964
963	967
963	1250
963	1427
963	1728
964	965
964	966
964	967
964	1201
964	1515
964	1861
965	966
965	967
965	969
965	1566
966	969
966	1045
966	1676
967	1515
967	1810
968	969
968	970
968	972
968	1349
968	1370
968	1865
969	970
969	971
969	1304
969	1423
970	973
970	1348
971	974
971	1017
971	1361
971	1511
972	975
972	1008
972	1097
972	1669
973	974
973	975
973	976
973	1244
973	1652
974	975
974	1333
975	1274
975	1726
975	1766
976	1015
976	1411
976	1803
976	1838
977	978
977	979
977	980
977	981
978	1199
978	1296
978	1376
978	1608
978	1689
978	1700
978	1946
979	981
979	983
979	1435
979	1580
979	1695
980	981
980	982
980	983
980	1242
980	1843
981	982
981	985
981	1489
981	1695
982	985
982	1112
982	1189
982	1944
983	1115
983	1458
983	1665
983	1747
983	1986
984	1020
984	1467
985	987
985	989
985	1127
985	1768
985	1797
986	989
986	1474
986	1889
987	989
987	1028
987	1229
987	1305
987	1622
987	1624
988	989
988	990
988	991
988	1436
988	1560
988	1930
989	1009
989	1601
990	1224
990	1707
990	1729
990	1781
991	995
991	1188
991	1318
991	1736
992	993
992	996
992	1063
992	1722
992	1883
993	995
993	997
993	1543
993	1996
994	996
994	997
994	998
994	1532
995	996
995	997
995	998
995	999
995	1042
995	1062
995	1397
996	1000
996	1122
996	1299
996	1726
997	999
997	1878
997	1996
998	999
998	1000
998	1001
998	1547
998	1685
999	1000
999	1002
999	1003
999	1050
999	1141
1000	1001
1000	1004
1000	1302
1000	1309
1000	1381
1001	1003
1001	1004
1001	1049
1002	1003
1002	1004
1002	1233
1003	1004
1003	1005
1004	1006
1004	1008
1004	1215
1004	1538
1004	1635
1004	1723
1004	1782
1005	1006
1005	1008
1005	1009
1005	1819
1006	1008
1006	1055
1006	1400
1006	1764
1006	1920
1007	1008
1007	1219
1007	1279
1007	1592
1008	1011
1008	1058
1008	1287
1008	1437
1008	1731
1008	1739
1009	1010
1009	1220
1009	1247
1010	1014
1010	1708
1010	1870
1011	1015
1011	1309
1012	1013
1012	1014
1012	1015
1012	1749
1012	1750
1013	1015
1013	1655
1013	1865
1014	1016
1014	1234
1014	1255
1015	1016
1015	1019
1015	1835
1016	1017
1016	1105
1016	1289
1016	1696
1016	1728
1016	1909
1017	1019
1017	1182
1017	1733
1018	1019
1018	1020
1018	1021
1018	1467
1018	1651
1019	1022
1019	1155
1019	1278
1019	1467
1020	1138
1020	1458
1020	1984
1021	1022
1021	1023
1021	1025
1021	1171
1021	1751
1021	1910
1022	1023
1022	1025
1022	1026
1022	1249
1022	1343
1023	1025
1023	1027
1023	1967
1024	1210
1024	1217
1024	1459
1024	1572
1024	1580
1024	1640
1025	1026
1025	1191
1025	1248
1025	1282
1025	1641
1026	1027
1026	1029
1026	1030
1026	1219
1027	1029
1027	1031
1027	1349
1027	1829
1028	1452
1028	1574
1028	1711
1028	1846
1029	1030
1029	1071
1029	1250
1029	1333
1030	1031
1030	1033
1030	1054
1030	1947
1031	1033
1031	1035
1031	1278
1031	1756
1031	1837
1032	1033
1032	1034
1032	1036
1032	1822
1033	1035
1033	1037
1033	1856
1034	1035
1034	1119
1034	1373
1034	1488
1034	1617
1034	1907
1035	1039
1035	1900
1035	1947
1036	1156
1036	1261
1037	1039
1037	1166
1037	1722
1038	1039
1038	1040
1038	1160
1038	1199
1038	1475
1038	1492
1039	1042
1039	1091
1039	1385
1039	1784
1040	1535
1040	1781
1040	1791
1041	1045
1041	1702
1041	1951
1042	1043
1042	1045
1042	1247
1043	1044
1043	1045
1043	1046
1043	1210
1043	1227
1043	1455
1044	1046
1044	1047
1044	1132
1044	1297
1044	1561
1045	1046
1045	1047
1045	1257
1045	1920
1046	1048
1046	1049
1046	1050
1047	1050
1047	1172
1047	1314
1047	1519
1047	1529
1047	1882
1047	1977
1048	1050
1048	1051
1048	1567
1049	1050
1049	1052
1049	1053
1050	1173
1050	1405
1051	1053
1051	1055
1051	1175
1052	1054
1052	1055
1052	1118
1052	1288
1052	1675
1052	1961
1053	1054
1053	1254
1053	1367
1054	1055
1054	1388
1054	1472
1055	1058
1055	1059
1055	1200
1055	1744
1055	1759
1055	1984
1056	1058
1057	1059
1057	1398
1057	1409
1057	1752
1058	1133
1058	1272
1058	1323
1058	1401
1059	1063
1059	1485
1059	1760
1060	1061
1060	1463
1060	1480
1060	1901
1061	1062
1061	1063
1061	1064
1061	1441
1061	1447
1062	1064
1062	1732
1062	1802
1063	1290
1064	1065
1064	1066
1065	1068
1065	1069
1065	1235
1065	1250
1065	1889
1066	1067
1066	1068
1066	1069
1066	1070
1066	1850
1067	1069
1067	1746
1067	1978
1068	1070
1068	1518
1068	1847
1069	1071
1069	1072
1069	1390
1069	1738
1070	1073
1070	1182
1070	1248
1070	1398
1070	1883
1071	1072
1071	1666
1072	1076
1072	1493
1072	1627
1072	1827
1073	1075
1073	1306
1073	1519
1073	1565
1074	1269
1074	1546
1074	1592
1074	1786
1075	1076
1075	1359
1075	1587
1076	1077
1076	1079
1076	1790
1077	1079
1077	1162
1077	1386
1077	1510
1077	1692
1077	1988
1078	1179
1078	1460
1078	1537
1079	1080
1079	1082
1079	1276
1079	1639
1080	1081
1080	1083
1080	1754
1081	1085
1081	1138
1081	1525
1082	1083
1082	1084
1082	1086
1082	1768
1082	1781
1082	1976
1083	1084
1083	1194
1084	1087
1084	1088
1084	1210
1084	1270
1084	1511
1085	1086
1085	1087
1085	1088
1085	1738
1086	1454
1087	1389
1087	1476
1087	1826
1087	1854
1087	1879
1088	1380
1088	1385
1089	1091
1089	1093
1089	1262
1089	1587
1090	1091
1090	1092
1090	1247
1090	1409
1091	1095
1092	1235
1092	1315
1092	1454
1093	1097
1093	1294
1093	1393
1093	1414
1094	1270
1094	1508
1094	1930
1095	1096
1095	1098
1095	1566
1095	1765
1095	1941
1096	1100
1097	1100
1097	1587
1097	1962
1098	1099
1099	1150
1099	1183
1099	1248
1099	1268
1099	1590
1099	1734
1100	1102
1100	1103
1100	1645
1100	1782
1101	1102
1101	1178
1101	1803
1102	1103
1102	1104
1102	1106
1102	1187
1102	1837
1103	1105
1103	1106
1103	1589
1104	1106
1104	1657
1104	1700
1105	1108
1105	1454
1105	1852
1106	1107
1106	1108
1106	1110
1106	1691
1107	1108
1107	1110
1108	1109
1108	1110
1108	1111
1108	1112
1108	1699
1108	1756
1109	1112
1110	1111
1110	1150
1110	1669
1110	1874
1111	1113
1111	1204
1111	1918
1112	1114
1112	1115
1112	1127
1112	1668
1112	1977
1112	1996
1113	1116
1113	1117
1113	1447
1113	1691
1114	1115
1114	1117
1114	1118
1115	1117
1115	1175
1116	1117
1116	1120
1116	1148
1116	1497
1117	1118
1117	1722
1118	1119
1118	1120
1118	1190
1118	1239
1118	1667
1119	1123
1119	1221
1120	1121
1120	1123
1120	1491
1120	1820
1120	1852
1121	1123
1121	1125
1121	1634
1121	1836
1122	1124
1122	1125
1122	1785
1123	1594
1123	1692
1124	1125
1124	1126
1124	1128
1124	1976
1125	1126
1125	1127
1127	1210
1127	1920
1128	1129
1128	1131
1128	1132
1129	1132
1129	1133
1130	1131
1130	1133
1130	1159
1130	1384
1131	1132
1131	1408
1131	1642
1131	1851
1132	1133
1132	1134
1132	1136
1132	1170
1132	1689
1132	1855
1133	1137
1133	1508
1133	1559
1134	1135
1134	1138
1134	1215
1135	1460
1135	1632
1136	1137
1136	1572
1136	1610
1136	1732
1136	1776
1137	1319
1137	1873
1137	1894
1138	1140
1138	1244
1138	1408
1138	1804
1138	1906
1139	1140
1139	1141
1140	1141
1140	1733
1141	1467
1142	1143
1142	1144
1142	1145
1142	1146
1142	1406
1142	1602
1142	1693
1143	1144
1143	1146
1143	1150
1143	1541
1143	1709
1144	1145
1144	1148
1144	1881
1145	1148
1145	1149
1145	1306
1145	1503
1145	1650
1146	1147
1146	1148
1146	1149
1146	1328
1147	1150
1147	1177
1147	1350
1147	1665
1147	1686
1148	1149
1148	1150
1148	1151
1148	1560
1149	1151
1149	1152
1149	1602
1150	1152
1150	1517
1151	1153
1151	1321
1151	1469
1152	1154
1152	1155
1152	1184
1152	1783
1152	1851
1153	1154
1153	1158
1153	1783
1154	1155
1154	1158
1154	1482
1154	1774
1154	1851
1155	1158
1155	1159
1155	1612
1156	1157
1156	1601
1156	1920
1157	1158
1157	1413
1157	1444
1157	1720
1157	1896
1158	1213
1158	1250
1158	1625
1159	1161
1159	1276
1159	1385
1159	1420
1159	1421
1159	1693
1160	1163
1160	1164
1160	1490
1160	1494
1161	1162
1161	1164
1161	1732
1161	1879
1162	1165
1162	1885
1163	1166
1163	1167
1163	1471
1163	1562
1164	1165
1164	1166
1164	1167
1164	1560
1164	1660
1165	1166
1165	1247
1165	1418
1165	1566
1166	1168
1166	1169
1166	1897
1167	1168
1167	1169
1167	1170
1167	1171
1167	1203
1168	1171
1168	1172
1168	1824
1168	1966
1169	1170
1169	1171
1169	1172
1169	1173
1169	1196
1170	1171
1170	1174
1170	1177
1170	1366
1170	1647
1170	1845
1171	1173
1171	1174
1171	1175
1172	1175
1172	1261
1173	1174
1173	1177
1173	1901
1175	1178
1175	1793
1175	1874
1176	1177
1176	1178
1176	1354
1176	1742
1176	1943
1177	1178
1177	1416
1177	1574
1178	1182
1178	1641
1178	1953
1179	1181
1179	1333
1179	1432
1179	1520
1179	1760
1179	1816
1180	1181
1180	1184
1181	1182
1181	1184
1181	1185
1182	1183
1182	1184
1182	1186
1182	1506
1182	1752
1182	1963
1183	1184
1183	1187
1183	1464
1183	1729
1183	1917
1184	1187
1184	1188
1184	1237
1185	1187
1185	1514
1185	1735
1185	1961
1186	1189
1186	1831
1186	1982
1187	1191
1187	1207
1188	1189
1188	1190
1188	1408
1188	1814
1188	1927
1189	1193
1189	1316
1190	1209
1190	1644
1191	1260
1191	1509
1191	1589
1192	1194
1192	1196
1193	1194
1193	1196
1193	1197
1194	1195
1194	1197
1194	1198
1194	1570
1194	1690
1195	1196
1195	1197
1195	1198
1195	1199
1196	1197
1196	1570
1197	1198
1197	1200
1197	1255
1197	1546
1197	1892
1198	1443
1198	1599
1198	1637
1199	1200
1199	1201
1199	1203
1199	1490
1199	1561
1200	1201
1200	1204
1200	1563
1200	1733
1200	1766
1201	1205
1201	1489
1201	1700
1202	1204
1202	1292
1202	1348
1202	1577
1202	1761
1203	1206
1203	1207
1203	1397
1203	1569
1204	1207
1204	1563
1205	1207
1205	1209
1205	1767
1206	1208
1206	1210
1206	1284
1206	1997
1207	1209
1207	1397
1207	1944
1208	1212
1208	1444
1208	1775
1208	1931
1208	1947
1209	1210
1209	1228
1209	1404
1209	1643
1209	1709
1210	1258
1210	1278
1210	1342
1210	1589
1211	1218
1211	1222
1211	1290
1212	1213
1212	1215
1212	1216
1212	1619
1213	1522
1213	1695
1213	1851
1214	1215
1214	1216
1214	1406
1215	1216
1215	1707
1216	1217
1216	1218
1216	1219
1216	1395
1216	1423
1216	1873
1217	1218
1217	1219
1217	1409
1217	1568
1218	1220
1218	1222
1218	1301
1218	1340
1218	1460
1219	1220
1219	1358
1219	1692
1220	1303
1220	1501
1220	1914
1221	1224
1221	1225
1221	1614
1221	1857
1222	1226
1222	1848
1223	1225
1223	1226
1224	1225
1224	1226
1224	1570
1225	1226
1225	1227
1225	1228
1225	1374
1225	1393
1225	1629
1226	1230
1226	1448
1226	1476
1226	1985
1227	1228
1227	1230
1227	1231
1227	1600
1227	1973
1228	1230
1228	1259
1228	1712
1229	1230
1229	1467
1229	1915
1230	1231
1230	1233
1230	1366
1230	1514
1231	1233
1231	1369
1231	1508
1231	1954
1232	1233
1232	1234
1232	1236
1233	1235
1233	1707
1233	1918
1234	1238
1234	1327
1234	1924
1235	1363
1235	1868
1236	1237
1236	1240
1236	1415
1237	1238
1237	1240
1237	1307
1237	1484
1237	1801
1238	1240
1238	1242
1239	1249
1239	1336
1239	1592
1240	1244
1240	1773
1240	1943
1241	1245
1242	1484
1243	1244
1243	1245
1243	1537
1243	1619
1244	1246
1244	1248
1244	1670
1244	1801
1244	1876
1245	1315
1246	1247
1246	1248
1246	1419
1246	1605
1246	1733
1246	1861
1248	1252
1248	1384
1248	1508
1249	1250
1249	1252
1250	1251
1251	1255
1251	1468
1251	1520
1252	1254
1252	1255
1252	1265
1252	1321
1252	1462
1252	1557
1253	1254
1253	1256
1253	1257
1253	1990
1254	1255
1254	1367
1254	1693
1254	1888
1254	1900
1254	1999
1255	1258
1256	1258
1256	1260
1256	1538
1256	1722
1257	1258
1257	1274
1258	1259
1258	1261
1259	1260
1259	1779
1259	1797
1260	1261
1260	1262
1260	1264
1260	1358
1260	1824
1261	1262
1261	1265
1261	1573
1262	1263
1262	1266
1262	1281
1262	1295
1262	1309
1262	1490
1263	1265
1263	1266
1264	1272
1264	1559
1265	1268
1265	1535
1266	1267
1266	1984
1267	1972
1268	1271
1268	1976
1269	1271
1269	1813
1271	1273
1271	1274
1271	1377
1272	1273
1272	1275
1272	1422
1273	1277
1273	1392
1273	1916
1274	1275
1274	1329
1274	1403
1275	1278
1275	1460
1275	1742
1276	1279
1276	1280
1276	1417
1276	1642
1277	1278
1277	1506
1277	1719
1277	1770
1278	1280
1278	1281
1278	1860
1279	1280
1279	1281
1279	1816
1279	1852
1280	1282
1280	1391
1280	1461
1280	1488
1280	1764
1281	1502
1281	1872
1282	1283
1282	1285
1282	1286
1282	1468
1282	1598
1283	1285
1283	1286
1284	1286
1284	1287
1284	1318
1284	1658
1284	1944
1285	1286
1285	1287
1285	1674
1285	1747
1285	1756
1285	1842
1286	1287
1286	1288
1286	1289
1286	1290
1287	1289
1287	1291
1287	1552
1287	1597
1287	1859
1288	1292
1288	1509
1288	1725
1288	1970
1289	1698
1290	1294
1290	1330
1290	1334
1290	1621
1291	1292
1291	1294
1291	1295
1291	1505
1292	1293
1292	1295
1292	1296
1292	1356
1292	1607
1292	1674
1293	1294
1293	1295
1293	1343
1293	1431
1293	1633
1293	1735
1294	1296
1294	1431
1294	1719
1294	1742
1295	1298
1295	1299
1295	1847
1295	1897
1296	1297
1296	1553
1296	1628
1297	1301
1298	1300
1298	1302
1298	1714
1298	1724
1298	1736
1299	1300
1300	1303
1300	1485
1300	1784
1301	1305
1301	1727
1301	1950
1302	1304
1302	1305
1302	1306
1302	1859
1302	1896
1303	1304
1303	1931
1304	1307
1305	1306
1305	1309
1305	1759
1306	1309
1306	1536
1307	1309
1307	1459
1307	1473
1308	1310
1308	1312
1309	1310
1309	1311
1309	1312
1310	1368
1311	1312
1311	1314
1311	1315
1311	1644
1311	1792
1312	1314
1312	1316
1312	1963
1313	1315
1313	1316
1313	1317
1313	1448
1313	1449
1314	1316
1314	1357
1315	1316
1315	1318
1315	1594
1315	1818
1316	1319
1316	1320
1317	1318
1317	1320
1317	1321
1317	1547
1318	1396
1319	1321
1319	1322
1319	1327
1320	1324
1320	1372
1320	1385
1320	1927
1321	1322
1321	1987
1322	1326
1322	1473
1323	1324
1323	1327
1323	1612
1323	1675
1324	1325
1324	1326
1324	1435
1324	1832
1325	1326
1325	1327
1325	1328
1325	1329
1325	1497
1325	1985
1326	1329
1326	1361
1327	1330
1328	1330
1328	1331
1329	1330
1329	1331
1330	1331
1330	1332
1330	1486
1330	1492
1330	1628
1330	1913
1331	1332
1331	1333
1331	1334
1331	1474
1331	1507
1332	1333
1332	1334
1332	1335
1332	1336
1332	1427
1333	1336
1334	1336
1334	1338
1334	1352
1334	1814
1335	1336
1335	1338
1336	1337
1336	1338
1336	1624
1336	1644
1336	1890
1337	1339
1337	1340
1337	1672
1338	1339
1338	1711
1338	1998
1339	1340
1339	1341
1339	1342
1339	1407
1339	1577
1340	1341
1340	1481
1341	1530
1341	1585
1341	1946
1341	1954
1342	1346
1342	1967
1343	1346
1343	1347
1343	1461
1343	1506
1343	1936
1344	1705
1344	1733
1344	1761
1345	1581
1345	1599
1345	1709
1345	1779
1346	1347
1346	1670
1347	1348
1347	1349
1347	1871
1348	1350
1348	1351
1348	1617
1348	1663
1348	1913
1349	1350
1349	1351
1349	1353
1349	1451
1349	1567
1350	1801
1351	1354
1351	1355
1351	1830
1351	1940
1352	1356
1352	1392
1353	1459
1353	1547
1353	1598
1353	1611
1353	1769
1353	1934
1354	1400
1354	1577
1354	1772
1355	1468
1355	1595
1355	1808
1356	1625
1356	1828
1357	1358
1357	1360
1357	1702
1357	1924
1358	1359
1358	1362
1358	1849
1359	1360
1359	1404
1359	1749
1359	1776
1360	1422
1360	1533
1360	1568
1360	1835
1361	1364
1361	1424
1361	1540
1361	1893
1361	1981
1362	1366
1362	1396
1363	1366
1363	1367
1363	1840
1364	1365
1364	1576
1364	1913
1365	1368
1365	1741
1366	1370
1366	1548
1366	1648
1367	1369
1367	1371
1367	1612
1368	1372
1368	1464
1368	1870
1369	1370
1369	1371
1369	1373
1370	1372
1370	1374
1371	1372
1371	1713
1371	1741
1372	1375
1372	1476
1372	1902
1373	1374
1373	1375
1373	1633
1373	1769
1374	1375
1375	1376
1375	1377
1375	1379
1376	1377
1377	1380
1377	1573
1378	1379
1378	1380
1378	1381
1378	1382
1379	1382
1379	1383
1380	1381
1380	1382
1380	1384
1381	1385
1381	1645
1381	1816
1382	1383
1382	1919
1383	1607
1384	1387
1385	1388
1386	1387
1386	1929
1387	1388
1387	1391
1387	1778
1387	1803
1388	1389
1388	1662
1388	1737
1388	1828
1389	1392
1389	1555
1389	1689
1390	1394
1390	1550
1391	1392
1391	1771
1391	1991
1392	1394
1392	1396
1392	1690
1392	1861
1393	1394
1393	1722
1393	1869
1394	1792
1394	1837
1394	1952
1395	1397
1395	1399
1395	1563
1396	1399
1396	1545
1397	1401
1398	1401
1398	1408
1399	1400
1399	1441
1400	1404
1400	1503
1401	1402
1401	1404
1402	1404
1402	1405
1403	1404
1403	1405
1404	1405
1404	1433
1404	1591
1404	1683
1405	1406
1405	1539
1406	1408
1406	1409
1406	1438
1406	1491
1406	1928
1407	1408
1407	1409
1407	1411
1407	1451
1407	1853
1408	1692
1409	1411
1409	1974
1410	1411
1410	1412
1410	1414
1410	1508
1411	1415
1411	1521
1411	1686
1411	1939
1412	1414
1412	1415
1412	1861
1413	1414
1413	1416
1413	1417
1414	1627
1414	1959
1415	1416
1415	1417
1415	1731
1415	1733
1415	1933
1416	1419
1416	1690
1416	1915
1417	1418
1417	1420
1418	1419
1418	1542
1418	1873
1419	1420
1419	1422
1420	1424
1421	1423
1421	1492
1422	1423
1422	1425
1422	1426
1422	1501
1422	1609
1423	1975
1424	1428
1424	1544
1424	1595
1425	1426
1425	1427
1425	1429
1425	1441
1425	1505
1425	1642
1426	1427
1426	1428
1426	1429
1426	1430
1426	1693
1427	1429
1428	1429
1428	1431
1428	1432
1429	1431
1429	1478
1429	1685
1430	1431
1430	1670
1430	1870
1430	1880
1430	1926
1430	1992
1431	1432
1431	1433
1431	1435
1432	1434
1432	1436
1433	1434
1433	1435
1433	1437
1433	1946
1433	1960
1434	1435
1434	1436
1434	1438
1434	1526
1434	1539
1434	1969
1434	1986
1435	1437
1435	1477
1435	1660
1435	1662
1436	1676
1436	1838
1436	1955
1437	1440
1437	1490
1437	2000
1438	1439
1438	1440
1439	1440
1439	1441
1439	1442
1439	1443
1440	1442
1440	1444
1440	1612
1441	1587
1441	1722
1442	1443
1442	1446
1442	1753
1442	1886
1443	1444
1443	1447
1444	1446
1444	1448
1444	1974
1445	1447
1445	1448
1445	1449
1445	1671
1445	1786
1446	1447
1446	1623
1446	1637
1446	1757
1447	1448
1447	1449
1447	1450
1447	1761
1448	1759
1448	1861
1449	1450
1449	1451
1449	1740
1450	1452
1450	1677
1450	1997
1451	1547
1451	1929
1452	1601
1452	1663
1452	1828
1452	1879
1453	1455
1453	1725
1453	1796
1454	1456
1454	1458
1455	1509
1455	1694
1456	1458
1456	1922
1457	1458
1457	1460
1457	1866
1458	1564
1458	1780
1459	1463
1459	1638
1459	1745
1459	1767
1460	1461
1460	1464
1460	1789
1461	1462
1461	1463
1461	1465
1461	1608
1461	1790
1462	1466
1462	1839
1462	1894
1462	1906
1463	1466
1463	1467
1463	1903
1464	1467
1464	1628
1464	1825
1464	1886
1464	1968
1465	1466
1465	1467
1465	1786
1466	1467
1466	1468
1466	1469
1466	1925
1466	1980
1466	1981
1467	1469
1467	1470
1467	1582
1468	1471
1468	1472
1468	1492
1468	1599
1469	1470
1469	1472
1469	1573
1470	1473
1470	1571
1471	1473
1471	1474
1471	1511
1471	1859
1472	1474
1472	1671
1472	1731
1472	1773
1472	1930
1473	1476
1474	1476
1474	1477
1474	1478
1474	1796
1474	1938
1475	1479
1475	1681
1475	1851
1475	1979
1476	1480
1476	1652
1477	1480
1477	1553
1477	1958
1478	1479
1478	1480
1478	1566
1478	1651
1479	1743
1479	1795
1480	1482
1480	1483
1480	1484
1481	1482
1481	1484
1481	1485
1481	1753
1481	1922
1482	1483
1482	1485
1482	1486
1482	1969
1483	1484
1483	1485
1483	1486
1483	1487
1484	1488
1484	1720
1484	1756
1484	1941
1485	1486
1485	1489
1486	1488
1486	1489
1487	1489
1487	1490
1487	1827
1488	1490
1488	1492
1488	1946
1489	1493
1489	1573
1489	1739
1489	1785
1489	1922
1490	1492
1491	1495
1491	1912
1492	1493
1493	1494
1493	1495
1493	1497
1493	1785
1494	1495
1494	1590
1494	1715
1494	1882
1494	1995
1495	1497
1495	1498
1495	1499
1495	1502
1496	1497
1496	1737
1496	1913
1497	1498
1497	1500
1497	1701
1497	1897
1498	1499
1498	1500
1498	1501
1498	1502
1498	1633
1498	1718
1498	1916
1499	1501
1499	1503
1499	1739
1500	1503
1500	1504
1500	1588
1501	1505
1501	1783
1501	1935
1502	1504
1502	1506
1503	1757
1504	1506
1504	1508
1505	1509
1506	1508
1506	1510
1506	1608
1506	1720
1507	1511
1508	1509
1509	1511
1509	1512
1510	1513
1510	1698
1510	1810
1510	1820
1511	1512
1511	1514
1511	1611
1511	1908
1512	1515
1512	1516
1512	1633
1512	1833
1512	1925
1513	1514
1513	1516
1513	1665
1514	1515
1514	1516
1514	1518
1515	1516
1515	1518
1515	1788
1515	1790
1516	1520
1516	1650
1516	1880
1517	1518
1517	1565
1517	1588
1517	1601
1517	1796
1517	1828
1518	1519
1518	1521
1518	1522
1518	1825
1519	1521
1519	1721
1519	1817
1519	1919
1520	1573
1520	1616
1520	1707
1521	1591
1521	1615
1522	1524
1522	1543
1522	1552
1523	1524
1523	1525
1523	1527
1524	1525
1524	1527
1524	1528
1524	1736
1524	1742
1525	1526
1525	1528
1526	1527
1526	1528
1526	1529
1527	1528
1527	1529
1527	1536
1527	1793
1528	1529
1528	1531
1528	1532
1528	1868
1529	1533
1530	1531
1530	1532
1530	1533
1530	1769
1530	1799
1531	1532
1531	1533
1531	1535
1531	1619
1532	1992
1533	1535
1533	1536
1533	1537
1534	1960
1535	1914
1535	1938
1535	1974
1536	1537
1536	1538
1537	1539
1537	1787
1538	1541
1538	1557
1538	1873
1539	1665
1539	1853
1540	1542
1540	1544
1540	1661
1541	1954
1542	1543
1542	1545
1542	1650
1542	1706
1542	1867
1543	1546
1543	1846
1544	1548
1544	1698
1544	1917
1545	1546
1545	1549
1546	1550
1546	1681
1546	1822
1548	1551
1548	1552
1548	1664
1549	1550
1549	1551
1549	1590
1549	1810
1550	1554
1550	1618
1550	1723
1551	1552
1551	1918
1552	1554
1552	1556
1552	1631
1552	1813
1552	1852
1553	1557
1553	1607
1554	1765
1554	1806
1555	1556
1555	1558
1555	1559
1555	1727
1555	1963
1556	1558
1556	1559
1556	1560
1556	1712
1557	1559
1557	1560
1557	1561
1557	1638
1557	1836
1558	1561
1558	1562
1558	1582
1559	1561
1559	1562
1559	1964
1560	1562
1560	1564
1560	1625
1560	1709
1561	1563
1561	1909
1561	1995
1562	1563
1562	1848
1563	1801
1564	1565
1564	1567
1564	1568
1566	1567
1566	1569
1566	1913
1567	1569
1567	1570
1567	1738
1567	1996
1568	1571
1568	1596
1568	1732
1569	1570
1569	1572
1569	1573
1570	1572
1571	1573
1571	1574
1571	1765
1571	1842
1572	1575
1572	1576
1572	1913
1572	1977
1573	1576
1573	1577
1574	1575
1574	1577
1574	1578
1575	1577
1575	1579
1575	1856
1576	1577
1576	1868
1577	1595
1577	1817
1578	1862
1579	1580
1579	1581
1579	1582
1579	1683
1580	1581
1580	1582
1580	1646
1580	1933
1581	1582
1582	1583
1582	1654
1582	1777
1583	1586
1583	1587
1584	1585
1584	1586
1584	1587
1584	1955
1585	1586
1585	1587
1585	1588
1586	1587
1586	1753
1586	1880
1587	1751
1588	1591
1588	1592
1588	1901
1589	1591
1590	1592
1590	1770
1591	1594
1592	1596
1593	1594
1593	1595
1593	1596
1593	1597
1594	1855
1595	1598
1595	1981
1596	1599
1596	1644
1596	1801
1597	1600
1597	1697
1597	1800
1598	1601
1598	1602
1599	1999
1600	1601
1600	1603
1600	1604
1601	1603
1601	1604
1601	1990
1602	1606
1603	1604
1603	1606
1603	1607
1603	1624
1603	1888
1604	1606
1604	1607
1604	1608
1604	1988
1605	1606
1607	1608
1607	1609
1608	1609
1608	1610
1609	1611
1609	1612
1609	1613
1610	1613
1610	1637
1610	1699
1610	1827
1610	1856
1610	1891
1611	1614
1611	1746
1612	1624
1612	1787
1613	1614
1613	1616
1613	1617
1613	1632
1614	1618
1614	1839
1615	1618
1616	1617
1616	1618
1616	1619
1616	1775
1617	1618
1617	1620
1617	1621
1617	1761
1618	1620
1618	1645
1619	1620
1619	1621
1619	1623
1620	1623
1620	1892
1621	1623
1621	1624
1621	1670
1621	1901
1622	1623
1622	1668
1623	1625
1623	1626
1624	1626
1624	1830
1625	1629
1625	1698
1627	1630
1627	1631
1627	1808
1627	1852
1627	2000
1628	1630
1628	1631
1629	1630
1629	1632
1629	1633
1630	1631
1630	1633
1630	1988
1631	1632
1631	1633
1631	1634
1631	1762
1632	1635
1633	1637
1634	1636
1634	1740
1635	1636
1635	1639
1636	1868
1637	1638
1637	1639
1639	1640
1639	1641
1639	1854
1639	1919
1639	1972
1640	1641
1640	1642
1640	1643
1640	1644
1641	1644
1641	1847
1641	1887
1641	1907
1642	1644
1642	1803
1643	1644
1643	1646
1643	1647
1644	1647
1645	1665
1645	1724
1645	1888
1646	1648
1646	1716
1646	1928
1647	1649
1647	1650
1647	1651
1647	1881
1648	1649
1648	1650
1648	1651
1649	1780
1650	1652
1651	1653
1651	1654
1651	1655
1651	1689
1652	1808
1653	1656
1653	1665
1653	1778
1654	1655
1654	1657
1654	1919
1655	1657
1655	1658
1655	1659
1655	1940
1656	1660
1656	1989
1657	1702
1657	1849
1657	1865
1657	1912
1658	1662
1659	1661
1659	1662
1659	1663
1659	1886
1660	1661
1660	1662
1661	1662
1661	1665
1661	1912
1662	1663
1663	1666
1663	1758
1664	1666
1664	1668
1664	1933
1666	1668
1666	1696
1666	1807
1667	1670
1667	1671
1667	1712
1667	1957
1668	1670
1668	1672
1669	1670
1669	1672
1670	1673
1670	1674
1670	1953
1671	1672
1671	1673
1671	1777
1672	1674
1672	1929
1673	1674
1673	1676
1674	1675
1674	1747
1674	1970
1675	1678
1675	1679
1676	1679
1676	1942
1676	1952
1677	1680
1678	1680
1678	1681
1678	1682
1678	1767
1678	1897
1679	1681
1679	1682
1680	1681
1680	1844
1681	1683
1681	1685
1682	1683
1682	1685
1682	1772
1683	1685
1683	1686
1683	1687
1683	1736
1684	1685
1684	1688
1685	1687
1686	1688
1686	1689
1687	1704
1687	1861
1688	1690
1688	1691
1688	1692
1689	1693
1689	1885
1690	1694
1691	1693
1692	1695
1692	1866
1694	1696
1694	1783
1695	1696
1695	1697
1695	1698
1696	1697
1696	1698
1696	1700
1696	1729
1697	1701
1698	1960
1699	1701
1699	1748
1699	1766
1699	1898
1700	1701
1700	1789
1701	1705
1701	1984
1701	1998
1702	1705
1702	1706
1703	1827
1704	1706
1704	1707
1704	1708
1704	1864
1705	1706
1705	1709
1706	1710
1707	1710
1708	1709
1708	1769
1708	1791
1708	1810
1709	1712
1710	1713
1710	1817
1712	1769
1713	1717
1713	1910
1714	1716
1714	1717
1715	1716
1715	1718
1715	1915
1716	1717
1716	1718
1716	1720
1716	1812
1717	1718
1717	1719
1717	1721
1718	1720
1718	1721
1718	1722
1719	1720
1719	1863
1721	1722
1721	1725
1722	1776
1722	1784
1723	1724
1723	1725
1724	1827
1725	1726
1725	1729
1726	1727
1726	1729
1726	1880
1726	1904
1727	1729
1728	1729
1728	1731
1728	1823
1729	1733
1729	1883
1730	1732
1730	1869
1730	1925
1730	1996
1731	1733
1731	1734
1731	1735
1731	1743
1731	1755
1731	1858
1732	1768
1734	1736
1734	1738
1735	1738
1735	1739
1738	1739
1738	1740
1738	1745
1739	1741
1740	1743
1740	1744
1740	1785
1740	1966
1741	1742
1741	1743
1741	1745
1742	1746
1743	1744
1743	1745
1743	1863
1744	1747
1744	1748
1745	1748
1745	1936
1746	1956
1747	1806
1748	1749
1748	1751
1748	1752
1749	1753
1750	1752
1751	1754
1751	1755
1751	1938
1751	1987
1752	1753
1752	1914
1753	1757
1753	1947
1754	1756
1754	1757
1754	1821
1755	1757
1755	1758
1755	1810
1757	1759
1757	1760
1758	1759
1758	1760
1758	1796
1759	1993
1760	1762
1760	1764
1761	1765
1761	1857
1762	1763
1762	1764
1762	1765
1762	1969
1763	1764
1763	1766
1763	1767
1764	1766
1764	1768
1765	1767
1766	1768
1766	1942
1767	1768
1768	1769
1768	1772
1769	1773
1769	1777
1769	1858
1770	1771
1770	1773
1771	1772
1771	1775
1772	1773
1772	1774
1773	1774
1773	1802
1774	1775
1774	1777
1774	2000
1775	1776
1775	1779
1776	1779
1776	1974
1777	1779
1777	1780
1778	1780
1778	1781
1778	1782
1779	1782
1779	1989
1780	1781
1780	1782
1780	1783
1781	1847
1781	1925
1782	1784
1783	1787
1783	1943
1784	1837
1785	1786
1785	1789
1786	1789
1787	1788
1788	1790
1788	1791
1789	1792
1789	1793
1791	1792
1791	1935
1792	1793
1792	1794
1793	1845
1793	1969
1794	1795
1794	1796
1794	1798
1795	1796
1795	1797
1795	1798
1795	1966
1796	1797
1796	1800
1796	1895
1797	1800
1798	1799
1798	1801
1799	1800
1800	1801
1802	1804
1802	1805
1802	1893
1803	1805
1804	1806
1804	1808
1804	1959
1804	1989
1805	1806
1805	1876
1806	1807
1806	1808
1807	1808
1807	1809
1807	1810
1808	1812
1809	1810
1809	1939
1811	1853
1812	1816
1813	1815
1814	1815
1815	1816
1815	1819
1816	1819
1816	1980
1817	1819
1817	1820
1817	1949
1818	1820
1818	1822
1819	1835
1820	1822
1821	1822
1821	1823
1821	1960
1822	1823
1822	1824
1822	1826
1823	1824
1823	1825
1823	1826
1824	1825
1824	1828
1824	1924
1825	1826
1825	1828
1825	1941
1826	1829
1826	1830
1826	1868
1827	1828
1828	1830
1828	1832
1829	1833
1830	1831
1830	1833
1830	1834
1831	1833
1831	1849
1832	1835
1833	1837
1833	1862
1833	1886
1834	1835
1834	1836
1834	1837
1834	1894
1835	1836
1835	1948
1836	1837
1836	1973
1837	1838
1838	1841
1838	1842
1839	1840
1839	1843
1840	1841
1840	1842
1840	1873
1841	1843
1841	1844
1841	1845
1842	1843
1842	1844
1842	1845
1843	1844
1843	1845
1843	1846
1843	1847
1844	1846
1844	1848
1845	1847
1845	1848
1846	1847
1846	1957
1846	1978
1847	1983
1848	1850
1848	1851
1849	1850
1850	1854
1851	1852
1852	1853
1852	1854
1852	1856
1853	1856
1853	1857
1853	1962
1854	1856
1854	1858
1854	1917
1855	1856
1855	1857
1855	1858
1856	1858
1857	1859
1857	1860
1857	1861
1860	1861
1860	1864
1860	1886
1861	1862
1862	1864
1862	1866
1863	1864
1863	1866
1864	1866
1864	1867
1864	1973
1864	1994
1865	1867
1865	1868
1866	1867
1867	1869
1867	1871
1867	1903
1868	1871
1869	1870
1870	1874
1870	1945
1871	1872
1872	1873
1872	1874
1872	1876
1873	1874
1874	1875
1874	1878
1876	1877
1876	1878
1876	1880
1877	1879
1877	1880
1877	1881
1877	1893
1878	1879
1878	1882
1879	1880
1879	1883
1880	1882
1881	1883
1881	1884
1881	1885
1882	1883
1882	1886
1883	1886
1884	1885
1884	1886
1884	1887
1884	1942
1885	1886
1885	1887
1885	1893
1886	1889
1886	1890
1887	1890
1888	1892
1888	1945
1889	1890
1889	1893
1890	1892
1891	1893
1891	1996
1892	1893
1892	1894
1893	1894
1895	1898
1896	1898
1896	1900
1897	1899
1897	1959
1897	1996
1898	1901
1898	1926
1898	1943
1900	1902
1900	1904
1901	1905
1902	1903
1903	1905
1904	1905
1904	1908
1905	1907
1905	1909
1905	1959
1905	1992
1906	1908
1906	1910
1907	1911
1908	1909
1908	1911
1908	1912
1908	1921
1909	1910
1909	1911
1910	1912
1911	1913
1911	1915
1913	1917
1913	1944
1913	1958
1914	1916
1915	1919
1915	1934
1915	1991
1916	1919
1916	1920
1917	1918
1917	1921
1918	1919
1918	1921
1918	1922
1919	1923
1920	1922
1920	1942
1921	1924
1921	1925
1922	1924
1922	1926
1923	1924
1923	1926
1923	1927
1924	1926
1925	1926
1926	1928
1926	1929
1927	1930
1927	1933
1929	1931
1929	1932
1929	1959
1930	1933
1931	1932
1931	1933
1932	1933
1932	1934
1933	1934
1933	1936
1934	1935
1934	1937
1934	1938
1935	1936
1935	1937
1935	1938
1935	1939
1935	1973
1936	1937
1937	1938
1937	1939
1938	1941
1938	1942
1939	1943
1940	1943
1940	1944
1941	1942
1941	1943
1942	1946
1943	1944
1943	1945
1945	1947
1946	1947
1947	1948
1948	1950
1948	1951
1948	1964
1949	1950
1949	1952
1950	1951
1950	1952
1950	1954
1951	1952
1951	1955
1951	1975
1952	1956
1953	1954
1954	1955
1954	1956
1954	1957
1955	1957
1955	1958
1955	1959
1956	1958
1956	1960
1957	1959
1958	1959
1958	1960
1960	1961
1960	1962
1961	1963
1961	1964
1961	1965
1963	1967
1964	1965
1964	1966
1964	1968
1965	1966
1965	1967
1965	1968
1965	1969
1965	1977
1967	1968
1969	1970
1970	1973
1971	1972
1971	1973
1971	1974
1971	1975
1972	1973
1972	1974
1975	1979
1976	1977
1976	1980
1977	1978
1977	1979
1978	1981
1978	1982
1979	1980
1979	1982
1979	1983
1980	1982
1982	1983
1982	1984
1983	1986
1983	1987
1986	1987
1987	1988
1988	1989
1988	1991
1989	1991
1990	1992
1991	1992
1991	1994
1994	1996
1994	1997
1995	1997
1995	1998
1997	1999
1997	2000
1998	2000
