1	2
1	3
1	4
1	5
1	1998
1	1999
1	2000
2	3
2	4
2	5
2	6
2	372
2	1999
2	2000
3	4
3	5
3	6
3	7
3	696
3	1580
3	1999
3	2000
4	5
4	6
4	7
4	8
4	780
4	2000
5	6
5	9
5	587
5	1535
5	1874
6	7
6	10
6	640
6	1197
6	1364
7	8
7	9
7	11
7	478
7	1467
8	9
8	10
8	12
8	651
9	10
9	11
9	12
9	13
9	598
9	830
9	1252
10	11
10	12
10	13
10	884
11	12
11	13
11	14
11	15
11	718
12	13
12	14
12	15
12	16
13	14
13	15
13	16
13	17
14	15
14	16
14	17
14	1693
14	1949
15	16
15	17
15	19
15	621
16	17
16	18
16	19
16	1856
17	18
17	19
17	20
17	21
18	19
18	20
18	21
18	22
18	1148
19	20
19	22
19	23
19	1845
20	21
20	22
20	23
20	24
20	138
21	22
21	24
21	25
21	258
21	1042
21	1114
21	1583
22	23
22	24
22	25
22	26
23	24
23	25
23	26
23	27
23	289
24	25
24	27
24	28
24	894
24	1112
25	26
25	27
25	28
25	1730
26	28
26	29
26	1282
26	1562
27	28
27	30
27	31
27	1093
28	30
28	31
28	32
28	1164
28	1706
28	1766
29	30
29	32
29	33
29	483
29	726
29	1188
29	1722
30	31
30	33
30	34
30	87
30	1722
31	33
31	35
31	611
31	661
32	33
32	34
32	35
32	36
32	501
33	34
33	35
33	36
33	37
34	35
34	36
34	37
34	38
34	223
35	36
35	37
35	38
35	39
35	1050
35	1918
36	37
36	38
36	39
36	1024
36	1115
37	38
37	39
37	40
37	41
37	304
37	391
38	39
38	40
38	42
38	129
38	591
39	41
39	42
39	173
39	812
40	41
40	42
40	43
40	44
41	44
41	45
41	179
41	221
41	1610
42	43
42	45
42	100
42	114
42	376
42	666
43	44
43	45
43	47
43	1361
44	45
44	47
44	48
44	1216
45	46
45	47
45	48
45	49
46	47
46	48
46	50
46	171
47	49
47	51
47	1327
47	1753
48	49
48	51
48	52
48	366
49	51
49	52
49	53
49	333
49	1516
50	51
50	52
50	200
50	975
51	52
51	53
51	54
51	55
52	53
52	54
52	55
52	56
53	54
53	55
53	57
53	911
53	1971
54	55
54	56
54	57
54	58
55	59
55	88
55	577
55	758
55	1274
56	59
56	60
56	689
56	782
56	1577
57	58
57	59
57	60
57	61
58	59
58	61
58	62
58	665
58	1694
59	60
59	61
59	62
59	63
60	61
60	62
60	63
60	64
60	1063
60	1828
61	62
61	63
61	64
61	65
61	1573
62	63
62	65
62	66
62	733
63	65
63	66
63	67
63	462
64	65
64	67
64	294
64	1594
65	66
65	67
65	68
65	69
66	67
66	68
66	69
66	70
66	421
66	1059
67	68
67	69
67	70
67	71
68	69
68	70
68	71
68	72
68	883
69	70
69	72
69	73
69	1086
69	1255
70	71
70	72
70	73
70	74
70	167
70	1635
71	72
71	73
71	74
71	75
71	1181
71	1393
72	75
72	76
72	442
72	1938
73	74
73	75
73	76
73	77
74	75
74	76
74	77
74	78
74	236
75	76
75	77
75	78
75	79
75	1093
76	77
76	78
76	79
76	80
76	1850
77	78
77	80
77	429
77	1062
77	1153
78	79
78	80
78	81
78	82
79	80
79	81
79	82
79	83
79	1924
80	81
80	82
80	84
80	206
80	1954
81	82
81	83
81	84
81	85
82	83
82	84
82	85
82	86
83	84
83	86
83	87
83	1270
83	1524
83	1721
84	86
84	87
84	88
84	880
84	1273
85	86
85	87
85	88
85	89
85	1327
85	1724
85	1850
86	87
86	88
86	89
86	90
87	89
87	90
87	91
87	1348
88	89
88	90
88	91
88	266
88	1454
89	91
89	92
89	880
89	947
89	1285
89	1624
90	91
90	92
90	93
90	454
91	92
91	93
91	95
91	1871
92	93
92	94
92	96
92	332
92	1272
93	94
93	95
93	96
93	97
93	645
93	1852
94	96
94	246
94	844
94	1239
95	96
95	97
95	98
95	99
96	97
96	98
96	99
96	100
96	204
97	99
97	100
97	101
97	275
97	910
97	1435
97	1560
98	99
98	100
98	102
98	342
98	1862
99	103
99	1245
99	1375
99	1451
100	102
100	103
100	323
100	815
100	1523
101	104
101	423
101	760
101	836
101	1474
102	103
102	104
102	105
102	106
102	135
103	104
103	105
103	737
103	1017
103	1293
104	105
104	107
104	1030
104	1107
105	107
105	108
105	109
105	1208
106	108
106	109
106	110
106	1362
107	108
107	109
107	110
107	111
108	109
108	111
108	525
108	903
108	1870
109	111
109	113
109	489
109	755
109	1401
109	1421
110	111
110	112
110	332
110	1292
110	1554
111	112
111	118
111	354
111	987
111	1800
112	114
112	115
112	116
112	527
113	116
113	117
113	621
113	831
113	1974
114	262
114	389
114	793
114	960
114	1654
114	1751
115	116
115	118
115	119
115	994
115	1817
116	117
116	118
116	119
116	120
117	118
117	119
117	120
117	121
118	120
118	122
118	450
118	743
118	1198
118	1596
119	120
119	121
119	314
119	824
119	1608
120	121
120	122
120	123
120	124
120	1330
121	122
121	123
121	125
121	741
121	1089
122	123
122	125
122	126
122	282
122	685
122	1343
122	1510
123	124
123	125
123	126
123	127
124	125
124	126
124	127
124	128
125	126
125	127
125	128
125	129
125	1907
126	127
126	128
126	129
126	130
126	1897
127	129
127	130
127	131
127	1266
128	129
128	130
128	131
128	132
128	1841
129	132
129	133
129	871
129	1154
129	1221
130	132
130	133
130	613
130	1191
131	132
131	133
131	134
131	135
131	265
132	133
132	134
132	135
132	136
133	134
133	136
133	137
133	704
134	135
134	136
134	360
134	1020
134	1202
135	136
135	139
135	190
135	488
135	526
135	1685
136	137
136	138
136	139
136	140
137	138
137	139
137	140
137	1418
138	140
138	141
138	142
139	140
139	141
139	143
139	229
139	1442
139	1472
140	141
140	142
140	143
140	144
140	278
141	142
141	144
141	312
141	655
142	143
142	144
142	145
142	146
142	1050
143	144
143	145
143	146
143	147
144	145
144	146
144	147
144	148
145	146
145	147
145	148
145	149
146	147
146	149
146	150
146	245
146	311
146	747
146	1217
147	148
147	149
147	151
147	433
147	657
148	149
148	151
148	152
148	1016
149	150
149	151
149	152
149	953
150	151
150	152
150	153
150	154
150	195
150	1355
151	152
151	153
151	154
151	155
151	1982
152	153
152	154
152	155
152	156
152	317
153	487
153	622
153	791
153	1850
154	155
154	156
154	157
154	158
155	156
155	159
155	566
155	867
156	157
156	158
156	159
156	160
156	1590
157	159
157	160
157	161
157	388
157	492
158	159
158	161
158	162
158	329
158	751
159	160
159	161
159	162
159	1535
160	161
160	162
160	163
160	164
161	162
161	163
161	164
161	165
161	1381
162	163
162	164
162	165
162	166
162	648
162	1623
162	1939
163	164
163	166
163	167
163	544
163	1219
164	166
164	168
164	1068
164	1189
164	1900
165	166
165	167
165	169
165	459
165	1907
166	167
166	168
166	169
166	170
166	903
167	168
167	169
167	171
168	170
168	171
168	719
168	1023
168	1098
169	171
169	173
169	1513
169	1958
170	171
170	172
170	346
170	512
170	1633
170	1955
171	172
171	173
171	174
171	175
171	695
171	1606
172	174
172	175
172	176
172	189
172	499
173	174
173	175
173	176
173	295
173	844
173	1622
174	176
174	177
174	178
174	702
174	808
174	1433
175	178
175	179
175	1412
175	1521
176	178
176	180
176	594
176	893
176	1015
176	1643
176	1844
177	178
177	179
177	180
177	181
178	179
178	180
178	182
178	1833
179	181
179	182
179	183
179	1718
180	181
180	182
180	183
180	184
181	183
181	184
181	185
181	654
181	1777
182	183
182	184
182	185
182	186
182	327
183	185
183	186
183	187
183	404
183	1176
184	185
184	186
184	187
184	188
184	353
184	974
184	1920
185	186
185	187
185	188
185	189
185	273
186	188
186	189
186	945
186	1398
186	1455
186	1490
187	188
187	189
187	190
187	191
187	730
188	189
188	191
188	192
188	197
188	1307
188	1526
189	190
189	191
189	192
189	193
189	1760
190	191
190	192
190	193
190	194
190	875
190	1755
191	192
191	193
191	194
191	1666
192	193
192	194
192	195
192	196
192	1662
193	194
193	197
193	959
193	1367
193	1956
194	195
194	197
194	198
194	1043
195	197
195	199
195	1038
196	198
196	200
196	451
196	1837
197	199
197	200
197	201
198	199
198	200
198	201
198	202
198	767
199	200
199	202
199	203
199	397
199	642
199	1217
199	1556
200	201
200	202
200	203
200	204
201	202
201	203
201	204
201	205
201	1414
202	203
202	204
202	205
202	206
202	1370
203	205
203	206
203	207
203	1440
203	1658
203	1917
204	207
204	208
204	359
205	206
205	207
205	632
205	1002
206	207
206	210
206	816
206	1800
207	208
207	209
207	210
207	211
208	209
208	211
208	212
208	322
208	1877
209	210
209	211
209	212
209	213
209	1158
210	211
210	212
210	213
210	214
210	942
211	212
211	213
211	214
211	215
211	1075
212	213
212	214
212	215
212	216
212	260
212	427
213	215
213	216
213	217
213	1761
214	215
214	216
214	217
214	1863
215	216
215	217
215	218
215	219
215	1095
216	217
216	218
216	219
216	220
217	219
217	220
217	221
217	1144
217	1291
218	219
218	220
218	221
218	222
218	409
219	220
219	221
219	222
219	223
220	221
220	222
220	224
220	278
221	222
221	223
221	224
221	225
222	223
222	224
222	225
222	226
223	227
223	366
223	662
224	225
224	226
224	227
224	246
224	1188
225	226
225	227
225	228
225	1221
226	227
226	228
226	230
226	1593
227	228
227	229
227	230
227	231
228	229
228	230
228	231
228	232
229	230
229	231
229	232
229	1266
230	232
230	234
230	785
230	1900
231	232
231	233
231	235
231	1366
232	233
232	234
232	236
232	567
232	1035
233	234
233	235
233	236
233	237
234	235
234	236
234	237
234	238
234	798
235	236
235	237
235	238
235	239
235	625
236	238
236	240
236	522
237	238
237	239
237	240
237	241
237	1335
238	239
238	240
238	241
238	242
239	240
239	241
239	242
239	243
240	241
240	242
240	244
240	872
241	242
241	243
241	244
241	400
242	243
242	244
242	245
242	246
243	244
243	245
243	246
243	247
244	247
244	248
244	312
244	616
244	707
244	1565
245	246
245	247
245	1873
245	1974
246	247
246	248
246	275
246	1613
247	249
247	250
247	251
247	1649
248	249
248	250
248	1164
248	1522
249	250
249	253
249	424
249	1216
250	251
250	252
250	253
250	254
251	252
251	253
251	254
251	255
252	254
252	255
252	256
252	602
252	1949
253	254
253	255
253	256
253	257
254	255
254	256
254	257
254	258
254	1428
255	256
255	257
255	258
255	259
256	257
256	258
256	259
256	260
257	259
257	261
257	421
257	853
257	1127
258	259
258	262
258	959
258	1517
259	260
259	261
259	263
259	1349
259	1718
260	261
260	263
260	264
261	263
261	264
261	1542
261	1573
262	263
262	264
262	266
262	470
262	601
262	650
262	1819
263	264
263	265
263	267
263	759
264	265
264	266
264	1048
264	1655
265	266
265	267
265	268
266	268
266	269
266	270
266	1783
266	1868
267	268
267	269
267	270
267	271
268	269
268	270
268	272
268	1291
269	272
269	340
269	631
269	1295
270	271
270	272
270	273
270	274
271	272
271	273
271	274
271	1815
272	273
272	274
272	275
272	276
272	490
273	275
273	276
273	277
274	275
274	276
274	277
274	278
275	276
275	706
275	736
276	277
276	279
276	280
276	929
277	280
277	281
277	487
277	647
278	279
278	280
278	281
279	280
279	282
279	283
279	1172
279	1339
279	1856
280	281
280	282
280	283
280	1528
280	1888
281	282
281	283
281	284
281	285
281	723
281	983
282	283
282	284
282	285
283	284
283	285
283	286
283	287
284	285
284	286
284	287
284	288
285	287
285	288
285	289
285	935
285	1506
286	287
286	288
286	289
286	290
286	1531
286	1956
287	288
287	289
287	290
287	291
287	1476
288	289
288	290
288	291
288	292
289	290
289	291
289	292
290	291
290	292
290	293
290	294
290	843
290	1766
291	293
291	295
291	421
291	936
291	1009
291	1133
292	293
292	294
292	295
292	296
292	1145
293	294
293	296
293	297
293	1999
294	295
294	296
294	297
294	298
295	296
295	297
295	299
295	1752
296	297
296	298
296	299
296	300
296	842
297	298
297	299
297	300
297	360
297	1053
297	1444
297	1742
298	299
298	300
298	301
298	302
298	1322
299	300
299	301
299	302
299	951
300	301
300	302
300	303
300	304
301	304
301	305
301	307
301	1179
302	303
302	304
302	305
302	306
302	403
303	304
303	305
303	306
303	307
303	778
304	305
304	306
304	307
305	306
305	307
305	308
305	309
306	307
306	308
306	310
306	566
306	940
306	1730
307	308
307	309
307	311
307	1137
308	309
308	310
308	430
308	506
308	814
308	945
308	1121
309	310
309	311
309	312
309	313
310	311
310	313
310	423
310	540
310	560
311	313
311	314
311	315
312	314
312	316
312	868
312	929
313	314
313	315
313	316
313	317
313	358
313	737
313	887
313	1851
314	315
314	316
314	317
314	1131
315	316
315	317
315	318
315	319
316	318
316	319
316	320
316	442
316	713
317	319
317	321
317	516
318	319
318	320
318	321
318	322
319	321
319	322
319	323
319	1058
320	321
320	322
320	323
320	384
320	1397
321	322
321	323
321	324
321	1176
322	325
322	326
322	575
322	1624
323	325
323	326
323	327
323	1946
324	325
324	328
324	434
324	891
324	1186
325	326
325	327
325	329
325	1357
326	329
326	330
326	1113
326	1842
326	1977
327	330
327	331
327	656
327	1428
328	329
328	330
328	331
328	1286
329	330
329	332
329	1858
330	331
330	333
330	334
330	656
331	332
331	333
331	335
331	1065
332	333
332	335
332	336
333	334
333	337
333	957
334	335
334	336
334	337
334	338
334	1972
335	336
335	337
335	338
335	339
336	337
336	338
336	339
336	340
337	338
337	339
337	340
337	341
338	340
338	341
338	342
338	450
339	340
339	341
339	343
339	680
339	1260
339	1932
340	341
340	342
340	344
340	563
341	342
341	343
341	344
341	345
342	343
342	345
342	346
342	890
343	345
343	346
343	347
343	1613
344	345
344	346
344	347
344	348
345	346
345	347
345	349
345	1742
345	1852
346	347
346	349
346	350
346	1357
347	348
347	349
347	350
347	351
347	622
348	350
348	352
348	1008
348	1141
348	1689
348	1953
349	350
349	351
349	352
349	353
350	351
350	352
350	353
350	354
350	687
351	352
351	353
351	354
351	355
351	522
351	1369
351	1972
352	353
352	354
352	355
352	356
352	427
352	1066
352	1791
353	354
353	355
353	357
354	357
354	358
354	975
355	356
355	357
355	358
355	359
355	559
355	1979
356	357
356	358
356	360
356	406
357	358
357	360
357	361
357	1929
358	359
358	361
358	362
359	360
359	361
359	362
359	972
360	361
360	362
360	1045
361	362
361	363
361	364
361	365
361	474
362	364
362	366
362	624
362	1163
363	364
363	365
363	366
363	367
364	365
364	367
364	396
364	1820
365	366
365	368
365	1232
365	1568
366	367
366	368
366	369
366	370
367	368
367	369
367	370
367	371
368	370
368	371
368	372
368	926
368	1207
369	371
369	372
369	373
369	1814
370	371
370	372
370	373
370	374
370	1182
371	373
371	374
371	375
371	1783
372	374
372	1352
372	1689
373	376
373	377
373	1044
373	1081
373	1439
373	1619
374	375
374	376
374	377
374	378
374	662
375	376
375	378
375	379
375	722
375	856
376	377
376	441
376	448
376	1573
377	378
377	379
377	381
377	825
378	379
378	380
378	381
378	1619
379	380
379	381
379	382
379	383
379	1403
380	382
380	384
380	1629
380	1647
380	1701
380	1860
381	382
381	383
381	384
381	385
382	383
382	384
382	386
382	1125
382	1962
383	384
383	385
383	386
383	387
384	386
384	387
384	388
384	1174
385	386
385	387
385	388
385	389
386	388
386	389
386	390
386	1665
387	388
387	556
387	1127
387	1156
387	1254
388	389
388	390
388	392
388	1630
388	1932
389	391
389	392
389	1994
390	391
390	392
390	393
390	394
391	393
391	394
391	395
392	393
392	394
392	395
392	396
393	394
393	396
393	397
393	1140
394	395
394	396
394	398
394	908
394	963
394	1024
395	396
395	397
395	398
395	399
396	397
396	398
396	399
396	400
396	1239
397	399
397	401
397	1301
397	1480
398	399
398	400
398	401
398	426
398	846
398	1788
399	400
399	402
399	403
399	432
400	401
400	402
400	403
400	404
400	743
400	1670
401	402
401	403
401	404
401	405
401	1138
401	1681
402	403
402	404
402	405
402	406
403	404
403	406
403	637
403	1561
404	405
404	407
404	462
404	464
404	779
405	406
405	409
405	1253
405	1302
406	408
406	409
406	410
406	1710
407	408
407	410
407	411
407	1116
407	1890
408	409
408	410
408	694
408	1449
408	1776
409	410
409	411
409	413
410	412
410	414
410	883
410	1332
410	1573
410	1829
411	412
411	413
411	415
411	1288
411	1707
412	413
412	415
412	416
412	974
413	414
413	415
413	416
413	417
414	415
414	416
414	417
414	418
414	1631
415	416
415	417
415	418
415	419
416	417
416	420
416	575
416	690
416	1507
417	418
417	419
417	420
417	421
417	1744
418	419
418	420
418	421
418	422
418	1496
418	1633
419	420
419	421
419	422
419	423
420	422
420	423
420	424
420	454
421	422
421	424
421	425
422	423
422	424
422	425
422	426
422	1761
423	425
423	426
423	427
423	509
424	425
424	426
424	427
424	428
425	426
425	427
425	428
425	429
425	1605
426	427
426	429
426	430
426	1458
427	430
427	1128
428	429
428	430
428	431
428	432
428	1383
428	1952
429	430
429	431
429	432
429	721
429	885
429	1387
430	431
430	432
430	433
430	434
430	793
431	432
431	433
431	434
431	435
432	434
432	435
432	436
432	666
433	434
433	435
433	436
434	437
434	438
434	627
434	649
434	862
435	436
435	437
435	438
435	439
436	439
436	1203
436	1653
436	1718
436	1924
437	438
437	440
437	441
437	601
437	1111
437	1148
438	439
438	440
438	441
438	618
438	1551
438	1619
439	440
439	441
439	442
439	443
440	441
440	442
440	443
440	444
440	614
441	442
441	443
441	445
441	683
441	720
441	1019
441	1725
442	443
442	444
442	446
443	444
443	445
443	446
443	447
444	446
444	447
444	448
444	1217
445	446
445	447
445	449
445	501
446	448
446	449
446	564
446	737
446	1568
446	1811
447	448
447	449
447	451
447	842
447	1740
448	449
448	450
448	452
449	450
449	451
449	452
449	453
450	452
450	453
450	1016
450	1484
451	453
451	454
451	455
451	1091
451	1516
452	454
452	455
452	456
452	844
452	1174
453	454
453	455
453	456
453	457
454	455
454	456
454	457
454	458
455	456
455	457
455	458
455	459
456	458
456	459
456	460
456	850
456	1719
457	458
457	459
457	460
457	461
457	1085
458	460
458	461
458	462
458	623
458	1532
459	460
459	461
459	462
459	816
459	1994
460	461
460	462
460	463
460	464
461	462
461	463
461	464
461	1343
462	463
462	465
462	466
462	1813
463	464
463	465
463	466
463	467
463	1697
464	465
464	466
464	1264
464	1304
465	466
465	468
465	1644
465	1880
465	1906
466	468
466	469
466	470
466	1800
467	468
467	470
467	471
467	1340
468	471
468	472
468	626
468	1053
468	1214
468	1332
469	471
469	473
469	1462
469	1823
470	471
470	832
470	943
470	1197
471	473
471	474
471	475
471	981
472	473
472	474
472	475
472	476
473	474
473	475
473	476
473	477
473	1056
474	475
474	476
474	478
475	476
475	477
475	478
475	943
476	477
476	478
476	479
476	480
476	1979
477	480
477	481
477	585
477	993
478	479
478	480
478	481
478	482
478	1863
479	481
479	483
479	538
479	1849
480	481
480	483
480	484
480	1113
481	483
481	484
481	485
481	670
482	484
482	485
482	486
482	647
482	1041
483	484
483	485
483	486
483	1776
484	488
484	579
484	752
484	1002
485	486
485	487
485	488
485	489
486	487
486	488
486	489
486	490
487	488
487	489
487	490
487	491
488	491
488	492
488	1293
488	1455
489	491
489	492
489	493
490	493
490	494
490	1482
491	492
491	493
491	494
491	495
492	493
492	495
492	496
493	494
493	495
493	496
493	497
494	495
494	496
494	497
494	498
494	1545
495	497
495	498
495	499
495	1585
495	1912
496	497
496	498
496	499
496	500
497	498
497	499
497	500
497	1649
498	499
498	500
498	501
498	1130
498	1181
499	500
499	501
499	503
500	501
500	502
500	503
500	504
501	1564
501	1700
501	1791
501	1967
502	503
502	504
502	505
502	506
503	506
503	785
503	865
503	1490
503	1519
504	505
504	506
504	507
504	1887
505	506
505	508
505	509
505	1121
505	1522
506	507
506	508
506	510
507	508
507	509
507	510
507	511
508	510
508	511
508	512
508	986
508	1586
508	1907
509	511
509	512
509	513
509	1573
509	1647
509	1651
510	511
510	512
510	513
510	751
510	1004
510	1244
511	512
511	513
511	514
511	515
511	839
512	513
512	514
512	515
512	516
512	1800
513	514
513	515
513	516
513	517
513	1684
514	515
514	516
514	517
514	518
515	516
515	517
515	518
515	519
516	517
516	519
516	520
516	1979
517	518
517	519
517	521
517	616
517	945
517	1509
518	520
518	522
518	696
518	1016
519	520
519	521
519	522
519	523
519	1658
520	521
520	522
520	523
520	524
520	1484
521	522
521	523
521	524
521	525
522	524
522	525
522	526
522	1396
522	1488
523	525
523	526
523	527
523	1513
524	525
524	526
524	527
524	528
524	1140
525	526
525	527
525	529
525	757
525	984
526	527
526	529
526	530
527	528
527	529
527	530
527	531
528	529
528	530
528	531
528	532
529	530
529	533
529	560
529	1264
529	1283
530	531
530	532
530	533
530	534
531	532
531	533
531	534
531	535
531	1222
531	1887
532	533
532	534
532	535
532	536
532	1415
532	1507
533	534
533	535
533	536
533	537
533	1334
533	1335
534	536
534	537
534	538
534	665
534	681
534	1131
535	536
535	537
535	538
535	539
536	537
536	538
536	539
536	540
536	845
537	539
537	540
537	541
537	1571
538	539
538	541
538	542
538	1607
539	540
539	541
539	542
539	543
540	541
540	542
540	544
540	1104
540	1489
541	542
541	543
541	544
541	545
541	1881
542	543
542	545
542	546
542	1825
543	545
543	546
543	1180
543	1895
544	545
544	546
544	760
544	1641
545	546
545	547
545	548
545	1002
545	1610
546	548
546	549
546	550
546	1784
546	1963
547	548
547	549
547	550
547	551
548	551
548	552
548	590
548	833
548	1952
549	550
549	552
549	553
549	821
550	551
550	552
550	553
550	554
551	552
551	553
551	554
551	555
552	553
552	554
552	555
552	1785
552	1941
553	554
553	556
553	557
553	719
553	1082
554	555
554	556
554	557
554	558
554	1811
555	556
555	557
555	558
555	1358
556	557
556	558
556	559
557	558
557	559
557	560
557	561
557	1957
558	559
558	560
558	562
558	648
558	1410
559	561
559	562
559	563
560	562
560	1316
560	1745
560	1832
561	562
561	563
561	564
561	565
562	563
562	564
562	565
562	566
562	1823
563	564
563	565
563	566
563	567
564	566
564	567
564	568
564	1607
565	566
565	567
565	568
565	569
565	580
565	1963
566	569
566	815
566	1428
567	569
567	571
567	736
567	1020
568	569
568	572
568	661
568	875
568	1419
569	570
569	571
569	572
569	573
569	1093
570	571
570	572
570	573
570	762
570	1502
571	572
571	573
571	574
571	575
572	573
572	575
572	576
572	678
573	574
573	575
573	576
573	577
573	886
573	1123
574	575
574	576
574	578
574	1720
575	576
575	577
575	578
575	579
576	577
576	580
576	920
576	1156
577	578
577	580
577	581
578	579
578	580
578	581
578	582
578	1249
579	580
579	581
579	582
579	583
580	581
580	583
580	584
580	896
580	1376
581	582
581	583
581	585
581	970
582	583
582	584
582	585
582	586
583	585
583	586
583	587
583	1431
584	585
584	586
584	587
584	1800
585	586
585	587
585	589
585	871
586	587
586	588
586	589
586	1443
587	589
587	590
587	1289
587	1708
588	589
588	590
588	591
588	592
588	1399
589	590
589	591
589	592
589	593
590	591
590	592
590	593
590	594
590	1973
591	593
591	595
591	1336
592	593
592	594
592	595
592	969
593	594
593	595
593	597
593	1448
593	1582
593	1686
593	1714
594	596
594	597
594	934
594	1189
595	596
595	597
595	598
595	599
595	1833
596	597
596	598
596	599
596	600
596	1192
597	598
597	599
597	600
597	601
597	1156
598	599
598	600
598	601
599	600
599	601
599	602
599	603
600	602
600	603
600	604
600	1118
601	602
601	603
601	604
601	613
602	603
602	604
602	605
602	606
602	1708
603	604
603	605
603	606
603	607
604	605
604	606
604	607
604	608
605	606
605	607
605	608
605	609
606	607
606	608
606	609
606	610
607	608
607	609
607	610
607	611
608	610
608	611
608	612
608	1505
609	611
609	647
609	916
609	1607
609	1883
610	611
610	612
610	613
610	614
610	1684
611	612
611	613
611	615
611	1097
611	1106
612	613
612	614
612	615
612	616
613	614
613	615
613	616
613	617
614	617
614	618
614	923
615	616
615	617
615	618
615	619
616	617
616	618
616	620
616	1987
617	618
617	619
617	620
617	713
617	1508
617	1761
618	620
618	621
618	622
619	620
619	621
619	622
619	623
620	622
620	623
620	624
620	1766
621	622
621	623
621	624
621	625
621	937
622	623
622	626
622	1671
623	624
623	625
623	626
623	627
623	932
624	625
624	626
624	627
624	628
624	825
625	628
625	1284
625	1836
626	627
626	628
626	629
626	630
626	952
627	628
627	629
627	631
627	1016
628	629
628	630
628	631
628	632
628	1756
629	630
629	631
629	632
629	633
630	631
630	632
630	634
630	1048
631	632
631	633
631	634
631	635
632	633
632	635
632	903
632	1990
633	634
633	636
633	637
633	954
634	635
634	636
634	637
634	1434
635	636
635	638
635	1489
635	1618
635	1964
636	637
636	638
636	639
636	640
636	726
637	638
637	641
637	749
638	639
638	640
638	641
638	642
638	1414
639	640
639	641
639	642
639	643
640	643
640	644
640	816
640	1405
641	642
641	643
641	644
641	645
642	643
642	644
642	646
642	873
642	1330
643	644
643	645
643	646
643	647
643	1006
644	645
644	646
644	647
644	648
644	1220
645	647
645	648
645	649
645	1713
646	647
646	648
646	649
646	650
647	648
647	649
647	650
647	651
647	1400
648	652
648	937
648	1231
649	650
649	651
649	652
649	653
650	652
650	790
650	1160
651	652
651	653
651	654
651	655
651	1857
652	653
652	655
652	656
652	1853
653	654
653	655
653	656
653	657
653	659
653	835
654	655
654	656
654	657
654	1012
655	656
655	657
655	658
655	659
655	1717
655	1875
656	657
656	658
656	659
656	740
657	658
657	660
657	661
657	1777
658	660
658	661
658	662
658	1855
658	1898
659	661
659	662
659	1204
660	661
660	662
660	663
660	729
660	1140
660	1174
661	662
661	663
661	665
661	1155
662	664
662	665
662	666
663	664
663	666
663	667
663	1625
663	1798
664	665
664	666
664	667
664	668
665	668
665	1712
665	1907
666	668
666	669
666	670
667	669
667	670
667	671
667	1788
668	670
668	671
668	672
668	1132
669	670
669	671
669	672
669	673
670	671
670	672
670	673
670	674
671	672
671	673
671	674
671	675
671	676
671	1893
672	673
672	674
672	675
672	676
673	674
673	675
673	676
673	1794
673	1828
674	675
674	677
674	678
674	921
674	978
674	1414
675	677
675	678
675	679
675	685
676	677
676	678
676	679
676	882
676	1836
677	678
677	679
677	680
677	681
678	679
678	680
678	681
678	809
678	1020
678	1419
679	680
679	682
679	683
679	1187
680	681
680	683
680	684
680	722
681	682
681	684
681	685
682	684
682	685
682	686
682	1905
683	684
683	686
683	1416
684	685
684	686
684	687
684	688
684	1296
685	686
685	687
685	689
685	809
686	687
686	688
686	689
686	690
687	689
687	690
687	691
688	689
688	690
688	691
688	692
689	690
689	691
689	692
689	693
689	1450
689	1482
690	691
690	692
690	694
691	692
691	693
691	694
691	827
691	899
692	693
692	694
692	695
692	696
692	1928
693	694
693	695
693	696
693	697
693	1354
694	696
694	697
694	698
694	808
694	863
695	696
695	698
695	699
696	697
696	698
696	699
696	822
696	857
697	698
697	700
697	701
697	975
697	1330
697	1758
697	1891
698	699
698	700
698	701
698	1491
699	700
699	701
699	702
699	703
700	701
700	702
700	703
700	704
700	1259
701	702
701	703
701	704
701	705
701	1005
702	703
702	704
702	705
702	706
702	1325
702	1421
703	704
703	705
703	706
703	707
703	1658
704	705
704	706
704	707
704	708
704	803
705	707
705	708
705	709
705	774
705	891
706	707
706	708
706	709
706	710
707	708
707	709
707	710
707	711
708	710
708	711
708	712
708	929
709	710
709	711
709	712
709	713
710	711
710	712
710	713
710	714
711	712
711	713
711	714
711	715
712	713
712	715
712	716
712	1186
713	715
713	717
713	1463
714	715
714	716
714	718
714	1089
714	1286
715	717
715	718
715	719
715	850
716	717
716	718
716	720
716	946
717	718
717	719
717	720
717	721
718	719
718	720
718	721
719	720
719	721
719	722
719	723
719	1804
720	721
720	722
720	724
721	723
721	724
721	725
721	1794
722	723
722	724
722	726
723	725
723	726
723	800
724	725
724	726
724	727
724	728
725	726
725	727
725	729
725	739
725	1358
726	727
726	729
727	728
727	729
727	730
727	731
727	1277
728	729
728	730
728	731
728	732
729	730
729	732
729	733
730	731
730	733
730	734
731	732
731	733
731	734
731	991
732	733
732	734
732	735
732	736
732	1254
733	734
733	735
733	736
733	737
734	735
734	736
734	737
734	738
735	736
735	737
735	738
735	739
736	737
736	738
736	922
736	1105
736	1124
737	739
737	741
738	739
738	740
738	742
738	1193
738	1747
739	741
739	742
739	743
740	743
740	744
740	957
740	1903
741	742
741	743
741	744
741	745
741	1527
741	1930
742	743
742	744
742	745
742	746
742	826
743	746
743	747
744	745
744	747
744	1024
744	1527
745	746
745	747
745	748
745	749
745	1682
746	747
746	748
746	749
746	750
747	748
747	749
747	750
748	749
748	750
748	751
748	752
749	750
749	751
749	752
749	753
749	1745
750	752
750	753
750	754
750	936
751	752
751	753
751	755
751	1743
752	753
752	754
752	756
752	1820
753	754
753	755
753	1529
753	1625
754	755
754	756
754	757
754	758
755	756
755	757
755	758
755	759
755	1650
756	757
756	758
756	759
756	1131
756	1642
757	758
757	761
757	1443
758	759
758	760
758	761
758	762
759	760
759	761
759	762
759	763
760	1667
760	1758
760	1759
761	762
761	763
761	764
761	765
761	1105
762	764
762	765
762	766
763	764
763	765
763	766
763	767
763	1548
764	765
764	766
764	767
764	768
765	766
765	767
765	768
765	769
766	769
766	770
766	1599
766	1933
767	769
767	770
767	1021
767	1301
768	769
768	771
768	772
768	1697
769	771
769	772
769	773
769	1447
770	771
770	772
770	774
770	817
771	772
771	773
771	774
771	775
771	903
772	773
772	774
772	776
772	1505
772	1962
773	774
773	775
773	776
773	777
773	1261
774	775
774	776
774	777
774	1936
775	776
775	777
775	778
775	779
775	961
776	777
776	778
776	779
776	780
776	895
777	778
777	779
777	780
777	781
778	779
778	781
778	1164
778	1172
779	780
779	781
779	782
779	783
780	782
780	783
780	784
780	892
781	782
781	784
781	785
781	1677
782	783
782	784
782	785
782	786
782	951
782	1018
783	784
783	785
783	786
783	787
783	1350
784	785
784	787
784	788
784	797
785	786
785	787
785	788
785	789
786	790
786	1155
786	1168
786	1784
786	1853
786	1883
787	788
787	789
787	791
787	1194
787	1396
787	1768
788	789
788	790
788	1357
788	1440
789	790
789	793
789	915
789	1507
789	1893
790	791
790	792
790	793
790	794
790	1430
791	792
791	793
791	794
791	795
791	1224
792	793
792	794
792	795
792	796
792	1614
793	794
793	795
793	797
794	795
794	797
794	798
794	1206
794	1405
795	796
795	798
795	799
795	1803
796	797
796	798
796	799
796	800
797	798
797	799
797	800
797	801
798	799
798	801
798	802
798	1078
798	1305
799	800
799	801
799	802
799	803
800	801
800	802
800	804
800	1286
801	803
801	805
801	1179
801	1461
802	803
802	804
802	805
802	806
802	1458
803	804
803	806
803	807
804	805
804	806
804	807
804	808
805	806
805	807
805	808
805	809
806	807
806	808
806	809
806	810
806	1480
806	1487
806	1908
807	808
807	809
807	810
807	811
807	987
808	809
808	811
808	812
808	1953
809	811
809	813
809	1008
809	1616
810	811
810	812
810	813
810	814
811	812
811	813
811	814
811	815
811	1918
812	813
812	815
812	816
812	1339
813	814
813	815
813	816
813	817
813	1268
813	1764
814	816
814	818
814	1231
815	817
815	818
815	819
815	1262
815	1484
816	817
816	819
817	818
817	819
817	820
817	821
818	819
818	820
818	821
818	822
819	820
819	821
819	822
819	823
819	1988
820	821
820	822
820	823
820	824
820	1385
821	822
821	823
821	824
821	825
822	824
822	826
822	897
822	1295
823	824
823	825
823	827
823	829
823	982
823	1258
823	1372
824	825
824	826
824	827
824	1705
824	1764
824	1967
825	827
825	828
825	885
825	933
825	1836
826	827
826	829
826	847
827	828
827	829
827	830
827	831
827	1203
828	830
828	831
828	832
828	1543
829	830
829	831
829	833
830	832
830	834
830	1135
830	1260
830	1579
831	832
831	833
831	834
831	835
831	1498
832	835
832	1273
832	1410
833	834
833	835
833	837
833	1273
833	1370
833	1704
833	1963
834	835
834	836
834	837
834	838
834	1662
835	836
835	838
835	1576
836	837
836	838
836	839
836	840
837	839
837	840
837	841
837	1002
838	839
838	840
838	842
838	1499
839	841
839	842
839	843
840	841
840	844
840	1035
840	1282
840	1899
841	842
841	843
841	844
841	845
842	845
842	846
842	1052
843	844
843	846
843	847
844	845
844	846
844	847
845	846
845	847
845	849
846	847
846	848
846	849
846	1403
847	848
847	850
847	851
847	1469
848	849
848	850
848	852
848	1423
848	1517
849	850
849	851
849	853
849	866
849	1278
849	1724
850	851
850	852
850	853
850	854
850	1136
851	852
851	853
851	854
851	855
852	853
852	854
852	855
852	856
852	1589
853	854
853	855
853	856
853	1969
854	855
854	856
854	857
854	858
854	1021
855	856
855	857
855	858
855	859
855	1076
855	1572
856	857
856	953
856	1108
857	858
857	861
857	1953
858	859
858	860
858	861
858	862
859	860
859	861
859	862
859	863
860	861
860	862
860	864
860	1970
861	862
861	864
861	865
861	1093
862	863
862	865
862	1638
863	864
863	866
863	965
863	1877
864	865
864	866
864	867
864	868
865	867
865	868
865	1257
865	1706
866	867
866	868
866	869
866	870
866	1324
867	868
867	869
867	870
867	871
867	1110
868	870
868	871
868	872
869	871
869	872
869	873
869	946
870	871
870	872
870	874
870	1398
871	872
871	873
871	874
871	875
871	1998
872	873
872	875
872	883
872	1356
873	875
873	1442
873	1699
874	875
874	876
874	877
874	878
875	876
875	879
876	877
876	878
876	879
876	880
877	878
877	880
877	881
877	1107
878	879
878	880
878	881
878	882
879	880
879	881
879	882
879	883
880	881
880	882
880	883
881	882
881	883
881	884
881	885
882	883
882	885
882	886
883	884
883	886
883	887
884	885
884	886
884	887
884	888
885	886
885	888
885	889
885	1800
885	1816
886	888
886	889
886	890
886	1406
887	889
887	890
887	891
887	1271
887	1403
888	889
888	890
888	891
888	954
888	1338
888	1927
889	890
889	891
889	892
889	893
890	891
890	892
890	893
890	894
890	1057
891	893
891	895
891	918
891	923
891	1971
892	893
892	896
892	1839
893	894
893	895
893	896
893	1441
894	895
894	896
894	897
894	898
894	1185
895	896
895	897
895	899
896	897
896	899
896	900
896	1895
897	898
897	899
897	900
897	901
898	899
898	900
898	901
898	902
898	1753
899	900
899	901
899	903
900	901
900	903
900	904
900	1578
901	902
901	904
901	905
901	1654
902	904
902	905
902	906
902	1340
902	1941
903	906
903	907
903	1902
904	905
904	906
904	908
904	1828
905	906
905	907
905	908
905	909
906	907
906	909
906	910
906	1527
907	908
907	909
907	910
907	911
908	909
908	910
908	911
909	910
909	911
909	912
909	913
909	1854
910	911
910	912
910	914
910	1413
911	912
911	914
911	915
912	913
912	914
912	915
912	916
913	914
913	915
913	916
913	917
914	916
914	917
914	918
914	1614
915	916
915	917
915	918
915	1085
916	917
916	918
916	919
916	920
916	1005
916	1274
916	1689
917	919
917	920
917	1128
917	1590
917	1805
918	919
918	921
918	1116
918	1450
919	920
919	921
919	922
919	923
920	921
920	922
920	924
920	1373
920	1433
921	922
921	924
921	925
922	923
922	924
922	925
922	926
922	1034
923	924
923	926
923	927
924	925
924	926
924	927
924	928
924	1295
924	1440
925	927
925	929
925	1692
925	1836
925	1888
926	928
926	929
926	930
926	1457
927	928
927	929
927	930
927	931
928	931
928	932
928	1078
928	1178
929	930
929	931
929	932
929	933
930	931
930	932
930	934
930	1261
931	932
931	933
931	934
931	1589
932	934
932	935
932	1047
932	1775
932	1840
933	935
933	936
933	937
934	937
934	938
934	1349
935	936
935	938
935	939
935	1609
936	937
936	939
936	1421
936	1561
937	939
937	940
937	941
938	939
938	940
938	941
938	1914
939	940
939	941
939	942
939	943
940	941
940	942
940	944
940	1884
940	1925
940	1937
941	942
941	943
941	944
941	945
942	943
942	944
942	946
943	944
943	945
943	946
943	947
944	945
944	946
944	1540
944	1764
945	948
945	977
945	1320
945	1667
946	947
946	948
946	949
946	950
947	949
947	950
947	951
948	949
948	950
948	951
948	952
949	950
949	951
949	952
949	953
950	951
950	953
950	1083
950	1316
951	952
951	953
951	954
951	1807
952	953
952	955
952	956
952	1162
953	954
953	956
953	957
953	1853
954	955
954	956
954	957
954	958
955	956
955	957
955	958
955	959
955	1112
956	957
956	958
956	959
956	960
956	1342
957	960
957	961
957	1384
958	959
958	960
958	961
958	962
958	1839
959	961
959	963
959	973
959	1344
959	1794
960	961
960	1479
960	1976
961	962
961	963
961	964
962	963
962	964
962	965
962	966
962	992
962	1363
963	964
963	965
963	966
963	1657
964	965
964	966
964	1558
964	1736
965	966
965	968
965	969
965	1708
966	967
966	968
966	969
966	970
966	1408
967	968
967	969
967	970
967	971
968	969
968	970
968	972
968	976
969	970
969	971
969	972
969	973
970	971
970	972
970	973
970	974
971	972
971	973
971	974
971	975
972	973
972	974
972	975
972	976
973	976
973	977
973	1131
974	976
974	977
974	1181
975	976
975	977
975	979
976	977
976	978
976	979
976	980
977	978
977	979
977	980
977	1503
977	1929
978	979
978	980
978	981
978	982
979	980
979	982
979	983
979	1654
980	981
980	982
980	983
980	984
981	982
981	983
981	984
981	985
982	983
982	984
982	985
982	986
983	984
983	985
983	986
984	985
984	986
984	987
984	988
985	986
985	987
985	988
985	989
985	1006
986	987
986	989
986	990
987	989
987	991
987	1277
987	1487
988	989
988	990
988	991
988	992
989	990
989	991
989	992
989	1916
990	991
990	992
990	993
990	994
991	992
991	993
991	994
991	995
991	1598
992	994
992	995
992	996
992	1607
993	994
993	995
993	996
993	1332
993	1509
994	995
994	996
994	998
995	996
995	997
995	998
995	999
995	1502
996	997
996	998
996	999
996	1000
996	1347
997	998
997	999
997	1000
997	1001
997	1079
998	999
998	1000
998	1002
998	1124
998	1411
999	1000
999	1001
999	1002
999	1003
1000	1001
1000	1002
1000	1003
1000	1126
1000	1344
1001	1002
1001	1003
1001	1004
1001	1005
1001	1502
1002	1003
1002	1004
1002	1005
1002	1006
1002	1730
1003	1004
1003	1005
1003	1006
1003	1007
1004	1005
1004	1006
1004	1007
1005	1009
1005	1143
1006	1007
1006	1247
1006	1585
1007	1008
1007	1009
1007	1010
1007	1011
1007	1065
1008	1010
1008	1012
1008	1392
1009	1010
1009	1011
1009	1013
1010	1012
1010	1013
1010	1014
1010	1907
1011	1012
1011	1013
1011	1014
1011	1015
1011	1625
1011	1959
1012	1013
1012	1014
1012	1015
1012	1291
1013	1014
1013	1015
1013	1016
1013	1017
1014	1015
1014	1016
1014	1017
1014	1212
1014	1515
1014	1755
1015	1017
1015	1018
1015	1658
1016	1017
1016	1018
1016	1020
1016	1039
1016	1397
1016	1902
1017	1019
1017	1020
1017	1021
1018	1020
1018	1021
1018	1022
1019	1020
1019	1021
1019	1022
1019	1023
1019	1289
1019	1550
1020	1021
1020	1022
1020	1023
1020	1024
1021	1022
1021	1024
1021	1187
1022	1023
1022	1024
1022	1025
1022	1026
1022	1696
1022	1698
1023	1024
1023	1025
1023	1026
1023	1027
1023	1790
1023	1920
1024	1025
1024	1026
1024	1028
1025	1026
1025	1027
1025	1028
1025	1029
1026	1027
1026	1028
1026	1029
1026	1030
1027	1028
1027	1029
1027	1030
1027	1031
1028	1029
1028	1030
1028	1031
1028	1032
1029	1030
1029	1031
1029	1032
1029	1033
1029	1781
1030	1031
1030	1032
1030	1033
1030	1034
1031	1032
1031	1033
1031	1034
1031	1035
1032	1033
1032	1034
1032	1036
1032	1622
1033	1034
1033	1036
1033	1037
1033	1637
1034	1035
1034	1037
1034	1038
1035	1036
1035	1037
1035	1038
1035	1039
1036	1037
1036	1038
1036	1039
1036	1040
1037	1038
1037	1039
1037	1040
1037	1041
1037	1454
1038	1039
1038	1040
1038	1041
1038	1742
1038	1776
1039	1041
1039	1042
1039	1043
1039	1747
1040	1041
1040	1042
1040	1043
1040	1044
1041	1042
1041	1043
1041	1939
1042	1044
1042	1045
1042	1046
1043	1044
1043	1045
1043	1046
1043	1047
1043	1145
1043	1692
1044	1045
1044	1046
1044	1047
1044	1048
1044	1290
1045	1046
1045	1047
1045	1049
1046	1047
1046	1048
1046	1050
1046	1396
1047	1048
1047	1049
1047	1050
1047	1051
1048	1049
1048	1050
1048	1051
1048	1052
1048	1832
1049	1050
1049	1051
1049	1052
1049	1053
1049	1240
1050	1051
1050	1053
1051	1052
1051	1053
1051	1054
1051	1055
1052	1053
1052	1054
1052	1218
1052	1780
1053	1056
1053	1057
1053	1391
1054	1055
1054	1056
1054	1057
1054	1058
1054	1227
1055	1056
1055	1057
1055	1058
1055	1059
1055	1321
1055	1561
1056	1057
1056	1058
1056	1059
1057	1058
1057	1061
1057	1964
1058	1059
1058	1060
1058	1061
1058	1062
1059	1060
1059	1061
1059	1063
1059	1821
1060	1061
1060	1062
1060	1064
1060	1128
1061	1062
1061	1063
1061	1064
1061	1065
1062	1063
1062	1064
1062	1065
1062	1066
1062	1538
1063	1064
1063	1065
1063	1066
1064	1065
1064	1067
1064	1068
1064	1507
1064	1797
1065	1066
1065	1068
1065	1069
1066	1067
1066	1068
1066	1069
1067	1069
1067	1070
1067	1071
1067	1196
1067	1536
1068	1069
1068	1070
1068	1072
1068	1879
1069	1071
1069	1072
1069	1073
1069	1239
1069	1548
1070	1071
1070	1072
1070	1073
1070	1074
1071	1072
1071	1073
1071	1074
1071	1075
1072	1073
1072	1074
1072	1075
1072	1076
1073	1074
1073	1075
1073	1076
1073	1077
1074	1075
1074	1076
1074	1078
1074	1098
1075	1077
1075	1079
1075	1738
1076	1077
1076	1078
1076	1079
1076	1136
1076	1873
1077	1078
1077	1079
1077	1080
1077	1081
1078	1081
1078	1082
1078	1181
1078	1388
1079	1080
1079	1081
1079	1082
1080	1081
1080	1082
1080	1083
1080	1084
1081	1082
1081	1084
1081	1085
1082	1083
1082	1084
1082	1085
1083	1084
1083	1086
1083	1087
1083	1448
1084	1085
1084	1086
1084	1087
1084	1088
1085	1087
1085	1088
1085	1589
1086	1087
1086	1088
1086	1089
1086	1090
1086	1556
1087	1088
1087	1089
1087	1090
1087	1091
1088	1089
1088	1090
1088	1091
1088	1092
1089	1090
1089	1091
1089	1092
1090	1092
1090	1093
1090	1094
1090	1731
1091	1092
1091	1093
1091	1094
1091	1095
1092	1093
1092	1094
1092	1095
1092	1096
1093	1094
1093	1097
1093	1754
1094	1095
1094	1096
1094	1097
1094	1098
1095	1096
1095	1098
1095	1099
1096	1097
1096	1098
1096	1099
1096	1100
1097	1098
1097	1100
1097	1101
1098	1099
1098	1100
1098	1479
1099	1100
1099	1101
1099	1102
1099	1103
1100	1102
1100	1103
1100	1104
1100	1247
1100	1371
1100	1811
1101	1102
1101	1103
1101	1104
1101	1105
1102	1103
1102	1104
1102	1105
1102	1106
1102	1150
1103	1104
1103	1105
1103	1106
1103	1107
1104	1105
1104	1106
1104	1107
1104	1588
1105	1106
1105	1378
1106	1107
1106	1108
1106	1109
1106	1110
1106	1403
1107	1108
1107	1109
1107	1110
1107	1111
1108	1109
1108	1110
1108	1111
1108	1112
1109	1110
1109	1111
1109	1112
1109	1113
1110	1111
1110	1113
1110	1114
1111	1113
1111	1468
1111	1635
1112	1115
1112	1825
1112	1839
1113	1114
1113	1116
1113	1117
1114	1115
1114	1116
1114	1117
1115	1116
1115	1117
1115	1119
1116	1118
1116	1119
1116	1679
1116	1956
1117	1118
1117	1119
1117	1120
1117	1543
1118	1119
1118	1120
1118	1122
1118	1509
1119	1120
1119	1121
1119	1122
1119	1123
1119	1223
1120	1121
1120	1122
1120	1123
1120	1124
1121	1123
1121	1124
1121	1125
1122	1123
1122	1124
1122	1125
1122	1126
1123	1124
1123	1126
1123	1127
1123	1504
1123	1933
1124	1125
1124	1127
1124	1128
1125	1126
1125	1127
1125	1128
1125	1665
1126	1128
1126	1129
1126	1130
1127	1128
1127	1129
1127	1131
1127	1232
1128	1129
1128	1130
1128	1131
1129	1130
1129	1131
1129	1132
1129	1133
1130	1131
1130	1132
1130	1133
1130	1134
1131	1132
1131	1133
1132	1133
1132	1135
1132	1136
1132	1708
1133	1134
1133	1136
1133	1137
1133	1266
1134	1135
1134	1137
1134	1138
1134	1998
1135	1136
1135	1137
1135	1138
1135	1139
1136	1137
1136	1139
1137	1139
1137	1140
1137	1141
1137	1751
1138	1139
1138	1141
1138	1142
1139	1140
1139	1142
1139	1143
1139	1530
1140	1141
1140	1142
1140	1144
1141	1142
1141	1143
1141	1145
1141	1200
1141	1396
1142	1143
1142	1144
1142	1145
1142	1146
1143	1144
1143	1146
1143	1147
1143	1842
1144	1145
1144	1146
1144	1147
1144	1797
1145	1146
1145	1736
1146	1147
1146	1148
1146	1219
1146	1404
1147	1150
1147	1151
1147	1362
1147	1970
1148	1149
1148	1150
1149	1150
1149	1151
1149	1152
1149	1153
1150	1151
1150	1152
1150	1154
1151	1152
1151	1153
1151	1154
1151	1155
1152	1154
1152	1155
1152	1156
1152	1898
1153	1154
1153	1156
1153	1217
1154	1155
1154	1157
1154	1158
1155	1157
1155	1158
1155	1159
1156	1157
1156	1158
1156	1606
1157	1158
1157	1159
1157	1160
1157	1161
1158	1159
1158	1160
1158	1162
1158	1164
1159	1160
1159	1161
1159	1162
1159	1163
1160	1161
1160	1162
1160	1163
1160	1164
1161	1162
1161	1163
1161	1165
1161	1536
1161	1830
1162	1163
1162	1165
1162	1166
1162	1553
1163	1164
1163	1165
1163	1166
1163	1167
1164	1165
1165	1166
1165	1167
1165	1169
1165	1210
1165	1341
1166	1167
1166	1168
1166	1169
1166	1170
1167	1168
1167	1169
1167	1170
1167	1171
1168	1169
1168	1170
1168	1171
1168	1172
1169	1170
1169	1171
1169	1172
1169	1173
1170	1171
1170	1172
1170	1173
1170	1174
1171	1172
1171	1173
1171	1174
1171	1175
1172	1174
1172	1175
1172	1176
1173	1174
1173	1175
1173	1177
1173	1411
1173	1577
1174	1175
1174	1176
1175	1177
1175	1178
1175	1179
1175	1190
1176	1177
1176	1179
1176	1180
1176	1487
1177	1178
1177	1179
1177	1180
1177	1181
1178	1179
1178	1181
1178	1182
1178	1395
1178	1926
1179	1180
1179	1182
1179	1183
1179	1244
1179	1883
1180	1181
1180	1182
1180	1183
1180	1184
1180	1841
1181	1182
1181	1185
1181	1873
1182	1183
1182	1184
1182	1186
1183	1184
1183	1185
1183	1186
1183	1187
1184	1186
1184	1187
1184	1188
1184	1584
1185	1186
1185	1188
1185	1422
1186	1187
1186	1188
1186	1189
1187	1188
1187	1190
1187	1191
1187	1237
1188	1189
1188	1190
1188	1191
1188	1482
1189	1190
1189	1191
1189	1193
1189	1897
1190	1191
1190	1192
1190	1193
1190	1194
1191	1192
1191	1193
1191	1195
1191	1377
1192	1193
1192	1194
1192	1195
1192	1395
1193	1194
1193	1196
1193	1197
1193	1463
1194	1196
1194	1198
1194	1542
1194	1746
1194	1880
1195	1196
1195	1197
1195	1198
1195	1199
1196	1197
1196	1198
1196	1199
1196	1200
1197	1198
1197	1199
1197	1200
1197	1201
1198	1199
1198	1201
1198	1202
1198	1383
1199	1200
1199	1201
1199	1202
1199	1203
1200	1203
1200	1265
1200	1294
1200	1673
1201	1202
1201	1203
1201	1204
1201	1205
1202	1203
1202	1204
1202	1205
1202	1206
1203	1204
1203	1206
1204	1205
1204	1206
1204	1207
1204	1208
1205	1206
1205	1207
1205	1208
1205	1209
1205	1398
1206	1208
1206	1209
1206	1210
1206	1880
1207	1208
1207	1209
1207	1211
1207	1343
1207	1406
1208	1209
1208	1210
1208	1211
1208	1212
1209	1210
1209	1211
1209	1212
1209	1553
1210	1211
1210	1212
1210	1213
1210	1214
1210	1556
1211	1212
1211	1213
1211	1214
1211	1215
1212	1213
1212	1215
1212	1216
1212	1571
1213	1214
1213	1215
1213	1216
1213	1217
1214	1215
1214	1216
1214	1217
1214	1218
1215	1216
1215	1217
1215	1218
1215	1219
1216	1217
1216	1218
1216	1219
1216	1220
1216	1280
1217	1218
1217	1219
1217	1221
1218	1220
1218	1221
1218	1222
1218	1691
1219	1220
1219	1222
1219	1223
1219	1362
1219	1645
1219	1720
1220	1222
1220	1223
1220	1224
1221	1222
1221	1223
1221	1224
1221	1290
1222	1223
1222	1224
1222	1226
1222	1260
1223	1224
1223	1225
1223	1227
1223	1954
1224	1225
1224	1226
1224	1228
1225	1226
1225	1227
1225	1229
1225	1433
1225	1659
1225	1828
1226	1227
1226	1228
1226	1229
1226	1230
1227	1228
1227	1229
1227	1230
1228	1229
1228	1230
1228	1231
1228	1232
1229	1230
1229	1231
1229	1232
1229	1233
1230	1231
1230	1232
1230	1233
1230	1717
1231	1233
1231	1234
1231	1235
1232	1233
1232	1234
1232	1235
1232	1236
1233	1234
1233	1235
1233	1236
1233	1237
1233	1763
1234	1235
1234	1236
1234	1237
1234	1913
1235	1237
1235	1238
1235	1239
1235	1337
1236	1237
1236	1238
1236	1239
1236	1240
1237	1238
1237	1239
1237	1240
1237	1241
1238	1239
1238	1242
1238	1300
1238	1448
1239	1242
1239	1243
1240	1241
1240	1242
1240	1244
1241	1242
1241	1243
1241	1244
1241	1245
1241	1936
1242	1243
1242	1245
1242	1246
1242	1534
1243	1244
1243	1245
1243	1246
1243	1247
1243	1479
1244	1246
1244	1248
1244	1565
1245	1246
1245	1247
1245	1249
1245	1338
1246	1247
1246	1248
1246	1249
1246	1930
1246	1984
1247	1251
1247	1656
1247	1692
1248	1249
1248	1250
1248	1251
1248	1252
1248	1847
1249	1250
1249	1252
1249	1253
1250	1251
1250	1252
1250	1253
1250	1254
1251	1252
1251	1253
1251	1254
1251	1255
1252	1254
1252	1255
1252	1256
1252	1570
1253	1254
1253	1255
1253	1256
1253	1257
1253	1275
1253	1889
1254	1255
1254	1257
1254	1258
1255	1258
1255	1345
1255	1837
1256	1257
1256	1258
1256	1259
1256	1260
1257	1258
1257	1259
1257	1260
1258	1259
1258	1260
1258	1261
1258	1764
1259	1261
1259	1262
1259	1263
1259	1370
1259	1775
1260	1262
1260	1282
1261	1263
1261	1264
1261	1265
1262	1263
1262	1264
1262	1265
1262	1266
1263	1264
1263	1411
1263	1442
1263	1654
1264	1265
1264	1268
1264	1300
1264	1678
1265	1266
1265	1267
1265	1269
1265	1982
1266	1268
1266	1269
1266	1270
1267	1268
1267	1269
1267	1270
1267	1271
1268	1269
1268	1272
1268	1874
1269	1270
1269	1271
1269	1272
1269	1273
1269	1743
1270	1271
1270	1273
1270	1274
1271	1272
1271	1273
1271	1275
1271	1926
1272	1273
1272	1274
1272	1276
1272	1326
1272	1365
1273	1274
1273	1275
1273	1277
1273	1867
1274	1276
1274	1277
1274	1278
1275	1276
1275	1278
1275	1279
1276	1278
1276	1279
1276	1280
1276	1641
1277	1279
1277	1281
1278	1279
1278	1280
1278	1281
1278	1922
1279	1280
1279	1281
1279	1282
1279	1283
1280	1282
1280	1283
1280	1284
1280	1445
1281	1282
1281	1283
1281	1284
1281	1285
1282	1283
1282	1286
1282	1922
1283	1284
1283	1286
1283	1287
1283	1449
1284	1285
1284	1286
1284	1287
1284	1288
1285	1286
1285	1287
1285	1307
1285	1927
1286	1287
1286	1288
1286	1289
1286	1815
1287	1289
1287	1290
1287	1291
1287	1761
1288	1291
1288	1292
1288	1305
1288	1716
1289	1290
1289	1292
1289	1293
1290	1291
1290	1292
1290	1293
1291	1293
1291	1294
1291	1369
1292	1293
1292	1294
1292	1295
1292	1296
1293	1294
1293	1296
1293	1297
1293	1599
1294	1295
1294	1298
1294	1963
1295	1296
1295	1297
1296	1297
1296	1298
1296	1299
1296	1485
1297	1299
1297	1300
1297	1301
1297	1540
1297	1852
1298	1299
1298	1300
1298	1301
1298	1302
1298	1601
1299	1300
1299	1301
1299	1302
1299	1303
1300	1301
1300	1302
1300	1303
1300	1304
1301	1303
1301	1304
1302	1303
1302	1304
1302	1306
1302	1483
1302	1624
1302	1955
1303	1304
1303	1306
1303	1307
1303	1641
1304	1305
1304	1306
1304	1307
1304	1308
1305	1306
1305	1307
1305	1308
1306	1307
1306	1308
1306	1309
1306	1310
1306	1485
1306	1752
1307	1310
1307	1311
1308	1309
1308	1310
1308	1311
1308	1312
1309	1310
1309	1311
1309	1312
1309	1313
1310	1311
1310	1312
1310	1313
1310	1314
1311	1312
1311	1313
1311	1314
1311	1315
1312	1313
1312	1314
1312	1315
1312	1316
1313	1314
1313	1315
1313	1316
1313	1317
1314	1315
1314	1316
1314	1317
1314	1318
1314	1823
1315	1316
1315	1317
1315	1318
1315	1969
1316	1317
1316	1319
1316	1320
1317	1318
1317	1319
1317	1320
1317	1523
1318	1319
1318	1320
1318	1321
1318	1819
1319	1320
1319	1321
1319	1322
1319	1323
1320	1321
1320	1322
1320	1323
1320	1324
1320	1485
1321	1322
1321	1324
1321	1519
1321	1839
1322	1325
1322	1326
1322	1670
1323	1325
1323	1326
1323	1327
1323	1455
1324	1325
1324	1328
1324	1634
1324	1733
1325	1327
1325	1328
1325	1329
1326	1327
1326	1330
1326	1802
1327	1328
1327	1330
1327	1331
1327	1510
1328	1329
1328	1331
1328	1332
1328	1919
1329	1330
1329	1331
1329	1332
1329	1333
1329	1627
1329	1835
1330	1332
1330	1333
1330	1482
1331	1332
1331	1333
1331	1334
1331	1335
1331	1462
1332	1334
1332	1335
1332	1913
1333	1334
1333	1336
1333	1337
1333	1637
1334	1335
1334	1336
1334	1337
1335	1337
1335	1338
1336	1337
1336	1338
1336	1339
1336	1340
1337	1338
1337	1339
1337	1340
1337	1341
1337	1720
1338	1339
1338	1341
1338	1342
1339	1340
1339	1342
1339	1343
1340	1341
1340	1343
1340	1344
1341	1342
1341	1343
1341	1344
1342	1344
1342	1345
1342	1346
1343	1345
1343	1346
1343	1347
1343	1405
1344	1346
1344	1347
1344	1348
1344	1646
1345	1346
1345	1347
1345	1348
1345	1349
1345	1915
1346	1347
1346	1349
1346	1350
1346	1401
1346	1824
1347	1348
1347	1349
1347	1350
1348	1349
1348	1350
1348	1351
1348	1352
1349	1350
1349	1351
1349	1353
1350	1351
1350	1352
1350	1354
1351	1353
1351	1386
1351	1749
1351	1996
1352	1353
1352	1354
1352	1355
1352	1356
1353	1355
1353	1356
1353	1357
1353	1419
1353	1457
1354	1355
1354	1358
1354	1746
1354	1966
1355	1356
1355	1358
1355	1359
1356	1357
1356	1358
1356	1359
1356	1674
1356	1903
1357	1358
1357	1359
1357	1361
1357	1589
1358	1359
1358	1361
1358	1362
1358	1375
1359	1360
1359	1362
1359	1363
1359	1814
1360	1361
1360	1362
1360	1363
1360	1364
1361	1362
1361	1363
1361	1364
1361	1496
1361	1712
1362	1363
1362	1364
1362	1402
1362	1627
1363	1365
1363	1366
1363	1367
1364	1366
1364	1367
1364	1368
1365	1366
1365	1367
1365	1369
1365	1916
1365	1918
1366	1367
1366	1368
1366	1369
1366	1370
1366	1475
1367	1368
1367	1369
1367	1371
1368	1369
1368	1370
1368	1371
1368	1372
1369	1370
1369	1373
1370	1373
1370	1819
1371	1373
1371	1374
1371	1375
1371	1521
1372	1373
1372	1374
1372	1375
1373	1374
1373	1375
1373	1376
1373	1377
1374	1375
1374	1376
1374	1377
1374	1378
1375	1377
1375	1378
1375	1379
1375	1842
1376	1377
1376	1378
1376	1380
1377	1378
1377	1379
1377	1380
1377	1381
1378	1379
1378	1380
1378	1381
1378	1382
1378	1548
1379	1380
1379	1381
1379	1382
1379	1383
1380	1381
1380	1382
1380	1383
1380	1384
1381	1383
1381	1384
1381	1385
1381	1986
1382	1383
1382	1384
1382	1385
1382	1386
1382	1591
1383	1384
1383	1387
1383	1989
1384	1385
1384	1386
1384	1387
1384	1388
1385	1387
1385	1388
1385	1389
1386	1387
1386	1388
1386	1390
1386	1409
1386	1638
1387	1390
1387	1391
1387	1411
1388	1390
1388	1392
1388	1440
1389	1390
1389	1391
1389	1392
1389	1393
1389	1710
1390	1391
1390	1392
1390	1393
1390	1394
1391	1393
1391	1394
1391	1395
1391	1454
1391	1603
1392	1393
1392	1394
1392	1396
1393	1394
1393	1395
1393	1397
1394	1395
1394	1396
1394	1397
1394	1398
1394	1661
1395	1396
1395	1398
1396	1397
1396	1399
1397	1399
1397	1400
1397	1401
1398	1401
1398	1402
1399	1400
1399	1401
1399	1402
1400	1401
1400	1402
1400	1404
1400	1623
1401	1404
1401	1405
1402	1403
1402	1404
1402	1405
1402	1406
1402	1586
1403	1406
1404	1405
1404	1407
1404	1408
1404	1987
1405	1406
1405	1407
1405	1408
1405	1802
1406	1410
1406	1636
1407	1408
1407	1409
1407	1410
1407	1411
1408	1409
1408	1411
1408	1412
1409	1411
1409	1412
1409	1413
1410	1411
1410	1412
1410	1413
1410	1414
1411	1413
1411	1414
1411	1415
1411	1894
1412	1413
1412	1414
1412	1415
1412	1416
1412	1464
1413	1414
1413	1416
1413	1417
1414	1416
1414	1584
1415	1417
1415	1418
1415	1419
1416	1417
1416	1418
1416	1419
1416	1420
1417	1419
1417	1420
1417	1421
1417	1621
1418	1420
1418	1421
1418	1422
1418	1831
1419	1421
1419	1423
1420	1421
1420	1422
1420	1424
1420	1779
1421	1425
1421	1841
1422	1423
1422	1424
1422	1425
1422	1426
1423	1424
1423	1426
1423	1427
1424	1425
1424	1426
1424	1427
1424	1428
1424	1721
1425	1426
1425	1427
1425	1428
1425	1429
1426	1427
1426	1428
1426	1429
1426	1430
1427	1428
1427	1429
1427	1430
1427	1431
1428	1429
1428	1430
1428	1432
1428	1575
1429	1430
1429	1431
1429	1432
1429	1433
1430	1431
1430	1433
1430	1434
1431	1432
1431	1433
1431	1434
1431	1435
1432	1433
1432	1434
1432	1435
1432	1436
1433	1434
1433	1437
1434	1435
1434	1436
1434	1437
1434	1438
1435	1436
1435	1437
1435	1438
1436	1437
1436	1438
1436	1440
1436	1917
1437	1438
1437	1439
1437	1440
1437	1441
1438	1439
1438	1440
1438	1442
1438	1569
1439	1440
1439	1441
1439	1442
1440	1442
1440	1444
1441	1442
1441	1444
1441	1445
1441	1725
1442	1443
1442	1444
1442	1445
1442	1446
1443	1444
1443	1445
1443	1446
1443	1447
1444	1445
1444	1446
1444	1447
1445	1446
1445	1447
1445	1449
1446	1447
1446	1449
1446	1450
1446	1495
1446	1908
1447	1448
1447	1449
1447	1450
1447	1451
1448	1449
1448	1450
1448	1451
1448	1452
1449	1451
1449	1452
1450	1451
1450	1452
1450	1453
1451	1452
1451	1453
1451	1454
1451	1455
1452	1453
1452	1454
1452	1455
1452	1456
1453	1454
1453	1455
1453	1456
1453	1457
1454	1458
1455	1457
1455	1458
1455	1459
1455	1504
1456	1457
1456	1458
1456	1459
1456	1460
1456	1877
1457	1459
1457	1460
1457	1461
1458	1459
1458	1460
1459	1460
1459	1461
1459	1462
1459	1463
1460	1461
1460	1462
1460	1463
1460	1673
1461	1462
1461	1463
1461	1464
1461	1465
1462	1463
1462	1464
1462	1465
1462	1992
1463	1464
1463	1465
1463	1466
1463	1467
1464	1466
1464	1467
1464	1468
1465	1466
1465	1468
1465	1469
1465	1838
1466	1467
1466	1468
1466	1469
1466	1470
1466	1914
1467	1469
1467	1470
1467	1471
1467	1564
1468	1469
1468	1470
1468	1471
1468	1472
1469	1470
1469	1471
1469	1472
1469	1473
1470	1472
1470	1474
1470	1644
1470	1746
1471	1472
1471	1473
1471	1474
1471	1475
1472	1474
1472	1475
1472	1476
1472	1734
1473	1474
1473	1475
1473	1476
1473	1477
1474	1475
1474	1476
1474	1477
1474	1478
1475	1476
1475	1477
1475	1478
1476	1477
1476	1479
1476	1480
1477	1478
1477	1479
1477	1480
1477	1481
1478	1479
1478	1480
1478	1481
1478	1541
1478	1986
1479	1480
1479	1482
1479	1548
1480	1482
1480	1484
1480	1754
1481	1482
1481	1483
1481	1484
1481	1485
1481	1794
1482	1484
1482	1486
1483	1484
1483	1485
1483	1486
1484	1485
1484	1486
1485	1507
1486	1487
1486	1488
1486	1489
1486	1490
1487	1488
1487	1489
1487	1490
1488	1489
1488	1490
1488	1507
1489	1490
1489	1491
1489	1492
1489	1493
1490	1491
1490	1492
1490	1494
1490	1737
1490	1939
1491	1492
1491	1493
1491	1494
1491	1495
1492	1493
1492	1494
1492	1495
1492	1496
1493	1494
1493	1495
1493	1496
1493	1497
1494	1495
1494	1496
1494	1497
1494	1498
1495	1496
1495	1497
1495	1498
1495	1499
1496	1497
1496	1499
1497	1498
1497	1499
1497	1500
1497	1501
1498	1499
1498	1501
1498	1502
1499	1500
1499	1501
1499	1502
1499	1503
1500	1501
1500	1502
1500	1503
1500	1504
1501	1502
1501	1503
1501	1504
1501	1505
1502	1503
1502	1506
1502	1778
1502	1818
1503	1504
1503	1505
1503	1506
1503	1646
1504	1505
1504	1506
1504	1507
1505	1506
1505	1508
1505	1509
1505	1668
1506	1508
1506	1509
1506	1510
1507	1510
1507	1511
1508	1509
1508	1510
1508	1511
1508	1512
1509	1511
1509	1945
1510	1511
1510	1514
1511	1512
1511	1513
1511	1514
1511	1515
1511	1685
1512	1513
1512	1514
1512	1515
1512	1926
1513	1514
1513	1515
1513	1516
1513	1517
1514	1515
1514	1516
1514	1517
1514	1518
1514	1931
1515	1516
1515	1517
1515	1518
1515	1519
1516	1518
1516	1519
1516	1520
1517	1518
1517	1519
1517	1520
1517	1521
1518	1519
1518	1520
1518	1521
1518	1522
1518	1616
1519	1521
1519	1522
1519	1523
1519	1622
1520	1521
1520	1522
1520	1523
1520	1524
1521	1522
1521	1523
1521	1524
1521	1525
1522	1524
1522	1525
1522	1526
1523	1524
1523	1526
1523	1527
1524	1526
1524	1527
1524	1528
1524	1661
1525	1526
1525	1527
1525	1528
1525	1529
1526	1527
1526	1528
1526	1529
1526	1530
1527	1529
1527	1530
1527	1531
1528	1529
1528	1530
1528	1531
1528	1532
1529	1530
1529	1531
1529	1532
1529	1533
1530	1531
1530	1532
1530	1533
1530	1534
1531	1532
1531	1534
1531	1535
1532	1533
1532	1534
1532	1536
1533	1534
1533	1535
1533	1536
1533	1537
1534	1535
1534	1536
1534	1537
1534	1826
1535	1536
1535	1537
1535	1538
1535	1539
1536	1538
1536	1540
1536	1732
1537	1538
1537	1539
1537	1540
1537	1541
1538	1540
1538	1541
1538	1542
1539	1540
1539	1541
1539	1542
1539	1543
1539	1851
1539	1882
1540	1542
1540	1543
1540	1544
1541	1542
1541	1543
1541	1544
1541	1545
1542	1543
1542	1544
1542	1546
1542	1860
1543	1544
1543	1545
1543	1546
1543	1547
1544	1545
1544	1546
1544	1547
1544	1548
1545	1546
1545	1549
1545	1696
1546	1547
1546	1548
1546	1549
1546	1550
1547	1548
1547	1549
1547	1550
1547	1551
1548	1551
1548	1552
1548	1796
1549	1550
1549	1551
1549	1552
1549	1918
1550	1551
1550	1553
1550	1554
1550	1908
1551	1552
1551	1553
1551	1554
1551	1555
1552	1553
1552	1554
1552	1555
1552	1556
1553	1554
1553	1555
1553	1556
1554	1555
1554	1557
1554	1558
1555	1556
1555	1557
1555	1558
1555	1559
1556	1558
1556	1559
1557	1558
1557	1559
1557	1560
1557	1561
1558	1559
1558	1560
1558	1561
1558	1562
1559	1560
1559	1561
1559	1562
1559	1563
1560	1561
1560	1562
1560	1563
1560	1564
1561	1562
1561	1563
1561	1565
1562	1563
1562	1566
1562	1722
1562	1847
1563	1564
1563	1565
1563	1566
1563	1567
1563	1750
1564	1565
1564	1566
1564	1567
1565	1566
1565	1568
1565	1569
1566	1567
1566	1569
1566	1570
1566	1955
1567	1568
1567	1569
1567	1570
1567	1571
1568	1569
1568	1570
1568	1572
1569	1570
1569	1571
1569	1572
1569	1573
1570	1571
1570	1573
1570	1574
1571	1572
1571	1573
1571	1574
1572	1573
1572	1574
1572	1575
1573	1575
1573	1577
1573	1596
1574	1575
1574	1576
1574	1577
1574	1578
1575	1577
1575	1578
1575	1579
1576	1577
1576	1578
1576	1579
1576	1580
1577	1578
1577	1579
1578	1579
1578	1580
1578	1581
1578	1746
1579	1580
1579	1581
1579	1582
1580	1581
1580	1582
1580	1583
1580	1675
1580	1781
1581	1582
1581	1583
1581	1584
1581	1585
1582	1583
1582	1585
1582	1586
1582	1941
1583	1586
1583	1587
1583	1738
1584	1585
1584	1586
1584	1588
1585	1586
1585	1587
1585	1588
1585	1589
1586	1588
1586	1589
1587	1588
1587	1589
1587	1590
1587	1591
1588	1589
1588	1590
1588	1591
1588	1592
1588	1789
1589	1590
1589	1593
1590	1592
1590	1594
1590	1773
1591	1592
1591	1593
1591	1595
1591	1853
1592	1595
1592	1596
1592	1673
1592	1932
1593	1594
1593	1595
1593	1596
1593	1597
1594	1595
1594	1596
1594	1597
1594	1598
1594	1835
1595	1596
1595	1597
1595	1598
1595	1742
1596	1599
1596	1600
1596	1768
1597	1598
1597	1599
1597	1600
1597	1601
1598	1599
1598	1600
1598	1601
1599	1601
1599	1602
1599	1603
1600	1601
1600	1602
1600	1603
1600	1604
1601	1602
1601	1603
1601	1605
1602	1603
1602	1604
1602	1605
1602	1606
1603	1604
1603	1605
1603	1607
1604	1605
1604	1606
1604	1607
1604	1608
1605	1606
1605	1608
1605	1609
1606	1607
1606	1609
1606	1610
1607	1609
1607	1610
1608	1609
1608	1610
1608	1611
1608	1612
1609	1610
1609	1611
1609	1612
1609	1613
1610	1611
1610	1612
1610	1613
1611	1612
1611	1613
1611	1614
1611	1615
1612	1613
1612	1614
1612	1615
1612	1616
1613	1614
1613	1616
1613	1617
1614	1615
1614	1616
1614	1617
1615	1616
1615	1617
1615	1618
1615	1902
1615	1997
1616	1617
1616	1618
1616	1932
1617	1618
1617	1619
1617	1620
1617	1621
1617	1763
1618	1619
1618	1620
1618	1622
1618	1778
1619	1620
1619	1622
1619	1623
1620	1622
1620	1623
1620	1624
1620	1777
1621	1622
1621	1623
1621	1624
1621	1625
1622	1623
1622	1624
1622	1625
1622	1626
1623	1624
1623	1625
1624	1625
1624	1626
1624	1627
1624	1628
1625	1626
1625	1627
1625	1921
1626	1627
1626	1628
1626	1629
1626	1630
1627	1629
1627	1631
1628	1629
1628	1630
1628	1631
1628	1632
1629	1630
1629	1631
1629	1632
1630	1631
1630	1632
1630	1634
1630	1754
1631	1632
1631	1633
1631	1634
1632	1633
1632	1634
1632	1635
1632	1636
1633	1634
1633	1636
1633	1637
1634	1635
1634	1636
1634	1637
1634	1638
1635	1636
1635	1637
1635	1639
1636	1637
1636	1639
1636	1640
1636	1769
1637	1638
1637	1639
1637	1640
1638	1639
1638	1640
1638	1641
1638	1642
1639	1640
1639	1642
1639	1643
1639	1696
1639	1764
1640	1641
1640	1642
1640	1643
1640	1644
1641	1642
1641	1643
1641	1645
1642	1643
1642	1644
1642	1645
1642	1646
1643	1645
1643	1646
1643	1647
1644	1646
1644	1647
1644	1648
1644	1797
1645	1646
1645	1647
1645	1648
1645	1649
1646	1647
1646	1648
1646	1650
1647	1648
1647	1650
1647	1651
1648	1649
1648	1650
1648	1651
1648	1790
1649	1650
1649	1651
1649	1652
1649	1653
1650	1652
1650	1653
1650	1654
1651	1653
1651	1654
1651	1655
1652	1653
1652	1654
1652	1655
1652	1656
1653	1654
1653	1655
1653	1656
1653	1657
1654	1655
1654	1656
1654	1657
1654	1658
1655	1656
1655	1657
1655	1658
1655	1659
1656	1657
1656	1658
1656	1659
1656	1660
1657	1658
1657	1659
1657	1660
1657	1661
1657	1684
1657	1830
1658	1659
1658	1661
1659	1660
1659	1661
1659	1662
1660	1661
1660	1662
1660	1663
1660	1664
1660	1798
1661	1663
1661	1665
1662	1663
1662	1666
1662	1797
1663	1664
1663	1665
1663	1666
1663	1667
1664	1665
1664	1666
1664	1667
1664	1668
1665	1667
1665	1669
1665	1908
1666	1667
1666	1668
1666	1669
1666	1670
1667	1669
1667	1670
1667	1671
1667	1854
1668	1669
1668	1670
1668	1671
1669	1670
1669	1671
1669	1672
1669	1673
1670	1672
1670	1673
1670	1674
1671	1672
1671	1673
1671	1674
1671	1675
1671	1852
1672	1673
1672	1674
1672	1675
1672	1676
1673	1674
1673	1675
1673	1676
1673	1677
1674	1675
1674	1676
1674	1677
1674	1678
1675	1677
1675	1678
1675	1679
1676	1677
1676	1678
1676	1679
1676	1680
1677	1678
1677	1679
1677	1680
1677	1681
1677	1921
1678	1679
1678	1681
1678	1682
1679	1680
1679	1681
1679	1682
1679	1683
1680	1681
1680	1682
1680	1683
1680	1684
1681	1682
1681	1684
1681	1685
1682	1683
1682	1684
1682	1686
1683	1684
1683	1685
1683	1686
1683	1687
1683	1706
1684	1687
1685	1687
1685	1688
1686	1687
1686	1689
1686	1690
1687	1688
1687	1689
1687	1690
1687	1691
1688	1689
1688	1690
1688	1691
1688	1692
1689	1690
1689	1692
1689	1693
1690	1691
1690	1692
1690	1693
1690	1694
1691	1692
1691	1693
1691	1694
1691	1695
1692	1696
1692	1717
1692	1797
1693	1695
1693	1696
1693	1697
1694	1695
1694	1696
1694	1697
1694	1698
1695	1696
1695	1697
1695	1698
1695	1699
1695	1934
1696	1697
1696	1700
1697	1698
1697	1699
1697	1700
1698	1699
1698	1700
1698	1701
1699	1700
1699	1701
1699	1702
1699	1703
1700	1701
1700	1702
1700	1703
1700	1961
1701	1702
1701	1703
1701	1704
1701	1705
1702	1703
1702	1704
1702	1705
1702	1706
1703	1704
1703	1705
1703	1706
1703	1707
1704	1705
1704	1707
1704	1708
1705	1706
1705	1707
1705	1708
1706	1707
1706	1708
1706	1710
1707	1708
1707	1709
1707	1710
1707	1711
1708	1710
1708	1711
1709	1710
1709	1711
1709	1712
1709	1713
1710	1711
1710	1712
1710	1713
1711	1712
1711	1713
1711	1714
1711	1715
1712	1713
1712	1714
1712	1715
1712	1716
1713	1715
1713	1804
1713	1941
1714	1716
1714	1717
1714	1860
1715	1717
1715	1718
1715	1719
1715	1876
1716	1718
1716	1719
1716	1720
1717	1718
1717	1720
1718	1719
1718	1721
1718	1722
1719	1720
1719	1721
1719	1723
1719	1871
1720	1721
1720	1722
1721	1722
1721	1723
1721	1949
1722	1723
1722	1724
1723	1724
1723	1725
1723	1726
1723	1727
1724	1725
1724	1791
1724	1970
1725	1726
1725	1727
1725	1729
1726	1727
1726	1729
1726	1730
1726	1937
1727	1728
1727	1729
1727	1730
1727	1731
1727	1861
1728	1729
1728	1730
1728	1731
1728	1732
1729	1730
1729	1731
1729	1732
1729	1733
1729	1941
1730	1731
1730	1733
1731	1732
1731	1733
1731	1734
1731	1735
1732	1733
1732	1735
1732	1736
1733	1735
1733	1736
1733	1737
1733	1847
1734	1736
1734	1737
1734	1738
1735	1736
1735	1737
1735	1738
1735	1739
1735	1866
1736	1737
1736	1738
1736	1739
1736	1740
1737	1738
1737	1739
1737	1740
1738	1739
1738	1740
1738	1741
1738	1742
1739	1740
1739	1741
1739	1742
1739	1743
1740	1741
1740	1742
1740	1743
1741	1742
1741	1743
1741	1744
1741	1745
1742	1744
1742	1745
1742	1746
1743	1744
1743	1745
1743	1746
1744	1747
1744	1748
1744	1856
1745	1746
1745	1747
1745	1749
1746	1747
1746	1749
1746	1750
1747	1748
1747	1749
1748	1749
1748	1750
1748	1751
1748	1752
1748	1846
1749	1750
1749	1751
1749	1752
1749	1753
1750	1751
1750	1753
1750	1754
1751	1752
1751	1753
1751	1754
1751	1755
1752	1753
1752	1755
1753	1756
1753	1757
1753	1966
1754	1756
1754	1757
1754	1758
1755	1756
1755	1758
1756	1757
1756	1758
1756	1759
1757	1758
1757	1759
1757	1760
1757	1761
1758	1759
1758	1760
1758	1761
1759	1760
1759	1761
1759	1762
1759	1763
1760	1761
1760	1762
1760	1764
1761	1762
1761	2000
1762	1763
1762	1764
1762	1765
1762	1766
1763	1764
1763	1766
1764	1766
1764	1768
1765	1766
1765	1767
1765	1769
1765	1869
1766	1768
1766	1769
1767	1768
1767	1769
1767	1770
1767	1771
1768	1769
1768	1770
1768	1771
1769	1770
1769	1771
1769	1773
1769	1808
1770	1771
1770	1772
1770	1773
1770	1774
1771	1772
1771	1773
1771	1774
1771	1775
1772	1773
1772	1774
1772	1775
1772	1776
1773	1774
1773	1775
1773	1777
1774	1775
1774	1776
1774	1777
1774	1778
1775	1776
1775	1779
1776	1777
1776	1780
1777	1778
1777	1779
1777	1780
1777	1781
1778	1779
1778	1781
1778	1812
1779	1780
1779	1781
1779	1782
1779	1783
1780	1781
1780	1782
1780	1783
1780	1784
1781	1783
1781	1784
1782	1783
1782	1784
1782	1785
1782	1786
1783	1784
1783	1785
1783	1786
1784	1785
1784	1786
1784	1787
1785	1786
1785	1787
1785	1820
1786	1787
1786	1788
1786	1789
1786	1790
1787	1788
1787	1789
1787	1790
1787	1791
1788	1789
1788	1790
1788	1791
1789	1790
1789	1792
1789	1793
1790	1792
1790	1793
1790	1794
1791	1794
1791	1795
1792	1793
1792	1794
1792	1795
1792	1796
1793	1794
1793	1795
1793	1796
1793	1797
1794	1796
1794	1797
1795	1796
1795	1797
1795	1798
1795	1799
1796	1797
1796	1798
1796	1799
1796	1801
1797	1799
1797	1801
1798	1799
1798	1800
1798	1879
1799	1800
1799	1801
1799	1802
1799	1803
1800	1801
1800	1802
1800	1803
1801	1802
1801	1804
1801	1805
1802	1803
1802	1804
1802	1805
1802	1806
1803	1804
1803	1805
1803	1806
1803	1807
1804	1805
1804	1806
1804	1808
1805	1806
1805	1807
1805	1808
1805	1809
1806	1807
1806	1808
1806	1809
1806	1810
1807	1808
1807	1810
1807	1811
1808	1809
1808	1810
1808	1811
1808	1812
1808	1913
1809	1810
1809	1811
1809	1812
1809	1813
1810	1811
1810	1812
1810	1813
1810	1814
1811	1813
1811	1888
1811	1944
1812	1813
1812	1814
1812	1815
1812	1816
1813	1814
1813	1815
1813	1816
1814	1815
1814	1816
1814	1817
1814	1818
1815	1817
1815	1818
1815	1819
1815	1929
1816	1817
1816	1818
1816	1820
1817	1818
1817	1819
1817	1820
1817	1821
1818	1819
1818	1820
1818	1821
1819	1821
1819	1822
1820	1821
1820	1822
1820	1823
1820	1824
1821	1822
1821	1824
1821	1825
1822	1823
1822	1824
1822	1825
1822	1826
1823	1826
1823	1827
1824	1825
1824	1826
1824	1827
1824	1828
1825	1826
1825	1827
1825	1829
1825	1900
1826	1827
1826	1828
1826	1829
1826	1830
1827	1828
1827	1829
1827	1830
1827	1831
1828	1832
1828	1993
1829	1831
1829	1832
1829	1833
1830	1831
1830	1832
1830	1834
1831	1832
1831	1833
1831	1834
1831	1835
1832	1833
1832	1835
1832	1845
1833	1834
1833	1836
1833	1837
1834	1835
1834	1836
1834	1837
1834	1838
1835	1836
1835	1839
1835	1970
1836	1837
1836	1838
1837	1838
1837	1839
1837	1840
1837	1841
1838	1839
1838	1840
1838	1841
1838	1842
1839	1842
1840	1841
1840	1843
1840	1844
1841	1842
1841	1843
1842	1843
1842	1844
1842	1845
1842	1846
1843	1844
1843	1845
1843	1846
1843	1847
1844	1845
1844	1846
1844	1847
1844	1848
1845	1846
1845	1847
1845	1848
1845	1849
1846	1847
1846	1849
1846	1850
1847	1848
1847	1850
1848	1849
1848	1850
1848	1851
1848	1852
1849	1850
1849	1851
1849	1852
1849	1853
1850	1852
1850	1853
1851	1852
1851	1854
1852	1855
1852	1856
1853	1854
1853	1855
1854	1856
1854	1857
1855	1856
1855	1857
1855	1858
1855	1859
1856	1857
1856	1858
1856	1859
1856	1860
1857	1858
1857	1859
1857	1860
1858	1859
1858	1860
1858	1861
1858	1862
1859	1860
1859	1861
1859	1862
1859	1863
1860	1861
1860	1862
1860	1864
1861	1863
1861	1864
1861	1865
1862	1863
1862	1864
1862	1866
1863	1864
1863	1865
1863	1867
1864	1865
1864	1866
1864	1867
1864	1868
1865	1866
1865	1867
1865	1868
1865	1869
1866	1867
1866	1868
1866	1870
1867	1869
1867	1870
1867	1871
1868	1869
1868	1870
1868	1871
1868	1872
1869	1870
1869	1871
1869	1872
1869	1873
1870	1871
1870	1872
1870	1874
1871	1872
1871	1873
1871	1874
1872	1873
1872	1874
1872	1875
1872	1876
1873	1875
1873	1877
1874	1876
1874	1877
1874	1878
1875	1876
1875	1877
1875	1879
1876	1877
1876	1878
1876	1879
1876	1880
1877	1878
1877	1879
1878	1879
1878	1880
1878	1881
1878	1882
1879	1881
1879	1882
1879	1883
1880	1881
1880	1883
1880	1884
1881	1882
1881	1883
1881	1885
1882	1883
1882	1884
1882	1886
1883	1884
1883	1885
1883	1886
1884	1885
1884	1886
1884	1887
1884	1888
1885	1886
1885	1888
1885	1889
1885	1940
1886	1887
1886	1888
1886	1889
1886	1890
1887	1888
1887	1889
1887	1891
1888	1890
1888	1891
1889	1890
1889	1891
1889	1893
1890	1892
1890	1893
1890	1894
1891	1892
1891	1893
1891	1894
1891	1895
1892	1893
1892	1894
1892	1895
1892	1896
1893	1894
1893	1895
1893	1897
1894	1895
1894	1896
1894	1897
1895	1896
1895	1897
1895	1899
1895	1997
1896	1897
1896	1898
1896	1899
1896	1900
1897	1898
1897	1899
1897	1901
1898	1899
1898	1901
1898	1902
1899	1901
1899	1902
1899	1955
1900	1901
1900	1902
1900	1903
1900	1904
1901	1902
1901	1903
1901	1904
1901	1905
1902	1905
1902	1906
1903	1904
1903	1906
1903	1907
1904	1905
1904	1906
1904	1907
1904	1908
1904	1926
1905	1906
1905	1907
1905	1908
1905	1909
1905	1933
1906	1907
1906	1908
1906	1909
1907	1909
1907	1910
1908	1912
1909	1910
1909	1911
1909	1912
1909	1913
1909	1940
1910	1911
1910	1912
1910	1913
1910	1914
1911	1912
1911	1913
1911	1914
1911	1915
1912	1913
1912	1915
1912	1916
1913	1914
1913	1915
1914	1915
1914	1916
1914	1917
1915	1916
1915	1917
1915	1919
1916	1917
1916	1918
1916	1920
1917	1919
1917	1920
1917	1921
1918	1920
1918	1922
1919	1920
1919	1921
1919	1922
1919	1923
1920	1922
1920	1923
1921	1923
1921	1924
1922	1924
1922	1925
1922	1926
1922	1973
1923	1924
1923	1925
1923	1926
1923	1927
1924	1926
1924	1927
1924	1928
1925	1926
1925	1928
1925	1929
1926	1927
1926	1929
1927	1928
1927	1929
1927	1931
1928	1929
1928	1930
1928	1931
1929	1931
1929	1932
1929	1933
1930	1931
1930	1932
1931	1933
1931	1934
1931	1935
1932	1935
1932	1936
1933	1935
1933	1936
1934	1936
1934	1937
1934	1938
1935	1936
1935	1937
1935	1938
1935	1939
1936	1937
1936	1938
1936	1939
1937	1939
1937	1940
1937	1941
1938	1939
1938	1940
1938	1941
1938	1942
1939	1940
1939	1942
1939	1943
1940	1941
1940	1942
1940	1943
1941	1943
1941	1945
1942	1943
1942	1944
1942	1945
1942	1946
1943	1944
1943	1945
1943	1946
1943	1947
1944	1945
1944	1946
1944	1947
1945	1946
1945	1947
1945	1948
1945	1949
1946	1947
1946	1948
1946	1949
1946	1950
1947	1948
1947	1949
1947	1950
1947	1951
1948	1949
1948	1950
1948	1951
1948	1952
1949	1950
1949	1951
1949	1953
1950	1951
1950	1952
1950	1953
1950	1954
1951	1952
1951	1953
1951	1954
1951	1955
1952	1953
1952	1954
1953	1954
1953	1956
1953	1957
1954	1955
1954	1956
1954	1958
1955	1956
1955	1959
1956	1957
1956	1958
1956	1959
1957	1958
1957	1960
1957	1961
1958	1959
1958	1960
1958	1961
1958	1962
1959	1960
1959	1961
1959	1963
1960	1961
1960	1962
1960	1963
1960	1964
1961	1962
1961	1963
1961	1964
1961	1965
1962	1963
1962	1964
1962	1965
1962	1966
1963	1964
1963	1965
1963	1966
1964	1965
1964	1966
1964	1968
1965	1966
1965	1967
1965	1968
1965	1969
1966	1968
1966	1969
1966	1970
1967	1968
1967	1971
1968	1969
1968	1970
1968	1971
1968	1972
1969	1971
1969	1972
1969	1973
1970	1971
1970	1973
1970	1974
1971	1972
1971	1974
1971	1975
1972	1974
1972	1975
1973	1975
1973	1976
1974	1975
1974	1978
1975	1976
1975	1977
1975	1978
1975	1979
1976	1977
1976	1978
1976	1979
1976	1980
1977	1978
1977	1979
1977	1980
1977	1981
1978	1979
1978	1980
1978	1981
1978	1982
1979	1982
1979	1983
1980	1981
1980	1982
1980	1983
1980	1984
1981	1982
1981	1983
1981	1984
1981	1985
1982	1984
1982	1985
1982	1986
1983	1984
1983	1985
1983	1986
1983	1987
1984	1985
1984	1986
1984	1987
1984	1988
1985	1986
1985	1987
1985	1988
1985	1989
1985	1990
1986	1988
1986	1989
1987	1989
1987	1990
1987	1991
1988	1989
1988	1990
1988	1991
1989	1991
1989	1992
1989	1993
1990	1991
1990	1992
1990	1994
1991	1992
1991	1993
1991	1994
1991	1995
1992	1994
1992	1995
1992	1996
1993	1994
1993	1995
1993	1997
1994	1996
1994	1997
1994	1998
1995	1996
1995	1997
1995	1998
1995	1999
1996	1997
1996	1998
1996	1999
1996	2000
1997	1998
1997	1999
1998	1999
1998	2000
1999	2000
