1	2
1	4
1	6
1	917
1	1064
1	1541
1	1996
1	1998
1	1999
1	2000
2	3
2	6
2	18
2	1320
2	1846
2	1997
2	1998
2	1999
3	4
3	5
3	6
3	7
3	348
3	477
3	586
3	1033
3	1998
3	1999
4	6
4	7
4	630
4	633
4	1364
4	1566
4	1999
4	2000
5	6
5	7
5	8
5	9
5	10
5	45
5	1207
6	7
6	9
6	110
6	858
6	1922
7	12
7	314
7	386
7	398
7	721
7	1814
7	1901
8	9
8	12
8	464
8	959
8	1708
8	1794
8	1926
9	11
9	13
9	14
9	1118
9	1265
9	1343
9	1364
10	11
10	12
10	14
10	764
10	974
10	1040
11	12
11	13
11	14
11	15
11	16
11	497
12	13
12	15
12	17
12	57
12	66
12	702
13	15
13	17
13	853
13	1454
13	1913
14	15
14	16
14	17
14	19
14	1712
15	17
15	18
15	314
15	320
15	450
15	984
15	1023
15	1816
15	1931
16	18
16	19
16	467
16	781
16	915
16	1212
17	18
17	19
17	20
17	22
17	475
17	817
17	1866
18	19
18	20
18	21
18	22
18	23
18	290
19	20
19	21
19	22
19	24
19	1038
19	1572
19	1629
19	1898
20	21
20	22
20	23
20	24
20	25
20	66
20	209
21	22
21	23
21	26
21	314
21	534
21	619
21	997
22	23
22	25
22	26
22	27
22	240
22	280
22	539
22	1160
22	1482
23	27
23	28
23	887
23	918
23	1351
23	1881
24	25
24	27
24	28
24	101
24	975
24	1352
24	1890
25	26
25	27
25	147
25	386
25	577
25	1096
26	27
26	261
26	534
26	739
26	754
26	1112
26	1231
27	30
27	31
27	32
27	58
27	768
27	1677
27	1939
28	31
28	33
28	303
28	602
28	996
29	30
29	33
29	34
29	288
29	497
29	1655
29	1969
30	31
30	32
30	33
30	428
30	766
30	1210
31	32
31	33
31	34
31	36
31	494
31	694
31	1529
31	1532
31	1914
32	33
32	34
32	35
32	128
32	632
32	1119
32	1534
32	1578
33	35
33	37
33	38
33	1081
33	1319
33	1434
33	1813
33	1930
34	35
34	37
34	411
34	916
34	1256
34	1521
35	38
35	39
35	40
35	1624
35	1853
36	37
36	40
36	41
36	1338
36	1639
37	38
37	259
37	875
37	917
37	1055
37	1085
38	40
38	41
38	264
38	560
38	666
38	1138
39	41
39	42
39	44
39	258
39	1443
40	41
40	42
40	43
40	45
40	957
40	1379
40	1387
41	43
41	45
41	46
41	223
41	1303
41	1334
42	43
42	46
42	47
42	243
42	1108
43	44
43	45
43	46
43	47
43	48
43	583
43	1561
44	45
44	46
44	47
44	48
44	716
44	1712
45	49
45	709
45	717
45	850
45	1266
45	1288
46	48
46	49
46	50
46	51
46	680
46	857
46	1542
46	1700
47	48
47	49
47	52
47	130
47	384
47	401
47	1065
47	1332
48	53
48	547
48	1080
48	1145
48	1292
48	1377
48	1829
48	2000
49	50
49	52
49	53
49	54
49	223
49	959
49	1029
49	1356
49	1731
50	51
50	54
50	55
50	210
50	905
50	981
51	52
51	53
51	54
51	55
51	626
51	1806
52	53
52	54
52	57
52	956
52	1089
53	54
53	58
53	302
53	504
53	951
53	1223
53	1236
54	55
54	57
54	114
54	219
54	783
54	816
54	1554
54	1748
54	1778
55	56
55	57
55	58
55	59
55	60
56	57
56	59
56	832
56	1464
56	1705
57	58
57	61
57	62
57	273
57	579
57	895
57	1023
57	1435
58	60
58	61
58	62
58	63
58	285
58	304
59	61
59	62
59	64
59	1175
59	1517
59	1894
60	61
60	62
60	63
60	89
60	870
60	1333
60	1404
61	63
61	64
61	65
61	66
61	1023
61	1239
61	1536
62	65
62	67
62	570
62	1284
62	1531
62	1552
62	1723
62	1935
63	64
63	66
63	67
63	68
63	86
63	1152
64	65
64	66
64	411
64	624
64	657
64	925
64	1999
65	67
65	308
65	532
65	819
65	915
65	928
65	1362
66	68
66	301
66	979
66	1504
66	1649
67	69
67	70
67	72
67	1202
67	1332
67	1396
68	69
68	70
68	71
68	103
68	362
68	452
68	1622
69	70
69	72
69	1032
69	1170
69	1824
69	1964
70	71
70	74
70	75
70	456
70	741
70	830
70	1235
70	1543
70	1704
71	72
71	73
71	75
71	118
71	1498
71	1943
72	73
72	74
72	75
72	200
72	378
72	1017
72	1374
73	74
73	76
73	77
73	765
73	1415
73	1443
74	75
74	78
74	185
74	1191
74	1450
74	1586
75	77
75	78
75	79
75	291
75	530
75	1026
75	1853
75	1889
76	77
76	78
76	79
76	80
76	81
76	639
76	1493
76	1623
77	78
77	79
77	80
77	82
77	196
77	268
77	1819
78	80
78	81
78	83
78	215
78	286
78	876
78	1399
78	1860
79	81
79	84
79	107
79	625
79	810
79	960
79	989
79	1301
79	1546
80	82
80	83
80	85
80	557
80	1155
80	1292
80	1435
81	84
81	85
81	175
81	543
81	1069
81	1184
81	1265
81	1327
82	83
82	85
82	86
82	136
82	501
82	618
82	1970
83	84
83	88
83	139
83	452
83	699
83	744
83	1164
83	1250
84	85
84	86
84	89
84	1796
84	1858
85	88
85	89
85	196
85	532
85	586
85	782
85	789
85	937
85	1099
86	88
86	89
86	90
86	1473
86	1520
86	1799
87	88
87	89
87	92
87	299
87	1423
87	2000
88	89
88	90
88	91
88	92
88	93
89	90
89	91
89	92
89	94
89	1364
89	1981
90	92
90	93
90	94
90	95
90	538
90	587
91	92
91	94
91	95
91	96
91	1493
91	1650
92	94
92	226
92	962
92	1116
92	1187
92	1473
92	1617
92	1817
93	94
93	95
93	97
93	758
93	1001
93	1539
94	96
94	97
94	292
94	886
94	1464
95	96
95	98
95	99
95	314
95	474
95	1191
96	97
96	98
96	101
96	401
96	1185
96	1685
97	98
97	99
97	101
97	102
97	576
97	1474
97	1718
97	1720
97	1795
98	99
98	100
98	101
98	102
98	103
98	307
98	751
98	794
99	102
99	103
99	144
99	384
99	385
99	1055
99	1423
99	1832
100	101
100	104
100	105
100	305
100	343
100	480
100	1830
101	102
101	103
101	105
101	106
101	376
101	482
101	999
101	1073
102	104
102	105
102	107
102	232
102	334
102	899
103	108
103	211
103	651
103	908
103	1214
104	105
104	106
104	108
104	568
104	916
104	951
105	106
105	107
105	109
105	110
105	1276
106	107
106	108
106	109
106	354
106	475
106	678
106	909
106	1053
106	1150
106	1673
106	1785
107	108
107	109
107	110
107	254
107	294
107	1574
107	1674
108	109
108	110
108	112
108	113
108	580
108	1302
108	1876
109	112
109	145
109	323
109	552
109	835
109	1466
109	1886
110	113
110	114
110	168
110	659
110	704
110	1711
110	1907
111	112
111	113
111	114
111	115
111	155
111	862
111	1219
111	1498
112	115
112	377
112	405
112	618
112	1033
112	1472
112	1918
112	1960
113	115
113	117
113	118
113	1359
113	1664
113	1785
113	1905
114	115
114	116
114	117
114	119
114	281
114	1055
114	1783
115	116
115	117
115	118
115	120
115	357
115	1490
115	1696
116	117
116	118
116	119
116	465
116	499
116	1848
117	118
117	119
117	120
117	121
117	274
117	925
117	1784
118	119
118	120
118	121
118	122
118	123
118	477
118	964
118	1125
119	120
119	122
119	123
119	412
119	860
119	1072
120	121
120	123
120	124
120	568
120	635
120	715
120	1455
120	1933
120	1951
121	122
121	126
121	527
121	617
121	1095
121	1211
121	1885
122	123
122	126
122	127
122	731
122	1609
122	1876
123	124
123	126
123	127
123	1085
123	1553
124	304
124	1326
124	1513
124	1859
124	1954
125	127
125	128
125	129
125	130
125	372
125	596
125	687
125	1659
126	127
126	128
126	129
126	375
126	529
126	614
126	912
126	1032
126	1238
126	1877
127	129
127	350
127	478
127	803
127	1097
127	1516
127	1696
128	129
128	131
128	133
128	412
128	493
128	884
129	130
129	312
129	746
129	1411
129	1822
130	133
130	134
130	135
130	194
130	814
131	132
131	133
131	134
131	135
131	136
131	625
131	669
131	1164
131	1263
131	1456
131	1597
132	134
132	136
132	268
132	1469
132	1544
132	1903
133	134
133	135
133	137
133	138
133	163
133	812
133	1622
134	135
134	136
134	137
134	138
134	1381
134	1722
135	136
135	139
135	314
135	351
135	519
135	1771
135	1872
135	1956
136	137
136	140
136	150
136	240
136	595
136	1348
137	138
137	139
137	140
137	141
137	142
137	818
137	1658
138	140
138	697
138	722
138	917
138	975
138	989
138	1144
138	1223
138	1516
139	140
139	142
139	143
139	144
139	390
139	920
139	1542
140	143
140	144
140	581
140	1093
140	1101
140	1354
140	1747
140	1839
141	142
141	144
141	145
141	790
141	1123
141	1676
142	144
142	146
142	750
142	884
142	992
142	1602
142	1975
143	144
143	146
143	147
143	148
143	1786
143	1858
144	145
144	146
144	147
144	148
144	655
144	1817
145	147
145	149
145	150
145	1085
145	1244
145	1532
146	147
146	149
146	150
146	264
146	908
146	2000
147	148
147	149
147	152
147	349
147	930
147	1072
147	1666
148	150
148	522
148	610
148	706
148	1751
148	1805
148	1890
149	150
149	151
149	152
149	153
149	154
149	220
149	1470
149	1772
150	153
150	155
150	397
150	463
150	604
150	1323
151	155
151	156
151	611
151	760
151	890
151	986
151	1153
152	154
152	176
152	446
152	781
152	928
152	1325
152	1514
152	1622
153	154
153	155
153	156
153	157
153	426
153	1255
153	1795
154	156
154	157
154	158
154	159
154	755
154	1535
155	156
155	159
155	160
155	180
155	1021
155	1842
155	1847
156	157
156	160
156	161
156	162
156	216
156	1183
156	1574
156	1872
157	160
157	161
157	162
157	1472
157	1615
158	159
158	160
158	161
158	163
158	665
158	1405
158	1448
159	161
159	162
159	163
159	246
159	1637
159	1910
160	163
160	164
160	845
160	1321
160	1702
161	162
161	163
161	165
161	800
161	908
161	1137
162	163
162	164
162	165
162	167
162	625
162	1011
162	1346
163	164
163	168
163	618
163	666
163	1926
163	1957
164	166
164	167
164	168
164	169
164	620
164	1711
165	166
165	167
165	169
165	170
165	603
165	942
165	1264
166	167
166	168
166	169
166	170
166	171
166	384
167	168
167	169
167	170
167	171
167	1817
167	1941
167	1955
168	169
168	171
168	1010
168	1275
169	172
169	173
169	191
169	199
169	756
169	898
169	1690
170	171
170	172
170	174
170	175
170	287
170	848
170	1149
171	172
171	173
171	175
171	495
171	1057
171	1237
171	1388
171	1516
172	173
172	174
172	176
172	1286
172	1859
172	1922
173	174
173	175
173	177
173	178
173	1032
174	176
174	177
174	178
174	179
174	1038
174	1236
174	1482
175	177
175	178
175	180
175	191
175	1487
175	1514
175	1524
176	178
176	180
176	181
176	731
176	1295
176	1938
177	178
177	180
177	181
177	182
177	1544
177	1902
178	179
178	180
178	181
178	182
178	183
178	564
179	180
179	182
179	183
179	184
179	249
179	1240
179	1917
180	185
180	888
180	1020
180	1366
180	1401
181	183
181	185
181	594
181	948
181	1873
181	2000
182	183
182	184
182	185
182	186
182	212
182	368
182	1408
183	184
183	185
183	187
183	188
183	1624
183	1909
184	186
184	549
184	923
184	1021
184	1605
184	1715
185	189
185	190
185	367
185	467
185	1367
186	188
186	189
186	190
186	191
186	855
186	1805
187	188
187	575
187	893
187	925
187	995
187	1013
187	1301
187	1896
187	1948
187	1966
188	189
188	190
188	191
188	192
188	193
189	190
189	191
189	192
189	193
189	194
189	545
190	193
190	194
190	993
190	1412
190	1864
191	193
191	194
191	195
191	1536
191	1824
192	193
192	195
192	196
192	525
192	907
192	1040
192	1698
192	1842
193	195
193	381
193	740
193	804
193	1856
193	1905
193	1930
194	196
194	199
194	273
194	275
194	926
194	1282
194	1617
194	1746
194	1927
194	1971
195	196
195	197
195	198
195	807
195	1202
195	1785
196	197
196	199
196	200
196	201
197	198
197	199
197	200
197	327
197	1399
197	1508
198	199
198	200
198	202
198	337
198	338
198	949
198	1742
198	1997
199	200
199	203
199	1454
199	1958
200	201
200	204
200	1070
200	1329
200	1810
200	1978
201	202
201	204
201	205
201	206
201	1402
202	204
202	205
202	321
202	559
202	713
202	1431
202	1553
203	204
203	207
203	208
203	393
203	406
203	1404
204	205
204	206
204	208
204	209
204	495
205	206
205	207
205	208
205	209
205	210
205	655
205	1534
206	207
206	208
206	209
206	210
206	430
206	788
206	1305
206	1519
207	208
207	209
207	210
207	211
207	235
207	1664
208	210
208	212
208	213
208	925
208	1489
208	1890
209	210
209	211
209	213
209	214
209	708
210	211
210	214
210	215
210	487
210	1236
210	1543
211	212
211	213
211	215
211	312
211	806
211	841
212	215
212	216
212	217
212	304
212	932
212	1381
213	214
213	215
213	218
213	363
213	944
213	980
213	1414
213	1557
213	1741
213	1864
214	215
214	216
214	219
214	292
214	676
215	216
215	217
215	219
215	220
215	671
216	218
216	374
216	455
216	958
216	1088
216	1255
216	1278
216	1333
217	218
217	219
217	221
217	222
217	762
217	965
217	1544
217	1929
218	219
218	221
218	223
218	1104
218	1778
218	1960
219	220
219	221
219	223
219	1934
220	223
220	224
220	1351
220	1741
221	222
221	223
221	224
221	226
221	1352
221	1479
222	225
222	226
222	227
222	303
222	335
222	1199
222	1615
222	1747
223	226
223	227
223	228
223	430
223	1008
223	1091
223	1366
223	1395
224	225
224	226
224	227
224	228
224	229
225	227
225	229
225	256
225	284
225	501
225	1302
225	1816
226	227
226	229
226	230
226	231
226	253
226	1260
226	1988
227	230
227	231
227	355
227	412
227	674
227	1385
228	232
228	246
228	385
228	697
228	1639
228	1765
228	1875
228	1924
229	230
229	232
229	589
229	813
229	1664
230	232
230	235
230	757
230	825
230	1087
230	1329
230	1504
230	1621
231	233
231	234
231	235
231	236
231	1055
231	1401
232	235
232	315
232	419
232	579
232	894
232	1010
232	1864
233	234
233	235
233	237
233	238
233	897
233	1605
234	235
234	237
234	238
234	239
234	356
234	1478
234	1810
235	236
235	237
235	238
235	240
235	274
235	371
235	849
235	1573
235	1603
236	237
236	238
236	239
236	241
236	514
237	238
237	239
237	240
237	241
237	242
237	1442
237	1961
237	1974
238	239
238	240
238	241
238	242
238	243
238	539
238	870
238	930
239	240
239	242
239	244
239	750
239	1556
239	1877
240	242
240	243
240	245
240	1010
240	1271
240	1452
241	243
241	244
241	245
241	246
241	449
241	982
241	1245
241	1347
241	1422
242	243
242	244
242	246
242	836
242	1664
242	1814
243	245
243	248
243	880
243	1181
243	1434
243	1750
244	245
244	246
244	247
244	248
244	249
244	724
245	246
245	248
245	249
245	250
245	529
245	1169
246	247
246	248
246	249
246	362
246	481
246	511
246	682
246	1866
246	1975
247	248
247	251
247	252
247	310
247	1076
247	1373
247	1680
247	1934
248	249
248	250
248	251
248	252
248	253
248	1925
249	251
249	252
249	254
249	328
250	252
250	253
250	254
250	255
250	1621
251	253
251	254
251	255
251	256
251	742
251	1011
251	1934
252	253
252	254
252	472
252	1583
252	1599
253	254
253	255
253	258
253	794
253	1555
253	1561
254	255
254	259
254	410
254	854
254	857
254	1481
254	1891
255	256
255	258
255	501
255	1089
255	1959
256	257
256	259
256	261
256	469
256	1191
257	259
257	260
257	261
257	262
257	693
258	260
258	262
258	263
258	676
258	694
259	260
259	261
259	947
259	1448
259	1980
260	263
260	264
260	265
260	609
260	1190
260	1390
260	1821
260	1828
261	263
261	264
261	265
261	266
261	361
261	719
261	1310
261	1560
262	263
262	266
262	267
262	381
262	561
262	1126
262	1622
262	1768
263	264
263	265
263	266
263	268
263	566
263	1234
263	1841
264	267
264	268
264	269
264	618
264	834
264	1328
265	267
265	269
265	776
265	960
265	1133
265	1468
265	1781
265	1878
266	268
266	270
266	271
266	288
266	1125
266	1380
267	268
267	269
267	270
267	271
267	272
267	1041
267	1588
268	270
268	271
268	1128
268	1918
269	270
269	271
269	606
269	752
269	899
269	1151
269	1365
269	1477
269	1815
270	271
270	273
270	274
270	275
270	1117
270	1723
270	1862
271	273
271	274
271	275
271	791
271	891
271	1519
271	1559
271	1617
272	274
272	275
272	276
272	277
272	1845
272	1865
273	274
273	275
273	276
273	579
273	596
273	1159
274	275
274	661
274	769
274	1414
275	279
275	407
275	677
275	752
275	1142
275	1211
275	1644
275	1715
276	277
276	278
276	279
276	280
276	281
276	1322
277	281
277	282
277	910
277	1173
277	1415
277	1692
278	280
278	281
278	282
278	283
278	293
278	1531
278	1790
279	280
279	281
279	284
279	605
279	922
279	1277
280	282
280	283
280	284
280	285
280	892
280	1693
281	282
281	284
281	286
281	414
282	284
282	287
282	862
282	1472
282	1545
282	1752
283	284
283	285
283	286
283	377
283	1058
283	1085
283	1534
283	1611
284	286
284	288
284	759
284	1039
284	1122
284	1802
284	1932
285	286
285	288
285	289
285	690
286	288
286	289
286	1226
286	1879
287	288
287	290
287	292
287	1311
287	1324
287	1608
288	290
288	291
288	292
288	1251
288	1467
288	1757
289	291
289	292
289	976
289	1172
289	1308
289	1979
290	291
290	292
290	295
290	461
290	761
290	841
290	988
290	1466
290	1630
290	1852
291	292
291	293
291	295
291	296
291	309
291	1456
292	295
292	297
292	539
292	580
292	833
292	1079
292	1574
292	1916
293	295
293	296
293	297
293	298
293	797
293	1729
294	295
294	296
294	1204
294	1211
294	1554
294	1999
295	296
295	297
295	298
295	299
295	464
295	968
295	1251
295	1664
296	301
296	477
296	538
296	870
296	1270
297	300
297	302
297	366
297	498
297	1130
297	1332
297	1457
297	1927
298	299
298	301
298	302
298	303
298	483
298	1386
299	300
299	301
299	302
299	303
299	553
299	1520
300	302
300	411
300	1108
300	1164
300	1671
300	1793
301	302
301	304
301	305
301	405
301	553
301	1267
301	1509
301	1866
302	303
302	306
302	687
302	1490
302	1693
303	305
303	306
303	308
303	507
303	1444
303	1638
303	1858
304	306
304	308
304	309
304	1193
304	1408
304	1909
305	306
305	308
305	309
305	462
305	1004
305	1700
306	307
306	308
306	309
306	310
306	311
306	369
307	308
307	309
307	310
307	311
307	981
307	1148
307	1769
308	310
308	311
308	312
308	1535
308	1549
308	1914
309	310
309	313
309	314
309	539
309	863
309	1448
310	312
310	314
310	653
310	725
310	1210
310	1408
311	313
311	314
311	315
311	316
311	463
311	1277
312	314
312	315
312	316
312	317
312	904
312	1202
312	1671
312	1792
313	314
313	315
313	317
313	318
313	909
313	1290
313	1326
314	315
314	969
315	316
315	317
315	318
315	320
315	457
315	1552
315	1624
315	1785
315	1931
316	317
316	319
316	320
316	321
316	994
316	1307
317	319
317	320
317	321
317	322
317	590
317	1436
317	1647
317	1702
317	1828
318	319
318	320
318	321
318	322
318	323
318	1073
319	320
319	321
319	322
319	413
319	1504
320	321
320	322
320	324
320	483
320	831
321	322
321	323
321	324
321	325
321	801
321	1070
321	1073
322	323
322	324
322	325
322	326
322	327
323	324
323	326
323	387
323	1872
324	326
324	328
324	329
324	395
324	612
324	779
325	326
325	330
325	477
325	555
325	984
325	1115
325	1186
325	1525
325	1773
326	327
326	328
326	331
326	484
326	835
326	871
326	1028
327	328
327	329
327	331
327	332
327	1091
327	1123
327	1655
328	330
328	331
328	332
328	392
328	421
328	990
328	1012
328	1164
328	1186
329	330
329	332
329	333
329	574
329	952
330	335
330	341
330	551
330	691
330	1089
330	1977
331	332
331	333
331	336
331	396
331	972
331	1164
331	1281
331	1342
332	333
332	334
332	336
332	1088
332	1498
332	1593
333	334
333	335
333	336
333	338
333	723
333	925
333	1171
333	1313
333	1898
334	335
334	336
334	337
334	339
334	409
335	336
335	337
335	340
335	1783
336	339
336	340
336	341
336	477
336	913
336	1400
337	338
337	339
337	342
337	719
337	843
337	851
337	1169
338	340
338	745
338	860
338	944
338	1070
338	1433
338	1683
339	340
339	341
339	343
339	344
339	1726
340	341
340	342
340	344
340	345
340	689
340	832
340	1014
340	1661
340	1827
341	342
341	343
341	345
341	859
341	1372
341	1466
342	343
342	344
342	345
342	346
342	927
342	1354
343	345
343	347
343	375
343	430
343	609
344	345
344	346
344	347
344	349
344	802
345	346
345	347
345	348
345	350
345	1396
346	347
346	348
346	349
346	350
346	351
346	365
347	348
347	350
347	825
347	1505
347	1521
348	351
348	352
348	669
348	1497
348	1954
349	350
349	354
349	886
349	1566
349	1806
349	1861
350	351
350	353
350	355
350	364
350	1019
350	1110
350	1548
350	1566
351	352
351	354
351	355
351	356
351	560
351	948
351	1669
352	354
352	356
352	357
352	508
352	642
352	861
352	1221
352	1257
353	354
353	355
353	356
353	357
353	358
354	355
354	356
354	357
354	358
354	1622
354	1876
355	358
355	359
355	360
355	1794
356	357
356	360
356	881
356	1216
356	1744
357	359
357	360
357	362
357	458
357	1653
358	360
358	361
358	607
358	778
358	1233
358	1449
359	360
359	362
359	363
359	364
359	640
359	1331
359	1995
360	363
360	364
360	365
360	1017
360	1347
360	1943
361	362
361	364
361	365
361	366
361	383
361	916
361	934
362	363
362	364
362	367
362	977
363	365
363	368
363	428
363	973
363	1895
363	1927
364	366
364	410
364	788
364	1149
364	1561
364	1711
365	368
365	369
365	370
365	903
365	1717
366	367
366	371
366	1092
366	1475
366	1589
366	1737
367	369
367	370
367	371
367	372
367	1662
368	369
368	370
368	372
368	1508
369	370
369	371
369	373
369	390
369	1182
369	1258
370	372
370	373
370	374
370	875
370	997
370	1393
371	373
371	374
371	375
371	376
371	855
371	1342
372	374
372	377
372	627
372	1344
372	1678
372	1800
373	376
373	377
373	378
373	390
373	546
373	664
373	890
373	1893
374	378
374	379
374	1012
374	1259
375	376
375	379
375	380
375	715
375	1208
376	377
376	379
376	380
376	422
376	1723
377	378
377	381
377	382
377	531
377	799
377	1235
377	1499
377	1551
378	379
378	381
378	383
378	668
378	1130
378	1588
378	1759
379	380
379	381
379	382
379	383
379	472
380	381
380	382
380	384
380	687
380	1415
380	1542
381	382
381	384
381	385
381	386
382	383
382	384
382	386
382	387
382	806
382	922
382	1191
382	1528
383	385
383	387
383	388
383	1876
383	1942
384	386
384	388
384	389
385	386
385	388
385	389
385	474
385	729
385	1402
386	387
386	388
386	389
386	390
386	391
386	605
386	828
387	389
387	530
387	556
387	980
387	1223
387	1460
388	390
388	391
388	392
388	393
388	684
388	717
388	1439
388	1735
389	390
389	391
389	393
389	417
389	423
389	1165
389	1517
389	1627
390	392
390	393
390	504
390	632
390	633
390	784
390	1759
390	1811
390	1871
391	392
391	393
391	394
391	396
391	726
391	1108
391	1183
391	1184
392	393
392	395
392	396
392	397
392	427
392	1671
393	394
393	395
393	396
393	397
393	1153
393	1688
394	395
394	396
394	398
394	399
394	553
394	837
395	396
395	397
395	399
395	400
396	399
396	714
396	759
396	1233
396	1469
396	1993
397	398
397	399
397	401
397	1020
397	1718
398	399
398	402
398	403
398	839
398	973
399	400
399	401
399	403
399	404
399	1709
400	401
400	402
400	403
400	405
400	713
400	1572
401	402
401	403
401	404
401	405
401	406
401	706
401	1459
402	403
402	405
402	406
402	407
402	1093
403	404
403	405
403	407
403	408
403	483
403	1789
403	1874
403	1924
404	407
404	408
404	600
404	640
404	722
404	1401
404	1902
405	406
405	408
405	409
405	410
405	1029
405	1294
406	408
406	556
406	595
406	1081
406	1256
406	1366
406	1673
407	408
407	409
407	410
407	411
407	652
407	1283
407	1411
407	1451
407	1626
408	410
408	411
408	412
408	413
408	1671
409	411
409	412
409	414
409	791
409	1248
409	1498
409	1514
410	411
410	412
410	414
410	415
410	998
410	1527
411	413
411	414
411	416
411	995
411	1117
412	413
412	415
412	417
412	1681
413	417
413	507
413	907
413	1078
413	1580
414	415
414	417
414	418
414	419
414	1449
414	1474
415	418
415	644
415	688
415	1116
415	1356
415	1359
415	1493
416	418
416	419
416	420
416	421
416	1476
416	1817
417	418
417	419
417	420
417	421
417	1645
418	419
418	420
418	421
418	423
418	998
418	1232
419	420
419	422
419	424
419	674
419	1476
420	421
420	422
420	423
420	424
420	425
420	903
420	1651
421	422
421	423
421	425
421	1184
421	1757
422	424
422	425
422	964
422	1332
422	1554
423	424
423	426
423	635
423	721
423	841
423	1078
424	427
424	429
424	1008
424	1041
424	1414
425	426
425	429
425	557
425	1220
425	1404
425	1495
425	1736
426	427
426	428
426	430
426	801
426	1265
426	1584
427	428
427	429
427	430
427	431
427	1073
427	1749
427	1865
428	429
428	430
428	431
428	433
428	928
428	1136
428	1920
429	430
429	432
429	433
429	434
429	998
429	1258
429	1373
429	1649
429	1670
430	432
430	433
430	435
430	816
430	931
430	1529
430	1850
431	432
431	433
431	435
431	485
431	520
431	1670
432	434
432	436
432	437
432	635
432	694
432	858
432	1242
432	1751
433	436
433	438
433	455
433	647
433	1113
433	1128
433	1524
433	1684
434	435
434	436
434	437
434	438
434	439
435	436
435	437
435	439
435	440
435	671
436	437
436	439
436	441
436	594
436	622
436	909
437	438
437	439
437	440
437	441
437	442
438	439
438	441
438	442
438	591
438	1167
438	1774
438	1906
439	441
439	442
439	443
439	651
439	791
439	827
439	907
439	987
439	1446
440	441
440	443
440	445
440	593
440	1014
440	1308
441	442
441	443
441	444
441	445
441	446
441	951
441	1069
441	1325
442	443
442	444
442	445
442	447
442	739
442	990
442	1019
443	444
443	447
443	448
443	1099
443	1733
443	1868
444	445
444	447
444	449
444	956
444	1518
444	1710
445	578
445	605
445	807
445	1259
445	1297
445	1396
445	1648
445	1677
445	1905
445	1930
446	447
446	448
446	449
446	450
446	1741
447	448
447	450
447	452
447	1128
447	1436
447	1584
448	449
448	450
448	451
448	452
448	527
448	990
448	1101
448	1546
448	1782
449	610
449	764
449	1027
449	1363
449	1430
449	1526
449	1585
450	451
450	453
450	455
450	1184
451	452
451	455
451	518
451	882
451	1432
451	1532
452	454
452	456
452	1136
452	1219
453	454
453	455
453	456
453	457
453	1353
453	1573
454	456
454	457
454	458
454	459
454	904
454	1003
455	456
455	457
455	459
455	460
455	796
455	961
456	459
456	461
456	618
456	957
456	1024
457	458
457	461
457	462
457	835
457	887
457	939
457	1382
457	1493
457	1730
458	459
458	460
458	585
458	591
458	1302
458	1610
458	1632
458	1935
459	460
459	461
459	462
459	464
459	1568
460	462
460	463
460	464
460	465
460	1682
461	463
461	464
461	466
461	1146
461	1150
461	1306
462	464
462	465
462	466
462	493
462	816
462	884
462	1321
463	464
463	465
463	467
463	1137
463	1589
464	465
464	466
464	468
464	469
464	1412
464	1676
465	466
465	470
465	869
465	1041
465	1120
465	1167
465	1434
465	1829
466	468
466	469
466	471
466	521
466	1203
467	468
467	470
467	472
467	673
467	1374
467	1382
467	1518
468	469
468	473
468	947
468	1010
468	1697
468	1755
469	471
469	472
469	474
469	579
469	1076
469	1834
470	471
470	472
470	473
470	711
470	1806
471	473
471	474
471	475
471	653
471	1235
471	1424
472	475
472	476
472	477
472	919
472	1462
472	1800
472	1914
473	475
473	476
473	477
473	1087
473	1241
473	1568
474	475
474	476
474	479
474	909
474	1009
474	1275
475	477
475	478
475	479
475	1113
475	1205
475	1883
475	1952
476	477
476	478
476	479
476	480
476	481
476	1075
477	482
477	587
477	953
477	1085
478	479
478	480
478	482
478	483
478	774
478	897
478	1848
479	480
479	481
479	482
479	483
479	484
479	1475
479	1579
480	483
480	484
480	485
480	758
481	485
481	1145
481	1318
481	1602
482	483
482	485
482	486
482	487
482	528
483	484
483	487
483	488
483	1036
483	1338
483	1653
484	485
484	486
484	487
484	489
484	745
485	486
485	487
485	488
485	1411
485	1752
485	1849
486	487
486	488
486	490
486	491
486	885
486	1323
486	1451
486	1632
487	489
487	586
487	858
487	1158
487	1188
488	489
488	490
488	492
488	706
488	1397
488	1594
488	1689
489	490
489	491
489	492
489	493
489	494
489	1087
490	492
490	493
490	517
490	718
490	1149
491	492
491	493
491	494
491	495
491	496
491	1019
492	494
492	496
492	497
492	838
492	1234
492	1489
493	495
493	497
493	812
493	819
493	875
493	947
494	497
494	498
494	499
494	724
495	496
495	497
495	498
495	500
496	499
496	500
496	837
496	1111
496	1231
496	1323
496	1748
496	1758
497	498
497	500
497	501
497	502
497	727
497	813
497	1520
497	1751
498	500
498	502
498	543
498	829
498	1255
498	1588
498	1958
499	500
499	504
499	760
499	1094
499	1485
499	1785
499	1911
500	501
500	502
500	503
500	504
500	1131
501	503
501	504
501	505
501	506
501	1169
501	1222
501	1506
502	503
502	504
502	505
502	507
502	1289
502	1636
502	1795
503	504
503	505
503	506
503	507
503	1400
504	505
504	507
504	1417
504	1638
504	1867
505	506
505	507
505	509
505	510
505	700
506	507
506	508
506	511
506	958
506	1380
507	508
507	511
507	512
507	565
507	1009
507	1919
508	509
508	510
508	513
508	879
508	1458
508	1488
509	510
509	513
509	514
509	746
509	1242
510	511
510	512
510	513
510	538
510	591
510	1490
510	1529
510	1883
510	1921
511	512
511	513
511	515
511	970
511	1007
512	648
512	771
512	1222
512	1638
512	1715
512	1767
513	518
513	660
513	824
513	1099
513	1277
513	1570
514	516
514	517
514	519
514	750
514	905
514	1225
514	1578
515	516
515	519
515	520
515	1153
515	1255
515	1354
515	1697
515	1733
515	1758
516	517
516	520
516	615
516	914
516	1055
516	1089
516	1203
516	1449
517	518
517	519
517	520
517	521
517	522
517	896
517	984
517	1119
517	1679
517	1731
518	520
518	521
518	523
518	592
518	1231
519	520
519	521
519	522
519	1031
519	1618
520	521
520	522
520	523
520	525
520	1328
520	1453
521	522
521	524
521	525
521	526
521	1368
521	1720
521	1939
522	526
522	663
522	756
522	761
522	1182
522	1640
522	1824
523	524
523	526
523	562
523	1437
523	1460
523	1656
524	525
524	526
524	527
524	528
524	529
524	731
524	740
525	526
525	527
525	528
525	530
526	527
526	528
526	531
526	573
526	1544
526	1579
526	1843
527	528
527	531
527	532
527	601
527	774
527	1014
527	1351
527	1623
528	532
528	697
528	914
528	1158
528	1432
528	1803
529	532
529	533
529	963
529	1079
529	1648
529	1797
529	1953
530	532
530	790
530	905
530	1157
530	1323
530	1478
530	1572
531	533
531	536
531	654
531	1091
532	533
532	536
532	770
532	1309
532	1836
532	1950
533	535
533	537
533	538
533	880
533	1363
533	1897
533	1928
534	535
534	536
534	537
534	538
534	1492
535	536
535	537
535	538
535	540
535	839
535	850
536	537
536	538
536	539
536	599
536	1030
536	1423
536	1862
536	1892
537	539
537	540
537	541
537	1283
537	1639
537	1973
538	540
538	541
538	542
538	1117
538	1307
538	1809
539	542
539	544
539	711
539	1172
539	1943
540	541
540	543
540	545
540	705
540	992
540	1072
540	1349
541	542
541	545
541	747
541	897
541	1149
541	1175
541	1426
541	1835
542	544
542	545
542	546
542	547
542	1902
543	545
543	548
543	790
543	1096
543	1185
544	546
544	547
544	548
544	1044
544	1326
544	1502
544	1941
545	547
545	549
545	550
545	1874
545	1882
546	547
546	549
546	550
546	780
546	989
546	1132
546	1203
546	1574
547	549
547	550
547	551
547	893
547	1054
547	1449
548	549
548	551
548	552
548	553
548	798
548	1141
549	550
549	551
549	554
549	892
549	924
549	1626
550	551
550	553
550	554
550	555
550	1208
551	553
551	555
551	664
551	867
551	1860
552	553
552	554
552	555
552	556
552	557
552	1528
552	1646
552	1823
553	557
553	1370
553	1906
553	1991
554	555
554	556
554	558
554	559
554	680
554	1299
554	1462
555	558
555	560
555	1347
555	1756
555	1786
555	1983
556	557
556	559
556	561
556	1167
556	1332
556	1363
556	1411
557	560
557	561
557	562
557	735
557	1424
557	1961
558	559
558	560
558	561
558	562
558	563
558	632
558	1350
559	560
559	561
559	563
559	564
559	958
559	1103
559	1714
560	561
560	562
560	1482
560	1487
561	562
561	565
561	566
561	640
561	850
562	563
562	565
562	566
562	567
562	728
562	1176
562	1537
563	564
563	566
563	633
563	698
563	835
563	1422
563	1739
564	568
564	724
564	1062
564	1169
565	566
565	567
565	569
565	570
565	1119
565	1280
566	567
566	569
566	896
566	1532
566	1654
566	1773
567	568
567	569
567	570
567	571
567	572
567	1573
568	571
568	572
568	573
568	1192
568	1433
568	1743
569	570
569	572
569	573
569	683
569	875
569	1149
570	571
570	572
570	573
570	574
570	847
570	1932
571	572
571	574
571	575
571	576
571	1620
572	573
572	574
572	577
572	786
572	914
572	1151
572	1593
573	574
573	575
573	577
573	1084
573	1118
573	1121
574	575
574	576
574	577
574	578
574	579
574	590
575	576
575	579
575	580
575	1188
575	1605
576	579
576	581
576	906
576	966
576	1005
576	1717
576	1950
576	1952
577	580
577	581
577	582
577	1087
577	1194
577	1338
577	1415
578	582
578	583
578	597
578	1068
578	1513
578	1922
579	580
579	581
579	583
579	1391
579	1583
580	582
580	583
580	585
580	864
580	1271
580	1561
581	582
581	583
581	584
581	944
581	959
581	1519
581	1741
582	583
582	584
582	585
582	587
582	667
582	1400
582	1747
582	1767
583	584
583	585
583	643
583	850
583	917
583	962
584	585
584	586
584	588
584	589
584	937
584	1221
585	587
585	588
585	589
585	1024
585	1371
585	1429
586	591
586	1718
586	1981
587	588
587	589
587	591
587	592
588	589
588	590
588	591
588	593
588	845
589	590
589	594
589	635
589	673
589	1718
590	591
590	593
590	595
590	1124
590	1599
591	593
591	594
591	595
591	596
591	924
591	1000
591	1724
591	1950
591	1982
592	594
592	595
592	596
592	872
592	1362
592	1528
593	594
593	595
593	596
593	597
593	598
593	1399
593	1703
594	596
594	597
594	1591
595	598
595	600
595	1185
595	1848
595	1954
596	598
596	599
596	600
596	1200
596	1662
597	598
597	601
597	604
597	848
597	1239
597	1269
597	1409
597	1563
598	599
598	600
598	602
598	603
598	691
598	798
598	1139
598	1330
598	1894
599	601
599	603
599	604
599	764
599	1861
600	601
600	1217
600	1526
600	1786
600	1796
601	606
601	1084
601	1139
601	1199
601	1218
601	1884
601	1942
602	603
602	604
602	605
602	751
602	1918
603	604
603	605
603	607
603	608
603	809
604	608
604	609
604	717
604	970
604	1735
604	1912
605	609
605	610
605	985
605	1082
605	1534
605	1568
606	607
606	608
606	609
606	610
607	608
607	609
607	611
607	612
607	879
607	895
608	610
608	611
608	613
608	1146
608	1368
608	1603
609	612
609	646
609	783
609	822
609	1325
609	1647
609	1691
610	613
610	614
610	615
610	1559
610	1710
611	612
611	614
611	616
611	695
611	696
611	1404
611	1746
611	1870
611	1878
612	613
612	614
612	615
612	616
612	936
613	615
613	634
613	908
613	1212
613	1398
613	1793
614	615
614	616
614	618
614	619
615	617
615	620
615	766
615	807
615	1328
615	1389
615	1647
616	618
616	619
616	620
616	621
616	718
616	1706
617	618
617	620
617	621
617	622
617	1578
617	1787
618	621
618	660
618	859
619	622
619	921
619	1143
619	1151
619	1646
619	1972
620	622
620	623
620	624
620	680
620	725
620	918
620	1284
620	1327
620	1742
620	1872
621	622
621	624
621	625
621	626
621	742
621	878
621	1269
621	1742
622	623
622	625
622	626
622	627
622	1367
623	624
623	625
623	626
623	627
623	628
623	1028
624	625
624	626
624	627
624	735
624	781
624	1194
625	626
625	627
625	628
625	817
625	975
625	1431
625	1813
626	628
626	629
626	630
626	631
626	803
626	1928
627	628
627	629
627	630
627	1169
627	1707
628	630
628	633
628	1192
628	1252
628	1464
628	1549
628	1619
628	1990
629	631
629	632
629	633
629	634
629	1510
629	1983
630	631
630	632
630	633
630	634
630	635
630	762
631	633
631	634
631	759
631	1238
631	1420
632	633
632	634
632	637
632	1140
633	636
633	948
633	1286
633	1344
634	635
634	636
634	638
634	639
634	724
634	1977
635	636
635	637
635	640
635	1612
636	637
636	638
636	639
636	640
636	920
636	1138
637	638
637	641
637	642
637	751
637	1192
638	640
638	642
638	966
638	1476
638	1489
638	1982
639	640
639	641
639	643
639	1077
639	1949
640	642
640	645
640	822
640	1179
640	1557
641	642
641	643
641	644
641	645
641	646
641	1548
642	643
642	644
642	645
642	1803
642	1916
643	644
643	645
643	647
643	648
643	1343
644	645
644	647
644	649
644	745
644	933
644	1372
644	1489
644	1585
644	1925
645	648
645	649
645	650
645	736
645	1634
645	1699
646	647
646	648
646	1139
646	1642
647	650
647	652
647	1012
647	1159
647	1225
648	649
648	650
648	651
648	652
648	653
649	652
649	653
649	654
649	1439
649	1559
649	1597
650	652
650	654
650	655
650	1471
650	1587
651	652
651	653
651	654
651	655
651	656
652	653
652	657
652	751
652	855
652	1058
652	1967
653	656
653	657
653	954
653	1533
653	1590
654	656
654	657
654	658
654	659
654	1170
654	1380
654	1715
654	1764
655	656
655	658
655	660
655	1594
655	1690
656	657
656	658
656	659
656	704
656	1689
656	1820
657	659
657	661
657	662
657	1317
657	1923
658	659
658	660
658	662
658	663
658	943
659	660
659	661
659	663
659	1066
659	1819
659	1920
660	661
660	664
660	665
660	1007
660	1773
661	662
661	663
661	665
661	666
661	1130
661	1188
661	1953
662	663
662	664
662	665
662	666
662	706
662	751
662	1148
662	1161
662	1472
663	664
663	666
663	667
663	668
663	1788
664	665
664	667
664	669
664	812
664	1738
664	1743
664	1826
665	666
665	667
665	669
665	670
665	1316
665	1939
666	667
666	669
666	671
666	1192
666	1699
666	1910
667	668
667	669
667	672
667	1719
667	1828
668	669
668	670
668	671
668	1390
669	670
669	673
669	1045
669	1415
670	672
670	673
670	674
670	675
670	1173
671	672
671	674
671	676
671	741
671	943
671	1513
672	674
672	677
672	878
672	1008
672	1221
672	1276
673	674
673	676
673	677
673	678
674	675
674	676
674	677
674	678
674	679
674	1558
675	676
675	677
675	678
675	679
675	680
676	677
676	678
676	679
676	926
676	1038
676	1144
676	1553
676	1568
677	679
677	680
677	681
677	1036
677	1810
678	679
678	680
678	681
678	683
679	680
679	681
679	682
679	684
679	718
679	1234
679	1521
679	1949
680	685
680	1583
680	1662
681	682
681	683
681	685
681	871
681	1764
682	684
682	685
682	687
682	1174
682	1867
683	685
683	686
683	687
683	688
683	960
683	1802
683	1989
684	685
684	686
684	689
684	1205
684	1265
685	687
685	688
685	689
685	827
685	1818
685	1834
685	1835
686	688
686	689
686	690
686	691
686	1002
687	688
687	690
687	692
687	1336
687	1438
687	1543
688	690
688	691
688	692
688	693
688	1320
689	690
689	691
689	692
689	694
689	1032
689	1629
690	691
690	693
690	695
690	752
690	956
690	1067
690	1242
690	1441
691	693
691	695
691	696
692	693
692	695
692	696
692	697
692	852
693	694
693	695
693	696
693	697
693	1006
693	1189
694	695
694	696
694	698
694	921
694	1244
695	696
695	699
695	700
695	991
695	1477
695	1957
696	698
696	699
696	1048
696	1638
696	1875
697	698
697	699
697	700
697	701
697	702
698	699
698	700
698	701
698	703
698	1421
699	700
699	702
699	703
699	704
699	810
699	1015
699	1305
699	1693
700	701
700	702
700	704
700	705
700	733
700	1357
701	702
701	703
701	704
701	705
701	706
702	703
702	704
702	705
702	706
702	707
703	705
703	706
703	707
703	708
703	877
703	1133
703	1453
704	705
704	706
704	708
704	1375
704	1577
704	1688
705	707
705	709
705	710
705	1561
705	1764
706	709
706	710
706	1584
706	1784
707	711
707	727
707	836
707	1290
707	1339
708	709
708	710
708	711
708	997
708	1503
709	710
709	711
709	712
709	713
709	714
710	711
710	712
710	713
710	714
710	1179
711	713
711	715
711	716
711	1253
711	1566
711	1790
712	713
712	714
712	715
712	717
712	1167
712	1348
712	1470
713	714
713	717
713	718
713	1381
713	1635
713	1669
714	716
714	717
714	857
714	897
714	982
714	1159
714	1955
715	716
715	717
715	789
715	1468
716	717
716	718
716	719
716	905
716	1918
717	720
717	721
717	769
717	1711
717	1812
718	719
718	721
718	913
718	1161
718	1676
719	721
719	724
719	960
719	1443
719	1460
719	1880
720	721
720	722
720	724
720	1897
720	1948
721	722
721	724
721	726
721	729
721	961
722	723
722	724
722	726
722	727
722	1487
723	724
723	725
723	726
723	727
723	728
723	840
723	1672
724	726
724	727
724	728
724	1934
725	729
725	834
725	841
725	875
725	1099
726	728
726	730
726	731
726	1382
727	729
727	731
727	732
727	854
728	729
728	730
728	731
728	732
728	733
728	920
729	731
729	733
729	791
729	1000
729	1334
729	1490
729	1719
730	734
730	873
730	940
730	995
730	1436
730	1959
731	734
731	736
731	964
731	1446
732	733
732	735
732	736
732	737
732	1352
732	1832
733	735
733	736
733	738
733	949
733	1015
733	1033
733	1773
734	735
734	736
734	737
734	738
734	739
735	736
735	739
735	740
735	1040
735	1394
735	1548
735	1621
736	737
736	738
736	739
736	741
736	820
736	999
736	1137
737	738
737	739
737	740
737	741
737	742
737	926
738	739
738	740
738	742
738	743
738	996
738	1825
739	744
739	774
739	802
739	1227
739	1594
740	741
740	743
740	955
740	981
740	1186
740	1903
741	742
741	743
741	745
741	788
741	899
741	1286
741	1451
742	743
742	746
742	747
742	842
742	1248
742	1489
743	744
743	745
743	746
743	747
743	1097
743	1153
744	745
744	746
744	747
744	748
744	749
744	1238
744	1565
745	746
745	749
745	750
745	1243
746	747
746	749
746	750
746	1522
746	1938
747	751
747	1200
747	1322
747	1645
748	749
748	750
748	751
748	752
748	1014
748	1139
749	751
749	752
749	753
749	817
749	907
749	952
749	1143
749	1435
750	751
750	755
750	1325
751	753
751	755
751	1372
751	1687
752	754
752	755
752	756
752	1216
752	1288
752	1391
752	1598
752	1839
753	1214
753	1415
753	1528
753	1571
753	1790
754	756
754	759
754	798
754	1206
754	1230
754	1456
755	758
755	759
755	760
755	762
755	927
755	1824
755	1829
756	757
756	758
756	759
756	760
756	761
756	847
757	758
757	759
757	761
757	1236
757	1265
758	759
758	761
758	762
758	763
758	1495
759	761
759	762
759	763
759	764
759	1118
759	1897
760	763
760	764
760	1138
760	1736
760	1932
761	762
761	763
761	764
761	765
761	1555
762	767
762	1042
762	1132
762	1329
762	1661
763	764
763	765
763	766
763	767
763	768
764	765
764	767
764	769
764	831
764	1557
765	767
765	770
765	1197
765	1203
765	1496
765	1924
766	767
766	770
766	771
766	1452
766	1486
766	1583
767	769
767	770
767	771
767	772
767	1570
767	1731
768	769
768	1094
768	1634
768	1637
768	1738
769	770
769	772
769	988
769	1716
769	1905
770	771
770	773
770	774
770	775
770	1205
771	772
771	773
771	776
771	1213
771	1318
771	1327
771	1744
771	1782
771	1951
772	773
772	774
772	775
772	777
772	1103
772	1153
773	775
773	777
773	778
773	1106
773	1655
773	1694
774	776
774	778
774	1169
775	776
775	777
775	778
775	779
775	780
776	778
776	779
776	781
776	896
776	1223
777	778
777	779
777	780
777	782
777	1469
778	779
778	780
778	781
778	782
778	783
778	948
779	781
779	782
779	783
779	784
779	1267
779	1946
780	781
780	783
780	784
780	785
780	1596
781	782
781	783
781	785
781	976
781	1679
782	783
782	784
782	785
782	786
782	787
782	1791
783	786
783	788
783	869
783	1558
783	1597
783	1672
784	786
784	787
784	788
784	1103
784	1413
785	787
785	788
785	789
785	804
785	885
785	979
785	1443
785	1863
785	1961
786	787
786	790
786	791
786	1087
786	1713
787	788
787	790
787	792
787	1897
787	1994
788	789
788	790
788	792
788	793
788	1023
789	790
789	791
789	1352
789	1870
789	1905
790	793
790	795
790	838
790	1083
790	1360
790	1968
791	1209
791	1256
791	1879
791	1903
792	793
792	794
792	795
792	796
792	797
792	1049
792	1818
793	794
793	795
793	796
793	798
793	969
793	999
793	1565
793	1797
794	795
794	796
794	1109
794	1166
795	796
795	797
795	798
795	799
795	800
796	797
796	800
796	801
796	1247
796	1403
797	799
797	800
797	801
797	802
797	940
797	1863
798	800
798	802
798	803
798	1004
798	1151
798	1823
798	1959
799	802
799	803
799	1528
799	1581
799	1760
799	1876
799	1878
800	802
800	805
800	920
800	1322
800	1686
800	1930
801	802
801	803
801	805
802	803
802	804
802	805
802	806
802	807
802	1047
803	805
803	808
803	1150
803	1685
804	805
804	806
804	807
804	808
805	806
805	808
805	809
805	829
805	1157
805	1651
805	1888
806	810
806	811
806	885
806	1361
806	1439
807	809
807	811
807	980
807	1519
807	1618
808	811
808	812
808	955
808	1531
808	1605
808	1822
809	810
809	811
809	813
809	1185
809	1325
809	1828
809	1918
810	811
810	812
810	815
810	1124
810	1922
811	812
811	813
811	833
811	858
811	914
811	1019
811	1910
812	813
812	814
812	815
812	817
812	1654
812	1988
813	814
813	817
813	818
813	1248
813	1602
814	817
814	818
814	1118
814	1541
814	1620
815	816
815	845
815	938
815	1075
815	1680
815	1853
816	817
816	820
816	1171
817	821
817	822
817	1077
817	1236
817	1525
818	819
818	820
818	821
818	823
819	820
819	824
819	1025
819	1701
820	821
820	825
820	882
820	1470
820	1854
821	823
821	890
821	1224
821	1247
821	1611
822	824
822	826
822	827
822	1126
822	1926
823	824
823	826
823	827
823	828
823	1376
823	1759
824	825
824	826
824	828
824	829
824	1207
824	1328
825	826
825	827
825	828
825	829
826	827
826	828
826	829
826	830
826	831
827	829
827	832
827	1466
827	1959
828	830
828	833
828	898
828	1315
828	1364
828	1497
828	1981
829	831
829	833
829	1003
829	1263
829	1344
830	834
830	835
830	957
830	981
830	1905
831	832
831	833
831	835
831	836
831	1472
832	833
832	835
832	836
832	837
832	979
833	834
833	835
833	837
833	838
833	1343
833	1428
834	836
834	838
834	839
834	1215
834	1325
835	1739
835	1807
836	838
836	839
836	840
836	954
836	1523
837	838
837	839
837	840
837	841
837	1843
838	902
838	1433
838	1755
838	1882
838	1883
839	840
839	841
839	842
839	844
840	841
840	843
840	844
840	845
840	1821
841	844
841	941
841	1146
841	1275
842	844
842	846
842	1153
842	1229
843	844
843	846
843	847
843	848
843	1067
843	1253
844	846
844	847
844	848
844	1013
844	1221
844	1295
844	1331
844	1755
845	847
845	848
845	849
845	850
845	908
845	1777
846	848
846	849
846	850
846	851
846	861
846	1149
846	1515
847	848
847	849
847	850
848	850
848	865
848	1045
848	1159
848	1192
848	1924
849	850
849	852
849	1673
849	1738
850	851
850	852
850	855
850	1212
850	1370
850	1538
850	1698
850	1798
851	852
851	853
851	855
851	1502
852	856
852	940
852	1232
852	1868
852	1952
853	854
853	856
853	857
853	858
853	1723
854	855
854	856
854	857
854	858
854	1357
854	1407
855	856
855	1157
855	1610
856	857
856	858
856	860
856	861
856	1962
857	860
857	861
857	862
858	859
858	862
858	1085
858	1169
858	1330
858	1474
859	860
859	861
859	863
859	1107
859	1475
859	1732
860	863
860	864
860	1189
860	1266
860	1283
860	1991
861	862
861	863
861	864
861	866
861	966
861	1148
861	1377
861	1699
861	1710
862	864
862	865
862	867
862	930
862	997
862	1155
863	864
863	866
863	867
863	868
863	1154
863	1266
864	866
864	868
864	1356
864	1406
864	1431
864	1546
864	1789
865	866
865	867
865	869
865	872
865	1260
865	1554
865	1616
865	1638
866	867
866	868
866	870
866	871
866	1773
867	868
867	869
867	870
867	872
867	1317
867	1657
868	869
868	870
868	871
868	872
868	873
869	870
869	871
869	872
869	1177
869	1631
869	1636
870	871
870	1343
870	1789
871	872
871	874
871	876
871	1640
871	1973
871	2000
872	875
872	876
872	1001
872	1598
873	877
873	878
873	1385
873	1597
873	1974
874	875
874	876
874	878
874	879
874	893
874	985
875	876
875	1191
875	1740
876	877
876	880
876	1034
876	1248
876	1322
877	879
877	880
877	1231
877	1482
878	879
878	880
878	881
878	883
879	880
879	881
879	882
879	888
879	1086
879	1298
879	1465
879	1763
880	881
880	882
880	883
880	884
880	1405
880	1579
881	882
881	883
881	884
881	886
881	1247
881	1650
882	883
882	884
882	885
882	1732
883	884
883	885
883	887
883	888
883	1160
884	887
884	888
884	889
884	899
884	998
884	1296
884	1404
884	1823
884	1840
884	1996
885	886
885	889
885	988
885	1202
886	887
886	890
886	891
886	1324
886	1848
887	889
887	891
887	892
887	1623
888	889
888	890
888	891
888	1112
888	1637
888	1682
888	1826
889	890
889	893
889	894
889	1558
889	1722
889	1747
889	1915
890	891
890	892
890	894
890	1054
890	1353
891	892
891	894
891	896
891	1419
891	1606
891	1642
892	897
892	1005
892	1045
892	1079
892	1844
892	1991
893	894
893	896
893	898
894	895
894	897
894	899
894	1546
895	897
895	898
895	900
895	1314
895	1484
896	897
896	898
896	899
896	901
896	1332
896	1526
896	1964
897	1146
897	1540
898	900
898	901
898	902
898	903
899	900
899	901
899	1180
899	1223
900	902
900	903
900	904
900	905
900	1261
900	1266
900	1432
900	1529
900	1963
901	902
901	904
901	905
901	1165
901	1531
901	1908
901	1981
902	905
902	906
902	907
902	1539
903	904
903	906
903	908
903	959
903	1804
904	905
904	907
904	909
904	923
904	1711
905	909
905	1385
905	1521
905	1713
906	907
906	908
906	910
906	911
906	1006
906	1201
906	1473
906	1929
907	908
907	912
907	1218
907	1774
907	1862
908	909
908	910
908	911
908	912
908	913
909	911
909	912
909	1173
909	1540
910	911
910	912
910	913
910	914
910	915
910	1312
910	1623
911	913
911	914
911	916
911	1125
911	1189
911	1611
912	914
912	915
912	916
912	1549
912	1937
913	914
913	917
913	918
913	984
913	1089
913	1199
914	918
914	1029
914	1232
914	1800
915	916
915	917
915	918
915	919
915	1279
916	917
916	920
916	921
916	1001
916	1233
916	1739
917	922
917	1537
917	1843
918	920
918	921
918	923
918	1511
918	1913
919	920
919	921
919	924
919	1260
920	921
920	1047
920	1639
920	1744
921	923
921	924
921	925
921	926
921	1739
922	923
922	924
922	926
922	1076
922	1212
922	1296
922	1521
923	924
923	925
923	927
923	928
923	1997
924	925
924	1079
924	1670
925	927
925	928
925	930
926	929
926	931
926	1732
926	1733
927	929
927	930
927	931
927	932
927	1055
927	1130
927	1236
927	1494
928	930
928	931
928	933
928	1791
929	930
929	931
929	932
929	934
929	1397
930	931
930	932
930	935
930	1216
931	934
931	936
931	1086
931	1684
931	1779
932	934
932	936
932	937
932	1454
932	1770
932	1961
933	935
933	937
933	938
933	1204
934	935
934	938
934	1433
934	1795
934	1907
935	938
935	940
935	1172
935	1349
935	1504
935	1574
935	1645
935	1867
936	937
936	938
936	939
936	940
936	941
937	938
937	941
937	942
937	1499
937	1641
937	1841
937	1971
938	940
938	942
938	943
938	1081
938	1172
938	1546
939	942
939	944
939	1181
939	1318
940	942
940	945
940	1186
941	944
941	945
941	946
941	1540
941	1962
942	943
942	944
942	947
942	1536
942	1724
942	1895
943	947
943	948
943	1167
943	1225
943	1561
943	1660
943	1694
943	1851
944	945
944	947
944	949
944	1416
944	1992
945	946
945	947
945	950
945	1002
945	1651
945	1819
946	947
946	948
946	949
946	951
946	1632
947	949
947	950
947	951
947	1169
947	1245
947	1663
948	950
948	951
948	1098
948	1719
949	950
949	951
949	954
949	1343
950	951
950	952
950	953
950	954
950	955
950	1755
951	952
951	956
951	987
951	1706
952	953
952	954
952	955
952	956
952	957
952	1022
952	1877
953	954
953	955
953	957
953	958
953	1097
953	1492
953	1583
953	1641
953	1710
954	955
954	956
954	957
954	958
954	959
955	956
955	957
955	1501
955	1514
955	1759
956	957
956	959
956	960
956	961
957	958
957	959
957	960
957	961
957	962
958	960
958	961
958	962
958	1147
958	1781
958	1827
959	960
959	961
959	964
960	962
960	963
960	1429
960	1818
960	1889
961	962
961	1178
961	1314
961	1446
962	963
962	965
962	966
962	967
962	1160
963	964
963	965
963	966
963	968
963	1468
964	965
964	966
964	968
964	1776
965	966
965	968
965	969
965	970
965	1039
966	969
966	970
966	971
967	968
967	970
967	1019
967	1321
967	1384
967	1603
967	1624
968	970
968	1107
968	1120
968	1399
969	970
969	973
969	1608
969	1824
970	971
970	972
970	973
970	974
971	973
971	974
971	975
971	976
971	1176
971	1894
972	974
972	975
972	977
972	1215
972	1604
973	975
973	976
973	977
973	978
973	1411
974	975
974	977
974	978
974	979
974	1426
975	979
975	1035
976	978
976	980
976	981
976	1879
977	978
977	979
977	981
977	982
977	1073
977	1176
977	1246
977	1530
977	1879
978	979
978	981
978	982
978	1132
978	1754
978	1892
978	1993
979	1021
979	1763
980	981
980	983
980	984
980	985
981	983
981	1324
981	1852
982	983
982	985
982	987
982	1823
983	984
983	985
983	986
983	987
983	988
983	1221
984	986
984	987
985	986
985	987
985	990
985	1246
985	1642
986	987
986	988
986	990
986	991
986	1535
986	1688
986	1724
986	1934
987	989
987	1234
987	1346
988	989
988	991
988	993
988	1694
988	1887
988	1905
989	994
989	1353
989	1482
989	1590
990	991
990	993
990	995
990	1034
991	992
991	994
991	995
991	996
992	993
992	994
992	996
992	997
992	1276
992	1570
993	994
993	995
993	997
993	998
993	1135
993	1627
994	995
994	996
994	997
994	999
994	1855
995	996
995	998
995	1000
995	1715
996	999
996	1000
996	1001
996	1208
996	1856
997	998
997	999
997	1000
997	1489
998	1003
998	1609
999	1001
999	1002
999	1236
1000	1001
1000	1003
1000	1005
1000	1514
1000	1834
1001	1002
1001	1003
1001	1004
1001	1005
1001	1006
1001	1666
1001	1964
1002	1003
1002	1004
1002	1006
1002	1007
1002	1767
1003	1005
1003	1007
1003	1008
1003	1151
1003	1557
1003	1584
1004	1005
1004	1006
1004	1008
1004	1009
1004	1180
1004	1254
1005	1007
1005	1008
1005	1009
1006	1009
1006	1011
1006	1998
1007	1009
1007	1010
1007	1012
1008	1009
1008	1011
1008	1012
1008	1202
1008	1369
1009	1010
1009	1013
1009	1014
1010	1013
1010	1014
1010	1015
1010	1680
1011	1013
1011	1014
1011	1015
1012	1013
1012	1014
1012	1015
1012	1017
1013	1014
1013	1015
1013	1017
1013	1049
1013	1788
1014	1015
1014	1018
1014	1019
1014	1802
1015	1017
1015	1019
1015	1542
1016	1017
1016	1018
1016	1019
1016	1020
1016	1336
1016	1554
1017	1019
1017	1020
1017	1640
1017	1890
1018	1019
1018	1020
1018	1021
1018	1023
1018	1660
1018	1833
1019	1022
1019	1576
1020	1021
1020	1023
1020	1059
1021	1022
1021	1023
1021	1025
1021	1096
1021	1167
1021	1176
1022	1023
1022	1024
1022	1025
1022	1362
1023	1025
1023	1027
1024	1025
1024	1026
1024	1027
1024	1028
1025	1026
1025	1027
1025	1028
1025	1029
1025	1030
1025	1121
1025	1526
1026	1027
1026	1028
1026	1029
1026	1196
1026	1828
1026	1994
1027	1029
1027	1030
1027	1031
1027	1032
1028	1031
1028	1033
1028	1255
1028	1564
1029	1031
1029	1032
1029	1643
1029	1955
1030	1031
1030	1033
1030	1035
1030	1047
1030	1436
1031	1033
1031	1034
1031	1035
1031	1036
1031	1069
1032	1033
1032	1035
1032	1569
1032	1689
1032	1976
1033	1034
1033	1036
1033	1037
1034	1035
1034	1036
1034	1037
1034	1038
1034	1340
1034	1557
1035	1036
1035	1037
1035	1040
1035	1380
1035	1998
1036	1038
1036	1039
1036	1040
1036	1041
1036	1274
1037	1038
1037	1042
1037	1126
1037	1180
1037	1235
1037	1668
1037	1846
1038	1039
1038	1042
1038	1160
1038	1248
1038	1435
1039	1042
1039	1043
1039	1044
1039	1127
1039	1820
1039	1965
1040	1042
1040	1043
1040	1044
1040	1045
1041	1042
1041	1043
1041	1045
1041	1374
1041	1998
1042	1043
1042	1046
1042	1047
1042	1239
1042	1444
1042	1580
1043	1044
1043	1045
1043	1046
1043	1048
1043	1452
1043	1480
1043	1600
1043	1884
1044	1045
1044	1046
1044	1048
1044	1049
1044	1890
1045	1046
1045	1047
1045	1049
1045	1050
1045	1541
1045	1752
1046	1047
1046	1048
1046	1049
1046	1345
1046	1384
1046	1764
1047	1048
1047	1049
1047	1051
1047	1052
1047	1797
1048	1049
1048	1050
1048	1051
1048	1052
1048	1124
1048	1209
1048	1528
1048	1836
1048	1893
1049	1051
1049	1053
1049	1054
1049	1444
1050	1051
1050	1052
1050	1053
1050	1054
1050	1055
1050	1531
1051	1052
1051	1055
1051	1056
1051	1207
1051	1460
1052	1053
1052	1055
1052	1175
1052	1212
1052	1222
1052	1880
1053	1054
1053	1055
1053	1056
1053	1168
1053	1319
1053	1840
1054	1055
1054	1056
1054	1057
1054	1058
1055	1124
1056	1057
1056	1058
1056	1059
1056	1060
1056	1061
1056	1433
1057	1059
1057	1060
1057	1061
1057	1062
1057	1228
1057	1746
1058	1059
1058	1060
1058	1061
1058	1062
1059	1061
1059	1062
1059	1063
1059	1064
1059	1978
1060	1061
1060	1062
1060	1063
1060	1065
1060	1231
1060	1351
1061	1062
1061	1063
1061	1064
1061	1065
1061	1066
1061	1885
1061	1945
1062	1063
1062	1064
1062	1066
1062	1067
1062	1526
1062	1919
1063	1065
1063	1068
1063	1143
1063	1445
1063	1711
1063	1850
1064	1067
1064	1294
1064	1344
1064	1535
1064	1685
1065	1066
1065	1067
1065	1068
1065	1070
1065	1374
1066	1067
1066	1068
1066	1069
1066	1071
1067	1068
1067	1069
1067	1071
1067	1072
1068	1071
1068	1192
1068	1197
1068	1413
1068	1558
1068	1783
1069	1070
1069	1073
1069	1074
1070	1073
1070	1075
1070	1700
1071	1072
1071	1073
1071	1074
1071	1075
1071	1076
1071	1265
1071	1429
1072	1073
1072	1074
1072	1075
1072	1076
1072	1275
1073	1076
1073	1077
1073	1601
1074	1075
1074	1076
1074	1077
1074	1079
1074	1219
1074	1263
1074	1511
1075	1076
1075	1079
1075	1522
1075	1888
1076	1081
1076	1105
1076	1443
1076	1655
1077	1078
1077	1080
1077	1081
1077	1324
1077	1473
1077	1602
1078	1079
1078	1080
1078	1081
1078	1082
1078	1083
1078	1940
1079	1080
1079	1082
1079	1083
1079	1084
1079	1438
1079	1701
1080	1081
1080	1082
1080	1084
1080	1085
1080	1582
1081	1083
1081	1086
1081	1135
1081	1165
1081	1530
1081	1696
1082	1083
1082	1085
1082	1086
1082	1485
1083	1084
1083	1085
1083	1086
1083	1087
1083	1088
1084	1086
1084	1088
1084	1217
1084	1521
1085	1088
1085	1089
1085	1497
1085	1784
1086	1088
1086	1089
1086	1090
1086	1377
1087	1089
1087	1091
1087	1791
1088	1089
1088	1090
1088	1092
1088	1355
1089	1092
1089	1093
1089	1094
1089	1494
1089	1515
1089	1571
1089	1676
1090	1091
1090	1092
1090	1093
1090	1094
1090	1095
1091	1092
1091	1211
1091	1349
1091	1595
1092	1093
1092	1094
1092	1095
1092	1096
1092	1097
1092	1506
1093	1095
1093	1096
1093	1098
1093	1722
1093	1767
1094	1098
1094	1594
1094	1831
1094	1873
1095	1096
1095	1097
1095	1098
1095	1099
1095	1962
1096	1100
1096	1151
1096	1274
1096	1412
1096	1661
1097	1100
1097	1102
1097	1210
1097	1530
1098	1099
1098	1102
1098	1103
1098	1652
1098	1986
1099	1101
1099	1102
1099	1103
1099	1104
1099	1152
1099	1321
1099	1844
1100	1101
1100	1102
1100	1103
1100	1105
1100	1250
1100	1409
1100	1651
1100	1970
1101	1102
1101	1104
1101	1106
1101	1158
1102	1103
1102	1104
1102	1105
1102	1106
1102	1107
1103	1104
1103	1108
1103	1192
1103	1226
1103	1480
1103	1740
1103	1876
1104	1105
1104	1106
1104	1107
1104	1108
1104	1109
1105	1106
1105	1107
1105	1108
1105	1109
1105	1110
1105	1719
1106	1107
1106	1108
1106	1109
1106	1110
1106	1538
1107	1108
1107	1110
1107	1112
1107	1692
1107	1887
1108	1109
1108	1110
1108	1111
1108	1229
1108	1421
1108	1513
1108	1840
1109	1110
1109	1111
1109	1112
1109	1113
1109	1114
1110	1111
1110	1112
1110	1113
1110	1746
1111	1113
1111	1114
1111	1115
1111	1186
1111	1815
1112	1114
1112	1115
1112	1117
1113	1114
1113	1115
1113	1116
1113	1118
1113	1137
1114	1115
1114	1116
1114	1117
1114	1118
1114	1119
1115	1116
1115	1117
1115	1118
1115	1119
1115	1120
1116	1118
1116	1119
1116	1121
1116	1337
1116	1957
1117	1120
1117	1121
1117	1122
1117	1344
1117	1440
1117	1796
1118	1119
1118	1122
1118	1123
1118	1325
1118	1840
1118	1965
1119	1123
1119	1124
1119	1836
1120	1121
1120	1122
1120	1124
1120	1125
1120	1911
1121	1124
1121	1126
1121	1137
1121	1601
1122	1123
1122	1124
1122	1125
1122	1127
1122	1396
1122	1674
1122	1832
1123	1124
1123	1125
1123	1126
1123	1571
1123	1670
1124	1126
1124	1127
1125	1127
1125	1129
1126	1127
1126	1129
1126	1374
1127	1129
1127	1130
1127	1131
1127	1132
1127	1427
1128	1131
1128	1132
1128	1133
1128	1299
1128	1488
1128	1831
1129	1130
1129	1131
1129	1132
1129	1133
1129	1134
1129	1417
1129	1736
1130	1131
1130	1133
1130	1134
1130	1752
1131	1132
1131	1134
1131	1136
1131	1491
1131	1853
1131	1983
1132	1136
1132	1137
1133	1135
1133	1136
1133	1137
1133	1138
1133	2000
1134	1135
1134	1136
1134	1138
1134	1217
1134	1680
1135	1138
1135	1140
1135	1366
1135	1612
1136	1138
1136	1139
1136	1141
1136	1173
1136	1289
1136	1697
1136	1730
1137	1140
1137	1142
1137	1628
1137	1655
1138	1139
1138	1140
1138	1143
1138	1733
1139	1140
1139	1141
1139	1149
1139	1227
1139	1293
1139	1977
1140	1142
1140	1143
1140	1325
1140	1682
1141	1143
1141	1144
1141	1146
1141	1688
1142	1143
1142	1145
1142	1146
1142	1159
1142	1440
1142	1479
1142	1772
1142	1870
1143	1145
1143	1146
1143	1147
1143	1843
1143	1881
1144	1145
1144	1146
1144	1147
1144	1148
1144	1149
1145	1146
1145	1147
1145	1148
1145	1150
1146	1151
1146	1259
1146	1294
1147	1148
1147	1149
1147	1151
1147	1152
1148	1149
1148	1152
1149	1152
1149	1509
1150	1416
1150	1565
1150	1639
1150	1777
1151	1152
1151	1154
1151	1264
1151	1916
1152	1153
1152	1154
1152	1437
1152	1758
1153	1155
1153	1157
1154	1156
1154	1157
1154	1158
1154	1436
1154	1968
1155	1157
1155	1158
1155	1159
1155	1160
1155	1358
1156	1157
1156	1158
1156	1160
1156	1161
1156	1215
1157	1158
1157	1159
1157	1160
1157	1161
1157	1162
1157	1477
1157	1624
1158	1160
1158	1161
1158	1745
1158	1761
1159	1162
1159	1164
1159	1717
1160	1162
1160	1163
1160	1164
1160	1896
1161	1162
1161	1268
1161	1600
1161	1714
1161	1739
1161	1851
1162	1163
1162	1164
1162	1165
1162	1166
1162	1167
1162	1523
1163	1164
1163	1165
1163	1166
1163	1168
1163	1256
1163	1998
1164	1614
1165	1167
1165	1168
1165	1386
1165	1410
1165	1903
1166	1167
1166	1168
1166	1169
1166	1171
1167	1170
1167	1172
1167	1210
1168	1169
1168	1172
1168	1173
1168	1957
1169	1171
1169	1398
1169	1416
1169	1654
1169	1713
1170	1171
1170	1173
1170	1175
1170	1537
1170	1689
1170	1728
1171	1172
1171	1175
1171	1489
1171	1861
1172	1174
1172	1175
1172	1176
1172	1177
1173	1175
1173	1176
1173	1296
1173	1811
1174	1177
1174	1178
1174	1270
1174	1413
1174	1558
1175	1176
1175	1178
1175	1179
1175	1180
1175	1390
1176	1180
1176	1181
1176	1362
1177	1179
1177	1260
1177	1475
1177	1642
1177	1990
1178	1180
1178	1181
1178	1182
1178	1183
1178	1247
1178	1298
1178	1367
1178	1921
1179	1183
1179	1367
1179	1540
1179	1676
1180	1181
1180	1183
1180	1185
1180	1704
1180	1919
1181	1182
1181	1183
1181	1184
1181	1185
1181	1186
1181	1380
1182	1183
1182	1184
1182	1186
1182	1187
1182	1220
1183	1184
1183	1187
1183	1188
1183	1623
1184	1185
1184	1186
1185	1187
1185	1189
1185	1190
1185	1733
1186	1190
1186	1791
1186	1797
1186	1893
1186	1952
1187	1188
1187	1189
1187	1190
1187	1191
1187	1192
1187	1680
1188	1189
1188	1191
1188	1192
1188	1193
1188	1416
1188	1607
1188	1741
1189	1191
1189	1192
1189	1194
1189	1359
1189	1948
1190	1191
1190	1192
1190	1193
1190	1194
1190	1195
1191	1192
1191	1193
1191	1195
1191	1196
1191	1229
1191	1371
1192	1194
1192	1197
1192	1792
1192	1975
1193	1196
1193	1197
1193	1198
1193	1628
1193	1861
1194	1195
1194	1196
1194	1197
1194	1198
1194	1199
1194	1945
1195	1196
1195	1199
1195	1344
1195	1680
1195	1884
1196	1198
1196	1199
1196	1200
1196	1201
1196	1312
1197	1198
1197	1200
1197	1201
1197	1202
1197	1350
1198	1199
1198	1200
1198	1202
1198	1203
1198	1425
1198	1449
1198	1598
1198	1638
1199	1201
1199	1203
1199	1204
1199	1246
1199	1460
1199	1993
1200	1201
1200	1202
1200	1205
1200	1672
1201	1202
1201	1203
1201	1204
1201	1205
1201	1206
1201	1996
1202	1203
1202	1204
1202	1396
1203	1204
1203	1205
1203	1206
1203	1207
1203	1695
1204	1205
1204	1207
1204	1208
1204	1209
1204	1723
1205	1207
1205	1208
1205	1209
1205	1296
1205	1467
1205	1626
1206	1207
1206	1208
1206	1209
1206	1211
1206	1215
1206	1783
1207	1208
1207	1209
1207	1243
1207	1758
1207	1801
1208	1210
1208	1211
1208	1213
1208	1468
1208	1835
1208	1932
1209	1210
1209	1213
1209	1214
1209	1361
1210	1211
1210	1212
1210	1213
1210	1215
1211	1212
1211	1216
1212	1216
1212	1217
1212	1801
1213	1214
1213	1215
1213	1216
1213	1218
1213	1783
1213	1790
1214	1215
1214	1216
1214	1218
1214	1778
1214	1850
1215	1216
1215	1217
1215	1218
1215	1219
1216	1218
1216	1510
1216	1841
1217	1218
1217	1220
1217	1221
1217	1345
1217	1506
1217	1653
1218	1222
1218	1223
1218	1500
1219	1221
1219	1222
1219	1224
1220	1221
1220	1222
1220	1263
1220	1264
1220	1445
1221	1460
1221	1573
1221	1919
1222	1370
1222	1435
1222	1593
1223	1224
1223	1226
1223	1227
1223	1437
1223	1527
1223	1640
1224	1225
1224	1226
1224	1227
1224	1229
1224	1344
1224	1548
1225	1226
1225	1228
1225	1473
1226	1228
1226	1229
1226	1231
1226	1294
1227	1228
1227	1229
1227	1230
1227	1231
1227	1684
1228	1229
1228	1230
1228	1231
1228	1232
1228	1274
1228	1786
1229	1230
1229	1231
1229	1438
1229	1582
1229	1665
1229	1950
1230	1231
1230	1232
1230	1233
1230	1234
1230	1235
1230	1980
1231	1236
1231	1593
1231	1779
1232	1233
1232	1235
1232	1236
1232	1713
1232	1718
1233	1235
1233	1236
1233	1237
1233	1238
1233	1421
1233	1732
1233	1899
1234	1235
1234	1236
1234	1237
1234	1238
1234	1239
1234	1295
1234	1303
1235	1236
1235	1237
1235	1238
1236	1238
1236	1240
1236	1687
1237	1238
1237	1239
1237	1241
1237	1441
1238	1239
1238	1242
1238	1398
1238	1538
1239	1243
1239	1244
1239	1498
1240	1241
1240	1244
1240	1431
1240	1481
1240	1687
1240	1961
1241	1244
1241	1246
1241	1260
1241	1471
1241	1608
1241	1756
1242	1244
1242	1246
1242	1247
1242	1491
1242	1759
1243	1244
1243	1247
1243	1248
1243	1377
1243	1804
1244	1245
1244	1246
1244	1247
1244	1249
1244	1535
1244	1866
1244	1887
1245	1249
1245	1250
1245	1530
1245	1556
1245	1707
1245	1732
1246	1247
1246	1250
1246	1251
1246	1323
1246	1765
1247	1251
1247	1286
1247	1487
1248	1249
1248	1250
1248	1252
1249	1250
1249	1251
1249	1252
1249	1253
1249	1254
1249	1846
1250	1251
1250	1252
1250	1851
1251	1253
1251	1256
1251	1769
1252	1253
1252	1254
1252	1255
1252	1665
1252	1807
1253	1254
1253	1257
1253	1494
1253	1543
1253	1900
1254	1255
1254	1258
1254	1259
1254	1438
1254	1450
1254	1745
1255	1257
1255	1259
1255	1463
1255	1918
1256	1257
1256	1259
1256	1260
1256	1753
1256	1984
1257	1258
1257	1261
1257	1262
1257	1447
1257	1643
1258	1261
1258	1262
1258	1263
1259	1262
1259	1264
1259	1574
1260	1263
1260	1264
1260	1898
1261	1262
1261	1266
1261	1285
1261	1577
1261	1776
1262	1265
1262	1266
1262	1515
1262	1549
1262	1869
1262	1992
1263	1267
1263	1268
1263	1285
1263	1853
1264	1265
1264	1267
1265	1267
1265	1297
1265	1860
1266	1267
1267	1268
1267	1269
1267	1270
1267	1271
1267	1303
1268	1269
1268	1270
1268	1271
1268	1684
1268	1793
1269	1272
1269	1273
1269	1274
1269	1740
1270	1271
1270	1272
1270	1273
1270	1274
1270	1275
1270	1670
1270	1935
1271	1273
1271	1274
1271	1275
1272	1273
1272	1274
1272	1275
1272	1276
1273	1275
1273	1276
1273	1278
1273	1426
1273	1542
1273	1734
1274	1275
1274	1276
1274	1277
1274	1279
1274	1879
1275	1277
1275	1278
1275	1280
1276	1278
1276	1280
1276	1281
1276	1383
1276	1615
1276	1632
1276	1972
1277	1278
1277	1279
1277	1282
1277	1516
1277	1736
1278	1279
1278	1280
1278	1282
1278	1283
1278	1414
1279	1282
1279	1283
1279	1284
1279	1513
1280	1281
1280	1283
1280	1285
1280	1334
1280	1657
1280	1837
1281	1284
1281	1285
1281	1542
1281	1606
1281	1691
1281	1781
1281	1846
1282	1283
1282	1285
1282	1286
1282	1569
1283	1284
1283	1285
1283	1286
1283	1288
1284	1285
1284	1286
1284	1436
1284	1749
1284	1899
1285	1287
1285	1289
1285	1290
1285	1540
1286	1287
1286	1289
1286	1290
1287	1288
1287	1289
1287	1290
1287	1291
1287	1292
1288	1289
1288	1291
1288	1293
1288	1608
1289	1292
1289	1293
1289	1669
1290	1292
1290	1293
1290	1295
1290	1500
1291	1292
1291	1293
1291	1294
1291	1295
1291	1296
1292	1293
1292	1294
1292	1295
1292	1401
1292	1934
1293	1295
1293	1296
1293	1297
1293	1620
1293	1904
1294	1295
1294	1296
1294	1297
1294	1298
1294	1500
1295	1296
1295	1298
1295	1300
1296	1298
1296	1301
1297	1299
1297	1300
1297	1370
1297	1658
1297	1805
1297	1868
1298	1301
1298	1302
1298	1464
1298	1763
1298	1837
1299	1301
1299	1302
1299	1303
1299	1304
1299	1318
1300	1302
1300	1303
1300	1304
1300	1305
1300	1629
1301	1303
1301	1304
1301	1305
1301	1306
1301	1550
1302	1303
1302	1307
1302	1663
1303	1305
1303	1306
1303	1307
1303	1308
1303	1793
1304	1305
1304	1308
1304	1408
1304	1647
1304	1833
1304	1967
1305	1306
1305	1307
1305	1308
1305	1310
1306	1307
1306	1308
1306	1309
1306	1310
1306	1311
1307	1308
1307	1311
1307	1312
1307	1401
1307	1964
1308	1309
1308	1310
1308	1312
1308	1313
1309	1310
1309	1313
1309	1555
1309	1773
1310	1311
1310	1314
1310	1458
1310	1528
1310	1896
1311	1312
1311	1315
1311	1316
1311	1820
1312	1317
1312	1838
1312	1940
1313	1315
1313	1316
1313	1317
1313	1318
1313	1919
1314	1315
1314	1317
1314	1318
1314	1428
1314	1437
1314	1543
1315	1316
1315	1317
1315	1318
1315	1319
1315	1320
1315	1939
1316	1317
1316	1318
1316	1319
1316	1320
1316	1321
1317	1318
1317	1319
1317	1321
1317	1322
1318	1320
1318	1321
1318	1398
1319	1322
1319	1323
1319	1324
1319	1471
1319	1970
1320	1321
1320	1323
1320	1324
1320	1325
1320	1638
1320	1939
1321	1322
1321	1323
1321	1324
1321	1325
1322	1325
1322	1650
1322	1780
1323	1324
1323	1325
1323	1708
1324	1325
1324	1326
1324	1327
1324	1329
1324	1390
1324	1398
1324	1514
1325	1328
1326	1328
1326	1329
1326	1331
1326	1461
1327	1329
1327	1330
1327	1331
1328	1330
1328	1331
1328	1332
1328	1777
1328	1956
1329	1330
1329	1331
1329	1334
1329	1935
1330	1331
1330	1332
1330	1333
1330	1334
1330	1335
1331	1333
1331	1334
1331	1765
1332	1333
1332	1334
1332	1335
1332	1429
1332	1580
1332	1945
1333	1335
1333	1338
1333	1493
1333	1788
1334	1337
1334	1338
1334	1339
1334	1708
1334	1952
1335	1336
1335	1337
1335	1338
1335	1339
1335	1340
1336	1338
1336	1339
1336	1340
1336	1341
1337	1338
1337	1339
1337	1340
1337	1341
1337	1509
1338	1342
1338	1389
1338	1438
1339	1340
1339	1341
1339	1342
1339	1343
1339	1344
1340	1342
1340	1343
1340	1344
1340	1598
1341	1342
1341	1343
1341	1344
1341	1345
1341	1346
1342	1343
1342	1344
1342	1345
1342	1778
1343	1344
1343	1578
1343	1928
1344	1346
1344	1348
1344	1379
1344	1844
1344	1853
1345	1348
1345	1349
1345	1350
1345	1719
1346	1348
1346	1349
1346	1350
1346	1351
1347	1348
1347	1351
1347	1352
1347	1430
1347	1983
1348	1349
1348	1352
1348	1671
1348	1716
1348	1820
1349	1350
1349	1352
1349	1353
1349	1354
1349	1418
1349	1845
1349	1937
1350	1351
1350	1352
1350	1353
1350	1904
1351	1352
1351	1641
1351	1800
1352	1353
1352	1355
1352	1357
1352	1612
1352	1850
1353	1355
1353	1358
1354	1356
1354	1357
1354	1358
1355	1356
1355	1357
1355	1358
1355	1359
1355	1360
1355	1467
1356	1357
1356	1359
1356	1631
1356	1904
1357	1358
1357	1360
1357	1361
1358	1360
1358	1361
1358	1362
1358	1724
1358	1926
1359	1360
1359	1362
1359	1540
1359	1806
1359	1855
1360	1361
1360	1362
1360	1365
1360	1491
1360	1837
1361	1362
1361	1363
1361	1364
1361	1365
1361	1366
1361	1557
1361	1778
1362	1364
1362	1367
1362	1843
1363	1364
1363	1365
1363	1367
1363	1519
1363	1910
1364	1369
1364	1905
1365	1366
1365	1368
1365	1369
1365	1370
1366	1370
1366	1371
1366	1386
1367	1368
1367	1369
1367	1370
1367	1372
1367	1563
1368	1369
1368	1370
1368	1371
1368	1372
1368	1693
1368	1853
1369	1371
1369	1373
1369	1374
1369	1450
1370	1371
1370	1373
1370	1374
1370	1647
1371	1373
1371	1375
1371	1376
1372	1374
1372	1376
1372	1377
1373	1375
1373	1376
1373	1377
1373	1378
1373	1404
1374	1809
1375	1377
1375	1378
1375	1380
1375	1820
1376	1377
1376	1378
1376	1380
1376	1381
1376	1749
1377	1379
1377	1380
1377	1381
1377	1591
1378	1379
1378	1381
1378	1382
1378	1383
1378	1605
1378	1969
1379	1380
1379	1382
1379	1383
1380	1381
1380	1385
1380	1786
1381	1383
1381	1551
1381	1747
1381	1780
1382	1385
1382	1386
1382	1387
1382	1768
1382	1918
1383	1384
1383	1387
1383	1793
1383	1839
1383	1898
1384	1385
1384	1388
1384	1389
1384	1819
1385	1386
1385	1387
1385	1388
1385	1390
1385	1445
1386	1387
1386	1389
1386	1390
1386	1391
1386	1545
1386	1775
1387	1389
1387	1391
1387	1392
1387	1406
1387	1821
1388	1389
1388	1391
1388	1392
1388	1723
1388	1775
1388	1931
1389	1390
1389	1392
1389	1393
1389	1394
1389	1565
1390	1391
1390	1394
1390	1714
1390	1801
1391	1392
1391	1393
1391	1395
1391	1396
1391	1513
1391	1775
1391	1878
1392	1393
1392	1394
1392	1395
1392	1396
1392	1397
1392	1553
1393	1394
1393	1395
1393	1396
1393	1397
1393	1398
1393	1501
1394	1397
1394	1399
1394	1743
1394	1838
1394	1915
1395	1396
1395	1397
1395	1398
1395	1400
1396	1398
1396	1400
1396	1727
1397	1398
1397	1401
1397	1402
1397	1813
1398	1399
1398	1401
1398	1402
1398	1403
1399	1402
1399	1404
1399	1436
1399	1667
1400	1402
1400	1404
1400	1405
1401	1402
1401	1405
1401	1406
1401	1995
1402	1403
1402	1405
1402	1406
1402	1490
1403	1404
1403	1405
1403	1407
1403	1436
1404	1409
1405	1406
1405	1408
1405	1409
1405	1410
1405	1841
1406	1408
1406	1409
1406	1410
1406	1411
1406	1595
1407	1409
1407	1411
1407	1412
1407	1623
1407	1850
1408	1410
1408	1413
1408	1702
1409	1410
1409	1411
1409	1413
1409	1518
1409	1609
1410	1411
1410	1412
1410	1413
1410	1414
1410	1415
1410	1589
1411	1413
1411	1414
1411	1629
1412	1413
1412	1414
1412	1416
1412	1417
1412	1663
1412	1778
1413	1415
1413	1416
1413	1473
1413	1674
1414	1416
1414	1419
1414	1441
1414	1636
1414	1837
1415	1418
1416	1418
1416	1419
1416	1464
1417	1418
1417	1419
1417	1420
1418	1419
1418	1421
1418	1422
1418	1423
1418	1538
1418	1925
1419	1420
1419	1421
1419	1422
1419	1424
1419	1654
1419	1853
1420	1422
1420	1423
1420	1424
1420	1425
1420	1923
1421	1422
1421	1423
1421	1426
1421	1985
1422	1424
1422	1425
1422	1426
1422	1427
1422	1637
1423	1425
1423	1428
1424	1425
1424	1427
1424	1428
1424	1429
1425	1426
1425	1428
1425	1429
1425	1430
1426	1428
1426	1429
1426	1431
1427	1429
1427	1431
1427	1432
1427	1595
1428	1430
1428	1431
1428	1433
1429	1431
1429	1433
1429	1571
1429	1661
1430	1431
1430	1433
1430	1434
1430	1740
1430	1865
1431	1435
1431	1436
1432	1433
1432	1435
1432	1436
1432	1437
1433	1438
1433	1515
1433	1593
1434	1435
1434	1436
1434	1437
1434	1438
1434	1804
1435	1437
1435	1439
1436	1439
1436	1441
1437	1440
1437	1441
1437	1880
1437	1897
1438	1440
1438	1443
1438	1671
1439	1441
1439	1442
1439	1444
1439	1465
1440	1441
1440	1444
1440	1679
1441	1443
1441	1445
1441	1446
1441	1523
1441	1619
1441	1754
1442	1443
1442	1444
1442	1445
1442	1447
1442	1658
1443	1446
1443	1447
1443	1814
1443	1954
1444	1445
1444	1448
1444	1449
1444	1653
1445	1447
1445	1449
1445	1450
1445	1623
1445	1819
1446	1449
1446	1450
1446	1451
1446	1822
1447	1448
1447	1449
1447	1451
1447	1452
1447	1779
1447	1953
1448	1450
1448	1451
1448	1452
1449	1450
1449	1780
1450	1451
1450	1453
1450	1455
1451	1452
1451	1454
1451	1523
1451	1572
1452	1453
1452	1454
1452	1457
1452	1882
1453	1454
1453	1457
1453	1892
1454	1455
1454	1456
1454	1457
1454	1458
1454	1664
1454	1986
1455	1456
1455	1457
1455	1458
1455	1459
1455	1885
1456	1458
1456	1461
1457	1459
1457	1460
1457	1461
1457	1462
1457	1909
1458	1459
1458	1461
1458	1463
1458	1956
1459	1460
1459	1461
1459	1462
1459	1464
1459	1823
1460	1463
1460	1826
1461	1462
1461	1463
1461	1464
1461	1465
1461	1466
1462	1463
1462	1467
1462	1851
1462	1941
1463	1465
1463	1466
1463	1467
1463	1468
1464	1466
1464	1467
1464	1623
1464	1625
1465	1466
1465	1467
1465	1469
1465	1470
1465	1616
1465	1652
1466	1467
1466	1469
1466	1470
1466	1471
1466	1680
1467	1470
1467	1471
1467	1472
1468	1469
1468	1472
1468	1473
1469	1471
1469	1474
1469	1991
1470	1471
1470	1472
1470	1473
1471	1472
1471	1473
1471	1474
1471	1475
1471	1476
1472	1473
1472	1474
1472	1475
1472	1477
1472	1734
1473	1474
1473	1476
1473	1541
1473	1879
1474	1475
1474	1476
1474	1477
1474	1478
1474	1479
1474	1867
1475	1477
1475	1479
1475	1480
1475	1730
1476	1477
1476	1517
1476	1721
1476	1980
1477	1480
1477	1482
1477	1602
1477	1815
1478	1479
1478	1482
1478	1483
1479	1480
1479	1481
1479	1482
1479	1483
1479	1484
1480	1481
1480	1643
1480	1649
1480	1797
1481	1482
1481	1483
1481	1484
1481	1485
1481	1486
1481	1728
1482	1484
1482	1486
1482	1558
1483	1484
1483	1485
1483	1486
1483	1487
1483	1488
1483	1843
1484	1485
1484	1488
1484	1489
1484	1497
1484	1687
1485	1486
1485	1487
1485	1488
1485	1490
1485	1997
1486	1487
1486	1489
1486	1904
1486	1968
1487	1488
1487	1489
1487	1490
1487	1492
1488	1489
1488	1491
1488	1493
1489	1492
1490	1491
1490	1492
1490	1495
1491	1492
1491	1494
1491	1495
1491	1496
1491	1737
1491	1792
1492	1493
1492	1495
1492	1496
1492	1822
1493	1496
1493	1497
1493	1498
1493	1639
1494	1497
1494	1498
1494	1499
1495	1496
1495	1498
1495	1793
1496	1497
1496	1498
1496	1499
1496	1501
1496	1725
1497	1499
1497	1500
1497	1501
1497	1636
1498	1499
1498	1500
1498	1501
1499	1500
1499	1502
1499	1504
1500	1502
1500	1504
1500	1683
1500	1849
1501	1503
1501	1504
1501	1506
1501	1633
1502	1503
1502	1504
1502	1505
1502	1506
1503	1504
1503	1505
1503	1506
1503	1759
1504	1505
1504	1506
1504	1507
1504	1770
1505	1507
1505	1509
1505	1510
1505	1635
1505	1701
1506	1507
1506	1509
1506	1510
1507	1508
1507	1509
1507	1510
1507	1511
1507	1512
1508	1510
1508	1511
1508	1513
1508	1893
1509	1510
1509	1511
1509	1512
1509	1513
1509	1514
1509	1527
1509	1592
1509	1604
1510	1511
1510	1513
1510	1514
1510	1515
1511	1512
1511	1513
1511	1514
1511	1515
1511	1516
1512	1513
1512	1514
1512	1515
1512	1516
1512	1517
1513	1514
1513	1517
1514	1516
1514	1518
1514	1519
1515	1516
1515	1518
1515	1519
1515	1627
1516	1517
1516	1519
1516	1520
1516	1869
1517	1518
1517	1520
1517	1521
1517	1522
1517	1718
1518	1519
1518	1521
1518	1523
1518	1535
1518	1551
1520	1523
1520	1525
1520	1965
1521	1568
1521	1978
1522	1525
1522	1526
1522	1566
1522	1589
1522	1792
1523	1524
1523	1526
1523	1528
1523	1613
1523	1637
1524	1525
1524	1527
1524	1529
1524	1749
1524	1782
1525	1526
1525	1527
1525	1528
1525	1529
1525	1530
1525	1669
1526	1529
1526	1650
1527	1528
1527	1529
1527	1530
1527	1531
1528	1530
1528	1531
1529	1530
1529	1533
1530	1531
1530	1532
1530	1534
1530	1685
1530	1895
1531	1532
1532	1533
1532	1534
1532	1535
1532	1537
1533	1535
1533	1537
1533	1538
1533	1909
1534	1537
1534	1538
1534	1539
1535	1540
1535	1765
1536	1537
1536	1539
1536	1540
1536	1541
1536	1986
1537	1540
1537	1541
1537	1542
1538	1539
1538	1540
1539	1540
1539	1541
1539	1542
1539	1543
1539	1787
1540	1542
1540	1543
1540	1545
1540	1679
1541	1543
1541	1544
1541	1545
1541	1546
1541	1642
1541	1689
1542	1543
1542	1545
1542	1546
1542	1547
1542	1569
1542	1962
1543	1544
1543	1546
1543	1711
1544	1548
1544	1549
1544	1969
1545	1546
1545	1549
1545	1550
1546	1549
1546	1550
1546	1551
1547	1548
1547	1549
1547	1550
1547	1551
1547	1955
1548	1551
1548	1552
1548	1553
1549	1551
1549	1552
1549	1554
1549	1674
1549	1921
1550	1551
1550	1553
1550	1554
1550	1668
1550	1721
1551	1552
1551	1553
1551	1555
1551	1556
1552	1553
1552	1556
1552	1557
1552	1668
1553	1556
1553	1557
1554	1557
1554	1558
1555	1556
1555	1557
1555	1558
1555	1560
1556	1557
1556	1558
1556	1559
1556	1561
1557	1559
1557	1562
1558	1561
1558	1562
1558	1563
1559	1561
1559	1563
1559	1564
1559	1849
1559	1980
1560	1562
1560	1563
1560	1565
1560	1956
1561	1565
1561	1869
1562	1564
1562	1565
1562	1566
1562	1567
1562	1747
1562	1990
1563	1564
1563	1565
1563	1566
1563	1568
1564	1565
1564	1566
1564	1567
1564	1568
1564	1895
1565	1878
1566	1567
1566	1570
1566	1571
1567	1568
1567	1569
1567	1571
1567	1572
1567	1718
1567	1862
1568	1570
1568	1571
1568	1572
1569	1570
1569	1572
1569	1573
1570	1573
1570	1574
1570	1575
1570	1777
1571	1572
1571	1574
1571	1576
1572	1573
1572	1576
1572	1577
1573	1575
1573	1576
1573	1578
1574	1589
1574	1911
1575	1576
1575	1577
1575	1578
1575	1579
1575	1580
1575	1694
1576	1577
1576	1578
1576	1579
1576	1581
1576	1930
1577	1579
1577	1580
1577	1581
1577	1582
1578	1579
1578	1580
1578	1582
1578	1800
1579	1582
1579	1616
1579	1933
1580	1581
1580	1583
1580	1584
1581	1582
1581	1583
1581	1585
1581	1586
1582	1583
1582	1584
1582	1585
1582	1586
1583	1584
1583	1587
1584	1585
1584	1586
1584	1604
1584	1618
1584	1893
1585	1586
1585	1588
1585	1589
1585	1590
1586	1587
1586	1588
1586	1589
1586	1590
1586	1591
1587	1588
1587	1589
1587	1590
1587	1591
1587	1592
1588	1592
1588	1593
1588	1825
1589	1590
1589	1592
1589	1596
1590	1591
1590	1592
1590	1593
1590	1594
1590	1595
1591	1592
1591	1593
1591	1595
1591	1696
1592	1593
1592	1594
1592	1596
1592	1597
1593	1594
1593	1595
1593	1596
1593	1597
1593	1598
1594	1595
1594	1596
1594	1597
1594	1599
1594	1820
1595	1597
1595	1600
1595	1692
1595	1731
1596	1597
1596	1600
1596	1601
1597	1599
1597	1602
1598	1599
1598	1602
1598	1603
1599	1601
1599	1602
1599	1604
1599	1942
1600	1602
1600	1603
1600	1604
1600	1679
1600	1734
1601	1602
1601	1603
1601	1604
1601	1606
1602	1605
1602	1607
1602	1965
1603	1604
1603	1605
1603	1606
1604	1607
1604	1614
1604	1999
1605	1606
1605	1607
1605	1609
1605	1610
1605	1612
1606	1607
1606	1608
1606	1609
1606	1610
1607	1608
1607	1610
1607	1612
1607	1736
1607	1748
1607	1841
1608	1610
1608	1611
1608	1612
1608	1613
1609	1610
1609	1611
1609	1612
1609	1613
1609	1614
1609	1677
1609	1874
1610	1612
1610	1613
1610	1614
1610	1615
1610	1988
1611	1612
1611	1614
1611	1616
1611	1960
1611	1980
1612	1614
1612	1615
1612	1617
1612	1690
1613	1614
1613	1616
1613	1617
1613	1618
1614	1615
1614	1616
1614	1618
1614	1619
1614	1824
1614	1869
1615	1616
1615	1617
1615	1619
1615	1620
1615	1681
1616	1619
1616	1620
1617	1618
1617	1620
1617	1621
1617	1622
1618	1619
1618	1620
1618	1621
1618	1622
1618	1623
1618	1688
1618	1956
1619	1621
1619	1622
1619	1623
1619	1624
1620	1621
1620	1622
1620	1624
1620	1871
1620	1997
1621	1622
1621	1623
1621	1624
1621	1883
1622	1623
1622	1625
1622	1897
1623	1624
1624	1626
1624	1627
1624	1628
1624	1874
1625	1626
1625	1628
1625	1629
1625	1630
1625	1984
1626	1627
1626	1630
1626	1631
1627	1628
1627	1629
1627	1630
1627	1631
1627	1632
1628	1630
1628	1631
1628	1632
1628	1633
1629	1631
1629	1811
1629	1968
1630	1631
1630	1634
1630	1635
1630	1970
1631	1632
1631	1633
1631	1657
1631	1664
1631	1996
1632	1633
1632	1635
1632	1637
1633	1635
1633	1636
1633	1638
1633	1937
1634	1635
1634	1636
1634	1637
1634	1638
1634	1639
1635	1637
1635	1639
1635	1640
1635	1942
1636	1637
1636	1638
1636	1641
1636	1704
1637	1639
1637	1641
1637	1758
1637	1782
1638	1639
1638	1641
1638	1643
1638	1988
1639	1640
1639	1643
1639	1644
1639	1869
1640	1641
1640	1643
1640	1644
1640	1645
1641	1644
1641	1645
1641	1646
1641	1813
1642	1643
1642	1644
1642	1645
1642	1646
1643	1645
1643	1647
1643	1648
1644	1646
1644	1647
1644	1648
1644	1649
1644	1885
1644	1919
1645	1647
1645	1648
1645	1649
1645	1650
1646	1647
1646	1648
1646	1650
1646	1651
1646	1689
1647	1648
1647	1652
1647	1728
1648	1649
1648	1651
1648	1652
1648	1653
1649	1650
1649	1652
1649	1653
1649	1654
1650	1652
1650	1653
1650	1654
1650	1655
1651	1652
1651	1654
1652	1653
1652	1654
1652	1655
1652	1656
1652	1705
1652	1717
1652	1950
1653	1655
1653	1656
1653	1709
1654	1656
1654	1657
1655	1660
1656	1657
1656	1658
1656	1659
1656	1661
1656	1744
1657	1658
1657	1659
1657	1662
1657	1714
1658	1661
1658	1662
1659	1660
1659	1661
1659	1663
1659	1664
1660	1661
1660	1663
1660	1664
1660	1712
1661	1664
1661	1665
1661	1880
1661	1982
1662	1663
1662	1665
1662	1666
1662	1912
1663	1665
1663	1666
1663	1667
1664	1665
1665	1666
1665	1668
1665	1669
1665	1670
1666	1667
1666	1668
1666	1671
1666	1724
1666	1857
1667	1668
1667	1669
1667	1670
1667	1671
1667	1960
1668	1669
1668	1670
1668	1672
1669	1670
1669	1672
1669	1899
1670	1674
1670	1675
1670	1801
1671	1674
1671	1676
1672	1673
1672	1675
1672	1676
1672	1681
1672	1817
1673	1674
1673	1675
1673	1676
1673	1677
1673	1678
1674	1675
1674	1677
1674	1678
1675	1676
1675	1677
1675	1678
1675	1679
1675	1786
1676	1678
1676	1681
1677	1678
1677	1679
1678	1679
1678	1680
1678	1681
1678	1682
1678	1683
1679	1680
1679	1682
1679	1683
1680	1684
1680	1685
1681	1682
1681	1683
1681	1684
1681	1686
1682	1683
1682	1684
1682	1685
1682	1686
1682	1687
1683	1686
1683	1687
1683	1688
1683	1715
1683	1908
1684	1688
1684	1689
1684	1896
1684	1980
1685	1686
1685	1687
1685	1688
1685	1690
1685	1702
1686	1688
1686	1689
1686	1690
1686	1691
1687	1688
1687	1691
1688	1690
1688	1691
1688	1938
1689	1692
1689	1726
1689	1988
1690	1691
1690	1695
1690	1852
1690	1904
1691	1693
1691	1694
1691	1695
1691	1696
1692	1693
1692	1694
1692	1695
1692	1696
1692	1715
1693	1694
1693	1696
1693	1697
1694	1697
1694	1698
1695	1696
1695	1697
1695	1698
1695	1699
1695	1700
1695	1961
1696	1699
1696	1700
1696	1701
1696	1890
1697	1698
1697	1699
1697	1700
1697	1701
1698	1699
1698	1700
1698	1701
1698	1702
1698	1703
1699	1700
1699	1701
1699	1704
1700	1701
1700	1703
1700	1851
1700	1916
1701	1702
1701	1703
1701	1704
1701	1915
1702	1703
1702	1705
1702	1706
1702	1707
1702	1838
1703	1707
1703	1708
1703	1833
1703	1898
1704	1705
1704	1708
1704	1709
1704	1715
1704	1944
1705	1706
1705	1707
1705	1708
1705	1709
1705	1710
1706	1707
1706	1710
1706	1711
1707	1708
1707	1709
1707	1710
1707	1711
1707	1712
1708	1709
1708	1711
1708	1712
1709	1710
1709	1711
1709	1713
1709	1714
1710	1712
1710	1929
1711	1713
1712	1713
1712	1714
1712	1715
1712	1716
1713	1715
1713	1716
1713	1718
1714	1715
1714	1716
1714	1718
1714	1719
1714	1986
1715	1716
1716	1718
1716	1719
1716	1720
1716	1721
1716	1938
1717	1719
1717	1721
1718	1722
1718	1723
1718	1880
1719	1722
1719	1723
1720	1723
1720	1724
1720	1725
1721	1722
1721	1724
1721	1726
1721	1752
1722	1724
1722	1725
1722	1727
1723	1724
1723	1726
1723	1843
1723	1966
1724	1726
1724	1728
1725	1726
1725	1727
1725	1728
1725	1729
1725	1730
1726	1727
1726	1730
1726	1731
1726	1792
1726	1859
1727	1728
1727	1729
1727	1730
1727	1732
1727	1977
1728	1731
1728	1733
1728	1933
1729	1730
1729	1733
1729	1734
1729	1761
1729	1854
1730	1734
1730	1788
1730	1849
1731	1734
1731	1735
1731	1736
1732	1735
1732	1737
1732	1920
1733	1738
1733	1966
1734	1735
1734	1738
1734	1739
1735	1736
1735	1738
1735	1739
1735	1740
1735	1874
1736	1739
1736	1740
1737	1738
1737	1739
1737	1741
1737	1742
1738	1740
1738	1741
1738	1742
1739	1742
1739	1743
1739	1744
1740	1742
1740	1744
1740	1769
1740	1835
1741	1744
1742	1743
1742	1745
1742	1746
1743	1744
1743	1745
1743	1747
1743	1748
1744	1745
1744	1746
1744	1749
1744	1965
1745	1746
1745	1747
1745	1750
1746	1748
1746	1750
1746	1751
1747	1751
1747	1752
1748	1749
1748	1751
1748	1752
1749	1750
1749	1752
1749	1754
1750	1751
1750	1752
1750	1754
1750	1755
1751	1753
1751	1755
1751	1756
1752	1753
1752	1756
1753	1754
1753	1755
1753	1756
1753	1757
1753	1972
1753	1997
1754	1756
1754	1757
1754	1758
1754	1759
1755	1757
1755	1759
1756	1757
1756	1759
1756	1761
1757	1759
1757	1760
1757	1761
1757	1762
1758	1761
1758	1762
1758	1763
1759	1760
1759	1762
1760	1763
1760	1764
1760	1865
1760	1932
1761	1762
1761	1763
1761	1764
1761	1765
1761	1766
1762	1763
1762	1764
1762	1765
1762	1766
1762	1767
1763	1765
1763	1767
1763	1768
1764	1766
1764	1768
1764	1769
1765	1768
1765	1770
1766	1767
1766	1768
1766	1769
1766	1770
1766	1771
1766	1806
1767	1768
1767	1770
1767	1771
1767	1772
1768	1769
1768	1770
1768	1772
1768	1773
1769	1770
1769	1772
1769	1774
1770	1772
1770	1773
1770	1774
1770	1775
1771	1773
1771	1774
1771	1775
1771	1776
1772	1773
1772	1774
1772	1775
1772	1786
1773	1774
1773	1775
1773	1776
1773	1778
1773	1781
1774	1775
1774	1777
1774	1778
1774	1779
1774	1851
1775	1776
1775	1777
1776	1778
1776	1779
1776	1781
1776	1783
1777	1779
1777	1780
1777	1868
1779	1780
1779	1782
1779	1783
1779	1784
1780	1782
1780	1783
1780	1784
1780	1785
1780	1867
1781	1783
1781	1784
1781	1786
1782	1783
1782	1785
1782	1909
1782	1915
1783	1784
1783	1786
1783	1788
1784	1785
1784	1789
1785	1786
1785	1788
1785	1789
1785	1790
1786	1787
1786	1790
1786	1791
1786	1942
1787	1788
1787	1789
1787	1790
1787	1792
1787	1883
1788	1789
1788	1790
1788	1791
1788	1793
1789	1790
1789	1791
1789	1792
1790	1791
1790	1792
1790	1793
1790	1795
1791	1794
1791	1795
1792	1794
1792	1795
1792	1797
1793	1794
1793	1796
1794	1795
1794	1796
1794	1797
1794	1798
1794	1799
1795	1796
1795	1798
1796	1798
1796	1799
1796	1801
1797	1800
1797	1801
1797	1802
1798	1799
1798	1800
1798	1801
1798	1802
1799	1801
1799	1802
1799	1803
1799	1804
1799	1906
1800	1801
1800	1802
1800	1804
1800	1827
1801	1802
1801	1804
1801	1805
1801	1806
1801	1970
1802	1803
1802	1805
1802	1807
1803	1804
1803	1805
1803	1808
1804	1806
1804	1809
1805	1806
1805	1808
1806	1808
1806	1809
1806	1811
1807	1808
1807	1810
1807	1812
1807	1893
1808	1809
1808	1810
1808	1811
1808	1813
1808	1822
1809	1810
1809	1811
1809	1812
1809	1813
1810	1811
1810	1813
1811	1812
1811	1813
1811	1815
1811	1816
1811	1986
1812	1813
1812	1816
1812	1817
1812	1868
1812	1886
1813	1814
1813	1816
1813	1817
1814	1816
1814	1818
1814	1819
1815	1817
1815	1819
1815	1887
1816	1817
1816	1818
1816	1819
1816	1820
1816	1821
1817	1818
1817	1820
1818	1819
1818	1820
1819	1820
1819	1823
1820	1822
1820	1823
1820	1825
1820	1878
1821	1824
1821	1825
1821	1826
1822	1823
1822	1825
1822	1826
1822	1827
1823	1824
1824	1825
1824	1827
1824	1828
1825	1827
1825	1828
1825	1829
1825	1832
1826	1828
1826	1829
1826	1830
1827	1830
1827	1832
1827	1952
1828	1830
1828	1831
1829	1830
1829	1832
1829	1834
1830	1831
1830	1832
1830	1833
1830	1834
1830	1835
1831	1832
1831	1834
1831	1835
1831	1836
1831	1916
1832	1836
1832	1837
1832	1881
1832	1971
1833	1834
1833	1836
1833	1877
1833	1902
1834	1836
1834	1837
1834	1838
1834	1917
1835	1836
1835	1837
1835	1839
1836	1837
1836	1838
1836	1839
1836	1840
1837	1838
1837	1839
1837	1842
1837	1873
1838	1839
1838	1840
1838	1842
1838	1857
1839	1841
1839	1842
1839	1843
1840	1841
1840	1843
1840	1844
1840	1845
1841	1843
1841	1845
1841	1846
1842	1843
1842	1844
1842	1845
1842	1846
1842	1865
1843	1845
1843	1848
1844	1845
1844	1846
1844	1849
1845	1848
1845	1849
1845	1850
1846	1848
1846	1849
1846	1850
1847	1848
1847	1849
1847	1850
1847	1851
1847	1852
1848	1850
1848	1851
1848	1853
1849	1850
1849	1852
1849	1853
1849	1854
1850	1852
1850	1854
1850	1855
1851	1852
1851	1854
1851	1855
1852	1853
1852	1854
1852	1856
1852	1857
1853	1854
1853	1856
1853	1927
1854	1855
1854	1856
1854	1857
1854	1859
1855	1856
1855	1859
1855	1860
1856	1857
1856	1858
1856	1860
1856	1861
1857	1858
1857	1859
1857	1861
1857	1862
1858	1859
1858	1860
1858	1861
1858	1863
1859	1860
1859	1862
1859	1863
1860	1861
1860	1862
1860	1863
1860	1864
1860	1865
1861	1862
1861	1865
1861	1866
1862	1864
1862	1867
1863	1865
1863	1866
1863	1867
1863	1868
1863	1988
1864	1865
1864	1866
1864	1867
1865	1866
1865	1867
1865	1869
1866	1979
1867	1868
1867	1870
1867	1871
1868	1869
1868	1871
1868	1872
1868	1873
1869	1872
1869	1873
1870	1871
1870	1872
1870	1873
1870	1875
1871	1872
1871	1874
1871	1875
1871	1876
1872	1873
1872	1874
1872	1875
1872	1876
1873	1874
1873	1875
1873	1876
1873	1877
1874	1875
1875	1876
1875	1877
1875	1878
1875	1879
1875	1880
1876	1877
1876	1880
1877	1878
1877	1880
1877	1881
1878	1879
1878	1881
1878	1883
1879	1881
1879	1884
1880	1884
1881	1883
1881	1884
1881	1886
1882	1883
1882	1884
1882	1885
1882	1886
1882	1887
1883	1885
1883	1887
1883	1888
1883	1935
1884	1885
1884	1886
1884	1887
1884	1889
1885	1886
1885	1887
1885	1888
1885	1889
1886	1887
1886	1888
1886	1889
1886	1890
1886	1891
1887	1888
1887	1889
1887	1891
1887	1960
1888	1889
1888	1891
1888	1893
1889	1892
1889	1893
1889	1894
1890	1893
1890	1894
1890	1895
1891	1893
1891	1894
1891	1895
1891	1896
1892	1893
1892	1894
1892	1897
1892	1942
1893	1894
1893	1898
1894	1895
1894	1896
1894	1897
1895	1896
1895	1897
1895	1900
1896	1901
1897	1899
1897	1900
1897	1901
1898	1899
1898	1902
1898	1903
1899	1900
1899	1901
1899	1902
1899	1903
1899	1904
1900	1901
1900	1902
1900	1903
1900	1904
1900	1905
1901	1902
1901	1903
1901	1904
1901	1905
1901	1906
1902	1903
1902	1904
1902	1906
1902	1907
1903	1904
1903	1905
1903	1906
1903	1908
1903	1963
1904	1905
1904	1907
1905	1909
1905	1991
1906	1909
1906	1910
1907	1908
1907	1909
1907	1910
1907	1912
1908	1909
1908	1910
1908	1911
1909	1911
1909	1912
1909	1914
1910	1911
1910	1912
1910	1913
1910	1914
1910	1915
1911	1912
1911	1914
1911	1915
1912	1913
1912	1914
1912	1915
1912	1916
1912	1917
1913	1914
1913	1915
1913	1916
1913	1917
1913	1918
1914	1916
1914	1917
1914	1918
1914	1919
1915	1917
1915	1918
1915	1919
1916	1918
1916	1919
1917	1918
1917	1919
1917	1920
1917	1921
1918	1920
1918	1922
1919	1921
1920	1922
1920	1923
1920	1925
1921	1922
1921	1923
1921	1924
1921	1926
1922	1923
1922	1926
1922	1927
1923	1924
1923	1925
1923	1926
1923	1930
1924	1927
1924	1929
1925	1928
1925	1929
1925	1930
1926	1928
1926	1930
1926	1931
1927	1928
1927	1929
1927	1931
1928	1930
1928	1931
1928	1933
1929	1931
1929	1932
1929	1934
1930	1931
1930	1934
1930	1935
1931	1933
1931	1934
1931	1935
1931	1972
1932	1933
1932	1935
1932	1937
1933	1934
1933	1935
1933	1937
1934	1936
1934	1937
1934	1939
1935	1936
1935	1937
1936	1937
1936	1938
1936	1939
1936	1941
1936	1990
1937	1938
1937	1939
1937	1941
1937	1942
1938	1939
1938	1940
1938	1942
1938	1943
1939	1940
1940	1942
1940	1943
1940	1944
1940	1945
1941	1942
1941	1943
1941	1944
1941	1945
1941	1946
1942	1944
1942	1945
1942	1947
1943	1944
1943	1946
1943	1947
1944	1945
1944	1946
1944	1947
1944	1948
1945	1947
1945	1948
1946	1947
1946	1948
1946	1949
1946	1950
1947	1948
1947	1949
1947	1950
1947	1951
1947	1952
1948	1949
1948	1950
1948	1951
1948	1952
1948	1953
1949	1950
1949	1954
1949	1998
1950	1955
1951	1953
1951	1955
1951	1956
1952	1953
1952	1955
1953	1954
1953	1956
1953	1958
1954	1956
1954	1958
1954	1959
1954	1973
1955	1957
1955	1960
1956	1957
1956	1959
1956	1961
1957	1958
1957	1959
1957	1961
1958	1960
1958	1961
1958	1962
1958	1963
1959	1960
1959	1961
1959	1962
1960	1961
1960	1962
1960	1963
1961	1963
1961	1964
1961	1965
1962	1963
1962	1964
1962	1966
1962	1967
1963	1964
1963	1965
1963	1967
1964	1965
1964	1968
1964	1977
1965	1966
1965	1967
1965	1969
1966	1968
1966	1970
1966	1971
1967	1968
1967	1969
1967	1970
1967	1971
1967	1972
1968	1969
1968	1971
1968	1972
1968	1973
1969	1970
1969	1971
1969	1974
1970	1972
1971	1972
1971	1974
1971	1976
1972	1973
1972	1976
1973	1976
1973	1977
1974	1975
1974	1976
1974	1978
1974	1979
1975	1976
1975	1977
1975	1978
1975	1979
1976	1978
1976	1979
1976	1980
1976	1981
1976	1992
1977	1978
1977	1982
1978	1979
1978	1980
1978	1981
1978	1983
1979	1980
1979	1981
1979	1982
1979	1983
1979	1984
1980	1981
1980	1982
1980	1983
1981	1982
1981	1983
1981	1984
1982	1983
1982	1984
1982	1986
1983	1984
1983	1986
1983	1988
1984	1985
1984	1986
1984	1988
1985	1986
1985	1987
1985	1988
1985	1989
1985	1990
1986	1988
1986	1991
1987	1988
1987	1989
1987	1990
1987	1991
1987	1992
1988	1991
1989	1990
1989	1991
1989	1992
1989	1993
1990	1991
1990	1992
1990	1993
1990	1994
1991	1992
1991	1993
1991	1994
1992	1994
1992	1995
1992	1996
1993	1994
1993	1995
1993	1996
1993	1997
1994	1995
1994	1996
1994	1997
1994	1998
1995	1996
1995	1998
1995	1999
1995	2000
1996	2000
1997	1998
1997	1999
1998	2000
1999	2000
