1	268
1	856
1	1244
2	1173
2	1332
2	1391
3	995
3	1039
3	1102
3	1261
3	1682
3	1757
4	83
4	307
4	1530
4	1652
4	1830
5	146
5	567
5	1464
6	176
6	490
6	955
7	1171
7	1310
7	1484
8	512
8	637
8	1059
8	1576
9	902
9	1222
10	20
10	24
10	1792
10	1959
11	118
11	1110
11	1843
12	169
12	619
12	1117
12	1560
12	1778
13	653
13	684
13	1205
14	253
14	830
14	1157
15	902
15	1448
15	1741
16	212
16	1424
16	1868
17	184
17	187
17	199
17	1361
17	1614
18	285
18	437
18	1646
19	159
19	311
19	431
19	922
19	1302
20	155
20	288
20	600
20	1590
20	1981
21	567
21	782
21	1113
21	1364
21	1644
21	1755
22	80
22	315
23	150
23	1479
24	457
24	683
24	1090
24	1127
24	1751
24	1767
24	1976
25	941
25	1002
25	1774
26	760
26	1046
26	1278
26	1418
26	1642
26	1866
26	1961
27	586
27	645
27	1525
27	1598
27	1688
27	1721
28	87
28	553
28	825
28	936
28	1380
28	1562
29	71
29	939
29	997
30	324
30	547
30	777
30	800
30	1799
31	1004
31	1270
31	1369
31	1550
31	1724
32	166
32	1699
32	1952
33	212
33	799
33	1519
33	1986
34	416
34	741
34	763
34	997
34	1622
35	94
35	1064
36	37
36	409
36	686
36	1864
37	1693
37	1704
38	308
38	699
38	1060
38	1441
38	1697
39	124
39	621
39	1909
40	219
40	1268
40	1722
41	330
41	1172
41	1780
42	1286
42	1700
42	1868
42	1875
43	374
43	973
43	1185
43	1881
44	302
44	318
44	829
44	1168
44	1778
44	1969
45	531
45	787
45	902
45	1206
45	1226
46	427
46	1252
46	1372
47	1411
47	1705
47	1714
48	452
48	1168
48	1878
49	428
49	621
49	784
49	1410
49	1631
49	1982
50	365
50	837
50	1513
51	62
51	827
51	1718
52	61
52	421
52	440
52	477
53	118
53	210
53	1410
53	1826
54	171
54	1412
54	1609
55	67
55	145
55	181
55	1390
55	1661
55	1924
56	852
56	1481
56	1539
56	1736
57	461
57	468
57	525
57	741
57	1834
58	888
58	1024
59	1564
59	1805
59	1924
60	81
60	352
61	883
61	913
61	1541
62	298
63	488
63	664
63	893
63	1390
63	1994
64	536
64	836
64	1211
65	264
65	1782
65	1785
66	427
66	749
66	884
66	976
67	183
67	1245
68	96
68	347
68	987
68	1172
68	1591
69	453
69	463
69	1094
69	1843
70	507
70	934
70	1063
70	1414
71	345
71	678
71	1143
72	154
72	404
72	579
72	1343
72	1365
72	1457
73	562
73	1398
73	1402
74	314
74	416
75	297
75	316
75	579
75	1374
75	1582
76	411
76	1713
76	1762
77	147
77	499
77	940
77	1372
77	1454
77	1960
78	1437
78	1594
79	246
79	409
79	505
79	753
80	474
80	1927
81	455
81	1551
81	1733
81	1775
82	288
82	379
82	1826
83	606
83	1082
83	1883
84	397
84	433
84	1257
84	1438
85	257
85	595
85	887
85	1087
85	1919
86	153
86	578
86	1190
86	1273
86	1317
86	1622
86	1972
87	367
87	734
87	1112
87	1418
87	1470
88	196
88	252
88	1015
89	864
89	1023
89	1526
90	839
90	1939
91	329
91	1346
91	1398
91	1422
92	903
92	1474
92	1677
93	258
93	449
93	639
93	1964
94	115
94	165
94	1481
95	254
95	1141
95	1695
95	1991
96	349
96	1199
96	1717
97	344
97	1264
97	1891
97	1980
98	935
98	1152
98	1212
99	331
99	667
99	966
99	1241
99	1519
99	1953
100	280
100	1248
100	1660
101	541
101	1276
101	1407
102	769
102	981
102	1170
102	1362
103	415
103	518
103	784
103	1520
103	1683
103	1965
104	146
104	1684
105	135
105	904
105	923
105	1017
105	1636
106	869
106	884
106	1972
107	718
107	1527
108	893
108	1289
108	1511
108	1849
109	222
109	308
109	603
109	1148
109	1207
110	838
110	1531
110	1787
111	439
111	1073
111	1551
111	1640
112	287
112	851
112	892
112	1139
112	1592
113	412
113	963
114	550
114	1165
114	1540
114	1672
115	762
115	1194
115	1606
116	306
116	344
116	597
116	794
117	1365
117	1486
117	1743
117	1797
118	279
119	186
119	1197
120	546
120	1419
120	1676
121	175
121	1668
122	341
122	1655
123	514
123	1015
123	1440
123	1729
124	726
124	1007
124	1348
124	1553
124	1725
124	1919
125	865
125	1082
125	1173
125	1498
126	1217
126	1505
126	1945
127	975
127	1398
127	1576
128	1258
128	1568
128	1725
128	1827
128	1975
129	194
129	278
129	374
129	508
129	708
129	1232
129	1303
130	295
130	993
130	1088
131	1477
131	1668
131	1989
132	456
132	1106
132	1994
133	261
133	1004
133	1702
133	1941
134	1026
134	1409
134	1880
135	140
135	391
135	1105
135	1595
135	1608
136	439
136	1021
136	1431
137	620
137	1227
138	962
138	1083
139	207
139	533
139	778
139	1169
139	1538
139	1722
140	735
140	1058
140	1315
140	1747
141	456
141	1156
141	1185
141	1385
141	1513
141	1619
142	958
142	1171
143	190
143	538
143	568
143	956
144	147
144	457
144	1922
145	677
145	1544
146	441
146	1248
146	1809
147	885
147	1645
148	183
148	773
148	875
148	1129
148	1411
148	1591
148	1685
149	190
149	963
149	1025
150	443
150	986
150	1453
150	1876
151	637
151	1533
152	269
152	824
153	393
153	1299
154	229
154	373
154	514
154	1600
155	620
155	857
155	1233
155	1687
156	450
156	637
156	1451
157	236
157	300
157	1154
157	1248
157	1718
158	666
158	1280
158	1465
159	1480
160	332
160	347
160	1278
160	1579
161	1397
161	1439
161	1862
161	1902
162	505
162	926
162	1433
162	1484
162	1895
163	185
163	1495
163	1788
164	958
164	1475
164	1541
164	1605
164	1735
164	1874
165	637
165	1415
165	1662
165	1703
165	1830
165	1968
166	202
166	226
166	390
166	1377
166	1456
166	1518
167	696
167	1135
168	387
168	552
168	603
168	661
168	1794
169	1895
170	582
170	989
170	1762
170	1853
171	191
171	459
171	610
172	407
172	738
172	795
172	1414
173	488
173	1356
173	1555
173	1557
173	1907
174	731
174	1089
174	1144
174	1864
174	1936
175	297
175	395
175	1013
175	1324
176	821
176	1621
176	1690
177	867
177	1029
177	1276
177	1313
177	1867
178	1033
178	1139
178	1318
178	1764
179	705
179	938
179	1264
180	1353
180	1412
181	942
181	1238
181	1473
181	1879
182	526
182	812
182	1899
182	1977
184	670
184	831
185	224
185	970
185	1988
186	217
186	1971
187	597
187	840
188	838
188	1192
188	1827
189	811
189	1636
190	389
190	401
190	804
190	971
191	688
191	1054
192	429
192	681
192	773
192	861
192	1184
192	1720
192	1888
193	420
193	858
193	1114
193	1160
193	1693
194	293
194	828
195	271
195	1685
195	1724
196	1699
197	496
197	1295
197	1785
197	1978
198	1643
198	1727
199	235
199	723
199	881
199	1443
200	311
200	416
200	1373
200	1385
200	1926
201	395
201	619
201	835
201	1110
201	1335
201	1336
201	1386
202	1739
202	1861
203	391
203	1536
203	1817
203	1908
204	457
204	1062
204	1163
204	1317
205	937
205	942
205	1416
205	1665
205	1900
206	243
206	274
206	542
206	552
206	749
206	1265
206	1645
207	517
207	990
207	1836
208	495
208	675
208	711
208	740
208	1022
208	1122
208	1655
209	323
209	559
209	1704
210	1414
210	1494
210	1766
211	285
211	698
211	1838
211	1891
211	1898
211	1931
211	1956
212	864
212	1463
212	1553
213	294
213	437
213	1082
213	1089
213	1567
214	227
214	531
214	1063
215	915
215	1417
216	602
216	737
216	1655
216	1936
217	1363
217	1459
218	714
218	1240
219	232
219	615
219	865
219	1726
220	392
220	1623
220	1813
220	1941
221	858
221	1274
222	707
222	1071
222	1854
223	692
223	1677
224	274
224	291
224	450
224	1085
225	263
225	1006
225	1222
225	1938
226	1192
226	1351
226	1864
227	388
227	1969
228	268
228	359
228	1270
228	1290
228	1681
229	743
229	1215
230	322
230	594
230	632
230	1186
230	1479
231	1033
231	1343
231	1598
231	1986
232	786
232	1034
232	1800
232	1825
233	433
233	998
233	1006
233	1099
233	1471
234	401
234	1711
234	1855
235	434
235	881
235	1009
235	1071
235	1365
236	522
236	718
236	731
236	1475
237	319
237	830
237	1231
237	1516
238	362
238	1119
238	1261
238	1906
239	575
239	586
239	1673
239	1731
240	411
240	833
240	1708
241	701
241	729
241	1173
241	1646
242	439
242	512
242	661
242	829
242	1109
242	1570
242	1717
243	891
243	1182
243	1492
243	1832
244	442
244	828
244	899
245	1532
245	1560
245	1917
246	928
246	1408
247	328
247	386
247	989
247	1454
247	1719
248	372
248	1400
248	1784
248	1911
249	434
249	910
249	1847
250	713
250	1346
250	1382
251	392
251	402
251	1289
251	1407
252	286
252	1586
252	1843
252	1968
253	335
253	750
253	849
253	950
253	1996
254	671
254	807
254	1689
255	618
255	724
255	1235
255	1413
256	1104
256	1108
256	1248
256	1392
256	1734
257	372
257	692
257	1575
258	695
258	1392
259	1035
259	1617
259	1901
260	1480
260	1500
261	910
261	1243
261	1290
262	1576
262	1797
263	388
263	1180
263	1804
264	1036
264	1971
265	550
265	795
265	1027
265	1284
265	1533
266	350
266	1809
267	704
267	1422
267	1453
267	1458
268	897
268	1290
269	1012
269	1097
269	1127
269	1703
270	354
270	608
270	1213
271	500
271	1145
271	1211
271	1288
271	1546
271	1976
272	517
272	865
272	1298
273	669
273	1058
273	1653
273	1690
274	1923
275	561
275	1945
276	347
276	1876
276	1918
277	471
277	1003
278	365
278	692
278	947
278	1810
278	1887
279	710
279	911
279	1944
280	1168
280	1252
281	464
281	837
281	840
281	1796
282	939
282	996
282	1171
282	1542
283	316
283	681
283	807
284	549
284	899
285	1221
286	339
286	368
286	1864
287	1042
287	1306
287	1820
287	1877
287	1918
288	1098
288	1930
289	698
289	1990
290	446
290	523
290	904
290	1316
290	1357
290	1598
291	688
291	796
291	940
291	985
291	1678
292	423
292	599
292	667
292	674
292	1998
293	506
293	1120
293	1573
293	1951
294	1051
294	1068
295	802
295	1084
295	1578
296	376
296	1723
296	1810
297	774
297	1979
298	356
298	1001
298	1096
298	1553
298	1594
299	351
299	869
299	1256
299	1451
300	1415
300	1577
300	1647
300	1926
301	456
301	529
301	914
301	984
301	1521
301	1580
301	1941
302	676
302	682
302	774
302	995
302	1035
302	1339
303	730
303	1277
303	1459
303	1909
303	1915
304	1093
304	1988
305	418
305	463
305	503
305	596
305	815
305	1670
306	391
306	1021
306	1208
306	1530
307	321
307	379
307	834
307	1467
307	1588
307	1770
308	1838
308	1890
309	620
309	1146
309	1674
310	829
310	1689
311	433
311	665
311	1196
312	493
312	1132
312	1223
312	1241
312	1779
312	1819
312	1928
313	559
313	731
313	954
313	1688
313	1975
314	1216
314	1586
314	1814
315	351
315	678
315	909
315	978
315	1063
315	1714
315	1805
316	455
316	1552
316	1556
317	928
317	1516
317	1716
317	1737
318	587
318	1210
319	948
319	1623
319	1721
320	964
320	1000
321	509
321	1087
321	1820
322	469
322	800
322	1771
322	1859
323	826
323	1483
323	1504
323	1793
324	755
324	821
324	1503
324	1523
325	586
325	996
325	1071
325	1142
325	1188
326	759
326	828
326	1896
327	360
327	1094
327	1228
327	1440
327	1887
328	665
328	859
328	1468
328	1596
329	519
329	614
329	713
330	1182
330	1858
330	1904
331	712
331	754
331	855
331	974
331	1432
332	1024
332	1717
332	1728
333	1120
333	1782
334	609
334	827
335	425
335	692
335	935
335	1211
335	1267
336	359
336	714
336	1455
337	1452
337	1850
337	1932
338	723
338	1573
338	1650
339	602
339	640
339	1549
340	1335
340	1815
341	973
341	1344
341	1517
342	971
342	1158
342	1499
343	932
343	1139
343	1183
343	1206
343	1250
344	894
345	500
345	1472
345	1649
346	836
346	1038
346	1153
346	1841
347	742
348	919
348	1543
348	1551
348	1748
348	1950
349	1357
350	781
350	1730
350	1806
351	676
351	726
351	1404
351	1419
351	1733
352	596
352	1609
353	482
353	888
353	1958
353	1961
354	526
354	539
354	1701
354	1883
355	387
355	1049
355	1721
355	1760
356	727
356	1001
356	1132
357	866
357	1101
357	1664
357	1840
358	631
358	665
358	1023
358	1281
359	385
359	655
359	785
360	1129
360	1242
360	1879
361	921
361	1418
362	496
362	747
362	1439
362	1458
362	1765
363	682
363	1521
364	472
364	991
364	1164
364	1544
364	1758
365	479
365	1657
366	483
366	543
366	1032
366	1316
366	1360
366	1584
366	1777
367	763
367	1214
368	675
368	916
368	1149
369	504
369	649
369	815
369	1384
370	695
370	1704
371	827
371	1571
371	1580
372	378
372	543
372	1816
373	424
373	766
373	832
373	1326
373	1334
374	1201
374	1330
375	897
375	1020
375	1092
375	1378
375	1895
376	1144
376	1279
377	1237
377	1318
377	1767
378	1835
379	544
379	605
379	1121
379	1704
380	436
380	1469
380	1729
381	406
381	637
381	841
381	848
381	1395
381	1950
382	1129
382	1353
382	1726
383	1031
383	1121
383	1572
383	1777
383	1819
384	530
384	825
384	1042
384	1252
384	1750
385	419
385	1371
385	1829
386	1291
386	1374
386	1735
387	1041
387	1162
387	1537
388	580
388	668
388	999
388	1908
389	1744
389	1931
390	738
390	1295
391	1449
392	905
392	1296
392	1389
393	946
393	1084
393	1636
394	647
394	866
394	1142
394	1729
394	1779
395	456
395	730
395	815
395	1939
396	440
396	1384
396	1429
397	612
397	1446
397	1595
397	1905
398	580
398	941
398	1030
398	1358
398	1895
399	647
399	667
399	1314
399	1569
400	957
400	1348
400	1407
401	550
401	869
401	1419
402	540
402	550
402	804
402	856
402	1109
403	965
403	1008
403	1086
403	1110
404	764
405	443
405	648
405	951
405	1049
406	889
406	1786
407	581
407	1103
407	1422
407	1466
408	572
408	1138
408	1495
408	1994
409	470
409	806
409	856
410	670
410	904
410	1133
411	475
411	1051
411	1444
411	1538
412	438
412	1856
413	1624
413	1800
413	1979
414	1361
414	1380
414	1869
415	525
415	1623
416	590
416	848
417	444
417	1618
417	1863
418	721
418	768
419	1514
419	1843
420	1205
420	1494
421	471
421	497
421	538
421	854
421	1008
421	1944
422	666
422	1178
422	1480
422	1802
423	602
423	625
423	1970
424	699
424	734
424	806
425	534
425	555
425	902
425	1496
425	1817
425	1902
426	1155
426	1509
427	432
427	1409
428	1367
429	643
429	1383
430	447
430	575
430	1188
430	1312
430	1605
431	900
431	1005
431	1629
431	1659
432	1024
432	1668
433	463
433	1620
434	694
434	1405
434	1536
434	1654
434	1847
435	497
435	1621
435	1875
436	1074
436	1498
437	1107
437	1405
437	1548
437	1744
438	653
438	1134
438	1335
438	1722
439	604
439	922
440	465
440	1021
440	1156
440	1218
440	1389
441	565
441	1195
441	1651
441	1812
441	1958
442	560
442	605
442	997
442	1183
442	1242
442	1653
443	1764
444	840
444	994
444	1130
444	1378
444	1403
445	679
445	1544
445	1666
445	1687
445	1778
446	913
446	1031
446	1769
447	964
447	1135
448	565
448	588
448	604
448	733
448	1316
448	1727
449	527
449	940
449	1418
450	683
450	1358
450	1471
451	607
451	1101
452	459
452	886
452	916
453	605
453	630
453	1231
453	1576
454	682
454	694
454	1110
454	1182
455	1493
456	509
456	527
456	642
456	1151
456	1293
456	1444
457	878
457	1282
457	1308
458	545
458	606
458	776
459	829
459	838
459	1222
460	545
460	756
460	1103
460	1572
461	984
462	571
462	865
462	1429
462	1488
462	1806
462	1807
463	1291
463	1921
464	1296
464	1740
464	1793
464	1933
465	767
465	1434
465	1676
466	521
466	623
466	1006
466	1274
467	487
467	793
467	1111
467	1187
467	1654
467	1729
467	1845
468	1542
468	1714
469	1080
469	1646
470	822
470	1355
470	1673
471	1108
471	1294
471	1701
472	758
472	1490
472	1657
473	715
473	1718
473	1875
473	1882
473	1892
474	487
474	1268
474	1602
475	732
475	1912
476	573
476	931
476	1444
476	1760
476	1856
476	1996
477	860
477	1503
477	1926
478	1228
478	1321
478	1871
479	1229
480	1180
480	1238
481	831
481	1057
481	1313
481	1518
481	1880
482	484
482	833
482	851
482	867
483	754
484	644
484	834
485	966
485	1414
486	1207
486	1864
487	922
487	1319
488	958
488	1500
488	1543
488	1642
489	549
489	775
489	873
489	1349
490	525
490	1717
490	1895
491	937
491	1001
491	1730
492	605
492	1177
492	1178
493	689
493	779
493	1016
493	1097
493	1657
494	1593
494	1823
494	1878
495	1554
496	1606
497	551
497	719
497	1073
497	1592
497	1742
498	694
498	1684
498	1795
499	770
499	1277
499	1492
501	717
501	1018
501	1525
501	1870
501	1929
502	555
502	811
502	1013
502	1101
502	1401
502	1899
503	529
503	733
503	1598
504	776
504	789
504	1222
504	1629
504	1660
504	1667
506	1333
506	1505
506	1614
507	816
507	937
508	606
508	981
508	1032
508	1385
509	940
510	726
510	1115
510	1171
510	1963
511	613
511	677
511	1011
511	1253
511	1866
512	698
512	1019
512	1337
512	1528
513	680
513	959
513	1038
513	1176
515	773
515	945
515	987
515	1552
516	883
516	1792
517	925
517	936
517	1614
517	1878
517	1905
518	1989
519	1831
520	1170
520	1209
520	1421
521	1772
522	1317
522	1514
523	1090
524	736
524	864
524	969
524	1001
524	1045
524	1772
525	655
525	861
525	944
525	1012
526	1949
527	686
527	793
527	880
527	1403
528	1294
528	1745
530	1105
530	1511
530	1934
531	576
531	1014
531	1386
532	534
532	777
533	590
534	847
534	1571
534	1854
534	1966
535	547
535	738
535	957
535	1052
535	1065
535	1955
536	1069
536	1096
536	1145
536	1331
536	1785
537	547
537	739
537	756
537	1055
537	1964
538	539
538	1491
538	1794
539	946
539	1437
540	1317
540	1521
540	1676
541	776
541	1052
541	1413
542	1008
542	1589
544	632
544	664
544	1347
544	1358
545	576
545	1795
546	632
546	727
546	743
546	1010
546	1576
546	1609
547	652
547	744
547	1693
548	785
548	802
548	936
548	1360
549	573
549	724
549	1983
550	765
550	1235
550	1279
551	694
551	1630
552	679
552	776
552	1662
553	884
553	1150
553	1781
554	1306
554	1389
555	1955
556	702
556	1374
556	1647
557	737
557	935
557	978
557	1871
558	626
558	686
558	734
558	1626
558	1964
559	813
559	1114
560	823
560	1444
561	562
561	884
561	954
561	1642
562	1342
562	1345
562	1527
562	1651
562	1940
563	771
563	1337
563	1608
563	1678
564	648
564	916
564	1298
564	1872
564	1967
565	666
566	593
566	846
566	1122
566	1801
567	730
567	1301
568	1299
568	1510
568	1709
568	1794
569	884
569	1081
569	1838
570	677
570	1138
570	1730
570	2000
571	1365
571	1394
571	1929
572	1579
572	1715
572	1892
573	795
574	817
574	1205
574	1345
574	1432
575	895
575	1207
575	1366
575	1454
576	584
576	1233
577	1017
577	1594
577	1855
578	1157
578	1235
578	1529
578	1831
579	1157
579	1513
580	834
580	1116
580	1622
580	1677
580	1936
581	687
581	880
582	760
582	858
582	1005
582	1333
583	741
583	762
583	1328
583	1761
584	1943
585	609
585	614
587	589
587	693
587	1231
588	1317
589	704
589	868
589	1470
589	1835
590	616
590	1183
591	1021
591	1480
591	1604
591	1650
592	673
592	1491
592	1516
592	1790
593	1288
593	1312
593	1915
594	706
594	1872
594	1986
595	596
595	677
595	724
595	1233
595	1258
595	1632
595	1935
597	917
597	1726
598	1162
598	1337
598	1563
598	1611
598	1688
598	1821
599	1187
599	1839
600	943
600	1003
601	891
601	984
601	1394
602	773
602	1001
602	1064
602	1103
602	1777
603	1742
604	940
605	1754
606	927
606	1528
607	673
607	1046
607	1536
608	870
608	1018
608	1507
609	918
609	1257
609	1262
610	791
610	1354
610	1399
610	1447
611	1188
611	1840
612	1376
613	1012
614	822
615	676
615	911
615	970
615	1374
616	663
616	727
617	1130
617	1255
617	1714
617	1955
618	1353
618	1379
618	1460
620	635
620	805
620	940
620	1483
620	1688
621	1901
621	1969
622	933
622	1243
623	1817
624	832
624	956
624	1948
625	854
625	1512
625	1739
626	816
626	1383
626	1699
626	1806
627	1292
627	1512
627	1746
627	1755
628	979
628	1984
629	659
629	663
629	1946
630	882
631	662
631	752
631	1103
631	1600
631	1666
632	1665
633	1064
633	1484
633	1957
634	884
634	1487
634	1822
634	1952
635	1671
636	934
636	1040
636	1200
636	1359
636	1451
637	1679
638	897
638	900
638	1560
639	645
639	975
639	1511
639	1913
640	1175
640	1977
641	644
641	1226
641	1299
641	1647
642	812
642	1410
642	1493
642	1849
643	990
643	1087
643	1929
644	1123
644	1420
645	1154
645	1560
646	901
646	902
646	1028
647	1375
648	1143
648	1686
649	857
649	924
649	932
650	699
650	991
650	1234
650	1397
651	756
651	850
651	980
651	1565
651	1919
652	1391
653	937
653	1438
654	701
654	1077
654	1318
654	1566
655	1289
656	944
656	1564
656	1926
657	663
657	704
657	827
658	1623
658	1723
658	1785
658	1898
659	1341
659	1561
660	1302
660	1398
661	747
661	1219
661	1522
662	947
662	965
664	916
664	1474
665	1598
665	1797
665	1984
666	1052
667	1597
668	739
668	847
668	1872
669	1267
670	1099
670	1501
670	1875
671	729
671	1517
672	1412
672	1506
673	904
673	1121
673	1866
674	1208
674	1386
674	1402
675	1373
675	1712
675	1889
675	1974
677	697
677	1126
677	1984
678	1256
678	1327
678	1540
679	1410
679	1773
680	742
680	1153
680	1190
680	1416
680	1834
681	859
682	1312
682	1559
684	1054
684	1545
684	1596
684	1750
685	815
685	888
685	1017
685	1704
686	854
686	1163
686	1982
687	1988
688	896
688	1265
689	1189
689	1583
690	1765
690	1882
691	844
691	1021
691	1067
691	1363
691	1703
692	1639
693	744
693	1081
693	1705
694	882
694	1152
694	1871
695	715
695	801
695	1416
696	792
696	1332
696	1568
696	1592
696	1731
697	1181
697	1637
697	1891
698	993
698	1789
699	748
699	1477
699	1894
699	1972
700	925
700	1305
701	1907
701	1953
702	813
702	929
703	800
703	908
703	1626
703	1757
704	1960
705	796
705	1610
706	1638
706	1664
706	1681
707	1179
707	1986
708	784
708	1953
708	1981
709	762
709	1512
709	1626
710	869
710	879
710	952
710	1032
710	1617
711	1357
711	1854
712	1172
712	1287
713	787
713	1349
714	1938
715	1079
715	1124
715	1966
716	1370
716	1504
716	1723
716	1754
717	918
717	1740
718	1347
718	1531
718	1771
719	1377
720	886
720	1101
720	1571
720	1695
721	912
721	1416
722	1077
722	1454
722	1874
723	852
723	908
723	1761
725	751
725	1611
725	1739
726	1940
727	884
727	997
727	1275
727	1587
728	1180
728	1379
729	889
729	1113
729	1169
729	1721
729	1761
730	764
730	1416
731	1888
732	1223
732	1269
733	1088
733	1325
733	1973
735	845
735	1659
735	1825
736	1071
736	1246
736	1702
736	1735
736	1791
736	1822
737	748
737	1164
737	1633
738	1773
739	1815
740	1303
740	1393
740	1919
741	1212
741	1254
741	1549
741	1639
741	1680
742	869
742	1467
743	998
744	1643
745	1148
745	1874
745	1920
746	794
746	851
746	1585
747	1675
748	779
748	835
749	1331
750	1302
750	1621
750	1696
751	1265
751	1445
751	1945
751	1950
752	1947
752	1948
753	1047
753	1063
753	1194
753	1409
753	1588
754	857
754	1644
755	960
755	1091
755	1495
755	1862
756	1175
757	947
757	1395
758	1144
758	1816
759	1128
759	1135
759	1292
760	1952
761	973
761	1074
761	1307
762	909
762	1341
762	1865
762	1891
763	1096
763	1141
763	1993
764	928
764	1503
764	1720
764	1899
765	1006
766	923
766	1239
767	824
767	1281
767	1765
767	1979
768	1363
768	1916
769	1108
770	1145
770	1342
770	1916
771	949
771	1262
771	1613
771	1614
772	1058
772	1172
772	1851
773	898
773	1214
774	1027
774	1220
774	1346
775	1192
775	1209
775	1490
776	1716
777	1280
777	1446
777	1998
778	1070
778	1305
778	1731
778	1769
778	1975
779	1432
780	837
780	1284
780	1567
780	1675
781	803
781	1165
781	1541
781	1603
782	1501
782	1546
783	785
783	832
783	1377
783	1779
784	1055
784	1334
785	950
785	1376
785	1879
786	1293
786	1388
787	1272
787	1707
788	1037
788	1550
788	1857
788	1931
789	1062
789	1238
789	1286
790	1049
790	1365
790	1401
790	1464
790	1852
791	871
791	883
791	1378
792	1096
793	1319
795	1496
795	1589
795	1801
796	1263
796	1898
797	1258
797	1794
797	1984
798	812
798	1060
798	1340
798	1938
799	916
800	1167
800	1236
800	1597
800	1804
800	1987
801	1086
801	1144
801	1508
802	1958
803	1078
803	1140
804	1051
804	1161
805	940
805	1425
806	1719
807	1143
807	1808
808	1280
808	1714
808	1725
808	1871
809	1325
809	1430
809	1533
810	1098
810	1100
810	1340
810	1816
811	923
811	1829
812	1822
813	894
813	1115
814	983
814	1389
814	1428
814	1664
814	1822
816	1425
816	1427
817	1235
818	876
818	1655
818	1778
819	1092
819	1151
819	1797
820	1185
820	1524
820	1787
820	1862
821	1284
821	1335
821	1459
822	1083
822	1782
823	1754
824	1095
824	1652
824	1708
825	1574
826	1444
826	1489
826	1748
826	1792
827	1091
827	1620
827	1815
829	934
829	1347
829	1396
829	1508
829	1698
830	952
830	1707
830	1882
831	1144
831	1316
832	1306
832	1565
833	882
833	1115
833	1392
834	1869
834	1950
835	871
835	1514
836	894
836	1749
836	1877
838	1100
838	1732
839	971
839	1870
839	1969
840	1033
841	900
841	1822
842	1059
842	1128
842	1792
843	951
843	1003
843	1241
844	903
844	1102
844	1158
844	1682
844	1993
845	1285
845	1535
846	1362
846	1544
847	963
847	1311
847	1860
849	974
849	1016
849	1086
849	1103
849	1131
849	1137
850	1362
850	1448
850	1937
851	1068
852	1812
853	1072
853	1102
853	1307
853	1873
854	961
855	1633
857	958
857	968
857	1188
857	1198
857	1402
857	1909
857	1926
857	1950
858	922
858	1672
859	1485
859	1810
860	921
860	1188
861	1342
862	918
862	1166
862	1592
862	1698
863	1029
863	1039
863	1186
863	1738
863	1968
864	1350
864	1703
865	1076
865	1199
865	1622
865	1807
866	1148
867	981
867	1845
867	1850
867	1896
868	1028
869	1946
870	1007
870	1556
870	1670
870	1797
871	1036
872	1054
872	1219
872	1493
872	1605
872	1628
873	1126
873	1231
873	1351
874	1313
874	1837
875	1315
876	1162
876	1877
877	1437
877	1636
877	1722
878	1035
878	1082
878	1479
879	1753
880	1563
880	1885
881	1585
881	1693
882	1459
882	1508
883	1435
883	1500
883	1781
885	1224
885	1282
885	1475
885	1648
886	949
887	1839
888	1920
889	1143
889	1160
889	1448
890	905
890	1019
890	1251
891	1004
891	1209
892	964
892	1741
892	1946
893	1253
894	1601
895	898
895	1062
895	1865
896	1138
896	1381
896	1652
896	1677
896	1842
897	1288
897	1869
898	1641
898	1862
899	1199
899	1346
899	1857
899	1894
899	1948
900	1125
900	1439
900	1502
900	1576
901	969
901	1051
901	1148
901	1462
901	1609
902	955
903	1596
904	1823
905	995
905	1089
905	1130
905	1375
905	1707
906	1255
906	1513
907	1189
907	1347
907	1954
908	1142
909	1048
909	1097
909	1673
910	951
912	1525
912	1639
912	1762
913	1953
914	1170
914	1691
915	1117
915	1151
915	1236
915	1855
916	1680
917	1074
917	1983
918	927
918	1813
919	1620
920	973
920	1024
920	1250
920	1345
920	1501
921	1811
922	1177
922	1238
922	1837
923	1293
924	928
924	960
924	1071
924	1529
925	944
925	1651
926	1137
926	1345
927	1831
927	1896
929	1482
929	1667
929	1906
930	942
930	962
930	1409
930	1744
931	1319
931	1607
932	1123
933	1106
933	1299
934	1369
935	1072
935	1375
936	1156
937	1026
937	1329
938	1926
939	1800
940	1720
941	1184
941	1733
941	1776
942	1573
942	1876
942	1897
943	1437
944	1305
945	1445
946	1367
947	1024
947	1544
947	1785
947	1957
948	1240
948	1286
948	1322
948	1993
949	1584
950	1455
951	1354
951	1566
951	1855
951	1864
952	967
952	990
952	1002
953	1160
953	1272
954	1018
954	1144
954	1314
955	1562
956	1230
956	1769
957	1230
957	1465
957	1664
957	1932
958	1126
959	1821
959	1962
960	1788
961	1310
962	1714
963	1297
963	1436
963	1798
964	1581
966	1966
967	992
967	1194
967	1283
967	1442
967	1853
968	1199
970	1053
971	986
971	1908
971	1988
972	1281
972	1393
973	1095
973	1285
973	1566
976	1010
976	1228
976	1419
977	1147
977	1492
977	1499
977	1991
978	1468
978	1836
979	1197
979	1288
980	1358
980	1910
982	1020
982	1506
982	1810
982	1860
983	1473
984	1224
985	1573
985	1897
986	1131
986	1771
987	1119
987	1708
988	1254
988	1357
988	1924
989	1309
989	1356
989	1509
990	1578
991	1670
992	1121
992	1473
993	1521
994	1165
994	1822
996	1056
996	1503
998	1787
999	1952
1000	1205
1000	1370
1001	1029
1001	1700
1001	1737
1001	1897
1003	1361
1003	1609
1004	1052
1004	1306
1004	1727
1005	1863
1006	1267
1006	1288
1008	1695
1009	1781
1010	1814
1011	1244
1011	1401
1011	1539
1012	1351
1012	1963
1013	1332
1014	1209
1014	1973
1015	1107
1015	1356
1015	1835
1016	1055
1017	1494
1018	1168
1018	1385
1018	1558
1019	1347
1019	1649
1020	1966
1021	1026
1021	1705
1022	1450
1022	1976
1023	1101
1023	1250
1025	1585
1025	1680
1026	1482
1026	1581
1026	1706
1028	1703
1028	1724
1030	1448
1030	1515
1030	1584
1030	1815
1030	1989
1031	1081
1032	1097
1032	1417
1032	1713
1033	1204
1033	1299
1033	1459
1033	1814
1033	1893
1034	1460
1034	1612
1034	1998
1035	1113
1035	1246
1036	1140
1036	1189
1037	1364
1037	1412
1037	1814
1038	1159
1038	1793
1038	1833
1039	1137
1040	1183
1040	1908
1041	1507
1041	1608
1042	1415
1042	1611
1043	1222
1043	1858
1043	1947
1044	1387
1044	1546
1045	1481
1045	1561
1046	1733
1047	1200
1048	1226
1049	1300
1049	1625
1050	1621
1050	1826
1052	1300
1053	1163
1053	1389
1055	1994
1056	1059
1056	1064
1056	1268
1056	1383
1057	1845
1058	1264
1059	1535
1059	1582
1060	1178
1060	1453
1060	1661
1060	1979
1061	1166
1061	1279
1061	1511
1063	1851
1065	1504
1066	1179
1066	1245
1066	1979
1067	1193
1067	1263
1068	1848
1069	1322
1070	1123
1070	1373
1070	1430
1072	1426
1073	1759
1074	1894
1075	1270
1075	1655
1075	1732
1075	1851
1075	1899
1076	1930
1076	1992
1077	1547
1077	1692
1078	1811
1078	1936
1079	1125
1079	1488
1079	1794
1080	1335
1080	1350
1080	1367
1080	1646
1080	1930
1082	1560
1082	1806
1083	1316
1083	1611
1084	1101
1084	1886
1085	1197
1085	1969
1087	1311
1088	1590
1088	1873
1088	1963
1089	1882
1090	1413
1092	1833
1093	1397
1093	1498
1093	1750
1094	1920
1095	1488
1096	1112
1096	1196
1097	1199
1097	1686
1097	1945
1098	1341
1098	1722
1098	1968
1098	1974
1099	1363
1099	1439
1099	1640
1100	1320
1100	1443
1101	1163
1101	1914
1102	1380
1102	1607
1103	1742
1103	1878
1104	1729
1105	1340
1106	1523
1108	1265
1108	1930
1108	1997
1109	1656
1110	1145
1110	1313
1110	1669
1111	1314
1111	1756
1112	1241
1112	1784
1114	1520
1114	1521
1115	1308
1115	1576
1116	1152
1117	1537
1117	1886
1117	1985
1118	1449
1118	1469
1118	1547
1118	1549
1118	1653
1119	1603
1119	1900
1119	1917
1120	1548
1121	1188
1122	1281
1122	1635
1122	1921
1122	1998
1123	1296
1124	1276
1124	1329
1124	1743
1124	1784
1125	1173
1125	1282
1125	1506
1125	1983
1126	1326
1126	1881
1127	1860
1128	1985
1128	1988
1129	1262
1130	1339
1130	1697
1131	1943
1131	1967
1132	1545
1133	1521
1133	1524
1134	1416
1135	1522
1135	1835
1136	1509
1136	1609
1136	1953
1138	1417
1138	1550
1138	1582
1139	1422
1140	1186
1141	1552
1144	1251
1144	1759
1144	1920
1145	1687
1146	1722
1147	1218
1147	1964
1148	1588
1148	1618
1149	1928
1150	1342
1151	1496
1152	1664
1153	1827
1153	1832
1154	1380
1154	1510
1155	1165
1155	1489
1155	1531
1159	1241
1159	1469
1160	1853
1161	1327
1161	1411
1161	1592
1163	1697
1166	1628
1166	1944
1167	1687
1170	1213
1170	1274
1170	1300
1170	1484
1170	1550
1170	1613
1171	1369
1171	1387
1174	1427
1174	1896
1175	1370
1175	1901
1176	1278
1176	1504
1176	1913
1177	1365
1179	1181
1179	1654
1180	1355
1182	1249
1183	1554
1184	1974
1186	1287
1186	1620
1187	1320
1190	1611
1190	1619
1191	1237
1191	1289
1193	1638
1193	1780
1194	1339
1194	1783
1195	1518
1196	1689
1196	1705
1197	1636
1198	1362
1198	1818
1200	1252
1200	1295
1200	1869
1201	1205
1201	1951
1202	1290
1202	1959
1203	1261
1203	1913
1204	1315
1204	1913
1205	1757
1206	1325
1206	1958
1207	1341
1207	1865
1208	1522
1209	1390
1210	1278
1210	1283
1210	1326
1210	1734
1210	1842
1210	1977
1211	1243
1211	1287
1211	1747
1212	1215
1212	1435
1213	1442
1213	1460
1214	1610
1215	1676
1215	1788
1216	1296
1216	1458
1216	1745
1217	1373
1217	1628
1218	1555
1218	1763
1218	1861
1218	1927
1219	1942
1220	1876
1220	1910
1220	1954
1221	1227
1221	1670
1222	1254
1223	1296
1223	1802
1223	1949
1224	1266
1224	1517
1225	1375
1225	1855
1227	1533
1227	1556
1227	1826
1228	1489
1228	1906
1229	1348
1229	1481
1229	1972
1230	1292
1230	1798
1231	1577
1231	1591
1232	1378
1234	1918
1235	1557
1237	1266
1237	1705
1237	1803
1239	1849
1240	1433
1240	1476
1240	1701
1240	1766
1242	1503
1244	1286
1244	1299
1245	1499
1245	1691
1246	1610
1247	1649
1247	1811
1247	1836
1249	1903
1249	1970
1250	1276
1251	1846
1252	1335
1252	1992
1253	1299
1253	1446
1254	1829
1254	1893
1254	1971
1255	1349
1256	1530
1256	1784
1257	1336
1257	1786
1259	1476
1259	1641
1260	1477
1260	1722
1261	1411
1261	1766
1262	1395
1262	1763
1265	1513
1266	1942
1266	1962
1269	1591
1269	1708
1270	1883
1271	1454
1271	1887
1271	1915
1272	1457
1272	1742
1272	1856
1272	1933
1273	1752
1274	1585
1274	1734
1274	1970
1275	1531
1276	1947
1276	1965
1277	1607
1278	1382
1280	1743
1280	1889
1282	1384
1282	1602
1286	1732
1286	1773
1287	1674
1287	1994
1288	1467
1289	1437
1289	1818
1290	1627
1290	1685
1292	1801
1293	1848
1293	1890
1294	1737
1295	1586
1295	1808
1297	1399
1299	1366
1299	1470
1300	1686
1300	1981
1301	1436
1301	1512
1301	1574
1301	1728
1302	1404
1302	1613
1303	1405
1303	1919
1304	1436
1304	1574
1304	1740
1305	1691
1306	1923
1307	1386
1308	1748
1309	1696
1309	1836
1310	1581
1310	1872
1312	1489
1312	1837
1314	1989
1315	1461
1315	1535
1317	1353
1319	1337
1319	1888
1321	1322
1322	1579
1322	1953
1323	1472
1323	1751
1323	1758
1323	1918
1324	1788
1326	1758
1326	1777
1327	1372
1327	1471
1327	1563
1328	1385
1328	1627
1329	1476
1329	1803
1329	1844
1330	1462
1330	1694
1332	1600
1332	1761
1335	1479
1336	1659
1337	1674
1338	1375
1338	1978
1340	1690
1340	1885
1341	1397
1342	1859
1344	1359
1344	1566
1344	1748
1345	1400
1345	1749
1346	1921
1347	1933
1348	1676
1348	1903
1349	1745
1349	1911
1350	1651
1350	1671
1350	1912
1352	1449
1352	1539
1352	1547
1352	1942
1353	1714
1355	1981
1355	1998
1357	1923
1359	1426
1360	1744
1361	1538
1361	1709
1361	1886
1362	1472
1363	1624
1365	1532
1366	1611
1366	1885
1367	1379
1367	1606
1367	1617
1367	1706
1367	1858
1368	1441
1368	1447
1368	1530
1368	1850
1369	1561
1370	1937
1370	1972
1371	1988
1372	1938
1373	1478
1375	1601
1376	1395
1376	1613
1376	1747
1376	1914
1377	1686
1378	1393
1380	1444
1381	1659
1381	1731
1382	1396
1382	1403
1382	1944
1383	1534
1383	1882
1383	1999
1384	1785
1385	1612
1386	1542
1387	1421
1387	1738
1387	1886
1387	1911
1388	1639
1389	1548
1389	1712
1390	1628
1391	1445
1391	1567
1392	1732
1393	1580
1394	1643
1394	1713
1395	1755
1396	1479
1396	1742
1398	1857
1398	1915
1399	1624
1399	1696
1399	1864
1400	1749
1401	1407
1401	1756
1402	1948
1405	1609
1405	1715
1405	1750
1406	1413
1406	1519
1406	1578
1406	1745
1407	1447
1407	1854
1408	1604
1408	1753
1409	1611
1410	1485
1412	1607
1412	1937
1413	1557
1415	1999
1417	1783
1417	1839
1418	1420
1419	1588
1422	1697
1422	1935
1423	1424
1423	1833
1423	1939
1424	1684
1424	1769
1425	1458
1425	1788
1426	1814
1426	1841
1427	1590
1427	1908
1428	1965
1430	1560
1430	1663
1430	1983
1431	1471
1431	1600
1432	1473
1432	1512
1433	1858
1433	1987
1434	1483
1434	1746
1435	1542
1435	1859
1437	1711
1437	1891
1438	1461
1440	1447
1440	1863
1441	1885
1442	1481
1442	1710
1442	1888
1443	1470
1445	1770
1445	1808
1445	1977
1446	1855
1447	1585
1449	1753
1450	1653
1451	1752
1451	1924
1452	1611
1452	1780
1453	1903
1454	1531
1455	1722
1456	1687
1460	1501
1461	1670
1462	1768
1462	1797
1463	1517
1463	1867
1464	1816
1465	1895
1466	1632
1468	1732
1472	1807
1474	1575
1474	1824
1475	1957
1476	1488
1477	1682
1477	1781
1478	1659
1479	1838
1480	1649
1482	1606
1482	1922
1485	1850
1486	1998
1487	1554
1488	1658
1489	1961
1489	1976
1492	1650
1492	1916
1492	1973
1493	1781
1495	1589
1495	1624
1497	1744
1497	1847
1497	1981
1499	1679
1499	1828
1501	1558
1501	1656
1502	1716
1502	1827
1502	1885
1504	1518
1505	1918
1506	1787
1507	1842
1508	1755
1510	1532
1512	1811
1513	1696
1515	1604
1515	1643
1515	1833
1518	1641
1518	1722
1518	1818
1519	1658
1521	1571
1523	1758
1523	1849
1523	1955
1526	1890
1527	1647
1527	1971
1528	1930
1529	1673
1529	1922
1531	1546
1531	1655
1532	1763
1533	1817
1534	1718
1536	1759
1537	1542
1537	1912
1538	1579
1539	1676
1541	1674
1541	1708
1542	1852
1542	1890
1543	1805
1545	1962
1546	1925
1549	1630
1549	1980
1550	1956
1551	1612
1551	1843
1552	1791
1554	1571
1555	1785
1555	1895
1556	1584
1556	1869
1558	1637
1559	1795
1559	1902
1559	1955
1561	1571
1561	1669
1561	1937
1564	1745
1565	1638
1568	1645
1569	1588
1569	1824
1570	1725
1572	1582
1572	1699
1572	1756
1573	1902
1574	1842
1576	1599
1576	1796
1577	1940
1578	1621
1578	1954
1581	1931
1582	1766
1583	1666
1583	1808
1586	1763
1587	1774
1588	1619
1589	1782
1589	1830
1592	1775
1593	1985
1594	1745
1599	1861
1602	1832
1603	1890
1604	1662
1604	1835
1605	1914
1606	1709
1606	1803
1606	1896
1609	1654
1611	1774
1611	1943
1612	1774
1615	1660
1615	1852
1615	1990
1616	1630
1616	1769
1617	1975
1618	1817
1619	1772
1624	1752
1624	1947
1625	1757
1626	1683
1626	1821
1627	1844
1628	1732
1629	1633
1629	1904
1630	1680
1631	1747
1632	1708
1633	1789
1633	1816
1634	1853
1634	1946
1635	1695
1635	1855
1638	1686
1639	1765
1640	1815
1641	1967
1643	1951
1644	1921
1645	1690
1647	1805
1647	1926
1648	1656
1648	1875
1649	1789
1650	1678
1650	1939
1652	1772
1652	1859
1653	1679
1657	1724
1658	1800
1663	1665
1664	1831
1665	1840
1667	1922
1670	1974
1671	1797
1671	1978
1672	1790
1674	1978
1674	1979
1675	1997
1678	1762
1678	1867
1679	1692
1679	1713
1679	1991
1682	1710
1684	1816
1686	1980
1687	1792
1687	1970
1689	1840
1694	1720
1697	1863
1697	1869
1699	1838
1699	1962
1702	1712
1702	1823
1702	1992
1711	1816
1711	1979
1712	1873
1715	1880
1720	1934
1721	1928
1723	1899
1727	1752
1731	1798
1733	1917
1736	1972
1740	1892
1741	1908
1745	1961
1749	1790
1750	1959
1752	1977
1758	1770
1763	1821
1764	1911
1766	1768
1767	1831
1767	1842
1776	1830
1777	1893
1785	1846
1795	1875
1796	1982
1797	1891
1797	1960
1798	1826
1798	1921
1799	1984
1800	1912
1802	1834
1809	1904
1811	1829
1812	1966
1819	1991
1820	1873
1821	1948
1825	1913
1825	1946
1827	1839
1828	1860
1832	1992
1833	1997
1835	1874
1835	1952
1838	2000
1839	1925
1839	1990
1854	1914
1855	1872
1875	1878
1878	1938
1881	1922
1884	1909
1884	1962
1890	1900
1892	1997
1902	1932
1904	1942
1910	1963
1916	1925
1917	1927
1919	1925
1924	1935
1935	1995
1937	1955
1940	1990
1971	1995
