1	396
1	558
1	598
1	849
1	1114
1	1579
1	1800
2	509
2	999
2	1045
2	1053
2	1292
2	1773
3	171
3	928
3	1286
3	1713
4	45
4	181
4	543
4	798
4	973
4	1130
4	1156
4	1165
4	1649
5	79
5	805
5	1160
5	1390
5	1443
5	1610
5	1932
5	1997
6	343
6	942
6	966
6	1150
6	1233
6	1396
6	1941
7	108
7	710
7	877
7	969
7	1126
7	1131
7	1369
8	116
8	124
8	626
8	833
8	861
8	1128
8	1186
9	97
9	153
9	521
9	1275
9	1384
9	1894
10	272
10	752
10	858
10	1650
10	1979
11	574
11	1175
11	1199
11	1290
11	1550
11	1693
11	1764
11	1834
12	28
12	564
12	624
12	793
12	1049
13	112
13	202
13	490
13	665
13	821
13	1628
13	1880
14	37
14	283
14	485
14	882
14	1057
14	1358
15	235
15	1253
15	1260
15	1359
15	1483
15	1656
16	489
16	549
16	576
16	1246
17	36
17	673
17	1138
17	1163
17	1308
17	1400
17	1979
18	219
18	379
18	399
18	1693
18	1729
18	1777
18	1970
19	53
19	332
19	550
19	556
19	697
19	1641
20	595
20	765
20	1077
20	1498
20	1653
21	169
21	555
21	639
21	1067
22	554
22	570
22	699
22	1430
23	79
23	211
23	217
23	309
23	918
23	1146
24	705
24	1021
24	1268
24	1716
24	1727
24	1929
25	320
25	507
25	673
25	852
25	1985
26	577
26	583
26	723
26	917
26	1688
26	1694
26	1754
27	118
27	525
27	767
27	790
27	829
27	974
27	1226
28	458
28	792
28	867
28	1501
28	1628
28	1690
28	1783
29	86
29	836
29	1288
29	1877
30	526
30	635
30	873
30	1598
30	1747
31	174
31	212
31	244
31	744
31	766
31	1677
32	85
32	163
32	414
32	1694
32	1982
33	547
33	729
33	1111
33	1329
34	137
34	151
34	396
34	509
34	541
34	1361
35	428
35	612
35	861
35	1032
35	1176
35	1675
36	152
36	574
36	594
36	966
36	1265
36	1629
36	1919
37	396
37	508
37	698
37	985
37	1168
37	1732
37	1795
38	282
38	552
38	564
38	750
38	788
38	796
38	1029
38	1811
39	671
39	874
39	1017
39	1601
39	1701
40	225
40	457
40	552
40	1224
40	1634
41	72
41	332
41	703
41	885
41	1023
41	1509
42	261
42	977
42	1093
42	1928
43	274
43	658
43	1092
43	1419
43	1521
43	1534
43	1563
43	1756
43	1919
44	178
44	193
44	201
44	296
44	770
44	822
44	1854
45	67
45	146
45	721
45	1311
45	1328
46	146
46	739
46	935
46	975
46	1470
47	225
47	511
47	761
47	904
47	946
47	1207
48	241
48	567
48	653
48	953
48	1293
48	1571
48	1664
48	1737
49	209
49	1163
49	1194
49	1636
49	1712
49	1766
50	277
50	431
50	1502
50	1708
50	1839
50	1986
51	111
51	295
51	313
51	1811
51	1844
51	1855
52	824
52	914
52	967
52	1556
52	1567
52	1581
52	1700
52	1742
52	1921
53	540
53	836
53	897
53	1480
54	595
54	740
54	1455
54	1863
55	101
55	643
55	657
55	998
55	1146
55	1357
55	1666
56	252
56	703
56	835
56	888
56	1245
56	1348
56	1531
56	1848
57	294
57	615
57	628
57	1290
57	1466
57	1630
58	289
58	411
58	1044
58	1118
58	1223
59	975
59	1153
59	1310
59	1797
59	1977
60	112
60	1284
60	1355
61	300
61	782
61	1120
61	1165
61	1657
62	429
62	1216
62	1351
62	1534
62	1810
63	331
63	540
63	1043
63	1446
63	1598
64	379
64	779
64	875
64	1131
64	1809
65	97
65	365
65	1156
65	1488
65	1547
65	1573
65	1918
66	358
66	415
66	752
66	1256
66	1872
67	759
67	1116
67	1323
67	1340
67	1721
67	1956
67	1982
68	92
68	270
68	1056
68	1591
68	1678
69	77
69	295
69	298
69	810
69	1581
69	1861
70	136
70	407
70	841
70	854
70	1238
70	1527
70	1609
70	1618
70	1767
71	120
71	151
71	340
71	716
71	883
71	1152
71	1224
71	1353
71	1729
72	91
72	387
72	661
72	1596
72	1638
72	1820
72	1936
73	487
73	535
73	631
73	987
73	1074
73	1109
74	868
74	1160
74	1281
74	1614
74	1752
75	483
75	502
75	678
75	1932
76	521
76	852
76	1301
76	1355
77	529
77	1400
77	1699
77	1946
78	124
78	542
78	1405
78	1510
78	1540
78	1877
78	1990
79	395
79	1013
79	1070
79	1116
79	1437
79	1748
80	242
80	295
80	1393
81	697
81	1557
81	1699
82	94
82	957
82	1191
82	1264
82	1966
83	548
83	617
83	1053
83	1298
83	1609
84	154
84	290
84	291
84	1006
84	1283
85	994
85	1015
85	1280
85	1407
85	1473
86	1684
86	1899
86	1924
87	173
87	275
87	1107
87	1372
87	1476
87	1874
88	446
88	453
88	930
88	1158
88	1206
88	1231
88	1400
88	1634
88	1701
89	239
89	722
89	863
89	1392
89	1416
89	1462
90	500
90	539
90	630
90	842
90	1179
90	1194
90	1329
90	1634
91	855
91	907
91	1060
91	1224
91	1418
91	1644
91	1668
91	1760
91	1820
92	218
92	561
92	1198
92	1280
92	1352
92	1587
92	1716
93	713
93	836
93	874
93	1366
93	1572
94	506
94	509
94	1120
94	1187
94	1636
94	1650
95	485
95	502
95	1008
95	1200
95	1261
95	1420
95	1475
95	1483
95	1503
95	1613
96	186
96	282
96	430
96	1081
96	1536
96	1544
96	1825
97	234
97	408
97	517
97	1247
97	1329
97	1334
97	1827
97	1869
98	542
98	999
98	1053
98	1239
98	1244
98	1994
99	347
99	661
99	1307
99	1413
99	1741
100	220
100	812
100	1170
100	1284
100	1513
100	1569
101	765
101	831
101	1017
101	1042
101	1171
102	339
102	756
102	1682
102	1892
103	307
103	663
103	810
103	1051
103	1071
104	249
104	253
104	890
104	1270
104	1515
105	147
105	674
105	1229
105	1451
105	1513
105	1993
106	239
106	861
106	1025
106	1263
106	1889
107	401
107	575
107	711
107	836
107	1271
107	1272
107	1531
108	237
108	496
108	966
108	1464
109	590
109	780
109	959
109	1089
109	1200
110	129
110	611
110	1050
110	1233
110	1237
110	1337
110	1362
110	1559
111	745
111	1268
111	1675
111	1736
112	188
112	1171
112	1204
112	1401
113	191
113	530
113	687
113	718
113	813
113	1010
113	1979
114	175
114	443
114	748
114	1007
114	1349
114	1621
114	1721
115	420
115	598
115	749
115	1036
115	1674
116	419
116	795
116	1527
117	1380
117	1631
117	1688
117	1995
118	188
118	630
118	679
118	715
118	875
118	1492
118	1558
118	1682
119	669
119	740
119	1197
119	1429
119	1747
120	926
120	988
120	1112
120	1476
120	1717
120	1955
121	718
121	815
121	1120
121	1368
121	1386
121	1735
122	630
122	1067
122	1323
122	1823
123	208
123	243
123	290
123	351
123	486
123	729
123	814
123	1696
124	432
125	260
125	453
125	826
125	1128
125	1280
125	1562
125	1644
126	1040
126	1434
126	1527
126	1663
127	146
127	189
127	665
127	849
127	935
127	1168
128	356
128	540
128	803
128	1082
128	1133
128	1301
128	1627
129	842
129	1395
129	1516
129	1834
130	516
130	1123
130	1420
130	1458
130	1617
130	1764
130	1893
131	590
131	960
131	998
131	1211
131	1363
131	1662
132	194
132	306
132	837
132	1502
132	1611
132	1766
133	511
133	911
133	1143
133	1577
134	173
134	206
134	969
134	1892
135	168
135	420
135	1034
135	1155
135	1159
135	1481
135	1562
136	446
136	489
136	1525
136	1633
136	1868
137	290
137	321
137	672
137	816
137	1240
137	1281
137	1405
137	1484
138	298
138	441
138	656
139	346
139	463
139	869
139	1665
139	1817
139	1864
140	545
140	863
140	937
140	1464
140	1836
141	301
141	688
141	841
141	1553
142	196
142	401
142	528
142	633
142	1580
143	152
143	491
143	764
143	1031
143	1167
143	1197
144	226
144	297
144	806
144	1231
144	1556
145	455
145	526
145	773
145	1170
145	1353
145	1612
146	1033
146	1415
146	1480
146	1495
146	1608
146	1647
146	1942
147	156
147	744
147	1020
147	1282
147	1473
147	1753
147	1803
148	256
148	588
148	1160
148	1393
148	1453
149	942
149	1431
149	1718
149	1732
149	1913
150	282
150	689
150	1006
150	1342
150	1457
151	473
151	900
151	1047
151	1383
151	1865
151	1959
152	424
152	443
152	593
152	1501
153	494
153	1216
153	1720
153	1869
154	271
154	775
154	1348
154	1722
154	1940
154	1945
155	467
155	522
155	1189
155	1694
156	358
156	787
156	1387
156	1824
157	482
157	1115
157	1198
157	1542
157	1900
157	1916
158	440
158	969
158	1262
158	1274
158	1448
158	1525
158	1813
159	370
159	602
159	1120
159	1139
159	1196
159	1984
160	288
160	909
160	935
160	1267
160	1357
160	1442
161	649
161	1073
161	1080
161	1191
161	1260
161	1528
161	1567
161	1944
162	248
162	958
162	1125
162	1719
162	1981
163	691
163	1587
163	1598
163	1958
164	205
164	458
164	581
164	673
164	853
164	1658
164	1933
165	600
165	627
165	1118
165	1307
165	1403
165	1546
165	1599
165	1845
166	276
166	789
166	1363
166	1776
166	1935
167	329
167	460
167	727
167	1166
167	1175
167	1190
167	1240
167	1250
167	1478
168	663
168	768
168	1873
169	573
169	685
169	1024
169	1165
169	1375
169	1967
170	233
170	236
170	651
170	956
170	1086
171	540
171	699
171	740
171	1152
171	1562
171	1740
172	432
172	565
172	570
172	776
172	840
172	1155
172	1822
173	511
173	1050
173	1485
174	959
174	1750
174	1935
174	1971
175	283
175	761
175	1499
175	1541
175	1769
175	1986
176	261
176	1445
176	1696
176	1723
177	319
177	518
177	1101
177	1617
177	1702
177	1908
177	1953
178	619
178	740
178	1366
178	1621
178	1972
179	241
179	438
179	442
179	1256
179	1304
179	1624
180	259
180	441
180	795
180	1333
180	1340
180	1547
180	1876
181	817
181	1177
181	1354
181	1995
182	235
182	713
182	1346
182	1745
182	1789
183	194
183	441
183	488
183	503
183	904
183	1495
183	1809
184	208
184	221
184	259
184	411
184	579
184	1021
184	1489
184	1809
185	235
185	1012
185	1223
185	1599
186	213
186	624
186	957
186	1251
186	1371
186	1467
186	1494
187	380
187	1121
187	1756
188	579
188	1399
188	1966
189	658
189	700
189	1362
189	1487
190	277
190	295
190	752
190	949
190	1619
190	1683
191	231
191	363
191	452
191	616
191	697
191	719
191	887
191	888
192	356
192	402
192	913
192	1794
192	1842
192	1886
193	261
193	348
193	504
193	1515
193	1546
193	1550
193	1721
193	1880
194	777
194	1157
194	1633
194	1681
195	518
195	615
195	782
195	819
195	1449
195	1743
195	1799
196	256
196	1211
196	1615
197	331
197	405
197	1257
197	1636
197	1660
197	1800
197	1906
198	270
198	483
198	1606
198	1879
199	1156
199	1317
199	1597
200	451
200	1225
200	1968
201	400
201	627
201	690
201	790
201	886
202	288
202	423
202	792
202	1003
202	1278
202	1612
202	1767
203	548
203	1122
203	1390
203	1637
203	1656
203	1775
203	1832
204	400
204	491
204	501
204	698
204	778
204	1236
205	272
205	785
205	839
205	1326
205	1356
205	1814
205	1846
206	220
206	484
206	766
206	1019
206	1205
206	1668
206	1969
207	1028
207	1190
207	1788
207	1942
207	1948
208	413
208	1213
208	1693
208	1721
208	1733
209	412
209	916
209	952
209	1348
209	1404
209	1978
210	284
210	325
210	490
210	855
210	876
210	976
210	1276
210	1617
211	427
211	1974
212	214
212	977
212	1418
212	1664
212	1964
212	1989
213	435
213	458
213	1144
213	1410
213	1546
213	1974
214	466
214	758
214	1792
214	1903
215	1507
215	1657
215	1708
216	372
216	434
216	501
216	509
216	1235
216	1394
217	343
217	434
217	548
217	927
217	1789
218	447
218	631
218	1829
219	654
219	805
219	1477
219	1598
219	1946
220	985
220	1404
220	1608
220	1641
221	302
221	1490
222	1236
222	1382
222	1830
222	1853
223	477
223	605
223	809
223	1103
223	1304
223	1706
223	1810
223	1936
223	1950
223	1983
224	428
224	507
224	644
224	723
224	731
225	536
225	551
225	928
225	1201
225	1582
226	561
226	567
226	1114
226	1723
226	1752
227	305
227	1507
227	1585
227	1994
228	760
228	939
228	1034
228	1559
228	1650
228	1832
229	537
229	886
229	995
229	1133
229	1220
229	1699
229	1778
229	1801
230	829
230	1316
230	1907
231	240
231	1278
231	1688
231	1826
231	1930
232	277
232	459
232	702
232	787
232	973
232	1670
232	1908
233	909
233	1091
233	1296
233	1610
234	438
234	757
234	1045
234	1125
234	1193
234	1247
234	1384
235	305
235	765
235	1015
235	1120
235	1825
236	658
236	783
236	1181
236	1499
237	349
237	355
237	554
237	1033
237	1053
237	1072
237	1372
238	390
238	530
238	909
238	1040
238	1086
239	682
239	703
239	985
239	1198
239	1417
239	1443
239	1888
240	297
240	821
240	951
240	1611
240	1776
241	1208
241	1904
241	1989
242	925
242	953
242	1412
242	1459
242	1789
242	1810
243	611
243	626
243	1140
243	1960
244	365
244	505
244	933
244	1113
244	1150
244	1242
245	458
245	464
245	580
245	886
245	1078
245	1093
246	304
246	468
246	883
246	1020
246	1284
246	1608
246	1784
246	1912
247	254
247	520
247	688
247	907
247	929
247	1677
247	1718
248	910
248	1779
248	1854
249	346
249	354
249	366
249	451
249	682
249	1163
249	1286
249	1514
250	572
250	783
250	1110
250	1416
251	669
251	858
251	1063
251	1158
251	1714
251	1786
252	393
252	1373
252	1440
253	366
253	422
253	834
253	915
253	1294
253	1630
254	979
254	1074
254	1129
254	1793
254	1898
255	453
255	832
255	1064
255	1746
255	1803
256	415
256	433
256	663
256	1330
256	1400
257	601
257	689
257	871
257	926
257	1355
258	613
258	1010
258	1135
258	1257
258	1367
258	1428
258	1830
259	286
259	515
259	639
259	1049
259	1080
259	1484
259	1803
259	1927
260	653
260	1441
260	1445
260	1579
260	1903
260	1925
261	631
261	1047
261	1859
261	1908
262	302
262	521
262	864
262	920
262	1841
263	313
263	753
263	1061
263	1265
263	1648
263	1838
263	1905
264	532
264	911
264	1602
264	1671
264	1775
265	514
265	701
265	1003
265	1063
265	1085
265	1091
265	1280
265	1286
265	1374
265	1426
265	1842
265	1952
266	344
266	687
266	1315
266	1319
266	1467
267	305
267	431
267	1156
267	2000
268	307
268	573
268	791
268	913
268	983
268	1746
269	400
269	599
269	1301
269	1785
270	355
270	581
270	762
271	424
271	565
271	705
271	905
271	1743
272	805
272	1071
273	1054
273	1103
273	1167
273	1829
274	345
274	462
274	1639
274	1831
275	1011
275	1151
275	1714
275	1725
276	986
276	1355
276	1631
276	1760
277	825
277	1457
277	1736
277	1803
277	1977
278	345
278	1049
278	1080
278	1478
278	1584
278	1593
279	713
279	1087
279	1278
279	1316
279	1457
279	1770
279	1798
279	1878
280	533
280	534
280	539
280	804
280	1024
280	1911
281	433
281	634
281	901
281	1134
281	1649
281	1952
282	391
282	830
282	1030
282	1634
282	1830
283	401
283	566
283	1339
283	1784
284	334
284	851
284	1756
285	317
285	445
285	613
285	856
285	997
285	1401
285	1781
285	1895
286	372
286	494
286	596
286	1028
287	494
287	1167
287	1547
288	386
288	1195
288	1306
289	486
289	881
289	986
289	1177
289	1439
290	919
290	1317
290	1486
290	1492
290	1505
291	324
291	352
291	1291
292	321
292	1413
292	1660
292	1912
293	649
293	1292
293	1411
293	1454
294	426
294	945
294	991
294	1084
294	1215
294	1858
294	1864
294	1902
295	717
295	965
295	1291
295	1877
296	1108
296	1136
296	1957
297	625
297	819
297	901
297	1329
297	1529
297	1863
297	1954
298	735
298	801
298	1533
298	1589
298	1794
299	789
299	833
299	1086
299	1279
299	1710
300	944
300	1600
300	1712
300	1742
301	776
301	1479
301	1747
302	460
302	501
302	1279
302	1413
302	1848
303	499
303	750
303	990
303	1002
303	1103
303	1241
303	1493
303	1815
304	962
304	1526
304	1809
305	1786
305	1942
306	697
306	1124
306	1382
306	1444
306	1610
307	796
307	958
307	1309
308	351
308	579
308	1671
308	1746
309	1063
309	1661
309	1722
309	1920
309	1926
310	342
310	622
310	982
310	1348
310	1726
310	1829
311	1625
311	1739
311	1788
311	1831
311	1975
312	486
312	514
312	1133
312	1499
312	1507
313	740
313	872
313	1038
313	1554
313	1586
313	1664
313	1720
313	1894
313	1934
314	793
314	1159
314	1413
314	1415
314	1504
314	1540
315	597
315	1046
315	1523
315	1985
316	618
316	1056
316	1334
316	1361
316	1672
316	1984
317	1409
317	1699
318	644
318	778
318	1046
318	1357
319	325
319	926
319	1208
319	1475
320	715
320	1057
320	1084
320	1922
321	442
321	901
321	1061
322	420
322	1081
322	1165
322	1505
322	1658
323	706
323	1063
323	1662
323	1975
324	437
324	441
324	937
324	1147
324	1903
324	1933
325	745
325	965
325	1090
325	1541
326	494
326	1233
326	1650
326	1888
327	549
327	749
327	1135
327	1614
327	1639
327	1642
327	1842
328	333
328	718
328	1015
328	1172
328	1328
328	1416
328	1475
329	543
329	680
329	1922
330	995
330	1208
330	1274
330	1340
330	1692
330	1957
331	336
331	914
331	1070
331	1807
331	1973
332	536
332	1131
333	532
333	800
333	901
333	1049
333	1408
334	348
334	895
334	1435
335	345
335	1215
335	1233
335	1391
335	1702
336	352
336	771
336	882
336	993
337	813
337	846
337	1018
337	1275
337	1689
337	1864
338	519
338	714
338	1137
338	1462
338	1696
339	531
339	670
339	915
339	1622
340	908
340	969
340	1010
341	387
341	593
341	687
341	1620
342	591
342	983
342	1437
342	1958
343	452
343	952
343	1402
343	1604
343	1888
344	360
344	1172
344	1341
344	1419
344	1485
344	1511
344	1672
344	1678
345	367
345	376
345	725
345	1335
345	1875
345	1925
346	739
346	1169
346	1232
346	1657
346	1871
346	1921
347	348
347	447
347	525
347	938
347	1050
347	1596
347	1604
347	1994
348	1746
348	1980
349	727
349	980
349	1076
349	1390
349	1442
349	1481
349	1952
349	1974
350	459
350	585
350	1501
350	1979
351	961
351	1282
352	590
352	1275
352	1860
353	355
353	801
353	852
353	1171
353	1544
353	1698
354	832
354	1327
354	1629
355	427
355	1254
355	1326
355	1471
356	678
356	1186
356	1510
356	1695
357	470
357	534
357	1475
358	460
358	1398
359	382
359	465
359	483
359	723
359	1149
360	638
360	1278
360	1384
360	1479
361	648
361	869
361	1095
361	1678
362	547
362	1105
362	1324
362	1490
362	1710
363	532
363	1101
363	1130
363	1496
363	1776
363	1885
364	831
364	938
364	1095
364	1977
365	729
365	895
366	509
366	582
366	726
366	819
366	1852
367	872
367	963
367	1357
367	1466
367	1625
368	663
368	1194
368	1223
368	1428
368	1461
368	1756
368	1792
368	1895
369	452
369	984
369	1023
369	1558
369	1938
369	1978
370	851
370	877
370	1417
370	1556
370	1725
371	573
371	594
371	617
371	1914
372	552
372	702
372	1596
373	860
373	975
373	1560
373	1874
374	375
374	513
374	701
374	836
374	1136
374	1252
374	1264
374	1949
375	496
375	721
375	1464
375	1829
376	1062
376	1074
376	1546
377	597
377	687
377	751
377	1002
377	1061
377	1116
377	1132
377	1819
377	1886
378	461
378	465
378	525
378	772
378	1471
378	1744
378	1781
379	570
379	972
379	1116
380	441
380	647
380	1138
380	1170
381	405
381	993
381	1160
381	1711
381	1901
382	581
382	1034
383	1242
383	1604
383	1995
384	720
384	866
384	891
384	1556
384	1565
384	1942
385	457
385	1015
385	1020
385	1031
385	1234
385	1325
385	1782
385	1866
386	833
386	1008
386	1190
386	1744
386	1885
386	1908
387	514
387	941
387	1794
387	1835
388	563
388	989
388	1395
388	1431
388	1602
388	1709
388	1826
389	582
389	708
389	1443
389	1497
389	1623
390	766
390	1207
390	1225
390	1815
391	758
391	857
391	994
391	1627
391	1791
392	545
392	594
392	869
392	1910
393	700
393	1183
393	1292
393	1314
393	1574
393	1961
394	399
394	816
394	853
394	1371
394	1672
394	1710
394	1715
395	862
395	1072
395	1412
395	1735
395	1779
396	878
396	947
396	961
396	1539
397	490
397	523
397	1437
397	1543
397	1570
397	1810
397	1843
398	731
398	920
398	1286
398	1473
398	1482
398	1882
399	434
400	586
400	668
400	760
400	799
400	894
401	456
401	648
401	1295
401	1480
402	710
402	884
402	913
402	946
402	1095
402	1181
402	1387
402	1837
403	952
403	1057
403	1148
403	1253
403	1658
403	1836
403	1981
404	499
404	551
404	787
404	973
404	1152
404	1640
404	1840
404	1893
405	1384
405	1417
405	1477
405	1565
405	1673
405	1684
405	1935
406	606
406	902
406	1506
406	1979
407	747
407	1025
407	1325
407	1358
407	1621
408	1302
408	1387
408	1665
408	1998
409	979
409	1025
409	1035
409	1052
409	1247
409	1288
409	1793
409	1897
410	619
410	1300
410	1806
410	1853
410	1935
410	1943
411	579
411	585
411	962
411	1149
411	1396
411	1530
411	1615
411	1791
412	696
412	1221
412	1417
412	1692
412	1905
413	932
413	1203
413	1217
413	1560
414	564
414	895
414	1270
415	704
415	784
415	900
415	1673
416	447
416	903
416	1590
416	1661
416	1694
416	1740
416	1766
416	1807
417	805
417	1302
417	1723
417	1782
417	1793
417	1891
418	565
418	1058
418	1173
418	1397
419	1179
419	1512
419	1616
419	1768
419	1802
419	1904
419	1963
420	850
420	923
420	1031
420	1436
420	1949
421	634
421	1034
421	1249
421	1754
422	692
422	829
422	1481
422	1891
422	1983
423	1275
423	1344
423	1407
423	1607
423	1620
423	1940
423	1947
424	587
424	643
424	693
424	1255
425	826
425	958
425	1170
425	1315
425	1641
425	1825
426	867
426	1394
426	1487
427	959
427	1079
427	1132
428	474
428	566
428	1023
428	1145
428	1924
429	619
429	728
429	978
429	1691
429	1880
429	1905
430	718
430	798
430	1369
430	1999
431	459
431	577
431	611
431	1619
432	471
432	784
432	938
432	948
432	1437
432	1769
433	1037
433	1311
433	1503
433	1828
434	907
434	980
434	1499
434	1692
435	687
435	729
435	1127
435	1550
435	1952
436	533
436	1270
436	1607
436	1902
437	458
437	1160
437	1786
437	1912
438	512
438	522
438	593
438	1591
438	1661
438	1789
439	839
439	1416
439	1448
439	1791
440	1216
440	1441
440	1814
441	738
441	932
441	1036
441	1414
441	1559
441	1867
442	1147
442	1339
442	1527
443	1176
443	1228
443	1745
444	798
444	1153
444	1326
444	1426
444	1887
444	1896
445	465
445	1046
445	1337
445	1828
446	663
446	1158
446	1452
446	1757
446	1819
446	1942
447	775
447	946
447	1175
448	478
448	607
448	645
448	652
448	772
448	1068
448	1455
448	1750
449	536
449	1084
449	1914
450	451
450	572
450	905
450	933
450	1187
451	505
451	842
451	1449
451	1542
451	1555
451	1565
451	1785
451	1840
452	782
452	987
452	1173
452	1189
452	1379
452	1501
453	568
453	798
453	1715
454	549
454	1339
454	1629
454	1782
455	519
455	1064
455	1458
455	1892
456	847
456	861
456	1172
456	1209
456	1218
456	1364
456	1689
456	1896
457	562
457	616
457	946
457	1277
457	1587
458	957
458	1460
458	1592
459	481
459	657
459	665
459	791
459	931
459	1439
459	1500
459	1542
460	606
460	682
460	1136
460	1235
460	1502
460	1573
460	1583
460	1649
460	1658
461	930
461	999
461	1673
461	1806
462	575
462	886
462	1046
462	1151
463	712
463	875
463	1023
463	1451
463	1469
463	1788
463	1859
464	1197
464	1331
464	1468
464	1603
465	607
465	653
465	906
465	1382
465	1508
465	1801
466	711
466	980
466	985
466	1164
466	1615
466	1763
466	1878
467	587
467	776
467	810
467	1254
467	1747
467	1908
468	486
468	1071
468	1443
468	1829
469	583
469	906
469	991
469	1166
469	1275
470	545
470	906
470	1034
470	1212
470	1576
471	1072
471	1312
471	1415
471	1478
471	1496
471	1648
471	1762
471	1877
472	735
472	1339
472	1388
472	1703
473	536
473	613
473	878
473	947
473	1479
473	1650
474	648
474	947
474	1088
474	1445
474	1518
474	1800
474	1983
475	522
475	1359
475	1530
475	1554
475	1681
476	937
476	1014
476	1296
476	1615
476	1759
476	1956
476	1985
477	503
477	876
477	1154
477	1490
477	1581
477	1929
478	1280
478	1314
478	1500
478	1723
479	689
479	823
479	1177
479	1241
480	497
480	635
480	687
480	757
480	1519
481	1147
481	1274
481	1356
481	1434
481	1943
482	753
482	783
482	905
482	912
482	1043
482	1150
482	1289
482	1778
482	1803
482	1837
482	1939
483	551
483	993
483	1265
483	1367
483	1449
483	1559
483	1730
483	1923
484	516
484	582
484	634
484	1639
484	1817
484	1941
485	1397
485	1604
485	1839
486	565
486	904
486	1587
487	759
487	849
487	1336
487	1516
487	1606
487	1695
487	1738
488	1452
488	1464
488	1813
488	1974
489	740
489	1002
489	1434
489	1566
489	1883
490	541
490	1000
490	1173
490	1771
490	1895
491	498
491	707
491	943
491	1049
491	1336
492	872
492	1302
492	1492
492	1757
493	628
493	800
493	916
493	1072
493	1848
494	685
494	852
494	909
495	621
495	639
495	811
495	961
495	1067
495	1096
495	1130
495	1208
496	966
497	1097
497	1212
497	1614
497	1662
497	1740
498	779
498	785
498	1405
498	1620
498	1778
498	1839
498	1873
499	702
499	1774
500	693
500	715
500	740
500	1115
501	1994
502	594
502	1202
502	1304
503	1194
504	856
504	930
504	1334
504	1641
504	1697
505	921
505	1615
505	1954
506	1088
506	1103
506	1368
506	1890
507	537
507	716
507	771
507	1516
507	1563
508	1128
508	1301
508	1854
509	727
509	921
510	598
510	809
510	1031
510	1054
510	1317
510	1552
510	1766
510	1991
511	1105
511	1299
511	1342
511	1516
512	953
512	1802
513	644
513	889
513	1042
513	1465
513	1631
513	1786
513	1941
513	1992
515	1034
515	1596
516	738
516	1590
516	1699
517	734
517	808
517	1095
517	1318
517	1774
518	786
518	803
518	833
518	1495
518	1577
518	1728
518	1939
519	786
519	1094
519	1422
519	1791
519	1817
520	1076
520	1450
520	1565
520	1964
521	1104
521	1107
521	1153
521	1197
522	701
522	1066
522	1602
523	575
523	889
524	588
524	787
524	1248
524	1258
524	1326
524	1698
524	1708
525	1368
525	1425
526	683
526	954
526	963
526	1183
526	1334
526	1365
526	1778
526	1917
527	1090
527	1109
527	1512
527	1965
528	751
528	1084
528	1337
528	1355
528	1711
528	1816
529	925
529	1158
529	1244
529	1691
529	1976
530	767
530	919
530	1159
530	1194
531	541
531	717
531	1072
531	1388
531	1572
531	1642
532	684
532	973
532	1058
532	1329
533	1134
533	1327
533	1341
533	1551
533	1661
534	922
534	1299
534	1335
535	842
535	868
535	1829
536	602
536	1017
536	1192
536	1447
536	1719
537	834
537	1691
537	1823
538	544
538	1205
538	1432
538	1692
538	1697
538	1843
539	663
539	956
539	1183
539	1331
539	1503
539	1857
540	1187
540	1487
540	1510
541	691
541	1023
541	1270
541	1871
541	1947
542	1173
542	1668
542	1808
542	1881
543	563
543	591
543	681
543	1045
543	1147
544	766
544	976
544	1323
544	1372
544	1382
544	1518
544	1698
544	1779
544	1844
545	710
545	1403
546	846
546	1217
546	1431
546	1742
547	604
547	1056
547	1238
548	669
548	1440
548	1606
549	1206
549	1292
549	1801
550	749
550	842
550	1154
550	1322
550	1591
551	1335
551	1601
552	1187
552	1391
552	1824
553	664
553	960
553	1204
553	1308
553	1702
553	1846
553	1905
554	613
554	780
554	1677
555	691
555	755
555	956
555	1899
555	1911
556	582
556	1239
556	1669
556	1672
556	1970
557	1115
557	1135
557	1220
557	1450
557	1546
557	1561
558	776
558	1225
558	1540
558	1690
558	1957
559	997
559	1069
559	1289
559	1544
559	1862
559	1931
560	979
560	1257
560	1600
561	761
561	820
561	1405
561	1485
561	1501
561	1669
561	1825
562	618
562	1331
562	1509
562	1665
563	847
563	858
563	927
563	1415
563	1790
564	768
564	1826
564	1864
564	1898
565	956
565	1164
565	1725
565	1785
566	1351
566	1409
567	1874
567	1890
567	1950
568	1053
568	1440
568	1472
568	1560
568	1582
569	1111
569	1602
569	1783
570	1273
570	1348
570	1987
571	1174
571	1190
571	1843
572	872
572	1165
572	1850
573	590
573	927
573	1055
573	1507
573	1519
573	1815
574	719
574	988
574	1831
575	1246
575	1339
575	1340
575	1941
576	585
576	1427
576	1625
576	1827
576	1897
576	1982
577	578
577	919
577	1002
577	1125
578	870
578	1290
578	1309
578	1389
578	1965
578	1966
579	697
579	736
579	882
580	1119
580	1148
580	1372
580	1916
580	1960
581	631
581	858
581	1714
581	1976
582	611
582	1007
582	1172
583	1100
583	1913
584	663
584	687
584	756
584	1094
584	1643
584	1694
585	1378
585	1582
585	1915
585	1942
586	1250
586	1344
586	1454
586	1546
586	1813
587	622
587	769
587	1300
587	1320
587	1439
587	1598
588	812
588	1428
588	1520
588	1541
588	1830
589	702
589	994
589	1194
589	1274
589	1881
590	664
590	1151
591	781
591	822
591	859
591	867
591	1005
591	1137
591	1198
591	1364
591	1535
591	1708
591	1729
591	1742
592	848
592	855
592	1179
592	1605
592	1702
592	1841
594	1038
595	614
595	1710
595	1779
596	777
596	814
596	1726
597	951
597	982
597	1143
597	1515
598	1429
598	1816
598	1973
599	899
599	1315
599	1838
599	1935
600	660
600	748
600	895
600	1320
600	1505
600	1742
601	981
601	1082
601	1124
601	1246
601	1302
601	1371
601	1383
602	685
602	928
602	1938
603	1352
603	1539
603	1676
603	1762
603	1836
603	1842
604	969
604	1435
604	1492
605	609
605	765
605	1048
605	1210
605	1840
605	1900
606	972
606	1164
606	1609
606	1673
606	1896
607	871
607	1105
607	1416
608	740
608	753
608	1184
608	1370
608	1579
608	1731
608	1831
608	1910
608	1915
609	698
609	1365
609	1498
609	1579
610	1087
610	1374
610	1739
610	1995
611	896
611	1197
611	1214
612	684
612	1600
612	1999
613	686
613	1145
613	1181
613	1836
614	722
614	981
614	1208
614	1360
615	819
615	883
615	1217
615	1552
616	686
616	789
616	847
616	880
616	1338
616	1951
617	1830
618	640
618	882
618	1593
618	1620
620	869
620	974
620	1538
620	1635
621	1038
621	1075
621	1559
622	1261
622	1791
623	824
623	840
623	1260
623	1357
623	1998
624	1333
624	1533
624	1962
625	690
625	1834
625	1865
625	1984
626	911
626	1011
626	1267
626	1624
626	1948
627	874
627	967
627	1159
627	1901
628	697
628	1295
628	1633
629	845
629	1221
629	1496
629	1501
629	1892
629	1921
629	1930
630	970
630	1137
630	1443
631	687
631	1007
631	1506
632	798
632	988
632	1465
632	1862
633	683
633	741
633	784
633	1026
633	1150
633	1495
633	1500
634	1604
634	1699
635	724
635	727
635	948
635	1013
635	1383
635	1598
635	1613
635	1831
636	730
636	949
636	1694
636	1852
636	1896
637	1028
637	1217
637	1237
637	1428
637	1473
637	1638
637	1989
638	804
638	815
638	923
638	1119
638	1139
639	643
639	932
639	1673
639	1687
639	1756
639	1936
640	949
640	1354
640	1416
640	1678
640	1932
640	1972
641	644
641	735
641	843
641	1383
641	1599
641	1981
642	1188
642	1618
642	1699
642	1841
643	770
643	1145
643	1414
644	941
644	1062
644	1385
645	740
645	1128
645	1646
646	781
646	852
646	1351
646	1418
646	1915
647	824
647	1031
647	1367
647	1438
648	880
648	1206
648	1389
648	1856
649	700
649	1202
649	1836
649	1845
650	760
650	990
650	1885
651	1325
651	1682
651	1876
651	1988
652	1144
652	1180
652	1589
652	1852
653	1063
653	1188
653	1339
654	1122
654	1536
654	1676
654	1696
654	1785
654	1933
655	715
655	883
655	1108
655	1382
656	875
656	940
656	1071
656	1107
656	1460
656	1553
656	1793
657	889
657	1949
658	819
658	896
658	1258
658	1364
659	751
659	1496
659	1555
659	1657
659	1768
659	1978
660	1141
660	1260
660	1513
660	1912
661	732
661	877
661	1040
661	1184
661	1660
662	884
662	940
662	1019
662	1036
662	1103
662	1137
662	1783
662	1958
663	947
664	746
664	998
664	1122
664	1129
664	1899
665	918
665	1460
666	1318
666	1590
666	1951
666	1964
667	734
667	814
667	848
667	880
667	1347
667	1961
668	679
668	694
668	780
668	962
668	1500
668	1614
668	1999
669	1012
670	724
670	945
670	1110
670	1660
671	769
671	1263
671	1653
671	1675
671	1948
672	681
672	766
672	898
672	1178
673	1763
673	1851
674	779
674	900
674	1077
674	1380
674	1467
674	1592
675	979
675	1443
675	1607
675	1677
675	1974
675	1997
676	903
676	1037
676	1060
676	1186
676	1205
676	1503
676	1758
677	953
677	1481
677	1783
677	1989
678	1014
678	1725
678	1751
679	902
679	1944
680	840
680	1051
680	1194
680	1444
680	1564
680	1807
680	1974
681	912
681	1308
681	1678
681	1770
682	1337
682	1534
682	1569
682	1994
683	711
683	1293
683	1513
683	1751
684	696
684	1393
684	1830
684	1868
685	878
685	1922
686	779
686	811
686	1574
686	1933
687	1088
687	1337
687	1341
687	1755
688	1190
688	1373
688	1679
688	1791
689	694
689	698
689	778
689	1451
689	1463
689	1476
690	815
690	1026
690	1182
690	1223
690	1945
691	1243
692	737
692	823
692	1246
692	1470
692	1792
692	1823
693	892
693	1279
693	1897
694	713
694	824
694	875
694	959
694	1247
694	1436
694	1510
694	1929
695	794
695	1448
695	1899
695	1968
696	827
696	1522
696	1715
697	732
697	755
698	1336
699	1981
700	1170
700	1479
700	1598
701	822
701	832
701	1032
701	1095
701	1437
701	1640
701	1859
702	1338
702	1406
703	1101
703	1631
704	917
704	1177
704	1458
704	1885
705	782
705	1194
705	1312
705	1336
705	1546
706	848
706	899
706	1384
706	1441
706	1642
706	1703
706	1797
706	1811
707	834
707	835
707	954
707	1447
707	1706
707	1872
707	1892
707	1916
708	1032
708	1088
708	1105
708	1119
709	820
709	975
709	1312
709	1517
709	1769
710	931
710	1180
710	1938
711	868
711	997
711	1043
711	1367
711	1428
711	1440
711	1662
711	1977
712	1002
712	1246
712	1398
712	1535
712	1561
712	1966
713	1204
713	1856
714	901
714	1008
714	1320
714	1688
714	1733
714	1972
715	881
715	898
715	980
715	1703
715	1996
716	1209
716	1224
716	1353
716	1447
716	1769
716	1805
717	1169
717	1293
717	1404
717	1511
717	1565
718	817
718	1376
718	1498
718	1675
718	1689
719	1099
719	1557
720	979
720	1271
720	1757
720	1782
720	1905
721	882
721	893
721	1208
721	1345
721	1402
721	1642
721	1927
722	1026
722	1620
722	1751
723	741
723	943
723	1743
723	1890
724	1512
724	1858
724	1881
725	771
725	1180
725	1365
725	1760
725	1796
725	1797
726	754
726	903
726	945
726	1332
727	1273
727	1498
728	732
728	1038
728	1106
728	1118
728	1918
729	1093
729	1259
729	1421
729	1897
730	1004
730	1018
730	1143
730	1350
731	741
731	1225
731	1541
731	1811
731	1850
732	1022
732	1067
732	1368
732	1750
732	1847
733	831
733	1397
733	1464
733	1692
733	1884
733	1973
734	897
734	1433
734	1581
734	1946
734	1981
735	1042
735	1073
735	1520
735	1744
736	740
736	919
736	1976
737	1063
737	1207
737	1318
737	1773
737	1961
738	1062
738	1801
738	1825
739	1139
739	1605
739	1718
740	797
740	1126
740	1260
740	1920
741	1052
741	1425
741	1827
742	951
742	968
742	1012
742	1271
742	1356
742	1754
743	991
743	1458
743	1733
744	1115
744	1458
744	1512
744	1692
745	836
745	1053
745	1094
745	1932
746	828
746	999
746	1125
746	1379
746	1718
746	1760
747	1123
747	1201
747	1297
747	1452
748	1077
748	1360
748	1476
748	1505
748	1737
749	827
749	1272
749	1926
750	836
750	887
750	1631
751	976
751	1494
751	1510
752	864
752	1306
752	1616
752	1751
752	1798
752	1876
753	1303
753	1568
753	1899
754	1288
754	1465
754	1496
754	1676
754	1748
755	1004
755	1326
755	1423
755	1748
756	1018
756	1405
756	1436
757	809
757	1285
757	1330
757	1572
757	1685
758	1582
758	1633
758	1712
759	833
759	1518
759	1719
760	774
760	1007
760	1032
760	1746
760	1802
760	1910
761	1028
761	1134
761	1272
761	1364
761	1478
761	1764
761	1814
762	816
762	1101
762	1740
763	910
763	1025
763	1804
763	1924
763	1942
764	790
764	1075
764	1186
764	1274
765	1638
767	1535
767	1857
767	1924
767	1926
768	888
768	920
768	1064
768	1411
768	1489
768	1804
769	1056
769	1754
769	1895
769	1988
770	838
770	909
770	924
770	1518
771	817
771	1736
771	1907
772	1139
772	1415
772	1471
772	1645
772	1791
773	997
773	1161
773	1874
774	789
774	844
774	1021
774	1935
775	875
775	1527
775	1537
775	1626
776	1241
776	1749
776	1913
776	1930
777	883
777	985
777	1603
777	1776
777	1918
777	1990
778	1107
778	1339
779	1919
779	1968
779	1970
780	1327
780	1870
781	1182
781	1498
781	1511
781	1575
782	1264
783	1872
783	1993
784	1430
785	926
785	1041
785	1132
785	1922
786	934
786	1008
786	1737
786	1799
787	873
787	1228
787	1644
788	1042
788	1532
788	1849
788	1937
789	1919
790	1138
790	1306
790	1549
790	1674
791	1142
791	1378
791	1984
792	810
792	942
792	1270
792	1544
793	981
794	1256
794	1460
794	1929
795	934
795	1081
795	1192
795	1421
795	1572
796	811
796	1345
796	1363
796	1902
797	819
797	1578
797	1663
797	1676
798	1065
798	1381
798	1467
798	1954
799	1491
799	1714
799	1996
800	1645
800	1771
801	922
801	1131
801	1734
802	1522
802	1594
802	1857
802	1868
802	1901
803	1062
803	1102
803	1538
804	975
804	1032
804	1066
804	1121
804	1591
804	1660
804	1951
805	854
805	1404
806	1071
806	1346
806	1864
807	1147
807	1208
807	1294
807	1305
807	1519
808	1009
808	1644
809	1369
809	1982
810	900
810	1248
810	1506
810	1543
810	1855
812	828
812	1834
813	1022
813	1350
813	1821
814	895
814	1048
814	1274
814	1298
814	1305
814	1370
814	1388
814	1584
815	834
815	860
816	870
816	889
816	940
816	1106
816	1644
816	1683
817	943
817	1646
817	1772
817	1847
818	823
818	1118
818	1182
818	1252
818	1353
818	1909
819	1176
819	1186
819	1470
819	1955
820	1360
820	1890
821	1720
821	1977
822	1108
822	1267
822	1643
822	1731
823	1155
823	1484
824	918
825	852
825	1780
826	1156
826	1210
826	1477
826	1604
826	1820
827	1094
827	1902
828	1330
828	1668
828	1682
829	1441
829	1966
830	935
830	1285
830	1372
830	1670
831	1199
831	1614
831	1806
832	932
832	1406
832	1655
832	1861
833	958
833	1230
833	1241
834	1185
834	1240
834	1298
834	1468
834	1961
835	871
835	1612
836	919
836	1647
837	976
837	1133
837	1136
837	1882
838	890
838	920
838	1219
839	1233
839	1755
839	1757
839	1964
840	1705
840	1816
841	1414
842	1509
842	1617
843	1026
843	1121
843	1532
843	1592
844	1263
844	1453
844	1624
845	1179
845	1537
845	1538
845	1597
846	856
846	987
846	1634
846	1891
847	1037
847	1166
847	1496
847	1636
847	1653
848	900
848	915
848	1061
848	1518
849	986
849	1149
849	1878
849	1897
850	908
850	1084
850	1716
850	1765
851	1179
851	1893
852	1071
852	1503
853	1720
853	1730
854	908
854	1329
854	1645
854	1738
855	1047
855	1409
855	1835
855	1893
856	1238
856	1490
856	1658
856	1787
856	1885
857	1352
857	1419
857	1469
857	1546
857	1639
857	1948
858	1098
858	1113
858	1925
859	1141
859	1184
859	1449
860	864
860	1811
861	907
861	1654
861	1935
862	1028
862	1092
862	1243
862	1408
862	1563
863	1283
863	1884
863	1938
863	1944
864	1141
864	1412
864	1654
864	1744
865	966
865	986
865	1175
865	1474
866	1663
866	1693
866	1778
866	1903
867	1493
867	1871
868	891
868	1214
868	1359
868	1544
868	1965
869	1467
869	1996
870	970
870	1039
870	1250
870	1986
871	921
871	1489
871	1792
872	1199
872	1343
872	1479
872	1489
872	1555
872	1926
873	883
873	1107
873	1179
873	1297
873	1563
873	1570
874	1648
874	1666
875	1882
876	1236
876	1302
876	1364
876	1605
878	1367
878	1782
879	1510
879	1628
879	1887
879	1907
879	1966
880	1345
880	1403
881	1648
881	1894
881	1912
882	1026
882	1590
883	1366
883	1794
884	996
884	1317
885	915
885	1014
885	1529
886	1464
886	1633
886	1760
887	979
887	1373
887	1475
887	1715
888	1125
888	1140
888	1788
889	928
889	1531
890	1280
890	1896
891	1488
891	1514
891	1875
892	924
892	1065
892	1506
893	1375
893	1528
893	1629
893	1700
893	1749
894	1171
894	1197
894	1319
894	1789
894	1847
895	1063
895	1547
895	1771
895	1904
896	1447
897	1090
897	1657
897	1879
898	1155
898	1600
898	1905
898	1944
899	1001
899	1256
900	1064
900	1377
900	1957
901	1058
901	1137
901	1728
902	956
902	1668
903	1226
903	1351
903	1728
904	1039
905	938
905	960
905	1507
905	1942
906	1060
906	1212
906	1668
906	1785
906	1990
907	1012
907	1386
907	1606
907	1910
908	1435
908	1610
908	1926
909	992
909	1121
909	1847
909	1933
910	1448
910	1464
910	1530
911	1357
911	1529
911	1843
911	1857
911	1959
912	1941
912	1950
913	1619
913	1666
913	1970
914	1001
914	1455
914	1621
914	1836
914	1980
915	1117
915	1920
916	982
916	1097
916	1773
916	1902
916	1910
917	1219
917	1245
918	1077
918	1543
919	1695
919	1821
919	1899
920	1700
920	1726
920	1940
921	1275
921	1394
921	1953
922	1041
922	1067
922	1334
922	1601
922	1715
922	1895
923	1666
924	967
924	970
924	1235
924	1599
924	1948
925	1027
925	1791
925	1925
926	1027
926	1272
926	1290
926	1912
927	1110
927	1145
927	1456
928	1011
928	1178
928	1568
928	1645
929	1033
929	1503
929	1551
929	1597
930	935
930	984
931	1132
931	1533
931	1750
932	1624
932	1992
933	1058
933	1152
933	1495
933	1975
934	1148
934	1176
935	992
936	986
936	1255
936	1582
936	1773
937	1161
937	1218
937	1353
937	1453
937	1689
937	1758
938	1111
938	1442
938	1601
939	1067
939	1167
940	944
940	1041
940	1672
941	1318
941	1453
941	1980
942	1525
942	1565
943	1734
943	1971
944	1034
944	1429
944	1524
944	1534
944	1727
944	1882
945	982
945	1014
946	1170
946	1522
946	1822
947	1624
947	1680
948	1026
948	1311
948	1458
948	1467
948	1540
948	1621
949	1188
949	1266
949	1583
950	1136
950	1339
950	1478
950	1658
951	1396
951	1410
951	1735
952	979
952	1022
952	1156
952	1179
952	1316
952	1858
953	1196
953	1230
953	1448
954	1056
954	1087
954	1306
954	1597
954	1891
955	1227
955	1264
955	1266
955	1765
957	1109
958	1073
958	1623
959	988
959	1148
959	1186
959	1220
959	1452
960	1089
960	1184
960	1231
960	1997
961	1134
961	1294
961	1472
961	1587
961	1642
961	1667
962	1521
963	1215
963	1533
963	1634
963	1673
964	1048
964	1093
964	1344
964	1523
964	1761
965	1024
965	1577
965	1602
966	997
967	993
967	1152
967	1185
967	1222
967	1425
967	1946
968	1788
968	1854
969	1082
969	1895
970	995
970	1848
971	1132
971	1354
971	1560
971	1655
972	1102
972	1191
972	1383
974	1131
974	1619
974	1885
975	1851
976	994
976	1340
976	1932
976	1943
977	1251
977	1691
978	1602
978	1680
978	1956
978	1983
979	1706
980	1112
980	1571
980	1578
980	1800
981	1458
981	1567
981	1637
982	1051
982	1245
982	1361
982	1932
983	1375
983	1469
983	1577
983	1852
984	992
984	1155
984	1324
984	1472
985	1114
985	1178
985	1545
985	1694
986	1327
987	1846
987	1931
988	1091
988	1603
988	1635
989	1001
989	1030
989	1410
989	1632
989	1653
989	1992
990	1049
990	1214
990	1299
990	1777
991	1295
991	1343
991	1380
991	1397
992	1164
992	1433
992	1561
992	1739
993	1142
994	1080
995	1003
995	1252
995	1295
995	1373
996	1216
996	1532
997	1446
997	1711
998	1286
999	1242
999	1382
999	1537
999	1569
999	1604
999	1659
1000	1002
1000	1717
1000	1743
1000	1764
1001	1258
1001	1924
1002	1841
1003	1107
1003	1344
1004	1102
1004	1388
1005	1255
1005	1414
1005	1694
1005	1936
1006	1034
1006	1169
1006	1183
1006	1319
1006	1498
1007	1451
1007	1766
1008	1099
1009	1088
1009	1234
1009	1628
1009	1680
1009	1788
1009	1820
1009	1821
1009	1843
1009	1985
1010	1059
1010	1843
1011	1314
1011	1981
1012	1408
1013	1421
1013	1758
1013	1844
1015	1028
1015	1085
1015	1197
1016	1061
1016	1605
1016	1681
1016	1715
1017	1228
1017	1265
1017	1447
1017	1597
1018	1025
1018	1186
1019	1366
1019	1570
1020	1054
1021	1502
1021	1656
1021	1657
1022	1266
1022	1824
1022	1914
1023	1438
1023	1921
1024	1324
1024	1394
1024	1749
1024	1878
1024	1899
1026	1056
1026	1296
1026	1665
1026	1777
1027	1066
1027	1816
1028	1764
1029	1288
1029	1820
1029	1902
1029	1966
1030	1089
1030	1283
1030	1482
1030	1630
1030	1646
1032	1049
1032	1863
1032	1902
1033	1512
1033	1948
1034	1058
1034	1405
1034	1584
1034	1790
1035	1047
1035	1712
1035	1828
1036	1189
1036	1516
1036	1768
1037	1490
1037	1798
1038	1061
1038	1135
1038	1147
1038	1189
1038	1620
1038	1626
1039	1265
1039	1818
1039	1860
1040	1064
1040	1168
1041	1240
1041	1864
1042	1079
1042	1095
1043	1520
1043	1585
1043	1681
1043	1732
1044	1064
1044	1228
1044	1424
1044	1639
1045	1366
1045	1564
1046	1731
1046	1900
1047	1218
1047	1721
1048	1148
1048	1223
1048	1499
1048	1565
1048	1574
1048	1796
1049	1131
1049	1576
1050	1225
1050	1724
1051	1189
1051	1524
1051	1905
1052	1205
1052	1937
1053	1898
1054	1131
1054	1454
1054	1569
1054	1794
1055	1310
1055	1630
1055	1810
1055	1817
1056	1355
1057	1377
1057	1552
1057	1852
1058	1309
1058	1566
1058	1604
1058	1713
1058	1752
1059	1141
1059	1229
1059	1257
1059	1457
1059	1972
1060	1324
1060	1711
1061	1255
1062	1233
1062	1558
1062	1935
1063	1258
1063	1548
1064	1159
1064	1876
1065	1480
1065	1490
1065	1858
1065	1940
1066	1228
1066	1238
1066	1687
1067	1198
1067	1733
1068	1141
1068	1313
1068	1575
1068	1722
1068	1909
1069	1396
1069	1722
1069	1780
1070	1601
1071	1367
1071	1511
1071	1522
1071	1862
1074	1222
1074	1730
1075	1476
1075	1743
1075	1780
1075	1912
1076	1325
1076	1341
1076	1481
1077	1981
1078	1154
1078	1606
1078	1733
1079	1291
1079	1598
1079	1637
1079	1792
1079	1954
1081	1283
1081	1298
1081	1568
1081	1728
1082	1100
1082	1188
1082	1793
1082	1997
1083	1259
1083	1594
1083	1665
1083	1767
1083	1820
1084	1333
1084	1719
1085	1260
1085	1967
1086	1483
1086	1670
1087	1772
1087	1783
1089	1526
1089	1725
1089	1899
1089	2000
1090	1883
1090	1920
1090	1966
1091	1096
1091	1380
1091	1585
1092	1157
1092	1331
1093	1641
1093	1834
1094	1228
1094	1502
1094	1713
1095	1366
1095	1394
1095	1474
1095	1541
1095	1704
1096	1279
1096	1330
1097	1228
1097	1277
1097	1876
1098	1209
1098	1586
1098	1646
1099	1260
1099	1281
1099	1527
1099	1792
1100	1438
1100	1566
1100	1623
1101	1344
1101	1618
1101	1634
1101	1983
1102	1124
1102	1909
1103	1227
1103	1268
1103	1603
1104	1725
1104	1943
1105	1287
1106	1688
1107	1332
1107	1464
1108	1482
1108	1919
1109	1690
1109	1852
1109	1937
1110	1202
1110	1647
1110	1960
1111	1225
1111	1808
1112	1139
1112	1743
1112	1992
1113	1660
1113	1826
1113	1931
1114	1276
1114	1637
1114	1808
1114	1913
1116	1658
1116	1694
1116	1881
1117	1142
1117	1731
1118	1485
1118	1627
1118	1983
1118	1987
1119	1190
1119	1243
1119	1556
1119	1889
1120	1205
1120	1849
1121	1156
1121	1302
1122	1265
1122	1978
1123	1310
1123	1395
1124	1223
1124	1658
1124	1817
1125	1793
1125	1888
1126	1717
1126	1813
1126	1953
1127	1166
1127	1317
1127	1694
1128	1324
1128	1412
1128	1621
1128	1677
1129	1326
1129	1565
1129	1677
1129	1762
1129	1816
1130	1277
1130	1395
1130	1423
1130	1592
1130	1749
1131	1285
1131	1421
1132	1578
1132	1727
1133	1651
1134	1730
1134	1734
1134	1875
1136	1650
1136	1962
1137	1356
1137	1802
1138	1548
1138	1976
1139	1530
1139	1595
1140	1319
1140	1660
1140	1687
1140	1904
1141	1638
1142	1568
1142	1792
1142	1909
1142	1984
1143	1323
1143	1399
1143	1461
1143	1779
1143	1958
1144	1695
1144	1759
1145	1802
1146	1478
1146	1680
1147	1215
1147	1330
1147	1601
1147	1656
1147	1759
1148	1213
1148	1326
1148	1816
1149	1329
1149	1333
1149	1873
1149	1992
1150	1463
1150	1595
1150	1728
1151	1153
1151	1414
1151	1538
1152	1487
1153	1686
1154	1469
1154	1691
1154	1980
1155	1532
1155	1616
1156	1706
1157	1461
1157	1520
1157	1553
1159	1806
1159	1989
1160	1306
1161	1200
1161	1281
1161	1701
1161	1833
1162	1241
1162	1562
1162	1793
1164	1417
1164	1845
1165	1211
1165	1881
1166	1248
1166	1338
1166	1504
1166	1917
1167	1172
1167	1560
1167	1815
1167	1969
1168	1231
1168	1438
1168	1536
1168	1928
1169	1242
1169	1418
1169	1455
1170	1488
1170	1653
1171	1188
1171	1258
1171	1314
1171	1626
1171	1698
1172	1178
1172	1628
1173	1843
1174	1295
1174	1453
1174	1608
1174	1970
1175	1462
1175	1646
1176	1991
1177	1224
1177	1967
1178	1188
1178	1225
1178	1268
1178	1663
1179	1306
1179	1347
1179	1664
1180	1883
1180	1976
1181	1252
1181	1559
1182	1220
1182	1274
1182	1610
1182	1812
1184	1423
1184	1589
1185	1566
1186	1549
1186	1557
1186	1742
1189	1229
1189	1631
1189	1643
1189	1798
1189	1919
1190	1192
1190	1269
1190	1983
1191	1504
1191	1542
1193	1331
1193	1853
1194	1502
1194	1515
1194	1728
1194	1765
1195	1250
1195	1303
1195	1371
1195	1837
1196	1256
1196	1322
1196	1555
1197	1605
1198	1699
1199	1589
1199	1728
1199	1882
1200	1354
1200	1514
1200	1529
1200	1547
1200	1731
1201	1361
1201	1417
1202	1567
1203	1378
1203	1379
1203	1754
1203	1865
1205	1232
1205	1359
1205	1405
1205	1668
1205	1909
1206	1739
1207	1871
1208	1292
1208	1878
1209	1293
1209	1430
1209	1567
1209	1860
1210	1581
1210	1668
1210	1881
1211	1438
1211	1549
1211	1816
1211	1820
1212	1559
1213	1324
1213	1382
1213	1694
1214	1610
1214	1632
1215	1222
1215	1580
1215	1681
1215	2000
1216	1375
1216	1793
1217	1302
1218	1797
1218	1993
1219	1261
1219	1497
1220	1535
1221	1512
1221	1757
1222	1647
1222	1809
1225	1500
1225	1649
1225	1797
1226	1252
1227	1393
1227	1580
1227	1646
1227	1702
1227	1786
1227	1926
1228	1364
1228	1474
1228	1702
1229	1392
1230	1529
1231	1397
1231	1401
1231	1415
1231	1835
1231	1928
1232	1289
1232	1509
1233	1422
1234	1277
1234	1402
1234	1632
1234	1933
1235	1427
1236	1333
1237	1838
1238	1249
1238	1770
1238	1991
1239	1459
1239	1982
1240	1684
1240	1928
1241	1362
1241	1780
1241	1852
1242	1459
1242	1517
1242	1689
1243	1562
1243	1708
1243	1896
1243	1948
1244	1350
1245	1392
1245	1504
1245	1866
1247	1280
1247	1650
1248	1364
1249	1451
1249	1755
1249	1759
1249	1834
1250	1590
1251	1431
1251	1557
1251	1648
1252	1305
1252	1548
1253	1371
1253	1724
1253	1906
1253	1914
1254	1436
1254	1562
1255	1538
1255	1886
1256	1611
1257	1545
1257	1635
1257	1645
1257	1918
1258	1315
1259	1476
1259	1555
1259	1655
1259	1667
1259	1693
1260	1374
1260	1989
1261	1416
1261	1799
1262	1280
1262	1305
1262	1310
1262	1931
1262	1934
1263	1414
1263	1460
1263	1537
1263	1879
1264	1778
1265	1391
1267	1499
1267	1778
1268	1407
1268	1545
1269	1635
1269	1692
1269	1825
1270	1411
1270	1588
1271	1561
1271	1740
1272	1292
1273	1391
1273	1400
1274	1309
1274	1431
1275	1297
1275	1326
1275	1345
1276	1380
1276	1761
1276	1897
1276	1922
1277	1919
1278	1336
1278	1774
1279	1380
1279	1422
1279	1708
1279	1805
1280	1305
1280	1709
1281	1507
1281	1835
1282	1321
1282	1642
1282	1649
1282	1991
1283	1528
1283	1734
1283	1808
1283	1829
1284	1614
1284	1664
1284	1777
1285	1651
1286	1808
1287	1365
1287	1467
1287	1685
1288	1838
1288	1958
1289	1497
1289	1800
1289	1884
1290	1347
1290	1624
1290	1871
1291	1309
1291	1549
1293	1391
1293	1688
1294	1653
1294	1983
1295	1875
1297	1598
1298	1544
1298	1770
1299	1333
1299	1863
1299	1908
1300	1896
1300	1930
1301	1685
1301	1719
1301	1967
1303	1324
1303	1373
1304	1901
1304	1931
1305	1789
1306	1906
1307	1533
1307	1556
1307	1707
1308	1749
1308	1873
1309	1466
1310	1316
1310	1377
1310	1849
1310	1941
1311	1814
1311	1827
1311	1974
1312	1925
1313	1640
1313	1774
1313	1838
1314	1926
1315	1731
1315	1863
1316	1675
1316	1727
1317	1761
1317	1828
1318	1794
1319	1715
1321	1413
1321	1732
1322	1538
1322	1607
1322	1769
1323	1330
1325	1763
1325	1875
1325	1975
1328	1531
1328	1962
1329	1821
1329	1898
1330	1389
1330	1491
1330	1759
1330	1975
1331	1376
1331	1663
1332	1357
1332	1921
1333	1847
1334	1349
1334	1551
1334	1738
1335	1385
1335	1408
1335	1895
1336	1609
1337	1393
1338	1459
1338	1514
1338	1803
1339	1759
1339	1763
1339	1928
1340	1985
1341	1358
1341	1461
1341	1828
1342	2000
1343	1555
1343	1918
1344	1433
1346	1422
1346	1599
1346	1891
1348	1430
1349	1729
1349	1804
1350	1598
1350	1906
1350	1992
1351	1745
1351	1804
1352	1812
1352	1994
1353	1528
1353	1770
1354	1960
1355	1920
1357	1771
1359	1802
1360	1455
1360	1772
1361	1692
1361	1983
1362	1769
1363	1558
1363	1657
1363	1683
1363	1759
1363	1887
1364	1416
1364	1682
1365	1817
1365	1935
1369	1781
1370	1562
1371	1638
1371	1781
1372	1752
1373	1421
1373	1792
1373	1942
1374	1394
1374	1637
1374	1666
1374	1763
1374	1966
1374	1975
1375	1601
1375	1659
1375	1790
1375	1801
1375	1981
1376	1664
1376	1740
1377	1381
1377	1418
1377	1854
1378	1567
1378	1969
1379	1772
1379	1962
1380	1864
1381	1561
1381	1586
1383	1676
1384	1652
1384	1856
1384	1918
1385	1411
1385	1445
1385	1490
1385	1535
1385	1611
1386	1937
1387	1944
1388	1524
1388	1622
1389	1395
1389	1876
1390	1700
1390	1781
1391	1795
1392	1702
1393	1909
1394	1996
1397	1686
1397	1708
1398	1437
1398	1640
1398	1656
1399	1738
1399	1902
1400	1784
1401	1597
1401	1697
1401	1796
1402	1526
1402	1595
1403	1659
1404	1520
1404	1569
1405	1804
1406	1489
1406	1647
1406	1681
1407	1489
1407	1804
1408	1713
1408	1763
1409	1820
1409	1841
1409	1956
1410	1748
1410	1795
1410	1892
1411	1628
1411	1760
1412	1979
1413	1607
1413	1752
1414	1485
1414	1497
1415	1865
1416	1465
1417	1723
1418	1428
1418	1504
1419	1683
1420	1493
1420	1726
1421	1916
1421	1972
1423	1775
1423	1786
1423	1917
1423	1993
1424	1466
1424	1483
1424	1572
1424	1838
1424	1858
1425	1455
1425	1577
1425	1911
1426	1463
1426	1576
1426	1745
1427	1500
1428	1794
1428	1848
1428	1960
1429	1949
1430	1693
1430	1929
1432	1555
1432	1773
1432	1853
1433	1686
1434	1457
1434	1720
1435	1532
1435	1566
1435	1860
1435	1889
1435	1963
1436	1453
1436	1529
1436	1564
1438	1862
1439	1672
1439	1857
1439	1934
1442	1753
1442	1778
1442	1842
1444	1557
1444	1747
1445	1787
1446	1454
1446	1817
1446	1967
1447	1602
1447	1615
1447	1795
1448	1512
1448	1615
1449	1904
1450	1667
1450	1855
1450	1932
1451	1762
1451	1898
1452	1669
1452	1979
1453	1456
1453	1620
1453	1977
1454	1524
1454	1929
1456	1736
1458	1951
1459	1758
1459	1857
1460	1890
1462	1482
1462	1767
1462	1870
1462	1947
1464	1562
1465	1492
1465	1870
1466	1586
1466	1778
1467	1585
1468	1719
1469	1688
1469	1810
1469	1972
1470	1580
1470	1769
1471	1687
1472	1737
1472	1901
1473	1917
1474	1914
1475	1915
1476	1777
1477	1901
1477	1920
1478	1669
1479	1967
1481	1494
1481	1605
1481	1787
1481	1937
1482	1707
1482	1944
1483	1996
1484	1630
1484	1951
1485	1497
1486	1500
1486	1527
1486	1857
1487	1736
1487	1841
1488	1878
1488	1967
1490	1526
1490	1739
1491	1641
1491	1771
1492	1579
1492	1727
1492	1860
1493	1636
1493	1874
1494	1889
1496	1843
1498	1869
1499	1534
1499	1713
1500	1768
1500	1864
1501	1531
1502	1782
1502	1842
1502	1846
1504	1713
1505	1888
1506	1736
1506	1932
1507	1645
1508	1598
1508	1613
1508	1708
1508	1735
1509	1519
1509	1571
1512	1754
1512	1849
1513	1643
1513	1704
1516	1674
1516	1884
1517	1707
1517	1876
1517	1929
1518	1722
1519	1654
1519	1951
1519	1961
1521	1541
1521	1967
1522	1740
1522	1833
1523	1742
1523	1790
1523	1976
1523	1993
1524	1537
1524	1701
1524	1911
1524	1983
1534	1934
1535	1551
1536	1616
1536	1710
1536	1731
1537	1572
1538	1730
1539	1796
1539	1910
1542	1817
1543	1652
1544	1873
1545	1554
1546	1988
1547	1636
1547	1949
1548	1694
1548	1696
1548	1711
1549	1649
1549	1884
1551	1845
1552	1671
1552	1948
1553	1805
1554	1588
1554	1952
1555	1784
1556	1823
1556	1970
1557	1640
1557	1728
1558	1585
1558	1968
1561	1899
1562	1629
1562	1874
1563	1600
1563	1852
1564	1618
1565	1685
1565	1809
1566	1617
1567	1773
1567	1923
1568	1762
1568	1837
1570	1801
1571	1843
1572	1679
1572	1789
1573	1674
1573	1784
1574	1879
1575	1729
1577	1942
1578	1701
1578	1748
1578	1856
1579	1696
1580	1748
1581	1583
1582	1896
1583	1593
1584	1689
1584	1960
1585	1867
1587	1643
1588	1866
1588	1946
1589	1818
1590	1779
1591	1699
1591	1769
1591	1831
1592	1799
1592	1838
1593	1759
1593	1964
1594	1619
1594	1696
1595	1881
1596	1735
1596	1795
1597	1971
1598	1937
1599	1940
1602	1813
1603	1650
1603	1703
1604	1745
1604	1890
1605	1806
1606	1669
1608	1697
1608	1970
1609	1625
1609	1633
1610	1921
1611	1730
1612	1754
1613	1936
1614	1704
1614	1820
1616	1716
1616	1797
1616	1854
1618	1911
1619	1630
1619	1676
1621	1861
1621	1878
1622	1630
1622	1842
1623	1640
1623	1873
1624	1659
1625	1779
1626	1843
1627	1631
1627	1831
1629	1846
1630	1850
1632	1659
1632	1717
1632	1898
1634	1776
1635	1998
1636	1647
1637	1815
1639	1810
1642	1885
1643	1849
1645	1864
1646	1672
1648	1887
1651	1823
1651	1872
1652	1657
1652	1677
1652	1900
1654	1995
1655	1773
1655	1797
1657	1668
1657	1931
1658	1944
1660	1796
1661	1980
1662	1696
1662	1704
1662	1774
1663	1913
1665	1889
1667	1751
1667	1970
1670	1885
1670	1930
1670	1936
1671	1690
1671	1767
1671	1873
1671	1899
1672	1783
1674	1807
1675	1708
1675	1780
1676	1938
1678	1711
1679	1832
1681	1983
1682	1979
1684	1750
1685	1991
1688	1716
1690	1944
1692	1913
1694	1740
1694	1814
1696	1923
1697	1796
1698	1913
1698	1975
1701	1889
1703	1930
1704	1862
1704	1927
1705	1710
1705	1878
1706	1709
1706	1745
1706	1852
1706	1902
1707	1751
1707	1854
1707	1992
1708	1963
1711	1997
1715	1887
1717	1874
1718	1971
1719	1801
1720	1942
1722	1806
1722	1988
1724	1814
1724	1890
1724	1913
1726	1907
1726	1976
1727	1779
1727	1821
1729	1738
1732	1936
1732	1957
1733	1768
1735	1995
1736	1968
1737	1923
1739	1892
1741	1761
1741	1782
1741	2000
1743	1850
1744	1940
1746	1811
1747	1830
1747	1937
1749	1785
1749	1862
1752	1801
1752	1818
1753	1825
1755	1759
1755	1959
1756	1963
1757	1889
1759	1828
1759	1975
1760	1968
1764	1803
1764	1885
1765	1809
1765	1824
1765	1843
1765	2000
1766	1979
1768	1898
1769	1905
1772	1878
1773	1999
1775	1913
1775	1969
1776	1805
1778	1955
1778	1977
1779	1950
1782	1859
1786	1800
1786	1995
1787	1822
1787	2000
1795	1831
1796	1859
1797	1975
1798	1863
1798	1977
1802	1966
1803	1821
1803	1869
1805	1899
1805	1964
1809	1963
1811	1850
1812	1953
1813	1864
1815	1842
1817	1901
1818	1859
1819	1851
1819	1883
1819	1888
1820	1832
1823	1985
1826	1844
1831	1833
1831	1929
1832	1873
1832	1891
1839	1973
1844	1903
1846	1861
1846	1937
1849	1853
1849	1872
1851	1868
1852	1887
1853	1979
1855	1861
1855	1947
1855	1989
1858	1954
1861	1914
1862	1939
1865	1908
1866	1912
1866	1927
1867	1896
1868	1960
1870	1889
1875	1922
1876	1907
1878	1971
1879	1888
1883	1959
1885	1921
1887	1946
1888	1955
1892	1987
1893	1939
1897	1933
1899	1941
1909	2000
1912	1928
1915	1921
1917	1991
1923	1989
1935	1962
1945	1980
1945	1986
1949	1950
1950	1973
1952	1978
1960	1987
1967	1997
1972	1984
1981	1990
