1	2
1	3
1	489
2	1918
2	1924
2	2000
3	5
3	1367
4	5
4	6
4	382
4	1608
5	6
5	222
5	1328
5	1634
6	7
6	63
6	285
6	737
7	9
7	333
7	447
8	9
8	912
8	1920
9	1431
9	1812
10	11
10	256
11	12
11	1319
12	13
12	14
13	1069
13	1098
13	1423
14	164
14	464
14	1354
14	1757
15	16
15	1650
15	1880
16	399
16	1122
16	1576
17	19
17	239
17	752
18	92
18	1654
19	20
19	21
19	1407
19	1850
20	21
20	546
21	23
21	102
21	981
22	167
22	1136
23	616
23	790
23	1878
24	25
24	26
24	871
25	26
25	27
25	566
25	1894
26	280
26	404
26	527
26	1153
27	28
27	29
28	30
28	186
29	30
29	987
29	1964
30	32
30	819
30	1397
30	1784
31	741
31	1491
31	1616
31	1748
31	1933
31	1978
32	392
32	710
32	1666
33	35
33	1557
33	1663
34	1142
34	1708
34	1942
35	36
35	1093
35	1877
36	37
36	712
36	1781
37	63
37	719
37	1385
38	40
38	401
39	256
39	856
39	951
39	1553
39	1717
39	1737
40	41
40	42
40	232
41	42
41	43
41	67
42	319
42	1288
42	1627
43	44
43	890
43	940
44	743
44	1183
44	1568
45	46
45	47
45	1443
46	47
46	281
46	589
46	1544
46	1951
47	49
47	219
47	235
47	1077
47	1474
48	49
48	50
48	258
48	523
48	1529
49	701
49	938
49	1459
50	52
50	90
50	947
51	52
51	1412
52	54
52	1171
53	139
53	289
53	1480
54	231
54	863
54	1399
54	1805
55	56
55	170
55	1246
56	57
56	58
56	937
57	58
57	1392
58	434
58	904
58	1561
59	486
59	678
59	912
60	581
60	1166
61	62
61	63
61	223
61	728
62	64
62	359
62	1499
63	65
64	65
64	1827
65	66
65	243
65	1119
66	134
66	1709
67	1039
67	1137
67	1585
68	370
68	573
68	962
68	1953
69	71
69	1669
70	72
70	302
70	796
70	1095
71	72
71	73
71	206
71	772
71	1273
71	1417
71	1467
72	74
72	378
72	1272
72	1600
73	74
73	477
73	687
74	75
74	76
75	82
75	316
75	448
75	603
75	817
76	730
76	1934
77	79
77	1002
78	498
78	545
78	1186
78	1561
79	117
79	1301
79	1305
79	1661
79	1892
80	82
80	573
80	586
81	205
81	493
81	626
81	827
82	1485
82	1616
82	1920
83	1059
83	1288
84	151
84	795
84	1807
85	87
85	967
85	1489
86	206
86	613
86	979
86	1883
87	88
87	102
87	609
88	89
88	90
88	1138
89	682
89	1011
89	1411
89	1463
89	1474
90	92
91	92
91	93
92	504
92	606
92	1665
93	211
93	1089
94	95
94	96
94	1339
95	96
95	97
96	97
96	269
96	726
96	1710
97	99
97	1428
98	100
98	255
99	101
99	530
99	817
99	857
99	1237
99	1439
99	1488
100	101
100	958
101	164
101	177
101	1022
101	1560
102	104
103	105
103	430
103	939
104	105
104	106
104	1504
105	106
105	107
105	1441
106	339
106	552
106	778
106	1590
106	1866
107	108
107	299
107	1409
108	109
108	649
109	596
109	1767
110	461
110	490
110	1009
111	112
111	788
111	1037
112	113
112	692
112	791
112	885
113	543
113	1231
113	1240
114	115
114	1129
114	1415
114	1419
114	1926
115	117
115	458
115	589
115	1416
115	1688
116	1279
116	1756
117	118
117	119
117	895
117	1624
118	119
118	172
118	236
118	1144
118	1979
119	263
119	499
119	1003
120	122
120	215
121	122
121	123
122	124
122	830
123	235
123	828
123	1819
124	126
124	200
124	709
124	1048
124	1127
125	573
125	711
125	1579
125	1906
126	128
126	1514
127	128
127	1195
127	1733
128	199
128	700
129	130
129	450
129	643
129	849
129	1723
130	1359
130	1626
130	1846
131	188
131	1023
132	403
132	1757
133	341
133	378
133	735
133	840
133	920
133	1914
134	135
134	1713
135	273
135	388
135	1801
136	137
136	257
137	138
137	377
137	544
137	1381
138	140
138	182
138	765
139	140
139	612
139	1311
140	141
140	895
140	1267
141	937
141	1212
141	1641
141	1936
142	380
142	592
142	1624
143	145
143	1162
143	1855
144	145
144	1250
144	1708
144	1881
145	146
145	147
145	1285
145	1817
146	247
146	643
146	713
147	148
147	713
147	1312
147	1689
148	149
148	1997
149	151
149	1315
150	151
150	715
151	254
151	1164
152	837
152	1137
153	154
153	398
153	493
153	1118
154	1321
154	1630
154	1665
155	933
155	1378
156	157
156	391
156	506
156	749
156	1125
157	159
157	319
158	159
158	812
158	845
158	1259
158	1562
158	1906
159	317
159	388
159	875
159	1149
159	1236
160	566
160	1120
160	1958
161	1178
161	1731
162	163
162	620
162	867
162	1271
162	1403
163	164
163	1564
163	1630
163	1728
163	1999
164	489
164	731
164	1448
165	166
165	167
166	167
166	1259
166	1304
166	1336
166	1659
167	838
167	1564
168	969
168	1150
168	1631
168	1825
169	170
169	171
170	751
170	1423
170	1711
171	173
171	688
172	174
173	394
173	1970
174	405
174	1734
175	176
175	419
175	1083
175	1602
176	397
176	489
176	1428
176	1800
177	178
177	632
177	1738
177	1742
178	180
178	629
178	1046
179	181
179	517
179	1791
180	416
180	1512
180	1702
181	182
181	183
181	640
181	1653
182	760
182	1210
183	185
183	305
183	1618
183	1675
184	185
184	1000
184	1239
185	186
185	759
185	1050
186	556
186	1784
187	471
187	1341
188	190
188	406
188	423
188	556
188	1697
189	190
189	571
189	611
190	192
190	410
191	193
191	314
191	332
191	371
191	730
191	1697
192	194
192	1395
193	988
193	1922
194	373
194	610
195	196
195	326
196	198
196	1275
196	1513
196	1648
196	1992
197	199
197	1117
198	1408
198	1803
199	200
199	201
199	751
199	1156
200	201
200	402
200	439
201	614
201	1015
201	1394
201	1440
202	204
202	1851
202	1908
203	204
203	205
204	1345
204	1788
205	1300
205	1801
206	517
206	522
206	1961
207	208
207	277
207	689
207	1819
207	1912
208	209
208	210
208	1106
209	210
209	584
209	1064
210	212
210	1007
210	1071
210	1518
210	1646
211	323
211	1098
212	213
212	214
212	1125
213	215
213	1482
214	744
214	1767
215	250
215	1065
215	1446
216	1038
216	1509
217	219
217	1061
218	219
218	1670
219	221
219	848
219	1637
220	371
220	432
220	1887
221	223
221	1246
222	790
222	1011
222	1361
223	1050
223	1447
223	1789
223	1942
224	226
224	778
225	226
225	764
225	1703
226	714
226	910
226	1182
226	1601
227	229
227	492
227	1350
228	782
228	1554
229	230
229	231
229	1976
230	231
230	232
230	553
230	863
230	1365
231	232
231	933
231	1020
231	1691
232	1971
233	424
233	432
233	1999
234	657
234	1652
234	1668
234	1809
235	1224
236	577
236	601
237	443
237	1257
238	414
238	725
238	1227
239	1070
239	1699
240	781
240	1198
240	1855
241	242
241	243
241	349
242	243
242	1847
243	874
243	1063
243	1614
244	501
244	1422
244	1882
245	257
245	420
245	508
246	247
246	1546
246	1875
247	1779
247	1835
248	249
248	250
249	250
249	251
250	251
250	1714
251	252
251	420
251	1283
252	375
252	603
252	1195
253	255
253	621
253	1019
253	1632
253	1683
254	1894
255	257
255	1252
255	1331
256	587
256	1520
257	259
257	937
257	1055
258	293
259	686
259	738
260	262
260	345
260	634
260	1742
261	263
261	366
261	1480
262	264
262	1033
262	1591
263	327
263	584
263	725
264	570
264	1033
264	1417
265	967
265	1180
265	1838
266	267
266	1587
267	268
267	585
267	971
267	1929
268	269
268	367
268	865
269	270
269	346
269	1561
270	886
270	1678
270	1804
271	273
271	909
271	995
272	273
272	274
273	1473
273	1818
274	275
274	276
274	423
275	276
275	761
276	277
276	278
277	1045
278	279
278	280
278	1392
279	288
279	1168
279	1372
280	282
280	1598
280	1708
280	1763
281	282
281	973
282	283
282	1997
283	284
283	285
283	1873
284	823
284	873
284	996
284	1131
284	1373
285	286
285	287
285	1362
286	287
286	288
286	398
287	288
287	777
288	327
288	1100
289	579
289	978
289	1735
290	292
290	478
290	821
290	1265
290	1295
291	730
291	994
291	1688
292	293
292	294
292	1967
293	295
293	994
294	295
294	403
294	880
294	1321
295	463
295	1889
296	297
296	298
296	472
296	581
296	688
297	298
297	1595
297	1666
297	1821
298	404
298	1762
299	300
299	301
299	720
299	1103
300	302
300	884
301	949
301	1236
301	1298
302	303
303	305
303	604
303	1345
304	305
304	333
304	342
305	1127
305	1411
306	1170
306	1554
306	1573
306	1650
307	1235
307	1378
308	325
308	932
308	1764
308	1805
308	1821
309	310
309	1059
309	1599
310	767
310	1075
310	1134
310	1554
311	360
311	1041
311	1495
312	313
312	314
312	1857
313	326
313	1013
313	1971
314	315
314	733
314	784
315	316
315	1495
316	353
316	721
316	1837
317	318
317	1121
317	1267
318	320
318	1803
319	321
319	1181
320	1367
320	1927
321	1145
321	1494
321	1844
322	324
322	898
322	1334
322	1588
323	324
323	1151
323	1714
324	326
324	1825
325	365
325	618
325	1526
326	327
326	483
326	1773
326	1864
326	1887
327	849
327	910
327	1783
328	329
328	590
329	369
329	1890
330	807
330	941
330	1700
331	333
331	680
331	1555
332	334
333	335
333	416
333	593
334	335
334	1762
335	336
335	337
336	337
336	338
337	1091
337	1543
338	339
338	542
338	842
338	1094
338	1293
339	340
339	560
339	1458
339	1547
340	755
340	1226
340	1875
341	342
341	1332
342	344
342	621
342	1229
343	344
343	345
344	952
344	1045
344	1122
344	1308
344	1582
345	346
346	348
346	825
346	1349
346	1907
347	349
347	513
347	1909
348	349
348	350
349	351
350	671
350	1316
350	1344
350	1559
351	352
351	595
351	1516
352	354
352	464
352	881
352	1044
353	354
353	572
353	1739
354	355
354	1325
355	356
355	357
355	586
356	738
356	1212
357	359
357	527
357	1876
358	359
358	1464
359	360
359	1010
360	362
360	715
361	362
361	363
361	635
361	904
362	363
362	364
362	1732
363	364
363	365
363	1831
363	1949
364	365
364	366
365	557
365	1400
366	368
366	817
367	1509
367	1961
368	369
368	1393
368	1782
368	1810
369	1281
369	1484
369	1566
369	1674
370	698
370	885
372	373
372	374
373	929
373	1837
374	375
374	1179
374	1915
375	766
375	961
375	1690
375	1944
376	929
376	1508
377	1208
378	380
378	404
378	1750
379	380
379	1219
379	1481
379	1747
380	460
380	471
380	1663
380	1971
381	1014
381	1645
382	384
382	516
383	451
383	1155
383	1754
384	385
384	1656
384	1683
385	386
385	1394
385	1908
385	1930
386	973
386	1423
387	388
387	1260
388	456
388	646
389	672
389	886
389	1400
390	715
390	1127
390	1601
391	890
392	393
392	394
393	395
393	1056
393	1603
394	395
394	418
394	557
395	396
395	397
396	1204
396	1405
397	600
397	774
398	633
399	401
399	1192
399	1819
400	402
400	674
400	948
400	1071
401	402
401	403
401	826
401	833
401	1093
401	1616
402	403
402	443
402	1988
403	790
404	756
405	406
405	1159
405	1311
405	1512
405	1707
405	1849
406	408
407	409
407	1016
408	466
408	1641
408	1739
408	1818
409	411
409	1498
410	411
410	412
411	1765
411	1996
412	413
412	794
412	1320
412	1947
413	414
413	415
413	1496
414	416
414	492
414	1108
415	416
415	417
416	417
416	1118
416	1656
417	1074
417	1429
418	732
418	1004
418	1687
419	420
419	421
419	936
420	429
420	462
420	887
421	423
421	1194
422	424
422	1588
423	954
424	425
424	772
425	1009
425	1703
426	427
426	428
426	984
426	1065
426	1179
427	428
427	429
427	829
428	430
428	508
428	711
429	431
429	1112
429	1268
429	1712
429	1886
430	1142
430	1878
430	1927
431	707
431	1020
432	1000
433	1213
433	1529
433	1683
434	436
434	1119
434	1849
435	436
435	437
435	747
435	1615
435	1903
436	437
436	986
436	1062
437	438
437	1650
437	1870
438	626
438	1177
439	767
439	1520
440	441
440	518
440	1858
441	442
441	1652
441	1742
442	443
442	444
443	680
444	966
444	1315
444	1755
445	447
445	1082
445	1118
446	448
446	1355
446	1463
447	1216
448	449
448	836
448	1292
449	490
449	1072
450	451
450	601
450	623
451	452
451	539
451	1727
452	454
452	706
452	822
453	454
453	1658
453	1803
454	455
454	1259
454	1310
455	456
455	1150
456	1306
456	1955
457	458
457	459
458	460
459	461
459	595
460	461
461	931
461	1537
461	1946
462	744
463	464
463	541
465	962
465	1757
465	1815
466	467
466	1314
466	1486
467	1122
467	1516
467	1726
468	470
468	1722
468	1785
469	1309
469	1748
469	1997
470	471
470	709
470	1495
470	1868
471	1205
471	1386
472	473
472	618
473	509
473	1857
474	575
474	1195
474	1277
475	477
475	1331
476	478
476	1056
476	1540
477	479
478	479
479	546
479	751
479	1810
480	1145
480	1205
480	1799
481	482
481	1354
481	1463
482	484
482	1683
483	803
483	1181
484	485
484	866
485	1669
485	1997
486	659
486	979
486	1396
487	489
487	1161
487	1813
488	1047
488	1117
488	1828
489	1564
490	878
490	1344
490	1915
491	493
491	848
491	1404
492	1362
492	1968
493	495
493	824
493	1884
494	496
494	1474
495	496
495	497
495	832
495	955
495	1488
496	497
496	498
496	1054
497	499
497	1182
497	1212
497	1748
498	500
498	869
498	1901
499	1106
500	670
500	1386
500	1736
501	503
501	1089
502	503
502	504
503	504
503	505
504	506
504	547
505	991
505	1005
505	1357
505	1927
505	1940
506	1698
506	1871
507	509
507	1514
507	1538
508	651
509	1452
509	1754
510	1176
510	1925
511	1251
511	1441
512	513
512	514
512	1255
512	1692
512	1750
513	1010
513	1657
514	515
514	516
515	980
515	1104
515	1375
515	2000
516	517
517	518
517	1508
517	1838
518	519
518	520
519	548
519	1168
520	521
520	1158
521	814
521	944
521	1018
521	1960
522	523
522	524
522	1377
523	1417
523	1544
524	525
524	526
524	1350
525	527
525	1623
526	527
526	721
526	925
527	1514
528	963
528	1874
529	531
529	1589
530	1168
530	1792
531	532
531	703
531	1095
532	534
532	576
532	905
533	534
533	707
533	926
533	1081
533	1351
534	535
534	536
534	1483
535	537
535	1003
536	537
536	1154
536	1161
536	1827
537	538
537	539
537	1290
537	1613
538	731
538	1092
538	1267
538	1598
539	540
539	1307
540	541
540	542
540	1624
541	543
541	1225
542	544
542	1051
543	544
543	545
543	1254
543	1639
544	546
544	725
545	1477
546	547
546	1172
547	549
548	549
548	550
548	1344
549	550
549	599
549	1446
549	1685
550	837
550	1696
550	1904
551	552
551	736
551	918
551	1568
551	1581
552	601
552	961
553	554
554	892
554	1081
555	556
555	1717
556	840
557	814
557	903
558	559
558	560
558	1521
559	560
559	561
559	1847
560	1763
561	851
561	1008
561	1902
562	564
562	1505
563	564
563	565
564	569
564	651
564	1654
564	1810
564	1996
565	566
565	620
565	1451
567	1052
567	1055
567	1095
567	1718
567	1906
568	569
568	1580
568	1623
569	570
569	571
569	712
569	1919
570	572
570	871
571	572
571	1053
572	574
573	961
573	1077
573	1080
574	575
574	1535
575	576
575	577
576	578
576	590
576	1583
576	1989
577	578
577	925
578	579
578	1677
579	806
579	814
579	1321
579	1515
580	581
580	582
581	592
582	583
582	584
582	1482
583	585
583	842
583	1527
584	716
584	1000
584	1058
585	586
585	587
585	919
585	1588
586	1930
587	588
588	590
588	960
588	1551
590	592
590	876
591	593
591	945
591	1289
591	1734
592	594
592	1429
592	1654
592	1707
593	594
594	596
594	793
594	1391
595	625
595	1179
595	1198
595	1269
595	1823
596	597
596	867
596	1358
597	598
597	1114
598	600
598	1961
599	695
599	1048
599	1838
600	601
600	671
601	603
602	770
602	1023
603	604
603	887
603	1295
604	857
604	1360
604	1703
605	606
605	607
606	607
606	677
607	608
607	866
607	1272
607	1973
608	770
608	1200
608	1665
609	894
610	803
610	1451
610	1893
611	613
611	1312
612	614
613	614
613	661
613	750
613	1152
613	1492
613	1771
613	1978
614	1020
615	648
615	650
615	843
615	1196
616	617
616	759
616	935
616	1183
617	619
617	1462
619	620
619	1397
620	1127
620	1957
621	622
621	1143
622	894
622	900
622	956
623	625
623	745
623	1628
624	625
624	626
624	866
624	1503
625	626
625	627
625	745
625	943
626	1318
626	1539
627	629
627	1505
628	1014
628	1076
628	1420
628	1921
629	890
630	632
630	1403
631	632
631	633
631	1836
632	633
632	1119
632	1348
632	1826
633	635
633	1494
634	636
634	1166
635	636
636	637
636	638
637	1026
637	1725
638	639
638	640
638	984
639	640
639	1371
639	1393
640	1131
640	1407
640	1853
641	642
641	643
641	917
642	644
642	1946
644	645
644	1007
644	1829
644	1834
645	850
645	1663
646	942
646	1502
646	1520
646	1837
647	1223
647	1919
648	649
648	650
648	1816
649	650
649	1557
650	651
650	1162
651	652
652	654
652	914
652	1569
653	655
653	1270
654	655
654	779
654	1629
655	656
655	657
655	1528
656	724
656	775
657	658
657	930
657	1362
657	1553
658	909
658	1006
659	1427
659	1547
660	661
660	662
661	662
662	663
662	664
663	664
663	665
664	665
664	1211
665	667
665	966
666	668
666	1013
667	668
667	669
668	960
668	1937
669	1220
669	1253
669	1740
670	672
670	1587
671	673
671	962
671	1027
671	1280
672	1306
672	1436
672	1918
673	674
673	675
673	835
674	676
674	1569
675	677
675	723
675	1745
676	678
676	1573
676	1746
677	678
677	743
678	955
678	1451
678	1955
679	681
679	1304
679	1655
679	1904
680	681
680	792
680	1360
681	683
681	844
681	1069
682	683
682	1590
682	1837
683	684
683	1663
684	685
684	1367
685	1189
685	1769
685	1894
686	1261
686	1339
687	689
687	1377
687	1848
688	689
688	1175
689	690
689	691
690	691
690	1591
690	1749
691	692
691	1079
691	1166
691	1538
692	1124
692	1719
693	1580
693	1891
694	695
694	696
695	697
696	697
696	698
696	1255
697	698
697	1291
698	1432
699	701
699	1224
699	1659
700	702
700	951
700	1197
701	702
701	921
702	1385
702	1420
703	704
703	998
703	1620
703	1999
704	1519
704	1969
705	706
705	707
705	1234
705	1597
706	742
706	1806
707	709
707	1176
707	1604
708	1091
708	1756
709	1398
709	1527
710	1010
710	1889
713	1691
713	1858
714	715
714	716
714	1314
714	1384
715	1172
715	1599
716	717
716	1808
717	719
717	879
718	719
718	847
718	1603
719	1241
719	1580
720	831
720	1916
721	723
722	724
722	1018
722	1036
722	1162
722	1967
723	725
723	1140
724	726
724	861
724	1524
724	1958
725	726
725	727
726	991
726	1859
727	729
727	1246
727	1253
728	1589
729	731
729	992
729	1277
729	1981
730	731
730	732
730	1036
730	1352
730	1499
730	1536
731	733
732	733
732	873
732	982
732	1606
732	1738
732	1765
733	734
733	1619
734	736
734	1413
734	1874
735	1872
735	1944
736	737
736	1761
737	738
738	740
738	844
738	1258
738	1662
739	740
739	741
739	892
740	741
740	742
740	1178
740	1796
741	934
741	1200
742	744
742	1307
743	744
743	745
744	745
744	746
744	988
745	777
745	893
745	1248
746	748
746	789
746	1672
747	1227
748	749
748	942
748	1450
749	1108
750	751
750	752
751	752
751	1430
752	753
752	1541
752	1893
753	754
753	755
754	794
754	1108
755	756
755	985
756	758
756	1330
757	758
757	759
757	1327
758	759
758	760
758	867
760	1399
760	1439
760	1948
761	1525
761	1841
762	763
762	764
763	764
763	765
763	1768
764	1099
764	1945
765	766
765	767
765	825
766	1338
766	1363
766	1584
767	768
767	1458
767	1777
768	769
768	1067
768	1663
768	1719
769	986
769	1312
770	771
770	1298
771	773
771	1312
772	774
772	832
773	774
773	1712
773	1762
774	997
774	1201
774	1989
775	776
775	777
776	777
776	778
777	778
778	905
778	1679
779	781
780	781
780	782
781	782
781	1478
782	784
782	1237
782	1533
782	1712
783	888
783	1047
784	785
784	1855
784	1987
785	786
785	787
786	787
786	788
787	788
787	915
787	1470
788	789
788	1414
789	791
789	1221
790	792
790	1265
791	1168
792	794
792	1308
792	1758
793	794
793	795
793	1405
794	1199
794	1302
795	796
795	1123
795	1960
796	798
797	1155
797	1396
798	799
798	800
798	1939
799	918
799	1051
799	1470
800	802
800	1175
800	1214
801	802
801	803
802	803
802	804
802	1629
803	804
803	1473
804	806
804	1105
804	1419
805	806
805	1279
805	1403
805	1650
806	807
806	1655
807	808
807	956
807	1515
807	1953
808	1260
808	1639
808	1784
809	810
809	811
809	1087
809	1474
810	1011
810	1070
810	1113
810	1135
810	1356
810	1732
811	812
811	1343
812	814
813	950
813	1643
814	816
814	1728
815	816
815	817
816	818
816	1964
816	1995
818	1131
818	1493
819	820
819	1439
820	821
820	822
820	1153
820	1694
821	1085
821	1649
822	824
822	827
822	1337
823	1824
824	1128
824	1247
825	1545
825	1908
826	827
826	1886
827	828
827	1216
827	1584
828	829
828	1014
829	831
829	1282
830	832
830	1464
831	832
831	1104
831	1963
832	1615
833	1874
834	835
834	836
835	1444
836	1301
837	839
837	844
837	899
837	1007
838	839
838	840
838	858
838	1532
839	841
839	1573
839	1834
840	842
840	1359
840	1812
841	843
841	881
842	1116
842	1127
843	1357
843	1584
844	846
845	1504
846	1314
846	1874
847	849
847	1076
847	1175
847	1366
847	1431
848	927
849	850
850	851
850	852
850	1530
851	852
851	853
852	854
852	965
853	854
853	1506
854	1045
854	1605
855	857
855	953
855	1206
856	1704
856	1983
857	858
858	859
859	1301
859	1421
860	861
860	1967
861	862
861	863
861	1931
862	1048
862	1369
862	1528
863	911
863	1946
864	1465
864	1661
864	1708
864	1954
865	867
865	1029
865	1982
867	1240
867	1830
868	869
868	870
868	1249
868	1456
868	1741
869	871
870	872
870	1077
871	1234
872	874
872	1995
874	895
874	1842
875	1556
876	878
877	966
877	1759
877	1803
878	880
878	1493
878	1760
879	880
879	943
879	1327
880	881
880	1804
881	882
881	1220
882	883
882	884
882	1390
883	885
883	915
883	1629
884	1268
884	1772
884	1827
885	887
885	1742
885	1865
886	1325
886	1471
886	1773
887	888
887	1211
888	890
888	1827
889	891
889	980
889	1201
890	891
890	1507
890	1542
891	893
891	928
892	1079
892	1257
893	1173
893	1891
894	895
894	896
895	896
896	897
896	1502
897	898
897	899
898	1124
898	1163
899	900
900	1686
901	1348
901	1382
901	1770
901	1822
902	904
902	1850
903	904
903	1477
903	1507
904	1499
904	1958
905	906
906	907
906	1920
907	908
907	1008
908	909
908	1140
909	1889
909	1909
910	1700
910	1775
911	912
912	914
912	1536
913	1457
913	1586
914	916
914	1216
914	1490
916	917
916	1851
916	1889
917	918
917	1882
917	1917
918	1777
919	920
920	921
921	922
921	1294
922	1332
922	1656
922	1825
923	1144
923	1388
923	1467
923	1636
924	925
924	926
925	927
926	1081
927	928
928	929
928	930
928	951
928	1577
929	930
929	1507
929	1763
930	1269
931	1453
931	1674
931	1833
932	1404
932	1812
932	1873
933	1269
933	1572
933	1920
933	1973
934	1117
934	1583
935	936
935	937
935	1029
935	1732
936	937
937	938
937	1047
938	940
939	940
939	941
940	942
941	942
942	943
942	944
944	1588
944	1645
945	1095
945	1526
946	947
946	948
946	1165
947	949
947	1047
947	1328
947	1705
948	964
949	1220
949	1689
949	1843
950	1314
950	1457
952	953
952	981
953	954
953	1541
954	955
954	956
956	957
956	1113
957	958
957	968
957	1512
958	959
958	960
959	1648
959	1674
960	961
960	962
963	964
963	1349
964	965
964	966
965	966
965	1044
965	1715
966	968
967	968
968	969
968	1268
968	1515
969	971
970	1169
970	1912
971	972
971	1835
972	974
972	1610
973	974
973	1982
974	976
974	1333
974	1692
974	1832
974	1882
975	976
975	977
976	978
976	1690
977	978
977	1137
978	980
978	1006
978	1081
978	1922
980	982
981	982
982	983
982	984
983	984
983	985
984	1551
985	986
986	1911
987	988
987	989
987	1540
988	989
989	1193
989	1567
989	1775
990	992
990	1674
991	1169
991	1739
992	1322
993	994
993	995
993	1180
993	1792
994	996
994	1637
995	996
995	997
995	1068
996	998
996	1001
997	1304
997	1822
998	1000
998	1062
998	1246
998	1881
999	1000
999	1001
1000	1225
1000	1801
1001	1489
1002	1003
1002	1004
1003	1004
1003	1269
1003	1811
1003	1998
1004	1006
1004	1962
1005	1007
1006	1008
1006	1432
1008	1009
1009	1011
1009	1423
1009	1835
1010	1641
1011	1389
1012	1698
1012	1894
1013	1015
1014	1350
1014	1975
1015	1016
1015	1017
1015	1624
1015	1693
1016	1017
1016	1784
1017	1018
1017	1945
1018	1251
1018	1512
1019	1021
1020	1022
1021	1022
1021	1023
1022	1024
1023	1025
1023	1748
1024	1025
1024	1373
1025	1141
1025	1209
1025	1633
1026	1027
1026	1277
1026	1775
1027	1159
1027	1701
1028	1029
1028	1030
1028	1472
1028	1856
1028	1966
1029	1412
1030	1031
1030	1032
1031	1557
1031	1639
1031	1841
1032	1317
1032	1334
1033	1034
1034	1036
1034	1086
1034	1189
1034	1416
1035	1037
1035	1280
1036	1099
1037	1107
1037	1763
1038	1040
1038	1207
1039	1040
1039	1843
1039	1934
1040	1041
1040	1649
1041	1785
1042	1044
1042	1197
1042	1433
1043	1045
1043	1075
1044	1046
1045	1046
1045	1047
1045	1954
1046	1174
1046	1209
1047	1294
1048	1050
1049	1050
1049	1051
1050	1052
1050	1963
1051	1841
1052	1054
1052	1115
1053	1054
1053	1737
1054	1055
1054	1713
1055	1401
1056	1994
1057	1059
1057	1205
1057	1811
1058	1060
1058	1685
1059	1060
1060	1061
1060	1062
1061	1062
1061	1742
1062	1063
1062	1064
1062	1092
1062	1566
1062	1979
1063	1064
1064	1065
1064	1066
1065	1452
1066	1067
1066	1174
1067	1068
1068	1070
1069	1759
1069	1789
1070	1072
1071	1206
1071	1468
1072	1073
1072	1212
1072	1511
1073	1075
1073	1332
1074	1075
1074	1509
1074	1800
1075	1789
1075	1866
1075	1880
1078	1079
1078	1312
1078	1710
1078	1847
1079	1884
1080	1081
1080	1273
1081	1082
1081	1107
1082	1501
1082	1771
1083	1262
1084	1085
1084	1086
1085	1087
1085	1113
1085	1893
1086	1088
1087	1089
1087	1260
1088	1374
1088	1974
1089	1091
1089	1369
1089	1844
1090	1092
1090	1113
1091	1092
1091	1093
1091	1860
1092	1384
1093	1216
1094	1096
1095	1097
1096	1098
1096	1527
1097	1098
1097	1394
1098	1346
1100	1353
1100	1424
1101	1102
1101	1103
1102	1622
1102	1723
1103	1104
1103	1917
1104	1105
1104	1586
1104	1824
1105	1106
1105	1295
1106	1107
1107	1862
1108	1109
1109	1110
1109	1111
1109	1743
1110	1111
1110	1184
1110	1996
1111	1112
1111	1113
1112	1114
1112	1311
1114	1115
1114	1116
1114	1766
1115	1979
1116	1661
1117	1119
1120	1121
1120	1549
1121	1122
1121	1336
1121	1623
1121	1857
1123	1675
1124	1130
1124	1358
1124	1802
1126	1127
1126	1128
1126	1722
1127	1129
1128	1510
1128	1580
1128	1800
1129	1131
1129	1824
1130	1131
1131	1133
1132	1134
1132	1857
1133	1135
1133	1316
1134	1973
1135	1136
1135	1502
1136	1137
1136	1762
1136	1959
1137	1138
1138	1259
1139	1140
1139	1880
1139	1903
1140	1141
1140	1142
1140	1145
1141	1142
1142	1143
1143	1780
1143	1809
1144	1603
1145	1332
1146	1147
1146	1148
1147	1148
1147	1149
1147	1481
1148	1149
1148	1150
1148	1612
1149	1538
1149	1732
1149	1790
1150	1985
1151	1153
1152	1733
1154	1913
1155	1157
1155	1853
1156	1158
1157	1527
1157	1528
1158	1159
1158	1731
1159	1160
1160	1161
1160	1162
1161	1162
1161	1592
1163	1164
1164	1165
1164	1166
1165	1331
1166	1168
1166	1373
1167	1168
1167	1169
1168	1170
1168	1603
1169	1171
1169	1190
1169	1619
1169	1895
1170	1224
1170	1432
1171	1172
1171	1173
1172	1173
1172	1647
1172	1865
1173	1175
1173	1680
1174	1176
1174	1225
1174	1535
1174	1636
1174	1994
1175	1398
1176	1508
1177	1179
1177	1587
1177	1772
1178	1180
1178	1259
1180	1631
1181	1183
1181	1805
1182	1686
1183	1624
1184	1186
1184	1481
1184	1607
1185	1186
1185	1187
1186	1254
1187	1188
1187	1189
1187	1654
1187	1831
1188	1189
1188	1190
1188	1293
1189	1331
1189	1837
1189	1861
1190	1191
1190	1192
1190	1496
1191	1192
1191	1193
1192	1554
1193	1194
1193	1195
1193	1914
1194	1196
1194	1256
1194	1525
1195	1197
1196	1930
1198	1199
1199	1201
1200	1202
1201	1589
1201	1891
1202	1203
1202	1342
1202	1453
1202	1548
1203	1204
1203	1409
1204	1205
1204	1206
1205	1206
1205	1207
1206	1825
1207	1208
1207	1209
1207	1924
1208	1210
1208	1224
1208	1513
1209	1210
1209	1397
1209	1933
1210	1211
1211	1735
1211	1957
1212	1221
1212	1605
1213	1214
1213	1215
1214	1215
1215	1216
1215	1217
1215	1862
1215	1922
1216	1218
1216	1963
1217	1218
1217	1219
1217	1449
1218	1219
1218	1665
1218	1892
1219	1802
1220	1221
1221	1508
1221	1640
1222	1223
1222	1224
1223	1224
1223	1933
1224	1289
1224	1451
1224	1487
1225	1227
1225	1802
1226	1228
1226	1578
1226	1993
1227	1229
1227	1922
1228	1230
1228	1242
1229	1814
1230	1231
1230	1232
1230	1651
1231	1232
1232	1233
1232	1234
1233	1234
1233	1235
1233	1757
1234	1236
1235	1237
1235	1588
1236	1239
1236	1407
1238	1239
1238	1610
1239	1240
1240	1242
1241	1341
1241	1656
1242	1243
1242	1568
1243	1244
1243	1992
1244	1245
1244	1854
1245	1246
1245	1247
1245	1408
1246	1346
1247	1284
1247	1921
1248	1250
1249	1250
1249	1555
1249	1782
1250	1270
1250	1323
1250	1966
1251	1597
1252	1254
1252	1644
1252	1744
1253	1724
1254	1256
1256	1258
1257	1258
1257	1675
1257	1724
1257	1798
1258	1259
1258	1286
1260	1292
1260	1783
1261	1262
1261	1263
1262	1263
1262	1989
1263	1264
1263	1265
1263	1460
1263	1575
1264	1272
1264	1731
1266	1268
1266	1865
1268	1270
1268	1796
1269	1271
1270	1271
1270	1272
1271	1273
1272	1274
1274	1275
1274	1276
1274	1373
1275	1277
1276	1277
1276	1278
1277	1279
1278	1279
1278	1280
1279	1770
1280	1429
1281	1666
1281	1699
1281	1724
1282	1356
1282	1474
1283	1576
1284	1285
1284	1286
1285	1286
1286	1800
1287	1288
1287	1510
1288	1289
1288	1290
1289	1290
1289	1573
1289	1720
1290	1322
1290	1717
1290	1741
1291	1292
1291	1293
1292	1643
1294	1295
1294	1305
1295	1859
1296	1297
1296	1298
1297	1299
1297	1961
1298	1299
1298	1300
1299	1300
1299	1539
1299	1790
1300	1301
1300	1387
1300	1491
1301	1303
1302	1303
1302	1304
1302	1820
1302	1829
1303	1304
1303	1971
1304	1306
1304	1609
1305	1490
1306	1307
1308	1309
1309	1310
1309	1311
1309	1560
1310	1312
1310	1481
1311	1312
1311	1313
1312	1313
1312	1510
1313	1314
1313	1493
1313	1942
1315	1316
1315	1317
1315	1531
1316	1317
1316	1318
1316	1695
1317	1318
1317	1593
1317	1598
1318	1319
1318	1320
1319	1438
1319	1826
1320	1488
1320	1836
1321	1758
1322	1324
1322	1392
1323	1642
1323	1897
1324	1325
1324	1326
1325	1327
1326	1327
1326	1328
1327	1809
1327	1832
1328	1329
1329	1331
1329	1663
1329	1920
1330	1331
1330	1332
1331	1342
1332	1425
1333	1334
1333	1739
1334	1638
1335	1336
1335	1337
1337	1338
1338	1340
1338	1463
1339	1857
1340	1341
1340	1342
1341	1342
1342	1343
1342	1344
1343	1344
1343	1345
1344	1345
1345	1347
1345	1603
1346	1348
1346	1991
1347	1348
1347	1349
1348	1350
1349	1688
1351	1402
1352	1353
1353	1354
1353	1662
1353	1670
1354	1355
1355	1356
1355	1698
1356	1357
1357	1359
1357	1401
1359	1360
1359	1872
1360	1362
1361	1858
1361	1981
1362	1679
1363	1364
1363	1365
1363	1562
1364	1365
1364	1366
1365	1366
1366	1368
1367	1369
1367	1642
1367	1817
1368	1369
1368	1370
1368	1384
1369	1373
1370	1371
1370	1372
1371	1373
1372	1940
1373	1551
1374	1375
1374	1906
1374	1955
1375	1376
1376	1377
1376	1501
1377	1378
1378	1379
1378	1400
1379	1380
1379	1381
1380	1382
1380	1431
1381	1382
1382	1443
1382	1888
1383	1384
1383	1385
1383	1670
1385	1386
1385	1550
1385	1959
1386	1852
1387	1388
1388	1389
1388	1390
1389	1391
1390	1881
1391	1942
1393	1669
1393	1910
1394	1487
1395	1396
1395	1397
1396	1932
1399	1400
1400	1401
1400	1877
1401	1948
1402	1403
1402	1635
1402	1970
1403	1404
1404	1406
1405	1406
1405	1640
1406	1407
1406	1408
1407	1569
1407	1883
1408	1410
1408	1524
1409	1499
1410	1411
1410	1412
1410	1812
1411	1413
1412	1413
1413	1414
1413	1415
1413	1756
1414	1415
1415	1679
1418	1420
1418	1471
1419	1712
1420	1421
1420	1422
1420	1505
1421	1463
1421	1624
1422	1423
1424	1425
1424	1802
1425	1427
1426	1427
1426	1428
1427	1428
1427	1429
1428	1429
1429	1659
1430	1432
1431	1432
1431	1679
1432	1434
1433	1434
1433	1435
1434	1435
1434	1577
1435	1436
1435	1437
1436	1531
1437	1438
1437	1439
1438	1439
1438	1440
1438	1523
1439	1617
1440	1441
1440	1442
1440	1891
1441	1931
1442	1443
1442	1444
1444	1446
1444	1774
1445	1447
1445	1816
1446	1447
1447	1449
1448	1449
1449	1666
1449	2000
1450	1993
1452	1454
1452	1688
1452	1895
1453	1455
1454	1455
1454	1456
1455	1456
1455	1955
1456	1457
1457	1458
1457	1459
1459	1460
1459	1461
1459	1570
1460	1542
1460	1794
1460	1966
1461	1462
1461	1855
1462	1463
1462	1467
1464	1466
1464	1533
1465	1466
1466	1468
1466	1634
1468	1470
1468	1797
1469	1470
1469	1471
1470	1599
1470	1778
1471	1472
1471	1879
1471	1920
1472	1663
1473	1475
1473	1486
1474	1876
1475	1476
1475	1594
1475	1684
1475	1995
1476	1477
1476	1478
1477	1584
1478	1480
1479	1480
1479	1504
1480	1481
1480	1606
1480	1943
1480	1992
1482	1484
1483	1485
1483	1807
1484	1485
1484	1750
1484	1802
1485	1585
1487	1488
1489	1490
1489	1491
1490	1491
1490	1597
1491	1492
1492	1493
1493	1585
1494	1496
1495	1497
1497	1499
1497	1882
1498	1499
1498	1737
1499	1500
1500	1501
1500	1766
1501	1502
1502	1853
1503	1504
1503	1843
1504	1700
1505	1507
1506	1507
1506	1522
1507	1879
1507	1919
1508	1688
1509	1511
1511	1726
1513	1514
1515	1934
1516	1772
1516	1794
1516	1969
1517	1519
1517	1589
1518	1520
1519	1520
1519	1521
1520	1661
1521	1523
1522	1523
1522	1524
1523	1825
1523	1968
1525	1526
1525	1527
1526	1800
1527	1529
1527	1673
1528	1925
1528	1958
1530	1531
1530	1728
1531	1940
1532	1534
1533	1535
1534	1535
1534	1536
1535	1537
1536	1614
1537	1539
1539	1541
1540	1575
1540	1653
1540	1667
1542	1544
1543	1545
1543	2000
1544	1978
1545	1546
1545	1628
1546	1547
1546	1674
1547	1549
1548	1550
1549	1550
1549	1551
1549	1870
1550	1551
1550	1599
1552	1553
1552	1554
1552	1864
1552	1965
1553	1554
1554	1556
1555	1556
1556	1558
1556	1672
1557	1558
1558	1559
1558	1560
1559	1560
1560	1561
1561	1562
1563	1564
1563	1565
1565	1566
1565	1567
1567	1568
1567	1913
1569	1623
1570	1571
1571	1572
1571	1573
1572	1573
1572	1574
1573	1575
1573	1664
1573	1696
1574	1575
1574	1576
1574	1935
1576	1577
1576	1578
1577	1578
1577	1633
1578	1579
1578	1670
1579	1625
1580	1581
1580	1600
1580	1845
1581	1582
1581	1669
1582	1584
1584	1698
1585	1586
1586	1588
1588	1590
1589	1591
1590	1592
1592	1593
1593	1774
1593	1828
1594	1595
1594	1596
1594	1867
1595	1596
1596	1597
1596	1598
1596	1788
1598	1783
1599	1600
1599	1607
1600	1601
1601	1603
1601	1952
1602	1694
1603	1604
1604	1605
1604	1913
1605	1692
1605	1932
1605	1965
1606	1607
1606	1862
1608	1609
1608	1962
1609	1610
1610	1612
1610	1697
1611	1612
1611	1972
1612	1614
1613	1615
1614	1616
1617	1618
1617	1619
1618	1620
1620	1621
1621	1623
1621	1967
1622	1623
1622	1624
1625	1626
1625	1824
1625	1828
1625	1888
1626	1627
1626	1628
1626	1704
1627	1629
1628	1629
1629	1631
1630	1632
1630	1984
1631	1632
1631	1863
1632	1633
1632	1634
1633	1869
1634	1844
1635	1636
1636	1638
1636	1678
1638	1639
1638	1941
1639	1955
1642	1643
1643	1644
1644	1645
1644	1646
1644	1690
1644	1696
1645	1646
1646	1647
1646	1648
1646	1770
1647	1648
1648	1649
1649	1650
1650	1918
1651	1800
1652	1744
1656	1658
1657	1659
1658	1659
1658	1660
1659	1661
1660	1661
1660	1662
1661	1662
1663	1664
1664	1665
1664	1851
1665	1667
1665	1795
1666	1667
1667	1669
1667	1825
1668	1670
1668	1973
1669	1670
1669	1671
1671	1733
1671	1870
1672	1674
1673	1674
1673	1990
1676	1677
1676	1678
1677	1679
1677	1870
1678	1680
1678	1956
1679	1778
1680	1681
1680	1682
1681	1682
1681	1956
1682	1683
1682	1684
1684	1686
1686	1687
1687	1689
1688	1690
1688	1864
1693	1695
1694	1696
1694	1946
1694	1998
1695	1696
1698	1702
1699	1700
1700	1702
1701	1702
1702	1703
1703	1704
1704	1706
1704	1760
1705	1707
1706	1707
1706	1708
1706	1721
1709	1710
1709	1711
1710	1712
1711	1731
1712	1714
1713	1715
1713	1734
1714	1715
1714	1716
1715	1716
1716	1718
1716	1978
1718	1720
1719	1721
1720	1721
1721	1723
1722	1723
1723	1777
1724	1882
1725	1726
1725	1727
1726	1803
1727	1728
1727	1786
1729	1730
1729	1731
1730	1731
1730	1794
1731	1733
1731	1772
1731	1904
1733	1734
1733	1841
1733	1988
1736	1738
1736	1811
1737	1739
1737	1889
1739	1740
1740	1741
1740	1815
1740	1828
1741	1789
1741	1839
1742	1743
1743	1745
1743	1788
1744	1746
1745	1801
1746	1748
1746	1777
1747	1749
1749	1750
1749	1751
1751	1752
1751	1920
1752	1753
1752	1808
1753	1754
1753	1755
1754	1756
1755	1756
1755	1757
1756	1757
1757	1816
1757	1935
1758	1977
1759	1761
1761	1762
1761	1982
1762	1764
1764	1766
1765	1766
1766	1767
1767	1768
1767	1769
1768	1770
1769	1770
1771	1772
1772	1774
1773	1875
1773	1973
1774	1775
1774	1776
1776	1777
1776	1911
1777	1890
1779	1780
1779	1961
1779	1990
1780	1782
1781	1782
1781	1783
1782	1929
1784	1808
1785	1953
1786	1787
1786	1788
1787	1797
1787	1855
1789	1909
1791	1793
1793	1794
1793	1996
1795	1796
1797	1799
1798	1799
1799	1801
1801	1802
1801	1803
1803	1805
1804	1806
1806	1807
1806	1808
1807	1808
1808	1809
1809	1810
1809	1811
1810	1952
1813	1814
1813	1815
1813	1985
1814	1816
1814	1975
1818	1819
1820	1822
1821	1822
1822	1824
1823	1824
1825	1900
1826	1828
1827	1829
1827	1845
1828	1829
1829	1831
1830	1832
1833	1834
1835	1837
1836	1837
1839	1841
1839	1972
1840	1841
1840	1842
1841	1842
1842	1844
1843	1920
1843	1983
1844	1845
1844	1936
1846	1848
1848	1850
1850	1852
1852	1853
1852	1854
1853	1855
1854	1855
1854	1856
1856	1858
1857	1858
1858	1859
1859	1949
1860	1861
1861	1863
1863	1865
1866	1867
1866	1868
1867	1869
1868	1869
1868	1870
1869	1870
1869	1871
1871	1872
1871	1873
1872	1873
1874	1875
1875	1877
1876	1877
1876	1878
1877	1878
1877	1879
1880	1882
1884	1885
1885	1886
1885	1923
1887	1888
1888	1889
1888	1901
1890	1891
1893	1894
1893	1951
1894	1896
1895	1897
1896	1898
1896	1945
1896	1950
1896	1972
1897	1898
1897	1899
1898	1900
1898	1978
1899	1900
1899	1911
1899	1979
1900	1907
1901	1902
1902	1903
1902	1904
1903	1904
1904	1905
1905	1906
1905	1907
1906	1907
1907	1908
1908	1910
1910	1912
1911	1913
1912	1914
1913	1915
1914	1915
1915	1917
1916	1917
1920	1922
1923	1924
1923	1925
1924	1925
1925	1927
1926	1928
1927	1928
1928	1929
1928	1930
1929	1931
1930	1932
1930	1956
1931	1933
1932	1933
1933	1934
1933	1935
1935	1936
1936	1972
1937	1938
1937	1939
1938	1939
1938	1940
1938	1997
1939	1940
1940	1941
1941	1942
1941	1943
1943	1945
1944	1946
1945	1946
1947	1948
1948	1950
1950	1952
1952	1984
1953	1955
1954	1956
1957	1958
1957	1959
1959	1961
1960	1962
1960	1974
1965	1967
1967	1968
1969	1971
1970	1971
1970	1972
1971	1973
1974	1976
1975	1976
1975	1977
1976	1977
1977	1978
1977	1979
1980	1981
1980	1982
1982	1984
1985	1986
1986	1987
1986	1988
1987	1988
1988	1989
1989	1990
1990	1992
1991	1993
1993	1994
1993	1995
1994	1995
1995	1997
1999	2000
