1	2
1	167
1	2000
2	3
2	866
3	4
3	5
3	23
4	5
4	6
4	694
5	6
5	7
6	7
6	8
6	1049
7	9
7	662
7	1421
8	9
8	420
8	637
8	1262
8	1524
8	1769
9	10
9	11
9	587
9	968
10	11
10	1252
10	1286
10	1830
10	1893
11	12
11	13
11	416
11	1310
12	13
12	14
12	633
13	14
13	952
13	1936
14	15
14	16
14	959
14	1856
15	1764
15	1874
16	17
16	18
16	830
17	18
17	19
18	19
18	1202
18	1558
18	1841
19	20
19	21
19	926
19	1071
20	21
20	1453
21	22
21	726
22	23
22	24
23	24
23	1247
24	25
24	26
24	70
24	881
24	1638
24	1856
25	27
25	310
25	1571
26	850
26	873
26	1828
27	28
27	29
28	29
28	30
29	31
29	285
29	1866
30	31
30	32
30	666
30	749
30	1156
31	318
31	509
31	1558
32	33
32	832
32	935
32	968
32	1027
32	1564
33	34
33	35
33	1246
34	500
34	1812
34	1839
35	36
35	1714
36	37
36	38
36	837
37	38
37	39
38	39
38	40
39	40
39	41
39	1046
40	41
40	42
41	54
41	385
41	1525
42	43
42	360
43	45
43	779
44	45
44	810
45	576
45	666
45	1656
46	47
46	1982
47	48
47	49
48	49
48	154
48	1238
48	1416
48	1731
48	1909
49	50
49	51
49	1414
50	51
50	52
51	53
51	1351
51	1895
52	54
52	174
52	817
53	55
53	1226
54	55
54	825
54	1189
54	1974
55	57
55	729
55	1906
56	58
56	1005
56	1535
57	58
57	59
57	1624
58	610
58	920
59	60
59	61
59	1954
60	61
60	140
60	213
60	1957
61	62
61	63
61	555
61	1385
62	63
62	64
62	322
62	1628
63	64
63	1629
64	65
64	66
64	1663
65	67
65	332
65	882
65	1558
66	68
66	127
66	525
66	1426
66	1751
67	68
67	69
68	69
68	70
69	70
69	71
69	1791
70	71
70	1070
70	1605
71	72
71	1781
72	74
72	1461
73	74
73	959
74	76
74	602
74	1360
75	165
75	1004
75	1598
76	77
76	78
77	78
77	1637
78	79
78	1204
79	501
79	1279
79	1413
79	1823
80	403
80	453
80	492
80	1545
81	82
81	83
81	223
82	83
82	84
83	84
83	588
83	772
84	909
84	1190
85	1522
85	1762
86	427
86	1398
86	1755
87	88
87	876
88	1029
88	1624
89	91
89	1263
90	92
90	437
90	1195
90	1409
91	92
91	93
91	457
92	571
92	590
92	657
92	1499
93	95
93	1749
94	95
94	96
94	1125
95	96
95	334
96	97
96	98
97	99
97	723
98	99
98	100
99	101
99	633
100	101
100	102
101	102
101	1708
102	154
102	421
103	104
103	118
103	796
104	105
104	106
105	106
105	107
105	1241
106	107
106	108
107	108
107	1441
107	1551
108	173
108	983
108	1755
109	111
109	1175
110	112
110	1547
111	112
111	792
111	1801
112	113
112	1767
112	1887
113	114
113	115
113	1583
114	116
114	296
115	116
115	117
115	1688
116	118
116	1303
117	118
117	989
117	1841
118	119
118	120
119	120
119	121
120	121
120	122
121	123
121	151
121	1113
122	123
122	124
122	1121
122	1574
123	124
123	125
123	1430
123	1655
124	126
124	367
124	1052
124	1566
124	1689
124	1907
125	416
125	1969
126	127
126	128
127	129
127	231
127	1981
128	129
128	1079
128	1555
129	673
129	675
129	1402
129	1860
130	132
130	153
130	833
130	1446
130	1999
131	261
131	708
131	929
131	989
132	134
132	714
132	1008
132	1141
133	134
133	166
133	188
133	1793
134	295
134	1334
134	1956
135	136
135	137
136	137
136	530
137	139
137	444
138	139
138	140
139	645
139	1612
140	141
141	142
141	143
142	827
142	1124
143	144
143	145
143	454
143	966
144	145
144	1725
145	146
145	203
146	147
146	1158
147	148
147	149
148	149
148	601
148	687
148	896
149	150
149	1420
150	441
150	624
151	153
151	865
151	1594
152	901
152	1743
153	154
153	155
154	156
154	1228
155	157
155	1946
156	157
156	1230
157	158
157	159
157	274
157	459
158	159
158	160
158	1324
159	160
159	490
160	559
160	808
161	162
161	163
162	163
162	164
162	946
163	164
163	1793
164	165
164	269
164	1508
164	1855
165	166
165	167
165	1458
166	974
166	1751
167	169
167	1252
167	1310
168	169
168	170
169	652
169	1893
170	171
170	172
170	938
171	173
171	379
171	1018
171	1692
172	174
172	1295
172	1424
173	174
173	175
174	175
174	176
175	176
175	1181
175	1653
176	177
176	880
177	179
177	207
177	232
178	399
178	741
178	811
179	181
179	189
179	1992
180	181
180	1650
181	183
181	921
181	1999
182	183
182	1166
182	1189
182	1894
182	1967
183	184
183	185
184	185
184	1739
184	1850
185	186
185	187
186	187
186	188
186	1639
187	189
187	378
187	889
188	190
189	190
189	1557
189	1620
190	191
190	192
190	1622
190	1711
191	192
191	193
191	691
191	1777
192	193
192	194
192	436
192	1213
192	2000
193	195
193	1152
194	195
194	576
194	1910
195	196
195	666
196	197
196	445
196	464
197	334
197	1062
198	199
198	433
198	1380
198	1794
199	201
199	1484
200	305
200	1174
201	203
201	697
202	203
202	204
203	204
203	205
203	975
204	205
204	206
205	206
205	207
206	207
206	208
207	356
207	792
208	209
208	210
208	1151
208	1661
209	210
209	211
209	1771
210	211
210	212
210	937
210	1944
211	212
211	213
212	213
212	214
212	651
213	525
213	702
213	1123
214	215
214	620
214	679
215	216
215	217
215	244
215	1618
215	1685
216	218
216	759
217	219
217	317
217	474
217	1735
218	220
218	1045
219	220
219	259
219	505
219	908
219	962
219	1810
220	221
220	222
220	738
220	906
221	415
221	764
221	1650
221	1702
222	224
222	786
222	1093
223	225
224	225
224	226
224	1063
225	226
225	227
226	227
226	228
226	523
227	228
227	229
228	229
228	230
228	1750
229	230
229	231
229	1087
230	231
230	760
231	258
231	1140
232	348
232	530
232	1095
233	235
233	586
234	236
234	1930
235	236
235	237
235	415
235	650
236	237
236	238
237	643
237	822
237	1851
238	239
238	835
239	240
239	241
240	241
240	242
240	1334
241	242
241	243
242	243
242	799
243	244
243	245
244	246
244	1513
244	1636
245	247
245	342
245	552
245	732
246	248
246	309
247	248
247	872
248	250
248	417
248	1475
249	250
249	251
249	701
250	252
250	1401
251	252
251	253
252	254
252	1180
253	255
253	363
254	255
254	313
255	687
255	1440
256	257
256	315
256	848
256	1345
257	1297
257	1760
258	260
258	1385
258	1755
258	1912
259	260
259	682
260	262
260	1832
261	262
262	264
262	523
263	264
263	265
264	265
264	266
265	267
265	1281
266	267
266	268
267	269
267	341
267	896
267	1445
267	1749
268	269
268	314
268	1696
269	270
269	350
269	716
269	1561
270	271
270	272
271	573
271	1356
272	429
272	1825
273	274
273	275
274	275
275	276
275	277
275	556
275	565
276	277
276	278
276	1001
277	278
277	279
277	1349
278	279
278	280
278	392
279	281
279	1846
280	281
280	282
280	1463
281	283
281	924
282	283
282	1741
283	284
283	285
284	439
284	1019
285	287
286	288
286	599
287	288
287	544
287	711
288	600
288	1301
289	290
289	1317
290	291
290	292
291	292
291	293
292	294
292	1026
292	1080
293	294
293	295
293	960
294	295
294	296
295	296
295	297
295	865
295	885
296	297
296	1349
297	298
297	299
297	1396
298	299
298	300
299	300
299	1344
300	555
300	695
300	1010
300	1019
301	302
301	303
301	1476
302	304
302	786
302	1341
303	305
303	1542
304	305
304	306
305	306
305	806
305	1472
305	1745
306	308
306	509
306	690
307	308
307	309
308	309
308	310
308	1297
309	310
309	311
310	678
311	313
311	1260
312	313
312	314
313	314
313	446
313	1772
314	315
314	316
314	970
315	317
315	469
316	317
316	318
316	872
317	318
318	319
318	320
318	1706
319	320
319	321
319	463
319	562
320	321
320	322
320	1498
320	1622
321	322
321	323
321	807
322	1247
322	1449
323	528
323	1396
324	325
324	326
324	1144
324	1518
325	326
325	327
326	327
326	1044
326	1863
327	328
327	329
327	362
328	329
328	330
328	1319
329	330
329	331
329	696
330	331
330	1194
330	1393
331	332
331	333
331	374
331	490
332	664
332	1403
332	1642
333	335
333	619
334	335
334	1698
335	336
335	344
335	750
335	1623
335	1953
336	337
336	338
337	339
337	1919
338	339
338	340
339	340
339	557
340	944
340	1843
341	1767
342	344
342	1794
343	344
343	494
343	1959
344	346
345	346
345	463
346	946
346	1317
346	1419
347	348
347	1907
348	350
348	1522
348	1900
349	350
349	351
350	351
350	352
351	936
351	1107
351	1873
352	353
352	354
353	355
353	1034
354	355
354	1250
354	1941
355	799
355	1440
356	357
356	505
356	1308
356	1421
357	358
357	359
358	359
358	1405
359	360
359	361
359	997
360	361
360	1992
361	362
361	363
361	874
361	1104
361	1920
362	1373
363	365
363	1022
363	1905
364	365
364	1737
365	366
365	367
366	368
366	999
367	543
367	849
367	1313
367	1501
367	1969
368	370
368	623
368	1621
368	1866
369	370
369	371
369	764
370	372
370	1115
370	1905
371	372
371	373
371	1117
372	373
372	374
372	718
373	374
373	780
374	1258
374	1292
374	1932
375	377
375	619
376	377
376	1111
377	378
377	1938
378	379
378	407
379	380
379	1481
379	2000
380	381
380	382
380	961
381	382
381	1523
382	383
382	384
383	384
383	385
384	385
384	1379
385	1262
385	1312
386	387
386	1302
387	388
387	389
388	389
388	1432
388	1461
389	1243
389	1841
390	391
390	1587
391	393
391	1646
392	394
393	394
393	1559
394	395
394	396
394	1541
395	396
395	397
396	397
396	398
396	1463
397	399
397	629
397	1045
398	399
398	400
398	410
398	1322
399	400
399	848
399	1650
400	401
400	402
400	1279
400	1682
401	402
401	1283
402	404
402	1113
402	1442
403	405
403	1949
404	406
404	1076
405	407
405	752
406	407
406	1393
407	408
407	409
408	409
408	410
408	1655
409	410
409	413
409	856
410	411
411	413
411	670
411	1578
412	413
412	928
413	414
413	415
413	716
414	415
414	416
415	1095
416	1020
417	418
417	1097
418	419
418	420
418	966
419	420
419	421
420	549
421	422
421	423
422	424
422	1521
423	424
423	425
423	1358
424	426
424	1053
424	1520
424	1917
425	427
425	840
425	1207
425	1947
426	427
426	1844
427	428
427	468
427	1999
428	429
428	430
428	699
428	1786
429	430
429	700
429	1308
430	431
430	432
431	432
431	433
431	1215
431	1739
432	433
432	1795
433	435
434	435
434	1050
434	1670
435	1145
435	1943
436	437
436	868
437	439
438	439
438	440
439	440
439	441
440	441
440	442
440	687
440	1423
441	442
441	722
441	1956
442	444
442	1190
442	1835
443	910
443	1061
443	1103
443	1840
444	445
444	1349
445	1703
446	448
446	981
447	448
447	790
448	449
448	1629
448	1997
449	450
449	451
449	1050
449	1172
449	1774
450	451
450	594
451	452
451	453
451	496
451	804
451	1051
452	453
452	1145
452	1677
453	485
454	455
455	456
455	656
456	548
456	1682
457	499
457	969
458	459
458	1176
459	563
460	462
460	1197
461	462
461	463
462	463
462	464
463	464
463	857
463	1898
464	617
464	1251
464	1662
465	466
465	467
466	467
466	1048
466	1548
467	468
467	469
468	469
469	990
470	472
470	1022
470	1183
470	1648
471	472
471	1455
472	473
472	474
472	1916
473	475
473	747
473	1150
474	476
474	598
474	782
475	1184
475	1276
475	1282
476	477
476	478
476	513
476	521
477	478
477	1783
478	479
478	480
478	1992
479	613
479	614
479	1331
479	1888
479	1983
480	482
480	976
481	482
481	483
481	1057
482	483
482	484
483	485
483	812
483	1016
484	485
484	486
484	1985
485	486
485	1556
486	860
486	922
486	1711
486	1897
487	533
487	689
487	1556
487	1639
488	489
488	863
488	1859
489	510
489	1692
490	492
491	492
491	979
491	1565
491	1850
491	1969
492	493
492	1605
493	494
493	631
494	495
495	496
495	544
495	1273
496	1973
497	498
497	499
497	1836
498	500
498	845
498	1288
498	1624
499	871
500	501
500	1418
501	502
502	741
502	868
503	504
503	505
504	505
504	523
504	1107
505	1059
505	1412
506	507
506	508
507	508
507	509
508	509
508	510
508	1297
509	511
509	1202
510	511
510	512
510	1554
511	512
511	513
512	514
512	1047
512	1880
513	515
513	1176
514	515
514	516
514	558
514	1527
515	516
515	517
516	1272
516	1312
517	519
517	779
517	1307
518	519
518	520
518	810
518	1604
518	1738
519	520
519	1773
520	521
520	522
520	1555
521	523
521	1192
522	523
522	524
522	1714
523	525
523	931
523	1998
524	525
524	526
525	527
526	527
526	528
527	528
527	529
528	529
528	1282
529	1341
529	1980
530	532
530	1299
531	533
531	1373
532	533
532	875
532	1153
532	1995
533	1362
533	1750
533	1847
534	535
534	536
534	1427
535	536
535	1710
535	1711
536	537
536	1628
537	538
537	539
537	1336
537	1353
537	1588
538	539
538	540
538	958
538	1338
539	540
539	541
540	541
540	542
540	994
541	543
541	994
541	1691
542	543
542	544
543	545
543	1983
544	545
545	546
545	547
546	547
546	548
547	549
547	683
547	801
547	964
547	1864
547	1931
548	550
548	836
548	1589
549	550
549	551
550	551
550	552
551	552
551	553
552	554
552	1650
553	555
553	1992
554	556
554	1285
554	1603
555	571
555	841
556	901
556	1474
556	1809
556	1868
557	570
557	1479
557	1601
558	560
559	560
559	561
560	562
560	1509
561	562
561	563
562	563
563	565
563	600
564	985
564	1055
564	1546
564	1783
565	1252
566	567
566	568
567	568
567	569
568	570
568	1852
569	570
569	865
569	888
569	1677
570	793
570	954
571	753
571	784
571	1539
571	1826
572	573
572	1756
572	1964
573	574
573	575
574	976
574	1082
574	1934
575	1040
575	1442
575	1473
575	1558
576	1565
576	1611
576	1793
577	578
577	1223
577	1226
577	1643
578	579
578	580
579	580
579	635
579	1337
580	581
580	582
581	582
581	583
581	1195
582	583
582	584
583	1410
583	1682
584	585
584	586
585	586
585	587
586	588
586	658
587	588
587	1335
587	1925
588	589
588	590
589	590
589	591
589	625
589	1393
590	591
591	592
591	593
591	1998
592	593
592	594
592	745
593	594
593	595
594	596
594	1919
595	596
595	1179
595	1630
596	597
596	757
596	1133
597	769
597	1683
598	600
599	601
599	1597
600	601
600	602
601	1678
602	603
602	1469
603	605
603	1300
603	1518
604	605
604	799
605	606
605	1229
606	607
606	608
606	1185
607	608
607	609
607	759
608	609
608	610
609	610
609	611
610	611
610	1089
611	612
611	613
612	613
612	614
613	1590
613	1976
614	615
614	1383
614	1471
615	616
615	617
616	618
616	1114
617	618
617	619
617	1116
618	620
618	912
619	620
619	621
619	1829
620	622
620	1590
621	623
621	1585
622	1057
622	1731
623	624
624	625
624	626
624	904
625	673
625	980
626	627
626	628
626	1519
626	1943
627	628
627	629
628	629
628	630
629	685
629	1743
630	632
630	1354
630	1658
631	632
631	633
631	784
632	634
632	1623
633	634
634	636
634	1401
634	1776
634	1918
635	637
635	814
635	1686
635	1931
636	637
636	1618
637	638
637	639
638	639
638	640
639	640
639	641
640	641
640	642
641	642
641	643
642	643
642	644
643	644
643	645
644	950
644	1822
645	647
645	1036
646	647
646	648
646	657
647	649
647	956
648	649
648	738
648	1640
649	650
649	651
650	850
650	930
651	652
651	1741
652	653
652	1772
653	654
653	655
653	1661
654	655
654	656
655	656
655	657
656	657
656	658
657	697
657	1039
657	1264
658	659
658	660
659	660
659	1317
659	1975
660	661
660	662
661	996
661	1789
662	753
662	1056
663	665
663	992
663	1070
663	1826
664	665
665	696
665	1752
666	1404
666	1526
667	668
667	669
667	1234
668	670
668	1449
668	1827
669	933
669	1840
670	671
671	672
671	673
672	1035
672	1272
672	1294
673	675
673	680
673	854
673	1683
674	675
674	676
674	1771
674	1933
675	677
676	677
676	678
677	678
677	933
677	1873
677	1912
678	680
678	1712
679	680
680	682
681	682
681	683
682	683
682	1411
683	1753
684	685
684	686
685	1695
686	687
686	1842
688	775
688	1591
689	690
689	691
690	691
691	1886
692	693
692	694
693	695
693	1362
694	695
695	696
695	697
695	1206
696	698
697	857
698	699
698	700
698	1698
699	701
699	1168
700	701
700	702
700	1060
701	703
701	1596
702	1482
703	1096
703	1381
703	1387
704	705
704	706
705	706
705	1157
706	708
706	1934
707	1278
707	1929
707	1935
708	709
708	710
708	814
709	710
709	711
709	995
709	1324
710	711
710	712
711	712
711	713
712	713
712	1154
713	714
713	715
714	716
715	716
715	717
715	737
717	719
717	1411
717	1489
718	719
719	720
719	721
720	721
720	722
720	1456
721	723
721	1119
722	723
722	724
723	724
723	725
724	725
724	726
725	727
725	1087
725	1566
725	1894
726	727
726	1758
726	1891
727	729
727	965
728	730
728	1843
729	833
729	1421
729	1579
730	731
730	732
731	732
731	733
731	1680
732	734
732	1034
733	1328
733	1479
734	736
734	1546
735	736
735	1263
735	1619
736	737
736	738
737	1565
738	1775
739	741
739	762
739	1620
740	741
740	742
740	1598
741	742
741	1599
742	743
742	744
743	744
743	745
743	790
744	745
744	746
745	747
746	747
746	748
747	749
747	1589
748	750
748	1633
748	1664
749	750
750	751
750	752
750	888
751	752
751	1073
751	1864
752	1364
752	1668
753	1503
753	1840
754	755
754	756
755	756
755	1266
755	1866
756	757
756	1523
757	758
757	759
758	759
758	760
759	761
760	762
760	1599
761	762
761	1486
761	1823
762	763
762	840
763	764
763	765
764	766
765	766
765	767
766	767
766	1371
767	768
767	769
767	969
767	1270
768	769
768	817
768	895
768	1652
768	1730
769	770
769	1585
769	1664
770	771
770	1281
771	772
771	773
772	1151
772	1373
772	1963
773	774
773	775
774	775
774	1377
775	776
775	1538
775	1609
776	993
776	1785
776	1955
777	778
777	779
777	1922
778	779
778	780
779	781
780	781
780	782
781	782
781	1504
782	784
783	784
783	785
783	1737
785	786
785	787
785	1795
786	787
786	1613
786	1948
786	1955
787	788
787	789
788	790
788	952
788	1613
789	790
789	1999
790	792
791	792
791	793
791	851
791	1147
791	1168
792	793
792	794
792	1313
793	795
793	1303
794	796
794	1201
794	1274
795	796
795	797
796	1680
797	798
797	799
797	993
798	799
798	800
799	800
799	801
800	801
800	802
801	802
801	803
802	804
802	939
803	804
803	805
804	805
805	806
805	807
806	807
806	808
807	809
808	809
808	810
809	811
809	1719
809	1836
810	990
811	812
811	813
812	813
812	814
812	1872
813	814
813	867
813	1918
815	816
815	817
816	817
816	1696
816	1735
817	1255
817	1990
818	819
818	820
818	1000
818	1181
819	820
819	821
819	1798
820	822
820	1000
820	1844
821	823
821	1810
822	824
822	1332
822	1520
822	1647
823	824
823	825
823	1061
823	1694
824	825
824	826
824	1614
825	826
825	827
826	827
826	828
827	828
827	1259
827	1885
828	830
828	1182
828	1641
829	830
829	831
830	831
830	891
831	833
831	1567
831	1943
832	834
832	1333
833	1599
834	835
834	1209
834	1479
835	836
835	837
836	837
836	1113
837	839
837	1211
838	839
838	840
839	840
839	841
840	841
841	842
842	843
842	1221
843	845
843	985
843	1210
844	845
844	1296
845	1669
846	997
846	1691
847	848
847	849
848	849
849	850
849	1291
850	851
850	852
851	853
852	853
852	881
853	854
853	855
853	1986
854	1074
854	1641
854	1951
855	856
855	857
855	1394
856	858
857	858
858	859
858	860
859	861
859	1066
859	1705
860	1328
860	1764
861	984
861	1377
861	1756
862	863
862	864
863	864
863	1222
864	865
864	866
864	1581
865	1347
866	867
866	868
866	1870
867	869
868	870
868	939
869	870
869	871
870	872
870	1335
870	1478
870	1893
871	872
871	1039
872	873
872	1464
873	875
873	1031
874	875
874	1996
875	876
875	1034
876	877
876	1956
877	878
877	879
877	1942
878	880
878	1628
878	1949
879	880
879	881
879	1221
880	881
880	882
880	950
881	882
882	884
882	1030
883	884
883	885
884	1096
884	1502
885	1238
886	1015
886	1114
887	888
887	1745
888	890
889	945
890	891
890	945
890	1642
891	1989
892	893
892	894
892	1726
893	894
893	895
894	895
894	1580
895	1045
895	1762
896	897
896	1461
897	898
897	899
898	899
898	900
899	900
899	901
900	901
900	902
901	903
902	904
902	1425
903	1253
903	1671
904	906
905	906
905	907
905	1415
905	1446
906	907
907	908
907	1882
908	910
909	910
909	911
910	911
910	1839
911	913
911	1667
912	914
912	1466
912	1648
913	915
913	1517
913	1605
914	1424
914	1464
915	916
915	917
916	917
916	918
916	1154
917	918
917	919
918	919
918	1289
918	1948
919	920
919	921
920	921
920	931
920	1287
920	1712
921	922
921	1659
922	924
923	925
923	1453
924	925
924	1855
925	1493
925	1988
926	1634
927	928
927	929
928	929
928	931
929	930
929	1244
929	1300
930	1154
930	1179
931	933
932	933
932	934
933	934
933	935
933	1763
934	936
934	1158
935	936
935	1975
936	1245
936	1827
937	938
938	939
939	940
940	941
940	942
941	942
941	943
942	943
942	944
942	1190
943	944
943	945
944	945
944	1256
945	947
946	948
946	1700
947	948
947	1838
948	949
948	950
949	950
949	951
949	1716
950	952
951	952
951	981
951	1621
952	954
952	1035
953	954
953	1157
954	955
954	992
955	956
955	1354
955	1461
956	957
956	958
957	958
957	1102
958	1444
959	961
960	961
961	962
961	1013
962	963
962	1794
963	964
963	1424
964	965
965	966
965	1011
965	1918
967	968
967	969
968	969
969	971
970	972
971	972
971	973
972	973
972	1006
972	1136
973	974
973	975
974	975
974	1070
974	1986
975	976
976	977
976	997
976	1610
977	978
977	979
978	979
978	980
979	981
980	981
981	983
982	984
982	1984
983	1058
984	986
984	1252
985	986
986	987
986	1774
987	988
987	1213
988	989
988	990
989	990
989	1089
990	991
990	992
991	992
991	993
992	1970
993	994
993	1348
993	1669
994	1626
994	1961
995	996
996	997
996	998
998	999
998	1000
999	1000
999	1001
999	1474
1000	1876
1001	1002
1002	1162
1002	1647
1003	1004
1003	1005
1004	1005
1005	1206
1005	1589
1006	1204
1006	1618
1007	1008
1007	1009
1008	1009
1008	1010
1009	1010
1009	1011
1010	1197
1011	1790
1012	1013
1012	1014
1013	1014
1014	1016
1014	1682
1015	1016
1015	1017
1016	1018
1016	1390
1017	1018
1017	1157
1018	1019
1019	1157
1019	1740
1020	1021
1020	1022
1021	1023
1021	1152
1023	1024
1023	1025
1024	1026
1024	1792
1025	1026
1025	1027
1026	1027
1026	1028
1027	1028
1028	1029
1028	1307
1029	1030
1029	1031
1029	1969
1030	1031
1030	1032
1030	1146
1031	1162
1031	1499
1032	1033
1032	1034
1033	1034
1033	1311
1033	1635
1035	1036
1036	1037
1036	1038
1037	1038
1037	1168
1038	1040
1038	1804
1039	1040
1040	1041
1041	1043
1041	1793
1042	1044
1042	1168
1043	1044
1043	1045
1043	1178
1043	1914
1044	1045
1045	1047
1046	1048
1046	1174
1047	1048
1047	1049
1048	1050
1049	1050
1049	1529
1050	1052
1050	1478
1051	1052
1052	1054
1052	1563
1052	1860
1053	1054
1054	1055
1054	1056
1055	1215
1055	1522
1056	1057
1057	1058
1058	1059
1058	1060
1059	1061
1060	1062
1062	1064
1062	1401
1062	1868
1062	1899
1063	1064
1064	1065
1064	1066
1065	1066
1065	1067
1065	1410
1066	1067
1066	1477
1067	1068
1067	1297
1068	1069
1068	1214
1069	1070
1069	1071
1070	1071
1071	1073
1071	1235
1072	1073
1072	1664
1073	1074
1073	1075
1074	1076
1075	1076
1075	1077
1075	1411
1075	1822
1076	1078
1076	1172
1076	1825
1076	1883
1077	1079
1077	1474
1077	1724
1078	1079
1078	1080
1079	1080
1079	1713
1080	1082
1080	1785
1081	1082
1081	1083
1082	1834
1083	1084
1083	1085
1084	1089
1084	1834
1085	1087
1085	1380
1086	1087
1086	1922
1087	1585
1088	1090
1088	1620
1089	1091
1090	1227
1090	1391
1090	1520
1091	1092
1091	1093
1092	1093
1092	1094
1093	1095
1093	1897
1094	1096
1094	1998
1095	1096
1096	1097
1096	1098
1097	1098
1097	1099
1098	1100
1098	1416
1099	1100
1099	1101
1099	1732
1100	1101
1100	1102
1100	1503
1100	1858
1101	1102
1101	1872
1102	1103
1102	1542
1102	1736
1103	1104
1103	1317
1103	1502
1104	1106
1105	1106
1105	1107
1106	1107
1106	1108
1107	1109
1107	1188
1107	1642
1108	1110
1108	1597
1109	1111
1109	1457
1110	1112
1110	1882
1111	1112
1111	1113
1112	1114
1112	1143
1112	1864
1112	1923
1113	1114
1113	1208
1113	1378
1113	1425
1114	1115
1114	1116
1115	1256
1115	1504
1115	1641
1116	1117
1116	1409
1116	1644
1117	1119
1117	1392
1118	1119
1118	1524
1119	1120
1119	1121
1119	1439
1120	1121
1120	1461
1121	1122
1122	1123
1122	1124
1122	1963
1123	1124
1123	1675
1124	1125
1124	1126
1124	1278
1124	1428
1125	1831
1126	1128
1126	1498
1127	1128
1127	1129
1128	1130
1128	1663
1129	1130
1129	1131
1129	1866
1130	1131
1130	1132
1130	1626
1131	1133
1131	1434
1132	1133
1132	1134
1133	1134
1134	1135
1134	1136
1135	1137
1135	1184
1136	1137
1136	1138
1137	1138
1137	1139
1138	1139
1138	1140
1139	1141
1139	1938
1140	1630
1141	1143
1142	1144
1142	1361
1142	1529
1142	1724
1143	1144
1144	1146
1145	1146
1145	1961
1146	1148
1147	1148
1148	1166
1148	1347
1149	1150
1149	1151
1150	1152
1151	1152
1151	1861
1152	1429
1152	1856
1153	1154
1153	1155
1154	1385
1155	1156
1155	1157
1155	1663
1155	1936
1156	1157
1156	1552
1157	1158
1157	1159
1158	1159
1158	1160
1159	1160
1159	1161
1159	1617
1160	1161
1160	1162
1161	1162
1161	1163
1161	1443
1161	1886
1162	1163
1162	1164
1163	1165
1163	1472
1164	1165
1164	1426
1164	1705
1165	1166
1165	1233
1165	1536
1166	1168
1167	1168
1167	1169
1167	1392
1169	1170
1169	1726
1170	1171
1170	1461
1171	1172
1171	1173
1171	1573
1171	1675
1172	1494
1172	1935
1173	1175
1173	1518
1174	1176
1175	1176
1175	1486
1176	1178
1176	1356
1177	1179
1177	1907
1178	1180
1178	1203
1178	1674
1178	1846
1179	1180
1180	1181
1180	1182
1182	1349
1182	1827
1183	1266
1183	1323
1184	1185
1184	1957
1185	1187
1186	1187
1186	1188
1187	1188
1187	1189
1187	1243
1188	1189
1189	1190
1190	1293
1190	1718
1191	1192
1191	1193
1192	1953
1193	1194
1193	1195
1194	1196
1196	1197
1196	1223
1196	1253
1197	1199
1197	1982
1198	1199
1198	1200
1199	1200
1199	1201
1200	1201
1200	1878
1201	1202
1201	1203
1202	1204
1203	1205
1204	1205
1204	1640
1204	1913
1205	1206
1205	1207
1206	1891
1207	1208
1208	1209
1209	1481
1210	1417
1210	1474
1210	1870
1211	1397
1212	1213
1212	1214
1212	1288
1212	1849
1213	1214
1213	1295
1213	1772
1214	1216
1214	1871
1216	1217
1216	1218
1217	1218
1217	1219
1218	1219
1218	1220
1219	1221
1219	1327
1219	1563
1220	1221
1220	1891
1221	1260
1221	1348
1221	1767
1222	1223
1223	1224
1224	1226
1224	1607
1225	1226
1225	1951
1226	1228
1226	1994
1227	1228
1227	1229
1227	1460
1228	1229
1229	1230
1229	1231
1229	1877
1230	1231
1230	1232
1231	1232
1231	1233
1232	1233
1232	1234
1232	1701
1233	1235
1233	1256
1233	1648
1234	1236
1235	1591
1236	1237
1236	1616
1237	1238
1237	1239
1237	1907
1238	1239
1239	1240
1239	1241
1239	1593
1240	1241
1240	1242
1241	1242
1242	1243
1242	1244
1243	1673
1244	1245
1245	1246
1245	1871
1246	1247
1247	1342
1248	1249
1248	1250
1248	1809
1249	1250
1249	1251
1250	1252
1250	1991
1251	1253
1253	1255
1254	1472
1254	1712
1255	1257
1256	1297
1257	1259
1257	1789
1257	1845
1258	1549
1259	1260
1259	1261
1259	1438
1260	1261
1260	1372
1261	1262
1261	1263
1262	1264
1262	1958
1263	1449
1264	1266
1265	1266
1265	1267
1266	1762
1267	1269
1267	1485
1268	1269
1268	1270
1269	1270
1269	1271
1270	1271
1271	1272
1271	1273
1272	1274
1273	1274
1274	1740
1275	1276
1275	1277
1275	1780
1276	1857
1277	1278
1277	1812
1278	1280
1279	1281
1279	1557
1280	1281
1280	1282
1280	1396
1281	1282
1281	1283
1282	1283
1282	1584
1282	1983
1283	1284
1283	1495
1284	1286
1284	1910
1285	1286
1285	1287
1286	1287
1286	1872
1286	1899
1287	1289
1289	1291
1290	1292
1290	1765
1291	1293
1292	1293
1293	1294
1293	1295
1294	1295
1294	1548
1295	1296
1296	1298
1296	1975
1297	1499
1297	1722
1297	1733
1297	1983
1298	1299
1298	1300
1299	1301
1301	1302
1301	1315
1302	1303
1302	1681
1303	1304
1303	1305
1303	1932
1304	1305
1304	1306
1305	1306
1305	1307
1306	1307
1306	1570
1306	1755
1307	1308
1307	1309
1309	1310
1309	1311
1309	1976
1310	1311
1310	1560
1311	1313
1311	1448
1312	1313
1312	1314
1313	1315
1314	1315
1314	1427
1314	1549
1314	1615
1315	1317
1315	1832
1315	1881
1316	1317
1316	1547
1317	1319
1318	1319
1318	1320
1319	1966
1320	1321
1320	1591
1321	1322
1321	1323
1322	1324
1322	1422
1322	1533
1323	1325
1323	1715
1323	1913
1325	1326
1325	1327
1326	1327
1326	1632
1327	1328
1327	1329
1328	1329
1328	1330
1329	1330
1329	1946
1330	1331
1330	1868
1331	1332
1331	1472
1332	1581
1333	1335
1333	1977
1335	1508
1336	1747
1337	1339
1337	1386
1337	1442
1337	1962
1338	1340
1338	1945
1339	1340
1339	1341
1340	1341
1340	1889
1341	1343
1342	1343
1343	1344
1343	1465
1344	1345
1344	1557
1345	1346
1346	1347
1346	1348
1347	1348
1347	1656
1348	1944
1349	1350
1349	1803
1350	1351
1350	1352
1351	1352
1351	1353
1352	1353
1352	1354
1352	1702
1353	1355
1354	1884
1355	1356
1355	1357
1356	1643
1356	1985
1357	1358
1357	1359
1358	1359
1359	1360
1359	1361
1359	1524
1360	1362
1361	1362
1361	1397
1362	1603
1363	1364
1363	1365
1364	1366
1364	1583
1364	1686
1365	1366
1365	1367
1366	1367
1366	1368
1366	1523
1367	1369
1367	1434
1368	1369
1368	1370
1369	1370
1369	1371
1370	1371
1370	1762
1370	1921
1371	1372
1371	1373
1371	1848
1372	1373
1373	1375
1374	1375
1374	1376
1375	1376
1375	1377
1376	1377
1376	1378
1377	1378
1378	1380
1379	1380
1379	1836
1379	1859
1380	1382
1380	1418
1381	1382
1382	1383
1382	1384
1382	1404
1383	1385
1383	1583
1384	1385
1384	1386
1385	1387
1386	1800
1387	1388
1387	1389
1388	1389
1388	1390
1389	1390
1389	1391
1390	1392
1391	1392
1391	1393
1393	1395
1393	1586
1393	1863
1394	1395
1395	1397
1395	1952
1397	1758
1398	1400
1399	1400
1399	1401
1399	1547
1400	1401
1400	1402
1402	1403
1402	1404
1403	1404
1404	1631
1405	1406
1405	1407
1406	1407
1406	1408
1407	1408
1407	1409
1407	1514
1408	1409
1408	1410
1409	1410
1410	1411
1411	1704
1412	1414
1413	1415
1414	1415
1415	1416
1416	1417
1416	1418
1416	1741
1417	1419
1418	1419
1418	1420
1419	1421
1419	1529
1420	1421
1420	1422
1421	1422
1421	1423
1422	1424
1423	1425
1423	1630
1424	1426
1424	1809
1425	1427
1425	1496
1426	1428
1427	1617
1428	1429
1429	1430
1429	1431
1429	1968
1430	1431
1431	1432
1431	1433
1432	1433
1432	1727
1433	1434
1433	1435
1433	1676
1434	1436
1434	1832
1434	1980
1435	1436
1435	1437
1436	1437
1436	1737
1436	1887
1437	1438
1437	1750
1438	1663
1439	1440
1440	1441
1440	1442
1440	1833
1441	1442
1441	1443
1441	1700
1441	1881
1443	1445
1444	1445
1444	1446
1445	1447
1447	1448
1447	1449
1448	1449
1448	1450
1449	1451
1450	1451
1450	1452
1451	1452
1451	1453
1452	1453
1452	1454
1453	1454
1453	1455
1454	1455
1454	1456
1455	1456
1455	1457
1456	1458
1456	1762
1457	1458
1457	1794
1458	1459
1459	1460
1459	1785
1460	1462
1462	1463
1462	1536
1462	1913
1463	1589
1464	1938
1465	1466
1465	1467
1466	1467
1466	1468
1467	1468
1467	1469
1468	1470
1468	1827
1469	1470
1469	1471
1469	1752
1470	1471
1470	1472
1471	1472
1472	1474
1473	1474
1475	1477
1476	1477
1476	1496
1477	1857
1479	1480
1479	1961
1480	1481
1480	1482
1481	1482
1482	1483
1482	1484
1483	1484
1483	1485
1484	1485
1484	1486
1485	1486
1485	1487
1486	1487
1486	1742
1487	1488
1487	1912
1488	1489
1488	1490
1489	1490
1489	1491
1489	1684
1490	1491
1490	1492
1491	1492
1491	1493
1491	1515
1492	1493
1492	1494
1492	1527
1493	1494
1493	1495
1494	1496
1495	1496
1495	1497
1496	1984
1497	1498
1497	1499
1498	1500
1499	1501
1500	1502
1500	1623
1501	1503
1502	1503
1502	1504
1503	1505
1504	1505
1504	1506
1505	1506
1505	1507
1506	1507
1506	1940
1507	1508
1507	1509
1508	1509
1508	1766
1509	1510
1509	1778
1510	1511
1510	1528
1510	1582
1510	1858
1511	1512
1511	1513
1512	1513
1512	1514
1513	1514
1514	1515
1514	1592
1515	1517
1516	1518
1516	1591
1517	1519
1517	1721
1518	1520
1518	1753
1519	1520
1520	1522
1521	1522
1521	1523
1522	1523
1522	1633
1523	1525
1523	1860
1524	1588
1525	1527
1526	1527
1526	1683
1526	1972
1528	1529
1530	1531
1530	1532
1531	1532
1531	1533
1532	1533
1532	1534
1533	1534
1534	1535
1534	1536
1535	1536
1537	1538
1537	1539
1538	1539
1538	1540
1538	1600
1539	1540
1539	1751
1540	1541
1540	1542
1541	1543
1542	1543
1542	1544
1543	1544
1543	1545
1544	1545
1544	1546
1545	1546
1546	1547
1546	1548
1547	1548
1548	1550
1548	1687
1549	1551
1550	1551
1550	1552
1550	1694
1551	1553
1552	1553
1553	1554
1553	1935
1554	1556
1556	1558
1557	1581
1558	1647
1559	1560
1559	1561
1560	1561
1561	1562
1562	1564
1562	1732
1564	1566
1567	1568
1568	1569
1568	1570
1569	1830
1569	1835
1570	1571
1571	1572
1571	1640
1572	1573
1572	1574
1572	1804
1573	1575
1574	1575
1574	1782
1575	1576
1575	1577
1576	1577
1576	1578
1577	1578
1577	1579
1578	1580
1578	1993
1579	1880
1579	1982
1580	1581
1580	1582
1580	1767
1581	1768
1582	1583
1584	1585
1585	1587
1586	1635
1587	1588
1587	1589
1587	1752
1587	1807
1590	1591
1590	1592
1591	1592
1591	1593
1592	1593
1593	1594
1594	1595
1595	1596
1595	1597
1596	1597
1597	1598
1597	1968
1598	1600
1599	1600
1600	1601
1601	1900
1602	1603
1602	1604
1603	1605
1604	1606
1605	1606
1606	1607
1606	1608
1607	1608
1607	1609
1608	1609
1608	1610
1609	1610
1610	1611
1610	1612
1611	1612
1611	1625
1611	1924
1612	1614
1612	1775
1613	1614
1613	1697
1614	1615
1615	1974
1616	1617
1616	1618
1617	1618
1618	1764
1619	1621
1619	1962
1623	1624
1624	1696
1625	1626
1627	1628
1627	1629
1628	1746
1628	1896
1629	1631
1631	1633
1632	1633
1632	1634
1632	1681
1634	1635
1634	1636
1635	1636
1635	1777
1636	1638
1637	1638
1637	1905
1638	1639
1639	1640
1640	1641
1641	1643
1642	1644
1642	1982
1643	1644
1643	1645
1644	1646
1645	1646
1645	1647
1645	1854
1646	1648
1646	1896
1648	1658
1649	1650
1649	1651
1650	1652
1651	1653
1651	1854
1652	1654
1653	1654
1653	1655
1653	1950
1654	1655
1654	1656
1656	1657
1656	1747
1657	1658
1657	1659
1658	1659
1658	1660
1659	1660
1659	1697
1660	1661
1660	1662
1660	1784
1661	1927
1662	1663
1662	1664
1664	1666
1665	1666
1665	1667
1666	1668
1666	1891
1666	1910
1667	1668
1667	1669
1667	1770
1668	1669
1668	1670
1669	1670
1669	1939
1670	1671
1670	1861
1671	1672
1671	1673
1672	1673
1672	1674
1672	1961
1673	1674
1673	1675
1674	1675
1674	1690
1675	1676
1675	1685
1676	1760
1678	1679
1678	1680
1678	1961
1679	1680
1679	1681
1680	1682
1681	1682
1682	1883
1684	1685
1684	1736
1686	1688
1687	1688
1687	1689
1688	1689
1689	1690
1690	1692
1690	1829
1691	1692
1692	1694
1693	1694
1693	1695
1695	1696
1695	1697
1696	1914
1697	1698
1698	1700
1699	1700
1699	1701
1701	1702
1703	1704
1703	1705
1703	1887
1704	1706
1705	1707
1706	1708
1706	1788
1707	1708
1707	1709
1707	1857
1708	1710
1708	1821
1709	1710
1709	1711
1710	1712
1711	1713
1712	1713
1713	1716
1713	1799
1714	1917
1715	1716
1715	1853
1716	1718
1717	1719
1717	1874
1718	1720
1719	1721
1720	1721
1720	1722
1721	1819
1722	1723
1723	1724
1723	1725
1725	1726
1725	1787
1725	1797
1726	1727
1727	1728
1728	1729
1728	1730
1729	1730
1729	1731
1730	1731
1731	1917
1732	1733
1733	1734
1734	1735
1734	1736
1734	1798
1735	1736
1737	1738
1738	1740
1740	1741
1741	1920
1742	1743
1743	1744
1743	1745
1744	1745
1744	1746
1745	1746
1745	1852
1746	1747
1747	1748
1748	1749
1748	1750
1749	1750
1749	1751
1750	1752
1751	1752
1753	1754
1754	1755
1754	1756
1754	1909
1755	1757
1756	1757
1757	1758
1757	1759
1758	1759
1759	1760
1759	1761
1760	1762
1760	1890
1761	1762
1761	1763
1762	1763
1763	1765
1764	1765
1765	1766
1765	1767
1765	1875
1766	1767
1768	1769
1769	1771
1770	1772
1770	1926
1772	1774
1773	1774
1773	1775
1774	1775
1775	1776
1776	1777
1776	1778
1778	1779
1778	1780
1779	1780
1779	1781
1780	1781
1781	1782
1781	1783
1782	1784
1783	1784
1784	1785
1785	1786
1785	1959
1786	1788
1787	1789
1788	1790
1789	1791
1790	1791
1790	1792
1790	1896
1791	1793
1791	1972
1792	1793
1792	1794
1793	1795
1793	1928
1795	1797
1796	1798
1796	1871
1797	1798
1797	1799
1799	1800
1799	1801
1800	1801
1800	1802
1801	1803
1802	1803
1802	1804
1803	1954
1804	1805
1805	1806
1805	1807
1806	1807
1806	1808
1807	1808
1808	1809
1808	1810
1810	1812
1810	1981
1811	1812
1811	1813
1812	1813
1812	1933
1813	1814
1813	1882
1814	1815
1814	1816
1815	1816
1815	1817
1815	1990
1816	1817
1816	1818
1817	1818
1817	1819
1818	1819
1818	1820
1819	1820
1819	1821
1820	1821
1820	1822
1821	1822
1821	1823
1822	1823
1823	1824
1823	1825
1824	1825
1824	1826
1825	1826
1826	1828
1827	1829
1828	1829
1830	1831
1830	1832
1831	1832
1831	1956
1832	1834
1833	1835
1834	1835
1834	1852
1835	1837
1836	1917
1837	1838
1837	1839
1838	1839
1838	1840
1839	1840
1841	1842
1842	1843
1842	1844
1843	1844
1843	1845
1844	1845
1844	1846
1845	1846
1845	1847
1846	1847
1847	1848
1847	1850
1848	1849
1849	1850
1851	1853
1852	1854
1853	1855
1854	1855
1855	1857
1857	1859
1858	1860
1859	1860
1859	1861
1860	1861
1862	1863
1862	1864
1863	1864
1863	1919
1865	1866
1865	1867
1866	1868
1867	1868
1867	1869
1868	1870
1869	1870
1869	1871
1870	1871
1870	1932
1871	1872
1873	1874
1874	1875
1874	1876
1875	1877
1876	1877
1876	1987
1877	1878
1878	1879
1878	1880
1879	1880
1879	1881
1882	1883
1882	1884
1883	1884
1884	1885
1884	1886
1885	1886
1886	1887
1888	1889
1889	1890
1889	1891
1890	1891
1890	1892
1891	1893
1892	1893
1892	1894
1894	1895
1895	1897
1897	1898
1898	1900
1900	1902
1901	1902
1901	1903
1902	1903
1902	1904
1903	1904
1903	1905
1904	1905
1904	1906
1905	1907
1906	1907
1908	1909
1908	1910
1910	1911
1911	1912
1911	1913
1914	1916
1915	1916
1915	1917
1916	1918
1918	1920
1919	1921
1921	1922
1922	1924
1923	1925
1924	1925
1924	1926
1925	1927
1926	1928
1927	1929
1928	1930
1929	1930
1930	1931
1930	1932
1933	1934
1934	1935
1934	1936
1935	1936
1935	1937
1937	1938
1937	1939
1938	1939
1938	1940
1939	1941
1940	1941
1940	1942
1941	1942
1941	1943
1942	1944
1943	1945
1945	1947
1946	1947
1946	1948
1947	1948
1947	1949
1948	1950
1949	1950
1949	1951
1950	1951
1951	1952
1952	1953
1952	1954
1953	1954
1954	1956
1955	1956
1956	1957
1957	1958
1957	1959
1958	1959
1959	1960
1960	1961
1960	1962
1962	1963
1964	1965
1964	1966
1965	1966
1965	1967
1966	1967
1966	1968
1967	1969
1968	1970
1970	1971
1970	1972
1971	1972
1971	1973
1973	1974
1973	1975
1974	1976
1977	1978
1978	1979
1978	1980
1979	1980
1979	1981
1980	1981
1980	1982
1982	1984
1984	1985
1987	1988
1988	1989
1988	1990
1989	1990
1989	1991
1990	1992
1991	1993
1992	1994
1993	1994
1993	1995
1994	1995
1995	1996
1996	1997
1997	1998
1997	1999
