1	2
1	3
1	683
1	1999
1	2000
2	3
2	287
2	2000
3	4
3	1040
4	5
4	6
4	677
5	6
5	7
5	1194
6	263
6	1808
7	8
7	9
7	1153
7	1968
8	9
8	10
9	10
9	794
9	1761
10	11
10	12
11	12
11	927
12	13
12	14
13	15
13	244
14	15
14	16
14	1728
15	16
15	17
15	110
15	220
15	1942
16	17
16	18
17	18
17	19
18	19
18	1227
18	1839
19	20
19	1099
20	21
20	22
21	22
21	23
22	24
22	1506
22	1888
23	24
23	46
24	25
24	165
24	1523
25	26
25	27
26	27
26	432
26	1984
27	28
27	29
28	30
28	654
29	30
29	250
29	700
30	31
30	32
31	33
31	462
32	33
32	34
33	34
33	35
34	35
34	36
35	37
35	1813
36	38
36	359
36	791
37	38
37	604
38	40
38	516
39	41
39	639
39	1775
40	41
40	42
40	187
41	42
41	43
42	43
42	44
42	1917
43	44
43	45
44	46
44	388
45	47
45	475
46	47
46	48
46	951
47	48
47	49
48	49
48	50
48	795
49	51
49	651
49	1803
50	51
50	52
51	52
51	53
51	438
51	874
52	53
52	54
53	54
53	55
53	66
53	365
54	55
54	56
55	56
55	57
56	419
56	652
57	58
57	59
58	73
58	384
59	60
59	970
60	61
60	62
61	62
61	63
61	1476
62	63
62	64
63	64
63	1717
64	65
64	66
65	66
65	67
66	867
66	1928
67	111
67	335
67	1105
68	1004
68	1145
69	70
69	71
69	482
70	71
70	72
70	1068
70	1472
71	72
71	73
71	1301
71	1595
72	73
72	74
72	382
73	74
73	75
74	75
74	1182
75	76
75	77
75	248
76	77
76	664
77	78
77	608
77	1513
78	80
78	297
79	81
79	363
80	81
80	82
80	105
81	82
81	83
82	83
82	1578
83	85
83	1104
84	85
84	224
85	87
85	828
86	87
86	1791
87	89
87	622
88	89
88	90
89	90
89	91
90	92
90	515
91	92
91	93
91	1361
92	94
92	563
92	1579
93	94
93	95
94	95
94	1817
95	96
95	97
95	271
96	98
96	752
97	852
97	1063
97	1796
98	100
98	920
99	100
99	101
100	101
100	102
101	102
101	103
101	1070
102	103
102	104
102	1041
103	104
103	1158
103	1840
104	105
104	106
105	106
105	1201
106	107
106	108
107	108
107	109
107	1102
108	109
108	751
108	830
109	110
109	111
110	111
111	112
111	113
112	113
112	114
112	591
113	115
113	531
114	115
114	116
115	116
115	117
115	615
116	117
116	118
116	346
117	118
117	119
117	1485
118	119
118	120
119	121
119	923
120	121
120	122
120	1281
121	122
121	123
122	123
122	124
122	1405
123	124
123	125
123	919
124	125
124	126
125	126
125	127
126	127
126	128
127	128
127	129
127	926
128	129
128	130
129	131
129	181
130	131
130	132
131	132
131	220
132	133
132	134
133	134
133	135
134	135
134	136
134	528
135	136
135	137
136	138
136	196
136	1455
137	138
137	1698
138	139
138	140
139	140
139	141
139	1125
139	1782
140	141
140	142
140	723
140	1590
141	142
141	143
142	143
142	144
143	144
143	145
144	145
144	146
144	1774
145	146
145	147
146	310
146	1860
147	148
147	149
148	149
148	150
149	150
149	151
149	171
149	296
150	151
150	152
151	152
151	153
152	153
152	154
152	1981
153	154
153	1620
154	155
154	156
155	157
155	830
156	157
156	158
157	158
157	474
158	159
158	160
159	160
159	161
160	161
160	162
160	1277
160	1547
161	162
161	163
162	163
162	164
163	164
163	165
163	424
163	1268
164	165
164	166
164	224
165	167
165	1758
166	167
166	168
167	168
167	169
167	968
168	169
168	1924
169	170
169	929
170	171
170	172
171	172
172	173
172	449
173	174
173	175
174	176
174	792
174	1597
175	176
175	177
176	178
176	982
176	1944
177	179
177	716
178	179
178	180
179	180
179	181
179	1906
180	181
180	182
181	182
181	183
182	183
182	184
183	184
183	185
184	186
184	1743
185	187
185	1839
186	187
186	188
187	189
188	189
188	1506
188	1857
189	190
189	191
189	1204
189	1600
190	191
190	192
191	192
191	193
192	193
192	194
192	630
193	194
193	195
193	1408
194	195
194	975
194	1035
195	196
195	197
195	1725
196	197
196	198
197	198
197	199
198	199
198	200
199	200
199	201
200	486
200	1304
201	202
201	203
202	203
202	204
203	204
203	1578
204	205
204	206
205	206
205	207
206	207
206	208
207	208
207	209
208	209
208	210
208	899
209	210
209	459
209	1847
209	1880
210	211
210	212
210	1336
211	212
211	1577
212	213
212	214
212	902
213	214
213	215
214	215
214	216
215	217
215	1296
216	217
216	218
217	218
217	219
217	1541
218	219
218	220
218	491
219	220
219	221
219	311
220	221
221	223
221	1334
222	223
222	224
222	1394
223	224
223	225
224	226
224	1973
225	226
225	227
225	918
226	227
226	228
227	228
227	229
228	230
228	1025
229	231
229	281
230	231
230	776
230	1881
231	232
231	233
232	233
232	234
232	539
233	234
233	235
234	235
234	236
235	236
235	237
236	237
236	1162
237	238
237	239
238	239
238	240
239	1124
239	1271
240	241
240	242
241	243
241	500
242	243
242	244
243	244
243	245
243	1307
244	419
244	1107
244	1697
245	246
245	247
246	247
246	248
247	248
247	249
247	372
248	250
248	561
249	946
249	953
250	251
250	1224
250	1613
251	252
251	253
251	1951
252	253
252	254
253	254
253	255
254	256
254	1548
255	256
255	257
255	1729
256	257
256	258
257	258
257	259
257	1751
258	259
258	260
259	260
259	261
260	261
260	262
261	262
261	263
261	443
262	263
262	1237
263	264
263	265
264	265
264	536
265	266
265	267
266	267
266	268
266	758
267	268
267	269
268	269
268	270
269	270
269	271
270	271
270	272
270	1433
271	273
271	1140
271	1734
272	273
272	274
273	274
273	275
274	275
274	276
275	276
275	277
276	277
276	278
277	278
277	279
278	279
278	280
278	1325
279	280
279	1064
280	281
280	282
280	1515
281	282
281	283
282	283
282	284
283	284
283	688
284	285
284	286
285	286
285	287
285	1802
286	288
286	1024
287	289
287	595
288	289
288	290
289	290
289	291
290	292
290	672
291	292
291	951
291	1428
292	293
292	294
293	294
293	1247
294	295
294	296
295	297
295	403
296	1871
297	299
297	512
298	472
298	1239
299	300
299	1377
300	301
300	302
301	302
301	1590
302	303
302	1074
303	304
303	305
304	305
304	988
304	1646
305	306
305	307
305	1168
306	307
306	308
307	308
307	309
308	309
308	1305
308	1939
309	311
309	1023
310	311
310	312
311	313
311	1910
312	313
312	314
313	314
313	315
314	315
314	316
314	1346
314	1517
315	317
315	512
316	317
316	1185
317	318
317	319
318	319
318	556
319	320
319	321
320	321
320	916
320	1139
321	322
321	323
322	323
322	324
323	324
323	325
324	326
324	379
324	1299
325	327
325	940
325	1158
326	327
326	328
327	978
327	1242
328	329
328	330
328	1842
329	330
329	331
330	331
330	332
331	332
331	333
331	858
332	333
332	334
333	334
333	335
334	335
334	336
335	336
335	337
336	337
336	945
337	339
337	671
337	1897
338	340
338	631
339	340
339	341
340	341
340	342
341	342
341	343
342	343
342	344
342	1516
343	707
343	1324
344	345
344	346
345	346
345	347
345	1103
346	347
347	348
347	349
348	350
348	536
349	350
349	351
350	351
350	666
350	797
351	352
351	353
352	353
352	354
353	354
353	355
354	355
354	356
354	486
354	885
355	356
355	357
355	1042
356	357
356	358
357	358
357	1283
357	1299
358	470
358	1048
358	1139
359	360
359	361
359	974
359	1485
359	1656
359	1816
360	361
360	362
361	362
361	363
362	364
362	1747
363	709
363	1719
364	365
364	366
364	1720
365	1409
366	367
366	368
367	368
367	369
368	369
368	481
368	926
369	370
369	1763
369	1824
370	372
370	966
371	372
371	373
371	1464
372	374
372	1439
373	375
373	970
374	375
374	376
374	698
374	1566
375	376
375	1136
376	377
376	378
376	1157
377	379
377	1829
378	379
378	1329
378	1351
379	380
380	381
380	382
381	382
381	415
382	384
382	1287
383	384
383	385
384	385
384	386
385	386
385	387
386	388
386	1306
387	388
387	389
388	389
388	390
388	1400
389	390
389	1641
390	391
390	392
390	1772
391	392
391	393
392	393
392	394
393	394
393	395
393	518
394	395
394	396
395	396
395	397
396	397
396	1049
396	1420
397	398
397	399
398	400
398	929
398	1286
399	401
399	733
399	913
400	402
400	1583
401	402
401	403
402	403
402	404
403	404
403	1058
403	1309
404	405
404	406
405	406
405	407
406	408
406	699
407	408
407	1890
408	409
408	1821
409	410
409	411
410	411
410	412
410	1420
411	412
411	657
411	1469
412	413
412	414
412	1202
413	414
413	415
413	587
414	415
414	1492
415	416
415	417
416	417
416	418
417	418
417	419
418	419
418	420
419	421
420	421
420	422
421	422
421	423
422	423
422	424
422	1573
423	425
423	956
424	425
424	1641
425	426
425	427
425	1329
425	1384
426	427
426	428
427	429
427	1335
428	429
428	430
428	502
429	430
429	431
430	431
430	432
431	432
431	433
431	1765
432	433
432	434
432	841
433	434
433	435
434	435
434	436
435	436
435	437
436	437
436	438
437	438
437	1447
438	439
439	440
439	441
440	441
440	442
441	442
441	443
442	444
442	903
442	906
443	444
444	445
444	446
444	1018
445	446
445	447
446	447
446	448
447	448
447	449
447	967
448	449
448	450
449	450
449	474
450	451
450	452
451	452
451	453
452	453
452	454
453	455
453	957
453	1411
454	455
454	456
455	456
455	1950
456	457
456	458
457	462
457	613
457	1163
458	459
458	460
459	460
459	461
459	1149
460	461
460	462
461	462
461	463
462	463
462	1338
462	1465
462	1936
463	464
463	465
464	465
464	466
465	466
465	467
465	1203
466	467
466	468
466	1614
467	468
467	469
468	469
468	470
469	470
469	471
470	471
471	472
471	473
471	618
472	473
472	474
472	1611
473	474
473	475
473	548
474	475
474	747
474	810
475	476
475	477
476	477
476	478
477	478
477	807
478	479
478	480
479	480
479	481
480	1741
480	1842
481	482
482	483
483	484
483	485
484	485
484	486
485	486
485	487
486	488
487	488
487	1222
488	489
488	719
489	490
489	491
490	491
490	689
491	1120
491	1572
492	493
492	494
492	1531
493	494
493	495
494	495
494	496
495	496
495	497
496	498
496	1163
497	498
497	499
497	535
498	499
498	1809
499	500
499	501
500	501
500	502
501	502
501	503
502	503
502	1385
503	504
503	505
504	505
504	506
505	506
505	507
506	507
506	508
506	534
507	508
507	509
508	509
508	510
509	510
509	825
510	511
510	512
511	512
511	1712
512	513
512	514
513	514
513	1045
514	515
514	516
515	516
515	517
515	646
516	517
516	518
516	637
516	892
517	518
517	1593
518	981
518	1244
518	1946
519	520
519	521
520	521
520	522
520	1130
521	522
521	523
522	524
522	1061
523	524
523	525
524	525
524	526
525	526
525	527
526	527
526	528
527	528
527	529
527	812
528	1273
529	530
529	531
530	531
530	532
530	1987
531	532
531	1125
532	533
532	534
533	535
533	1985
534	536
535	537
536	537
536	538
537	538
537	539
538	539
538	540
539	540
540	541
540	542
541	542
541	543
541	1998
542	543
542	544
542	1967
543	544
543	545
544	545
544	546
544	579
545	546
545	547
546	547
546	548
547	548
547	549
548	550
549	550
549	551
549	1898
550	551
550	552
550	975
551	553
551	1751
552	553
552	554
553	555
553	1379
554	555
554	556
555	556
555	557
556	557
556	558
557	558
557	559
558	560
558	786
559	560
559	561
559	983
560	561
560	562
561	562
561	696
561	1508
562	563
562	566
563	564
563	565
564	565
564	566
564	1076
565	566
565	567
566	567
566	1793
567	569
567	1199
568	569
568	570
569	570
569	1209
569	1877
570	571
570	572
571	572
571	573
572	574
572	1671
573	574
573	575
574	575
574	576
575	576
575	577
576	577
576	578
577	578
577	579
578	580
578	919
579	580
579	888
580	581
580	582
581	860
581	1205
581	1455
582	583
582	584
583	584
583	585
583	1928
584	585
584	586
585	586
585	587
586	587
586	588
587	588
587	1863
588	589
588	771
588	891
589	590
589	591
590	591
590	592
590	1067
591	592
592	593
592	594
593	594
593	595
594	595
594	596
595	596
595	597
596	597
596	598
597	598
597	599
598	600
598	941
599	601
599	1346
600	601
600	602
600	1770
601	1028
601	1994
602	603
602	604
603	604
603	605
604	605
604	606
604	1881
605	606
605	607
606	607
606	608
607	609
607	1682
608	609
608	610
609	610
609	611
609	735
610	611
610	845
611	612
611	1855
612	613
612	614
613	615
613	1322
614	616
614	818
615	843
615	1009
616	617
616	618
617	618
617	619
618	619
619	620
619	621
620	621
620	622
621	622
621	623
622	624
622	1185
623	624
623	625
624	626
624	812
625	626
625	627
625	1053
626	627
626	628
627	628
627	629
628	629
628	630
629	630
629	631
630	631
631	632
631	633
632	633
632	634
633	634
633	635
633	1546
634	635
634	1243
635	636
635	637
636	637
636	638
636	1062
637	638
638	639
638	640
638	1092
639	641
640	641
640	642
641	642
641	1601
642	644
642	956
643	644
643	645
643	1410
643	1810
644	645
644	646
644	1116
645	646
645	647
646	647
647	648
647	649
648	649
648	650
649	650
649	651
650	651
650	652
651	652
651	653
652	653
652	654
653	655
653	1556
653	1818
654	655
654	656
655	656
655	657
656	657
656	658
656	838
657	659
658	659
658	660
659	660
659	661
659	697
659	1648
660	661
660	662
660	735
660	1748
661	662
661	663
661	1036
662	663
662	664
663	664
663	665
664	665
664	666
665	666
665	667
666	667
666	1696
667	668
667	669
668	669
668	670
669	670
669	671
670	672
670	1977
671	673
671	1496
672	673
672	1048
673	674
673	701
673	973
673	1937
674	675
674	676
675	676
675	798
676	678
676	1533
677	679
678	679
678	680
679	680
679	681
679	1755
680	681
680	682
681	682
681	683
681	1073
681	1236
681	1401
682	683
682	684
682	1617
683	685
684	685
684	686
685	686
685	687
685	1253
686	687
686	688
687	689
687	1005
688	689
688	690
688	1151
689	690
689	691
689	1912
690	691
690	692
691	693
691	980
691	1235
692	746
692	1596
693	694
693	695
694	695
694	696
695	696
695	697
696	698
697	699
698	1169
699	700
699	701
700	1209
701	703
701	990
702	703
702	704
703	704
703	705
704	795
704	1450
705	706
705	707
705	1147
706	707
706	708
707	708
707	709
708	709
708	710
709	710
709	711
710	711
710	712
711	712
711	713
712	713
712	1568
713	714
713	1622
714	715
714	716
715	850
715	1868
716	717
716	1192
716	1245
717	718
717	1442
718	719
718	720
718	1337
719	720
719	721
719	1118
720	721
720	1356
720	1954
721	722
721	723
721	1121
722	723
722	1747
723	724
724	725
724	726
725	726
725	727
726	727
726	728
727	728
727	729
727	1212
728	730
728	1066
728	1772
729	730
729	731
730	731
730	732
731	732
731	738
732	733
732	734
733	734
733	735
733	1526
734	735
734	736
736	737
736	738
737	738
737	739
738	739
738	740
739	740
739	741
740	741
740	1740
741	742
741	783
742	743
742	744
742	1299
743	744
743	745
744	745
744	947
745	746
745	747
746	748
746	1370
746	1641
747	748
748	749
748	750
748	1643
748	1858
749	750
749	751
749	1366
750	751
750	752
751	753
752	753
752	754
753	754
753	755
754	755
754	756
754	994
754	1303
755	756
755	757
756	757
756	758
756	1290
757	758
757	759
758	918
759	760
759	1826
760	762
760	1979
761	763
761	1981
762	763
762	1060
763	764
763	765
764	765
764	766
765	766
765	767
766	767
766	768
766	1715
767	768
767	769
768	769
768	770
769	770
769	771
769	1381
770	771
770	772
771	772
772	773
772	774
772	1442
773	774
773	775
774	776
774	901
774	1160
775	776
775	777
776	777
776	778
777	778
777	779
777	1487
778	780
778	1874
778	1950
779	780
779	781
779	1575
780	781
780	782
781	782
781	783
782	783
782	784
783	784
783	785
784	785
784	786
784	896
785	786
785	787
785	886
786	787
786	788
787	788
787	789
788	789
788	790
789	790
789	1972
790	791
790	792
791	792
792	793
792	794
793	794
793	795
793	1741
794	796
795	797
796	797
796	798
797	798
797	1824
798	799
798	800
799	800
799	801
800	801
800	802
801	802
801	803
802	803
802	804
803	804
803	805
804	805
804	806
804	963
805	806
805	807
806	807
806	808
807	808
807	809
808	809
808	810
808	1262
809	810
809	1557
809	1611
810	812
810	1314
811	812
811	1963
812	814
813	814
813	815
814	815
814	816
815	816
815	817
816	817
816	818
817	818
817	819
817	904
817	1652
818	819
818	820
819	820
819	821
820	821
820	822
821	823
821	1925
821	1938
822	823
822	824
823	824
823	825
824	825
824	1157
825	826
825	827
825	1152
826	827
826	828
826	1398
827	828
827	829
828	829
828	830
829	830
829	831
830	831
830	832
831	832
831	833
832	833
832	834
833	835
833	1949
834	835
834	836
834	1141
835	836
835	837
836	837
836	838
837	839
837	1957
838	840
839	840
839	841
840	841
840	842
841	843
842	843
842	844
843	845
844	845
844	846
845	846
845	847
845	1087
846	848
846	1771
847	849
847	1372
848	849
848	850
849	851
849	954
850	851
850	852
850	1682
850	1887
851	852
851	853
852	853
852	854
853	854
853	855
854	855
854	856
855	856
855	857
856	857
856	858
857	858
857	859
857	1818
858	859
859	860
859	861
860	861
860	862
861	862
861	863
862	863
862	864
863	864
863	865
864	865
864	866
865	866
865	867
866	867
866	868
867	868
868	870
868	1784
869	870
869	871
870	871
870	872
871	872
871	873
872	886
872	1475
873	874
873	875
874	1179
874	1647
875	876
875	980
876	878
876	927
876	1988
877	878
877	879
878	879
878	880
879	880
879	881
879	957
880	882
880	1652
881	882
881	883
882	884
882	1817
882	1885
883	884
883	885
884	886
884	1887
885	887
886	887
886	1598
887	888
887	889
887	1225
887	1723
888	890
889	890
889	891
890	891
890	892
891	892
891	893
891	1079
892	894
892	1532
893	894
893	895
894	895
894	896
895	896
895	897
896	897
897	898
897	899
898	899
898	900
899	900
899	1801
900	901
900	902
901	902
902	904
903	904
903	905
904	906
905	906
905	907
906	908
907	908
907	909
908	909
908	910
908	1376
909	910
909	911
910	911
910	912
910	1736
911	912
911	913
912	913
912	914
913	914
914	915
914	916
915	1040
915	1783
916	917
916	918
917	918
917	919
918	920
919	921
920	922
920	1527
920	1631
921	978
921	1720
922	923
922	924
922	1845
923	924
923	925
924	925
924	926
925	926
925	927
926	927
927	928
927	929
927	1048
928	929
928	930
929	1151
929	1876
930	931
930	932
931	932
931	933
931	1686
932	933
932	934
933	935
933	1700
934	935
934	936
935	936
935	937
936	937
936	1457
937	938
937	1812
938	939
938	940
939	940
939	941
940	942
940	1016
940	1681
940	1704
941	942
941	943
942	943
942	1927
943	944
943	945
943	1197
944	945
944	946
945	946
945	1101
945	1462
946	947
946	948
947	948
947	949
948	949
948	950
949	950
949	951
950	951
950	952
951	953
952	953
952	954
953	955
953	1776
954	955
954	956
954	984
955	956
955	957
956	957
956	958
957	959
958	959
958	960
959	960
959	961
959	1745
960	961
960	962
961	963
961	1240
962	963
962	964
963	965
964	965
964	966
965	966
965	967
966	967
966	968
967	968
968	970
969	970
969	971
970	971
970	972
970	1586
971	972
971	973
971	1387
972	973
972	974
972	1623
973	975
973	1800
974	976
975	1921
976	1007
976	1891
977	978
977	979
978	979
978	980
978	1116
979	980
979	981
980	981
980	982
980	1255
981	1828
981	1844
982	983
982	984
983	985
983	1283
984	986
985	986
985	987
986	987
986	988
987	988
987	989
988	989
989	990
989	991
990	991
991	992
991	993
992	994
992	1393
993	994
993	995
994	995
995	996
995	997
996	997
996	1071
997	998
997	999
997	1019
998	999
998	1000
999	1000
999	1001
1000	1001
1000	1002
1000	1139
1000	1943
1001	1002
1001	1003
1002	1003
1002	1004
1003	1005
1003	1709
1004	1005
1004	1006
1005	1007
1005	1315
1005	1625
1005	1734
1006	1007
1006	1008
1007	1008
1007	1009
1008	1009
1008	1600
1009	1010
1009	1011
1010	1011
1010	1012
1011	1012
1011	1013
1012	1013
1012	1014
1013	1014
1013	1015
1014	1015
1014	1016
1014	1059
1015	1016
1015	1017
1016	1018
1017	1019
1017	1090
1018	1563
1019	1111
1020	1021
1020	1022
1021	1022
1021	1023
1022	1023
1022	1024
1023	1024
1023	1025
1024	1025
1024	1026
1025	1026
1025	1027
1025	1196
1026	1027
1026	1028
1026	1309
1027	1028
1027	1029
1028	1029
1028	1030
1029	1030
1029	1031
1030	1031
1030	1032
1031	1032
1031	1033
1032	1033
1032	1693
1033	1034
1033	1035
1034	1035
1034	1036
1034	1509
1035	1036
1035	1541
1036	1037
1037	1038
1037	1039
1038	1039
1038	1040
1039	1040
1039	1041
1040	1041
1040	1042
1041	1042
1042	1043
1043	1044
1043	1045
1043	1708
1044	1045
1044	1046
1044	1276
1045	1046
1045	1047
1046	1047
1046	1048
1047	1049
1047	1980
1048	1049
1049	1050
1049	1215
1050	1051
1050	1052
1051	1052
1051	1053
1051	1792
1052	1053
1052	1054
1053	1055
1054	1055
1054	1056
1055	1056
1055	1464
1055	1797
1056	1057
1056	1058
1057	1058
1057	1059
1058	1059
1058	1060
1059	1061
1059	1153
1060	1061
1060	1062
1061	1062
1061	1063
1061	1152
1062	1064
1063	1065
1064	1065
1064	1066
1065	1066
1065	1067
1066	1068
1067	1069
1067	1563
1067	1691
1068	1070
1069	1070
1069	1071
1070	1536
1071	1072
1071	1073
1072	1073
1072	1074
1073	1075
1074	1075
1074	1076
1074	1225
1075	1076
1075	1077
1075	1396
1076	1077
1077	1078
1077	1079
1077	1635
1078	1079
1078	1080
1079	1081
1080	1081
1080	1082
1080	1753
1081	1083
1081	1895
1082	1083
1082	1933
1082	1946
1083	1084
1083	1085
1083	1659
1083	1723
1084	1085
1084	1086
1085	1087
1085	1418
1085	1761
1086	1087
1086	1088
1086	1591
1087	1089
1088	1089
1088	1090
1089	1090
1089	1091
1090	1091
1090	1092
1091	1093
1091	1679
1092	1094
1092	1581
1093	1094
1093	1095
1094	1095
1094	1096
1095	1096
1095	1097
1096	1097
1096	1098
1097	1098
1097	1099
1098	1099
1098	1100
1099	1101
1099	1410
1100	1101
1100	1102
1101	1102
1101	1280
1102	1104
1103	1104
1104	1105
1104	1106
1105	1284
1105	1604
1106	1698
1106	1842
1107	1108
1107	1109
1108	1109
1108	1110
1109	1110
1109	1111
1110	1111
1110	1112
1111	1112
1111	1113
1112	1113
1112	1114
1113	1114
1113	1115
1114	1116
1114	1197
1114	1668
1115	1116
1115	1117
1117	1118
1117	1119
1118	1119
1119	1120
1119	1121
1119	1145
1120	1121
1121	1122
1121	1363
1122	1123
1122	1124
1123	1124
1123	1125
1124	1125
1124	1126
1125	1126
1126	1127
1126	1128
1127	1128
1127	1129
1127	1265
1128	1129
1128	1130
1129	1130
1129	1131
1130	1131
1131	1132
1131	1133
1132	1133
1132	1134
1132	1175
1133	1134
1133	1135
1134	1135
1134	1136
1135	1136
1135	1137
1136	1137
1136	1138
1137	1138
1137	1139
1138	1139
1138	1140
1140	1141
1141	1142
1142	1143
1142	1144
1143	1145
1143	1849
1144	1145
1144	1146
1145	1146
1146	1147
1146	1148
1147	1149
1148	1149
1148	1150
1149	1151
1150	1151
1150	1786
1151	1153
1152	1820
1154	1155
1154	1287
1155	1156
1155	1157
1155	1457
1156	1157
1156	1158
1157	1158
1159	1160
1159	1161
1160	1161
1160	1162
1161	1162
1161	1163
1162	1163
1162	1164
1163	1367
1164	1165
1164	1166
1165	1166
1165	1541
1166	1167
1166	1168
1167	1168
1167	1169
1168	1170
1169	1170
1169	1171
1170	1171
1170	1172
1170	1920
1171	1172
1171	1296
1172	1173
1172	1174
1172	1298
1172	1359
1173	1174
1173	1175
1173	1458
1174	1176
1174	1404
1175	1177
1175	1829
1176	1177
1176	1178
1177	1178
1177	1979
1178	1179
1178	1180
1179	1885
1180	1181
1180	1182
1181	1182
1181	1183
1182	1183
1182	1184
1183	1184
1183	1185
1184	1185
1184	1950
1185	1186
1185	1187
1186	1187
1186	1188
1186	1990
1187	1189
1187	1261
1188	1189
1188	1190
1189	1190
1189	1191
1190	1191
1190	1192
1191	1192
1191	1193
1192	1193
1192	1194
1192	1826
1193	1194
1193	1195
1194	1196
1195	1196
1195	1197
1196	1198
1198	1199
1198	1200
1199	1200
1199	1201
1199	1565
1200	1201
1200	1202
1200	1254
1201	1202
1202	1204
1203	1204
1204	1206
1205	1206
1205	1207
1206	1207
1206	1208
1207	1208
1207	1914
1208	1209
1208	1210
1208	1669
1209	1211
1210	1211
1210	1212
1211	1212
1211	1213
1212	1213
1213	1214
1213	1215
1214	1216
1214	1371
1215	1216
1215	1217
1215	1691
1216	1217
1216	1218
1217	1218
1217	1219
1217	1495
1218	1220
1218	1478
1218	1788
1219	1220
1219	1221
1220	1221
1220	1222
1220	1488
1221	1222
1221	1223
1222	1223
1222	1224
1223	1224
1223	1225
1224	1225
1224	1226
1226	1227
1226	1228
1227	1228
1227	1626
1228	1229
1228	1230
1228	1800
1229	1230
1229	1403
1230	1231
1230	1232
1231	1232
1231	1233
1232	1233
1232	1234
1233	1234
1233	1235
1234	1235
1234	1236
1235	1237
1236	1237
1237	1238
1237	1239
1238	1239
1238	1240
1239	1240
1239	1241
1240	1241
1240	1242
1241	1242
1241	1243
1241	1287
1242	1243
1242	1244
1243	1244
1243	1245
1244	1245
1244	1636
1245	1246
1246	1247
1246	1279
1247	1248
1247	1499
1248	1249
1248	1250
1249	1251
1249	1795
1250	1251
1250	1252
1251	1252
1251	1253
1252	1253
1252	1778
1253	1254
1254	1256
1254	1748
1255	1257
1256	1258
1256	1440
1257	1258
1257	1259
1258	1259
1258	1260
1259	1260
1259	1261
1260	1261
1260	1262
1261	1262
1261	1263
1262	1264
1263	1264
1263	1265
1264	1265
1264	1266
1265	1266
1265	1626
1266	1267
1266	1268
1267	1268
1267	1269
1268	1269
1269	1270
1269	1271
1269	1508
1270	1271
1270	1272
1271	1272
1271	1273
1272	1273
1272	1274
1273	1274
1273	1275
1274	1275
1274	1276
1275	1276
1275	1277
1275	1829
1276	1277
1277	1278
1278	1279
1278	1459
1278	1679
1279	1280
1279	1281
1280	1281
1281	1283
1282	1283
1282	1284
1283	1284
1284	1285
1284	1286
1284	1957
1285	1286
1285	1287
1286	1693
1288	1289
1288	1290
1289	1290
1289	1291
1290	1292
1290	1668
1290	1794
1290	1819
1291	1292
1291	1293
1292	1413
1292	1670
1293	1295
1293	1718
1294	1296
1294	1497
1295	1296
1295	1297
1296	1297
1296	1298
1297	1298
1297	1299
1298	1300
1298	1914
1300	1302
1300	1320
1300	1427
1301	1302
1302	1303
1302	1304
1303	1305
1304	1305
1304	1306
1305	1306
1306	1307
1306	1308
1307	1309
1308	1309
1308	1310
1309	1567
1310	1311
1310	1312
1311	1312
1311	1983
1312	1644
1312	1844
1313	1314
1313	1315
1314	1316
1314	1951
1315	1674
1316	1317
1316	1318
1317	1319
1317	1415
1318	1319
1318	1320
1319	1320
1319	1321
1320	1322
1321	1322
1321	1323
1322	1323
1322	1324
1323	1324
1323	1325
1324	1325
1324	1326
1325	1327
1325	1606
1326	1327
1326	1328
1326	1973
1326	1981
1327	1328
1327	1329
1328	1329
1328	1359
1330	1331
1330	1332
1331	1332
1331	1333
1332	1333
1332	1334
1333	1334
1333	1335
1333	1412
1334	1335
1334	1336
1335	1336
1335	1337
1336	1337
1337	1354
1338	1340
1339	1340
1339	1341
1340	1341
1340	1342
1340	1661
1340	1855
1341	1342
1341	1343
1341	1822
1342	1343
1342	1344
1343	1344
1343	1345
1344	1345
1344	1346
1345	1346
1345	1347
1346	1347
1347	1348
1347	1349
1348	1349
1348	1418
1349	1350
1349	1351
1350	1351
1350	1352
1351	1352
1351	1353
1351	1503
1352	1354
1352	1468
1353	1354
1353	1355
1354	1355
1354	1356
1355	1356
1355	1357
1355	1397
1356	1357
1356	1358
1357	1358
1357	1359
1358	1359
1358	1360
1358	1816
1359	1360
1360	1361
1360	1362
1361	1362
1362	1363
1362	1364
1363	1365
1364	1365
1364	1366
1365	1366
1365	1541
1366	1368
1367	1368
1367	1369
1368	1369
1368	1370
1369	1370
1369	1371
1370	1372
1371	1372
1371	1373
1372	1373
1372	1374
1373	1374
1373	1375
1374	1375
1374	1376
1375	1376
1375	1377
1375	1849
1376	1377
1377	1378
1377	1379
1378	1379
1378	1380
1379	1380
1379	1381
1380	1382
1380	1610
1381	1382
1381	1543
1382	1383
1382	1384
1383	1384
1383	1385
1384	1385
1385	1387
1386	1387
1386	1388
1386	1995
1387	1388
1388	1389
1388	1390
1389	1390
1389	1707
1390	1391
1390	1392
1391	1392
1391	1393
1392	1393
1392	1394
1393	1394
1393	1395
1394	1395
1394	1569
1395	1396
1395	1397
1396	1398
1397	1398
1398	1399
1399	1400
1399	1401
1400	1402
1401	1403
1402	1403
1402	1404
1403	1404
1403	1405
1403	1621
1404	1405
1404	1406
1405	1407
1406	1407
1406	1408
1407	1409
1407	1745
1408	1409
1408	1520
1409	1410
1409	1411
1410	1412
1411	1413
1412	1414
1413	1414
1413	1415
1414	1415
1414	1416
1415	1416
1415	1417
1416	1417
1416	1418
1417	1418
1417	1419
1418	1419
1419	1420
1419	1421
1421	1422
1421	1423
1422	1423
1422	1424
1423	1424
1423	1425
1424	1425
1424	1426
1425	1426
1425	1427
1426	1427
1426	1428
1427	1428
1427	1429
1427	1571
1428	1430
1429	1430
1429	1431
1430	1431
1430	1432
1431	1433
1431	1517
1431	1576
1432	1433
1432	1434
1433	1435
1434	1436
1434	1678
1435	1436
1435	1437
1436	1437
1436	1438
1437	1438
1437	1439
1437	1926
1438	1439
1438	1440
1439	1441
1440	1441
1440	1442
1441	1442
1441	1443
1442	1443
1443	1444
1443	1445
1444	1445
1444	1726
1445	1447
1445	1759
1446	1447
1446	1448
1447	1448
1447	1449
1448	1449
1448	1450
1448	1941
1449	1450
1449	1451
1449	1798
1450	1451
1450	1452
1451	1452
1451	1453
1452	1453
1452	1454
1452	1722
1453	1454
1453	1455
1454	1455
1454	1456
1456	1457
1456	1458
1457	1458
1457	1693
1458	1460
1459	1461
1459	1820
1460	1461
1460	1466
1461	1462
1461	1463
1462	1463
1462	1464
1463	1464
1463	1465
1464	1465
1465	1466
1465	1467
1466	1467
1466	1468
1466	1605
1467	1468
1467	1469
1468	1469
1468	1470
1469	1471
1469	1989
1470	1471
1470	1601
1471	1472
1471	1473
1472	1474
1473	1474
1473	1475
1474	1475
1474	1476
1475	1476
1475	1477
1476	1477
1476	1481
1477	1478
1477	1740
1477	1917
1478	1479
1479	1480
1479	1481
1479	1764
1480	1481
1480	1482
1481	1482
1482	1483
1482	1484
1483	1484
1483	1485
1484	1485
1484	1486
1486	1487
1486	1488
1487	1489
1488	1490
1489	1490
1489	1491
1490	1491
1490	1492
1491	1492
1491	1493
1492	1493
1492	1494
1493	1494
1493	1495
1494	1495
1494	1496
1495	1496
1496	1498
1496	1951
1497	1498
1497	1499
1498	1499
1498	1500
1499	1500
1499	1501
1500	1501
1500	1502
1501	1502
1501	1503
1502	1503
1502	1504
1503	1504
1504	1505
1504	1506
1505	1506
1505	1507
1507	1508
1507	1509
1508	1785
1509	1511
1510	1512
1510	1700
1511	1512
1511	1513
1512	1513
1512	1514
1513	1869
1514	1515
1514	1516
1515	1516
1516	1518
1518	1519
1518	1520
1519	1520
1519	1521
1520	1522
1521	1522
1521	1523
1522	1523
1522	1524
1523	1524
1524	1525
1524	1526
1525	1526
1525	1527
1526	1527
1527	1529
1528	1529
1528	1530
1529	1530
1529	1531
1530	1531
1530	1532
1531	1533
1532	1533
1533	1534
1533	1535
1534	1535
1534	1536
1535	1536
1535	1537
1536	1537
1536	1538
1537	1538
1537	1539
1538	1539
1538	1540
1539	1540
1539	1541
1540	1541
1540	1542
1540	1808
1541	1542
1542	1543
1542	1544
1543	1545
1544	1545
1544	1546
1545	1546
1545	1547
1546	1547
1547	1549
1548	1549
1548	1550
1549	1550
1549	1551
1550	1551
1550	1552
1551	1552
1551	1553
1552	1553
1552	1554
1553	1554
1553	1555
1554	1555
1554	1556
1555	1556
1555	1557
1556	1557
1556	1558
1557	1559
1558	1559
1558	1560
1559	1560
1559	1561
1560	1561
1560	1562
1561	1562
1561	1563
1562	1563
1562	1564
1563	1565
1564	1565
1564	1566
1565	1567
1566	1567
1567	1568
1568	1569
1568	1570
1569	1571
1570	1571
1570	1572
1571	1572
1572	1573
1572	1574
1572	1776
1573	1575
1574	1575
1574	1576
1575	1577
1576	1577
1576	1578
1577	1578
1577	1579
1578	1579
1578	1580
1579	1581
1580	1581
1580	1582
1581	1583
1582	1583
1582	1584
1583	1584
1583	1585
1584	1585
1584	1586
1585	1586
1585	1587
1586	1587
1587	1588
1587	1589
1588	1589
1588	1590
1588	1839
1589	1591
1589	1605
1590	1591
1591	1592
1592	1593
1592	1594
1593	1594
1593	1595
1594	1595
1594	1596
1595	1596
1596	1597
1596	1598
1597	1598
1598	1599
1599	1600
1599	1601
1600	1602
1601	1602
1601	1603
1602	1603
1602	1604
1603	1604
1603	1605
1604	1606
1605	1607
1606	1608
1607	1608
1607	1609
1608	1609
1608	1610
1608	1903
1609	1610
1609	1611
1610	1611
1610	1612
1611	1612
1612	1613
1612	1614
1613	1702
1614	1795
1615	1616
1615	1617
1616	1617
1616	1618
1617	1619
1617	1942
1618	1619
1618	1620
1619	1620
1619	1621
1620	1621
1620	1622
1621	1623
1622	1623
1622	1624
1623	1625
1624	1625
1624	1626
1625	1627
1627	1628
1627	1629
1628	1629
1628	1630
1629	1630
1629	1631
1630	1631
1630	1632
1631	1632
1631	1633
1632	1633
1632	1634
1633	1634
1633	1635
1634	1635
1634	1636
1635	1636
1636	1637
1637	1638
1637	1639
1638	1639
1638	1640
1639	1640
1639	1641
1640	1641
1640	1642
1641	1643
1642	1643
1642	1644
1643	1645
1644	1645
1644	1646
1645	1646
1645	1647
1646	1647
1646	1648
1647	1648
1647	1649
1648	1650
1649	1650
1649	1651
1650	1651
1650	1652
1651	1652
1651	1653
1652	1654
1653	1654
1653	1655
1654	1655
1654	1656
1655	1656
1655	1657
1656	1657
1657	1658
1657	1659
1658	1659
1658	1660
1659	1661
1660	1661
1660	1662
1661	1662
1662	1663
1662	1664
1663	1664
1663	1665
1664	1665
1664	1666
1665	1666
1665	1667
1666	1667
1666	1668
1667	1668
1667	1669
1668	1669
1669	1670
1670	1671
1670	1672
1671	1672
1671	1673
1672	1673
1672	1674
1673	1674
1673	1675
1674	1675
1674	1676
1675	1676
1675	1677
1676	1677
1676	1678
1677	1678
1677	1787
1678	1680
1678	1854
1679	1681
1680	1681
1680	1682
1681	1682
1681	1683
1681	1784
1682	1683
1683	1684
1683	1685
1684	1685
1684	1686
1685	1686
1685	1687
1686	1688
1686	1852
1687	1688
1687	1689
1687	1992
1688	1690
1688	1998
1689	1690
1689	1691
1690	1691
1690	1692
1692	1693
1692	1694
1693	1694
1693	1837
1694	1695
1694	1696
1695	1696
1695	1697
1696	1697
1696	1698
1697	1698
1697	1699
1698	1699
1698	1700
1699	1700
1699	1701
1700	1701
1700	1702
1701	1702
1701	1703
1702	1703
1702	1704
1703	1704
1703	1705
1704	1706
1705	1706
1705	1707
1706	1707
1706	1708
1707	1708
1707	1709
1708	1710
1709	1710
1709	1711
1710	1711
1710	1712
1711	1712
1711	1713
1712	1713
1712	1714
1713	1714
1713	1715
1714	1715
1714	1716
1715	1717
1716	1717
1716	1718
1717	1718
1717	1719
1718	1719
1718	1720
1719	1720
1719	1746
1720	1722
1721	1722
1721	1723
1722	1724
1723	1756
1724	1725
1724	1726
1725	1726
1725	1732
1726	1727
1726	1728
1727	1728
1727	1729
1728	1729
1729	1730
1730	1731
1730	1732
1731	1732
1731	1733
1731	1775
1732	1733
1733	1734
1733	1735
1734	1736
1735	1736
1735	1737
1736	1738
1737	1738
1737	1739
1738	1739
1738	1740
1739	1740
1739	1741
1740	1741
1740	1742
1741	1742
1742	1743
1742	1744
1743	1744
1743	1745
1744	1745
1744	1746
1745	1746
1746	1747
1746	1748
1747	1748
1747	1749
1749	1750
1749	1751
1750	1751
1750	1752
1750	1918
1751	1753
1752	1753
1752	1754
1753	1754
1754	1755
1754	1756
1755	1756
1756	1757
1757	1758
1757	1759
1758	1759
1758	1760
1759	1760
1759	1761
1760	1761
1760	1762
1761	1762
1761	1763
1762	1763
1762	1764
1763	1765
1764	1765
1765	1766
1766	1767
1766	1768
1767	1768
1767	1769
1768	1769
1768	1770
1769	1770
1769	1771
1770	1772
1770	1869
1771	1772
1771	1773
1772	1773
1773	1774
1773	1775
1774	1775
1775	1776
1776	1778
1777	1778
1777	1779
1778	1779
1778	1780
1779	1780
1779	1781
1780	1781
1780	1782
1781	1782
1781	1783
1782	1784
1783	1784
1783	1785
1784	1786
1785	1786
1786	1787
1786	1788
1787	1788
1787	1789
1788	1789
1788	1790
1789	1790
1789	1791
1790	1791
1790	1792
1791	1792
1791	1793
1792	1794
1793	1794
1793	1795
1794	1795
1795	1796
1795	1797
1796	1797
1796	1798
1797	1799
1798	1799
1799	1800
1799	1801
1801	1803
1802	1803
1803	1804
1804	1805
1804	1806
1805	1806
1805	1807
1806	1807
1806	1808
1807	1808
1807	1809
1808	1809
1809	1810
1809	1811
1810	1812
1811	1812
1811	1813
1812	1813
1812	1814
1813	1814
1813	1916
1814	1815
1814	1816
1815	1816
1815	1817
1817	1819
1819	1820
1820	1821
1821	1822
1821	1823
1822	1824
1823	1824
1823	1825
1824	1825
1825	1826
1825	1827
1826	1828
1827	1828
1827	1829
1828	1829
1828	1830
1830	1904
1830	1915
1831	1832
1831	1833
1832	1833
1832	1834
1833	1834
1833	1835
1834	1835
1834	1836
1835	1836
1835	1837
1836	1837
1836	1838
1837	1838
1838	1840
1838	1858
1839	1840
1840	1841
1840	1842
1841	1843
1841	1914
1842	1844
1843	1844
1843	1845
1843	1955
1844	1846
1845	1846
1845	1908
1846	1847
1846	1848
1847	1849
1848	1849
1848	1850
1849	1883
1850	1851
1850	1852
1851	1852
1851	1853
1852	1853
1853	1854
1853	1855
1854	1855
1854	1856
1855	1857
1856	1857
1856	1858
1857	1858
1857	1859
1858	1859
1859	1860
1859	1861
1860	1861
1860	1862
1861	1862
1861	1863
1862	1863
1862	1864
1863	1865
1864	1865
1864	1866
1865	1866
1865	1867
1866	1867
1866	1868
1867	1868
1867	1869
1868	1869
1868	1870
1869	1870
1870	1871
1870	1872
1871	1872
1871	1873
1872	1873
1872	1874
1873	1874
1873	1875
1874	1875
1874	1876
1874	1933
1875	1876
1875	1877
1876	1877
1876	1878
1876	1908
1877	1878
1877	1879
1878	1879
1878	1880
1878	1902
1879	1880
1879	1881
1880	1882
1882	1883
1882	1884
1883	1884
1883	1885
1884	1885
1884	1886
1885	1886
1885	1887
1886	1887
1886	1888
1887	1889
1888	1889
1888	1890
1889	1890
1889	1891
1890	1891
1890	1918
1891	1892
1891	1893
1892	1893
1892	1894
1893	1894
1893	1895
1894	1895
1894	1896
1895	1896
1895	1897
1896	1897
1896	1898
1897	1898
1897	1899
1898	1899
1899	1900
1899	1901
1900	1901
1900	1902
1901	1902
1901	1903
1902	1903
1903	1904
1904	1905
1904	1906
1905	1906
1905	1907
1906	1907
1907	1908
1907	1909
1909	1910
1909	1911
1910	1912
1911	1912
1911	1913
1912	1913
1913	1914
1913	1915
1914	1916
1915	1916
1915	1917
1916	1917
1916	1918
1918	1920
1919	1920
1919	1921
1920	1922
1921	1922
1922	1923
1922	1924
1923	1924
1923	1925
1924	1925
1924	1926
1925	1926
1925	1927
1926	1927
1927	1928
1927	1929
1928	1930
1929	1930
1929	1931
1930	1931
1930	1932
1931	1932
1931	1933
1932	1933
1932	1934
1933	1935
1934	1935
1934	1936
1935	1936
1935	1937
1936	1937
1937	1938
1937	1939
1938	1939
1939	1940
1939	1941
1940	1941
1940	1942
1940	1952
1941	1942
1943	1945
1944	1945
1945	1946
1945	1947
1946	1948
1947	1948
1947	1949
1948	1949
1948	1950
1949	1950
1949	1951
1950	1952
1952	1954
1953	1954
1953	1955
1954	1956
1955	1957
1956	1957
1956	1958
1957	1959
1958	1959
1958	1960
1959	1960
1959	1961
1960	1961
1960	1962
1961	1962
1961	1963
1962	1963
1962	1964
1963	1964
1963	1965
1964	1965
1964	1966
1965	1966
1965	1967
1966	1967
1966	1968
1967	1969
1968	1969
1969	1970
1969	1971
1970	1971
1970	1972
1971	1972
1971	1973
1972	1973
1972	1974
1974	1975
1974	1976
1975	1976
1975	1977
1976	1977
1976	1978
1977	1978
1977	1979
1978	1979
1978	1980
1979	1980
1979	1981
1980	1981
1980	1982
1982	1983
1982	1984
1983	1984
1983	1985
1984	1985
1985	1986
1985	1987
1986	1987
1986	1988
1987	1989
1988	1989
1989	1990
1989	1991
1990	1991
1991	1992
1991	1993
1992	1993
1993	1994
1993	1995
1994	1995
1994	1996
1995	1997
1996	1997
1996	1998
1997	1998
1997	1999
1998	1999
1999	2000
