1	3
1	4
1	964
1	1999
2	3
2	4
2	5
2	561
2	2000
3	5
3	793
3	1778
3	2000
4	6
4	7
4	415
4	773
5	8
5	450
5	969
6	7
6	8
6	9
6	368
6	539
7	8
7	10
7	771
7	1086
7	1969
8	9
8	10
8	11
8	1905
8	1954
9	10
9	11
9	279
9	1721
10	12
10	13
10	473
11	414
11	1058
11	1774
12	13
12	14
12	15
13	14
13	15
13	16
14	357
14	1174
14	1984
15	16
15	297
15	639
15	1211
15	1470
16	17
16	19
16	385
16	645
16	1062
17	18
17	123
17	730
17	1646
17	1697
17	1931
18	19
18	20
18	21
18	299
19	21
19	22
19	192
19	1400
20	22
20	306
20	1476
21	23
21	24
21	520
22	24
22	25
22	498
22	705
23	24
23	26
23	173
23	996
23	1492
24	25
24	26
24	27
24	520
25	28
25	312
25	469
25	628
25	728
25	1120
25	1605
26	27
26	28
26	1212
27	28
27	29
27	30
27	314
27	1653
28	29
28	30
28	1118
28	1346
29	30
29	31
29	32
29	138
29	1496
30	139
30	589
30	776
31	32
31	34
31	277
31	1480
32	33
32	34
32	35
32	530
33	35
33	36
33	1056
34	35
34	36
34	1859
35	36
35	38
35	691
35	713
36	39
36	492
36	730
36	990
37	39
37	40
37	188
37	1138
37	1499
38	40
38	41
38	270
38	306
38	374
38	689
38	1590
38	1621
39	40
39	41
39	42
40	41
40	144
40	669
40	831
40	1761
41	776
41	1327
41	1446
42	43
42	44
42	203
42	339
43	44
43	1584
43	1792
43	1882
44	45
44	46
44	47
44	134
44	562
44	1830
45	46
45	47
45	48
45	1814
46	49
46	1583
46	1945
47	48
47	49
47	50
47	871
48	151
48	649
48	749
49	50
49	51
49	165
49	550
50	51
50	52
50	912
50	1914
51	53
51	54
51	469
51	1561
52	53
52	55
52	828
52	1266
53	54
53	56
53	363
53	401
53	695
53	1540
53	1544
54	57
54	412
54	1063
54	1622
55	120
55	198
55	519
55	633
55	686
55	808
55	1482
55	1546
56	57
56	58
56	474
56	642
56	694
56	1426
57	58
57	817
57	1437
57	1795
58	59
58	60
58	326
58	1025
59	60
59	62
59	270
59	1217
60	62
60	63
60	401
60	644
61	63
61	64
61	65
61	1179
61	1596
62	63
62	64
62	769
63	64
63	66
63	324
63	1753
64	66
64	1439
64	1902
65	66
65	759
65	1111
66	67
66	68
66	69
67	68
67	69
67	168
67	1005
67	1602
67	1739
68	69
68	70
68	71
68	810
69	71
69	72
69	432
70	71
70	72
70	73
71	72
71	73
71	74
71	178
72	74
72	952
72	1991
73	74
73	75
73	76
73	681
73	1316
74	344
74	724
74	1282
74	1813
74	1951
75	78
75	938
75	1384
75	1554
76	128
76	457
76	1249
76	1577
76	1640
76	1841
76	1908
77	79
77	80
77	107
77	1358
78	79
78	80
78	81
78	499
78	1942
79	80
79	82
79	593
79	1283
80	81
80	83
80	96
80	518
80	707
80	871
80	1069
80	1089
81	82
81	84
81	100
81	1715
82	84
82	657
82	1658
82	1898
83	84
83	85
83	86
84	85
84	87
84	1049
85	86
85	87
85	88
86	87
86	1182
86	1219
86	1858
86	1948
87	88
87	89
87	90
87	278
88	89
88	91
88	901
89	91
89	92
89	700
89	780
90	91
90	92
90	512
90	1336
91	92
91	94
91	214
91	262
91	603
91	1583
92	94
92	95
92	210
92	890
92	1285
92	1417
93	95
93	96
93	751
93	1092
94	95
94	96
94	97
94	751
95	98
95	141
95	326
95	528
95	1871
96	97
96	99
96	1570
97	98
97	410
97	527
97	644
97	1191
98	99
98	255
98	294
98	745
99	102
99	436
99	1239
99	1540
99	1767
99	1774
100	101
100	930
100	1314
100	1434
101	102
101	104
101	378
101	977
101	1941
102	104
102	270
102	511
102	1833
103	104
103	105
103	106
103	1395
104	105
104	106
104	107
105	106
105	107
105	108
105	160
105	596
105	1860
106	107
106	108
106	109
107	108
107	999
108	109
108	110
108	111
108	942
109	110
109	190
109	200
109	592
109	1485
110	111
110	112
110	636
110	1134
110	1959
111	112
111	114
111	633
112	113
112	115
112	442
112	843
112	979
112	1231
113	114
113	116
113	230
113	1012
114	115
114	117
114	749
114	1059
115	116
115	117
115	118
115	1160
115	1432
116	296
116	317
116	341
116	1278
116	1973
117	118
117	120
117	623
117	1657
118	119
118	121
118	1336
119	120
119	121
119	549
119	1082
120	122
120	409
121	122
121	123
121	566
121	778
121	1701
122	123
122	619
122	749
122	925
122	1812
123	124
123	1331
123	1471
124	125
124	126
124	127
124	1061
125	126
125	127
125	128
125	1067
126	127
126	229
126	1076
126	1520
127	128
127	129
127	426
127	577
128	129
128	131
128	174
129	130
129	131
129	132
129	1578
129	1801
129	1953
130	131
130	133
130	1300
131	132
131	134
131	173
132	133
132	905
132	1823
133	134
133	135
133	136
133	1225
134	933
134	1615
134	1741
134	1803
135	136
135	137
135	138
135	1347
136	137
136	138
136	139
136	1799
137	138
137	140
137	1822
138	139
138	140
139	142
139	342
139	368
139	1058
139	1809
140	142
140	143
140	989
140	1830
141	142
141	161
141	505
141	1828
141	1865
142	144
142	145
142	557
142	977
142	1703
143	144
143	766
143	1794
143	1796
144	145
144	146
144	1029
145	146
145	148
145	346
145	1060
145	1516
146	148
146	149
146	1180
147	148
147	149
147	808
147	1165
147	1348
148	149
148	150
148	151
149	150
149	151
149	152
149	1337
149	1909
150	152
150	221
150	1158
150	1311
151	152
151	153
151	923
152	154
152	830
152	1118
152	1876
153	155
153	1076
153	1210
153	1715
153	1910
154	155
154	156
154	157
155	156
155	157
155	158
155	952
155	1497
155	1939
156	157
156	159
156	1233
156	1946
157	160
157	551
157	1184
157	1480
157	1883
158	159
158	160
158	161
159	161
159	959
159	1542
159	1849
160	163
160	340
160	1395
160	1599
161	164
161	544
161	1427
161	1484
162	165
162	311
162	386
162	1936
163	164
163	165
163	166
163	264
163	1678
164	166
164	335
164	499
164	978
164	1277
164	1684
164	1973
165	168
165	198
165	537
165	874
165	1377
166	167
166	208
166	1076
166	1294
167	170
167	1004
167	1324
167	1411
167	1939
168	170
168	171
168	957
168	1330
169	170
169	171
169	172
169	1548
169	1880
170	171
170	448
170	1080
170	1723
170	1977
171	172
171	173
171	1488
171	1638
172	173
172	223
172	879
172	1702
173	174
173	175
173	946
174	175
174	176
174	845
174	1169
174	1928
175	176
175	351
175	541
175	659
175	1014
175	1178
175	1969
176	177
176	178
176	179
176	1524
177	180
177	1196
177	1350
178	179
178	180
178	551
178	697
178	1130
179	180
179	181
179	182
180	182
180	183
180	1673
180	1861
181	182
181	455
181	501
181	1034
182	183
182	184
182	447
182	896
183	184
183	439
183	465
183	727
184	185
184	186
184	1898
185	186
185	187
185	188
186	187
186	188
186	1687
187	189
187	568
187	837
187	1893
188	189
188	954
188	1015
188	1705
189	190
189	191
189	192
189	548
189	757
189	974
190	191
190	192
190	193
190	1754
191	612
191	1437
191	1653
192	193
192	194
192	195
193	194
193	195
193	254
193	633
193	1191
193	1368
193	1824
194	197
194	672
194	743
194	1620
195	198
195	381
195	407
195	1322
196	197
196	198
196	804
196	1410
197	198
197	200
197	755
197	964
197	1091
197	1930
198	352
199	200
199	201
199	202
199	477
199	1763
200	202
200	203
200	796
201	203
201	204
201	1998
202	204
202	205
202	474
202	1918
203	205
203	206
204	205
204	206
204	207
204	1250
205	206
205	207
205	933
205	1140
206	209
206	1195
206	1246
206	1409
206	1562
206	1913
207	210
207	338
207	849
207	1401
208	209
208	210
208	211
208	704
208	1098
209	211
209	212
209	1392
209	1555
209	1733
210	212
210	213
211	213
211	292
211	457
211	946
212	213
212	359
212	750
212	1791
213	215
213	232
213	669
213	764
214	215
214	216
214	1153
215	216
215	217
215	1080
215	1895
215	1948
216	217
216	218
216	219
216	1623
217	218
217	219
217	220
217	475
217	942
217	1617
218	219
218	220
218	221
219	220
219	222
219	522
219	710
219	1156
219	1621
220	221
220	223
220	919
221	224
221	659
221	885
222	224
222	225
222	314
222	850
222	1064
223	225
223	226
224	227
224	569
224	929
225	228
225	275
225	616
225	1171
225	1808
226	227
226	546
226	588
226	1257
226	1748
227	228
227	230
227	1310
228	230
228	231
228	1006
228	1625
229	230
229	232
229	260
230	232
230	233
230	563
230	1756
231	234
231	1771
231	1867
232	233
232	235
232	1156
232	1613
233	235
233	236
233	323
233	658
233	1400
233	1977
234	235
234	236
234	1551
235	236
235	237
235	870
235	879
236	237
236	239
236	876
236	1419
236	1895
237	240
237	384
237	874
237	1353
237	1931
238	240
238	410
238	731
238	1980
239	240
239	241
239	242
240	241
240	243
240	873
240	875
240	1315
240	1564
240	1611
241	243
241	244
241	1079
242	243
242	606
242	1077
242	1359
243	244
243	1017
243	1401
244	245
244	246
244	713
245	246
245	247
245	1170
245	1222
245	1604
246	247
246	248
246	249
247	249
247	250
247	1557
248	249
248	251
248	659
248	995
248	1464
249	250
249	251
249	1120
250	251
250	252
250	699
250	1258
251	252
251	253
251	254
252	253
252	254
252	255
252	1796
252	1893
253	255
253	256
253	1826
253	1898
254	255
254	256
254	666
254	1048
255	256
255	257
255	809
255	1289
256	257
256	259
256	470
256	847
256	1518
256	1894
257	259
257	260
257	1984
258	259
258	260
258	271
258	379
258	806
258	1798
259	260
259	261
259	262
259	803
260	261
260	263
261	264
261	471
261	1800
262	264
262	265
262	631
262	1635
263	264
263	266
263	610
263	637
263	687
263	1043
264	1199
264	1485
265	267
265	268
265	873
265	1652
266	267
266	269
266	836
267	270
267	702
267	1215
267	1239
268	269
268	270
268	271
268	1448
269	354
269	366
269	743
269	1011
269	1087
269	1121
270	271
270	272
270	471
270	1015
271	272
271	274
271	574
271	986
271	1292
271	1914
272	273
272	275
272	1754
272	1992
273	274
273	276
273	1482
273	1550
273	1873
274	275
274	276
274	277
275	278
275	567
275	786
276	277
276	279
276	842
276	953
277	280
277	419
277	1287
278	280
278	1894
279	281
279	614
279	1054
279	1615
279	1953
279	1984
280	281
280	282
280	283
281	282
281	283
281	284
281	733
281	1565
282	283
282	285
282	1140
283	285
283	286
283	1018
284	285
284	286
284	721
284	933
284	1567
284	1695
285	287
285	382
285	946
285	1210
286	287
286	288
286	289
287	289
287	1000
287	1708
288	290
288	1146
288	1596
288	1739
288	1902
289	290
289	291
289	1357
290	292
290	1405
290	1421
290	1952
291	292
291	294
291	1437
292	293
292	714
292	1147
292	1228
292	1464
293	295
293	1264
293	1412
294	296
294	1404
294	1767
294	1947
295	296
295	297
295	298
295	823
295	977
295	1409
295	1728
296	298
296	669
296	1337
297	299
297	300
297	746
297	1971
298	300
298	547
298	621
298	651
298	1473
299	300
299	1155
299	1766
299	1952
300	969
300	1120
300	1312
300	1926
301	303
301	304
301	1654
302	303
302	1158
302	1764
303	304
303	305
303	682
303	1517
303	1978
304	305
304	307
304	827
305	306
305	307
305	308
305	444
306	308
306	873
307	309
307	310
307	557
307	719
307	1937
308	310
308	1002
308	1260
308	1403
308	1696
308	1932
309	310
309	311
309	312
309	694
310	311
310	312
310	313
311	313
311	314
311	1771
312	313
312	315
312	419
313	316
313	1020
313	1483
314	1186
314	1875
315	1068
315	1341
315	1466
315	1479
316	318
316	319
316	1518
316	1579
317	320
317	484
317	1559
318	319
318	321
318	1645
319	322
319	954
319	1714
320	321
320	323
320	675
320	729
320	1116
321	323
321	511
321	536
321	1101
321	1535
321	1858
322	323
322	324
322	325
322	925
323	1140
323	1175
324	325
324	326
325	326
325	328
325	564
325	796
325	1853
326	327
326	328
326	329
326	1713
327	328
327	329
327	330
327	1197
328	329
328	331
328	802
329	330
329	332
329	537
330	331
330	333
330	1247
331	333
331	963
331	972
331	1433
331	1648
331	1649
332	334
332	335
332	530
332	1325
332	1471
332	1800
333	334
333	335
333	336
334	335
334	336
334	889
334	1379
335	336
335	1347
336	337
336	338
336	339
337	338
337	339
337	340
338	339
338	340
339	340
339	341
339	342
340	341
340	342
341	342
341	343
341	344
341	1938
342	396
342	1618
342	1761
343	344
343	345
343	346
344	346
344	1941
345	346
345	348
345	1152
345	1242
345	1893
346	347
346	348
346	384
346	921
347	350
347	428
347	1176
347	1560
348	349
348	350
348	351
348	1220
348	1351
349	350
349	352
349	439
349	1548
350	352
350	353
350	893
350	1334
350	1462
350	1792
351	354
351	1364
352	353
352	354
352	355
353	354
353	355
353	1075
354	355
354	356
354	357
355	356
355	357
355	1318
355	1809
356	357
356	358
356	359
356	668
356	726
357	358
357	359
357	360
358	360
358	361
358	734
358	1951
359	627
359	1261
359	1313
359	1582
360	361
360	363
360	840
360	985
361	478
361	770
361	1432
362	363
362	364
362	440
362	476
362	491
363	366
363	958
363	1184
363	1879
363	1991
364	365
364	367
364	1536
364	1983
365	366
365	367
365	368
365	556
366	368
366	1254
366	1641
367	368
367	369
367	370
367	440
367	1783
368	369
368	370
368	607
368	1106
368	1281
369	370
369	372
369	1566
370	371
370	372
370	373
370	706
370	909
370	1450
371	372
371	373
371	1184
372	374
372	375
372	1499
372	1861
373	374
373	375
373	376
373	1867
374	376
374	653
374	1392
374	1649
375	376
375	377
375	890
375	929
375	1702
375	1713
376	377
376	378
376	379
376	404
376	1115
376	1458
376	1791
377	379
377	380
377	1338
377	1705
378	380
378	647
378	1466
379	380
379	382
380	648
380	906
380	1024
380	1783
381	383
381	384
381	908
382	390
382	1217
382	1945
382	1948
383	384
383	386
383	1942
384	722
384	940
384	946
384	1424
385	387
385	707
385	1899
386	977
386	1403
386	1832
387	389
387	397
387	1123
387	1488
387	1642
388	390
388	428
388	521
388	1664
389	390
389	391
389	392
389	1480
389	1836
389	1847
389	1939
390	393
390	908
390	1485
390	1981
391	392
391	393
391	1515
391	1591
391	1818
392	393
392	395
392	486
392	1238
392	1347
392	1648
393	394
393	395
393	1564
393	1831
394	395
394	396
394	397
394	1369
395	396
395	397
395	398
395	493
396	397
396	399
397	399
397	469
397	1078
397	1321
397	1330
397	1439
397	1693
398	399
398	400
398	401
399	400
399	401
399	402
400	403
400	1663
400	1926
401	1772
401	1873
402	403
402	404
402	1420
402	1831
403	404
403	405
403	682
403	1665
403	1955
404	1317
404	1906
404	1927
405	406
405	407
405	408
406	408
406	409
406	513
407	408
407	409
407	410
407	1454
408	409
408	411
408	1456
409	410
409	412
409	1725
410	411
410	412
410	413
411	412
411	414
411	775
411	1899
412	413
412	414
412	524
412	620
413	415
413	891
413	990
413	1749
414	415
414	416
414	1263
415	416
415	418
415	948
415	1120
415	1988
416	417
416	418
416	419
417	418
417	420
417	469
417	1939
418	419
418	1364
418	1473
418	1853
419	640
419	754
420	421
420	828
420	1252
421	422
421	423
421	424
421	1321
422	423
422	424
422	425
422	888
423	424
423	425
423	426
423	979
423	1738
424	425
424	506
424	800
424	1044
425	426
425	428
425	920
425	1329
426	429
426	827
426	1235
427	429
427	430
427	819
427	1874
428	429
428	430
428	431
428	1823
429	430
429	431
429	432
429	859
429	1345
430	431
430	433
430	1692
430	1732
431	433
431	434
431	1938
432	433
432	434
432	1710
433	434
433	435
433	436
434	435
434	469
434	567
434	1914
435	437
435	1096
435	1118
435	1825
436	437
436	438
436	439
437	438
437	439
437	1304
437	1847
438	439
438	440
438	441
438	1156
439	441
439	1223
440	906
440	1019
440	1521
440	1535
440	1569
441	442
441	444
441	752
441	1043
442	444
442	445
442	1215
442	1717
443	444
443	1679
443	1845
444	445
444	447
445	446
445	447
445	448
445	1289
446	448
446	517
446	1305
446	1361
447	448
447	449
447	450
447	508
447	1953
448	449
448	450
448	1001
448	1019
448	1267
448	1321
448	1404
448	1554
449	450
449	452
449	1894
450	451
450	452
450	1762
450	1978
451	452
451	453
451	454
452	454
452	455
452	529
452	736
452	1097
452	1985
453	454
453	966
453	1064
453	1159
454	455
454	456
454	457
454	1853
455	456
455	457
455	458
456	457
456	458
456	459
457	458
457	459
457	460
457	712
458	459
458	460
458	461
458	1542
458	1911
459	461
459	462
459	1721
459	1959
460	461
460	463
460	493
460	1244
461	462
461	463
461	464
461	1650
462	463
462	464
462	465
462	1614
462	1874
463	464
463	465
463	532
463	790
463	1174
463	1460
464	465
464	467
464	1794
465	466
465	468
465	1514
465	1518
465	1765
466	467
466	468
466	469
467	468
467	469
467	1166
467	1686
468	469
468	470
468	471
469	1082
469	1197
470	473
470	1140
470	1169
471	473
471	1182
471	1973
472	484
472	706
472	1168
472	1237
472	1562
472	1640
473	474
473	475
473	476
473	1299
474	477
474	1875
475	476
475	612
475	719
476	477
476	478
476	479
477	478
477	651
478	479
478	481
478	1576
478	1717
479	480
479	481
479	482
480	481
480	483
480	596
481	482
481	630
481	1734
481	1984
482	483
482	484
482	485
482	1749
482	1968
483	484
483	485
483	650
484	645
484	790
484	844
484	909
485	486
485	487
485	488
485	717
485	1729
486	489
486	1422
487	489
487	490
487	1166
487	1228
488	489
488	624
488	910
489	491
489	1265
489	1701
490	491
490	493
490	1611
490	1884
491	493
491	494
492	494
492	495
492	1326
492	1619
493	494
493	1438
494	496
494	497
494	1722
495	496
495	497
495	735
495	878
495	1560
496	497
496	499
496	1870
497	499
497	500
497	1454
497	1492
498	500
498	952
498	1259
498	1561
498	1586
499	502
499	629
500	501
500	502
500	1083
500	1237
501	502
501	503
502	503
502	504
502	505
503	505
503	506
503	692
503	884
504	505
504	506
504	507
504	1103
505	506
505	507
505	726
506	509
506	619
506	815
506	1037
507	508
507	510
507	1196
507	1312
508	509
508	510
508	1771
509	510
509	511
509	512
509	922
509	1502
510	512
510	513
510	526
510	1045
510	1706
511	513
511	514
511	860
512	513
512	514
512	515
513	515
513	516
513	1271
514	515
514	516
514	1398
514	1493
515	516
515	517
515	518
515	1280
516	517
516	518
516	519
516	1521
517	520
517	602
517	916
518	520
518	1102
518	1500
519	521
519	522
519	1879
520	522
520	973
520	1133
520	1850
521	523
521	524
521	1348
521	1420
521	1696
521	1710
521	1784
522	524
522	1402
522	1512
523	524
523	525
523	1777
524	525
524	526
524	527
524	635
525	527
525	528
525	839
525	1146
525	1303
525	1568
526	527
526	529
526	894
526	1549
527	529
527	530
528	529
528	531
528	946
529	530
529	531
529	532
529	1084
530	532
530	632
530	767
530	923
530	1921
531	532
531	911
531	1264
532	544
532	1450
533	536
533	916
533	1395
534	535
534	536
534	1379
535	536
535	537
535	538
535	589
536	538
536	651
536	1952
537	538
537	539
537	540
538	539
538	540
538	609
539	540
539	542
540	541
540	542
540	767
540	1785
541	542
541	849
541	1224
541	1481
542	544
542	545
542	779
542	915
542	1558
542	1655
542	1929
543	1047
543	1204
543	1459
544	546
544	552
544	607
544	619
544	1541
545	546
545	548
545	1260
545	1439
546	548
546	549
546	1718
547	549
547	550
547	1171
547	1671
547	1729
548	550
548	551
548	1226
549	551
549	1216
549	1815
550	775
550	1010
550	1587
550	1977
551	552
551	553
552	553
552	554
552	555
552	1020
552	1507
552	1832
553	555
553	556
553	629
553	810
554	555
554	556
554	557
554	869
555	780
555	1177
555	1574
555	1826
555	1903
555	1920
556	557
556	1234
556	1664
557	558
557	560
558	559
558	560
558	561
559	560
559	562
559	769
559	802
559	854
560	561
560	562
560	563
560	567
560	1443
560	1610
561	562
561	563
562	564
562	565
562	1285
562	1770
563	565
563	566
563	738
563	1082
564	565
564	567
564	1413
565	566
565	567
565	873
565	1466
566	568
566	1018
566	1244
566	1444
566	1590
567	570
568	570
568	571
569	570
569	866
569	1156
570	571
570	1250
570	1441
570	1850
571	573
571	574
571	922
571	1033
572	573
572	574
572	575
573	574
573	575
573	576
573	760
574	575
574	576
575	576
575	577
575	601
575	1397
575	1708
576	577
576	578
576	1254
577	580
577	1920
578	580
578	581
578	1106
579	581
579	582
579	732
579	1953
580	582
580	583
580	1277
580	1419
581	582
581	583
581	1268
581	1923
582	584
582	585
582	683
582	994
582	1295
583	584
583	586
583	1004
584	585
584	586
584	1295
585	586
585	587
585	862
585	884
585	898
586	588
586	589
586	1140
586	1786
587	588
587	590
587	603
587	798
587	1969
588	705
588	993
588	1781
589	590
589	1533
590	591
590	592
590	593
591	592
591	594
591	856
592	595
592	654
592	1174
592	1686
593	596
593	1960
594	595
594	596
594	1834
595	597
595	598
595	614
595	1318
595	1974
596	599
596	756
596	1240
596	1602
597	598
597	599
597	600
598	600
598	1025
598	1205
598	1575
599	600
599	1819
599	1958
600	601
600	603
600	606
601	1199
601	1856
602	603
602	604
602	605
603	606
603	678
604	607
604	641
604	1203
604	1441
604	1748
604	1810
605	606
605	607
605	608
605	890
606	607
606	608
606	1304
607	608
607	667
608	609
608	610
608	611
609	610
609	611
609	612
610	613
610	1164
611	612
611	614
611	630
611	1087
611	1280
611	1395
612	614
612	1470
613	615
613	875
613	899
613	1286
613	1287
614	615
614	761
614	1132
614	1746
615	616
615	617
615	618
615	1039
615	1108
615	1342
616	617
616	619
616	1198
617	618
617	619
617	1574
618	619
618	620
618	621
618	1061
619	622
619	1450
619	1878
620	621
620	623
620	945
620	974
621	622
621	624
621	1272
622	624
622	625
622	1130
622	1448
623	624
623	1307
624	625
624	626
624	627
624	822
624	1150
625	627
625	628
625	1328
625	1534
625	1783
626	628
626	629
626	1284
627	628
627	630
627	1443
627	1493
627	1749
628	629
628	631
628	1030
629	630
629	632
629	1566
630	632
630	838
630	1714
631	632
631	673
631	1024
631	1378
631	1890
632	634
632	635
633	635
633	636
633	1426
633	1677
634	636
634	637
634	777
634	1627
635	637
635	638
636	638
636	1355
637	638
637	639
637	640
637	1059
638	639
638	640
638	641
638	816
639	640
639	641
639	642
640	641
640	642
640	643
641	642
641	644
642	645
642	1617
642	1960
643	645
643	670
643	685
643	750
644	646
645	656
645	1317
645	1669
646	647
646	648
646	770
646	1009
647	650
647	772
647	831
647	887
648	649
648	650
648	651
649	650
649	1146
649	1983
650	652
650	653
650	772
650	858
650	1053
650	1141
651	652
651	653
651	1343
652	653
652	654
652	655
652	1513
653	654
653	655
653	1801
654	655
654	1524
654	1743
655	656
655	657
655	658
656	659
656	1314
657	660
657	1370
657	1609
658	659
658	660
658	1626
658	1869
659	660
659	1392
660	661
660	662
660	663
660	1709
661	662
661	664
661	1481
661	1687
662	663
662	664
662	991
662	1729
662	1797
663	664
663	665
663	742
663	1313
663	1463
664	667
664	811
664	833
664	1705
665	667
665	919
665	1779
666	668
666	953
667	668
667	1380
667	1446
668	671
668	751
668	915
668	1167
669	670
669	671
670	672
670	673
670	1045
671	674
671	903
671	1499
671	1523
672	673
672	675
672	1242
672	1305
673	674
673	676
674	675
674	676
674	1911
675	678
675	742
675	1214
675	1969
676	677
676	678
676	679
676	1256
676	1643
677	678
677	680
677	942
677	1860
678	679
678	681
678	784
678	1346
679	680
679	682
679	1298
680	681
680	682
680	683
680	1056
681	683
681	1046
682	683
682	1884
683	686
683	1220
683	1368
684	686
684	1262
684	1879
685	686
685	688
685	866
685	1060
685	1091
685	1214
685	1393
686	937
686	962
686	1562
687	689
687	690
687	1941
688	689
688	690
688	691
689	690
689	692
689	1714
690	691
690	692
690	786
690	1951
691	692
691	693
691	694
692	693
692	695
693	694
693	695
693	696
693	1734
694	697
694	792
694	1279
695	696
695	697
696	698
696	950
696	1096
697	700
697	891
697	1171
697	1220
697	1884
698	699
698	700
698	821
698	1717
698	1759
698	1787
699	700
699	701
699	1537
700	703
700	978
700	1481
701	702
701	1536
701	1955
702	703
702	1720
703	704
703	760
703	1400
703	1926
704	705
704	707
704	1719
705	706
705	708
705	729
705	837
705	1818
706	707
706	708
706	1744
707	1141
708	1037
708	1045
708	1453
709	710
709	712
709	1943
710	1128
710	1194
710	1348
710	1531
711	712
711	713
711	714
711	1451
711	1588
712	713
712	714
712	1401
713	714
713	715
714	716
714	717
714	1453
714	1471
714	1649
714	1873
715	716
715	718
715	741
716	717
716	718
716	1604
716	1657
717	720
717	1541
718	719
718	721
718	747
719	721
719	1168
719	1456
720	721
720	723
720	1348
721	722
721	851
721	1441
721	1469
721	1690
721	1743
722	723
722	1856
722	1903
723	724
723	725
723	726
723	1023
723	1588
723	1595
724	725
724	726
724	727
724	1067
724	1399
725	726
725	727
725	1415
726	728
726	1268
726	1342
727	728
727	729
727	748
727	961
728	729
728	731
728	1016
728	1109
728	1959
729	730
730	733
730	1277
730	1455
731	734
731	1311
731	1870
732	821
732	833
732	1170
732	1679
733	1413
733	1492
734	735
734	1194
734	1810
735	736
735	738
736	738
736	739
737	738
737	739
737	740
738	739
738	741
738	1508
739	742
739	756
739	831
739	1267
740	741
740	742
740	854
740	900
740	1059
741	742
741	743
741	744
741	1682
742	744
742	745
742	795
742	882
743	744
744	745
744	746
744	747
744	1075
745	746
745	748
745	1215
746	747
746	749
746	791
747	748
747	749
747	1678
748	749
748	751
748	966
749	750
749	751
749	752
749	855
750	751
750	753
750	1041
750	1618
750	1846
751	752
751	1052
751	1427
752	753
752	1996
753	754
753	755
753	756
753	1008
753	1491
754	755
754	756
754	757
755	756
755	757
755	1132
756	757
756	759
756	1594
757	759
757	760
757	1518
757	1674
758	759
758	760
758	761
759	760
759	761
759	997
760	762
760	1793
760	1915
761	762
761	763
761	764
761	831
762	764
762	1096
762	1834
763	766
763	818
763	870
763	1571
763	1591
764	765
764	767
764	786
764	1603
764	1712
765	1554
765	1648
765	1811
766	768
766	769
766	1376
766	1471
766	1894
767	768
767	1771
768	769
768	770
768	928
768	1464
769	770
769	771
769	1561
769	1844
770	771
770	772
770	773
770	1418
771	772
771	773
771	1166
772	775
772	879
772	1169
773	775
773	786
774	775
774	776
774	777
775	776
775	1102
775	1428
776	777
776	778
776	779
777	778
777	779
777	1103
777	1826
777	1970
778	779
778	781
778	1080
779	781
779	782
779	950
779	1044
779	1067
780	781
780	782
780	1372
781	782
781	783
781	784
782	783
782	785
782	1038
782	1776
782	1806
782	1837
783	784
783	785
783	1530
784	785
784	787
785	786
785	787
785	788
785	934
786	787
786	1680
787	788
787	789
787	790
787	1357
787	1732
788	789
788	790
788	791
789	790
789	791
789	792
790	791
790	792
790	806
790	1014
791	1208
791	1299
791	1309
791	1319
791	1978
792	793
792	795
792	871
792	1813
792	1935
793	796
793	1115
793	1141
793	1526
794	795
794	796
794	797
794	886
795	798
795	926
795	998
795	1912
796	1917
797	799
797	800
797	1437
797	1827
798	800
798	801
799	801
799	802
799	1025
800	801
800	802
800	1601
801	802
801	1165
801	1345
801	1369
802	891
802	1219
802	1808
802	1992
803	804
803	806
803	1838
804	805
804	807
804	827
804	1292
805	806
805	808
805	1828
806	1768
806	1988
807	808
807	809
807	810
807	1453
807	1634
808	810
808	811
808	860
808	1601
809	810
809	812
810	812
810	1769
811	813
811	1240
811	1690
811	1996
812	993
812	1066
812	1454
813	814
813	815
813	816
814	817
814	1132
814	1366
814	1519
815	817
815	818
816	819
816	1646
816	1995
817	819
817	1072
817	1236
817	1634
818	819
818	820
819	820
819	1369
819	1661
819	1966
820	821
820	822
820	823
820	1175
820	1566
820	1920
821	823
821	1503
821	1913
822	823
822	824
823	826
823	896
823	1461
824	826
824	827
824	994
824	1233
824	1444
825	826
825	828
825	1686
825	1739
826	827
826	828
826	829
827	828
827	829
828	829
828	830
828	831
828	995
828	1520
829	830
829	831
829	832
829	922
830	831
830	832
830	1628
831	834
832	833
832	834
832	835
832	1071
832	1487
833	836
833	1751
834	836
834	837
834	1049
834	1630
835	836
835	837
835	1440
836	837
836	838
836	1683
837	839
837	840
837	1665
838	839
838	1244
839	840
839	841
840	841
840	842
840	893
841	843
841	844
841	912
842	843
842	845
842	1191
843	846
843	1396
843	1537
844	846
844	847
844	1096
845	846
845	848
845	1478
845	1872
846	847
846	849
846	962
847	848
847	1623
848	849
848	851
848	1131
848	1421
849	850
849	1399
849	1720
850	852
850	1120
850	1848
851	852
851	872
851	1205
852	853
852	854
852	855
852	882
853	856
853	1538
853	1721
854	934
854	1519
854	1692
855	856
855	1271
856	857
856	858
856	1122
857	858
857	859
857	860
857	1472
857	1988
858	860
858	861
858	1270
858	1786
859	862
859	1824
860	861
860	1795
861	862
861	863
861	864
862	863
862	1889
863	960
863	1052
863	1068
863	1565
864	865
864	1154
864	1517
864	1895
865	866
865	867
865	1173
865	1626
866	867
866	984
866	1754
867	869
867	870
867	1751
868	869
868	870
868	871
868	1557
868	1747
869	870
869	872
870	873
870	1846
870	1879
871	874
872	873
872	874
872	875
872	1140
873	875
873	876
874	875
874	877
875	877
875	1486
876	877
876	878
876	879
877	878
877	879
877	880
877	1352
878	880
878	1285
878	1440
879	880
879	882
879	902
880	881
880	882
880	883
880	1388
880	1802
881	883
881	884
881	1020
881	1834
882	885
882	1179
882	1473
883	885
883	886
883	1302
884	886
884	887
885	1315
885	1362
885	1677
885	1759
886	887
886	1404
887	889
887	890
887	1135
887	1370
888	889
888	890
889	890
889	891
889	1333
889	1349
890	891
890	893
891	892
891	894
892	893
892	894
892	895
892	1810
893	1778
893	1859
894	895
894	896
895	897
895	898
895	1253
896	898
896	899
897	899
897	900
897	960
897	1776
898	899
898	901
898	905
898	1354
898	1833
899	900
899	1908
900	901
900	1216
901	904
901	1099
901	1895
902	903
902	904
902	905
902	940
902	1866
903	904
903	905
903	906
904	905
904	906
904	1113
904	1562
905	906
905	907
905	1468
906	907
906	908
907	908
907	910
907	983
907	1547
907	1809
908	911
908	1324
909	910
909	1734
909	1743
910	913
910	1072
910	1173
910	1906
911	912
911	1186
911	1210
911	1331
912	913
912	915
912	921
913	914
913	915
913	916
913	919
914	1377
914	1428
914	1683
915	916
915	917
915	1885
916	917
916	918
916	919
916	958
917	918
917	919
917	920
918	919
918	920
918	921
918	1253
919	921
919	922
920	922
920	1058
920	1509
921	922
921	924
922	1915
922	1929
923	924
923	982
924	925
924	926
924	927
925	926
925	928
925	1430
925	1668
926	927
926	929
926	1602
926	1901
927	928
927	929
927	930
928	930
928	1008
928	1817
929	930
929	932
930	931
930	933
931	934
931	1220
931	1401
932	933
932	934
932	935
932	1191
932	1926
933	1058
934	936
935	936
935	945
935	1074
935	1501
936	939
936	1099
936	1316
937	938
937	1042
938	939
938	940
938	1801
939	940
939	941
939	1248
940	941
940	942
940	1338
941	943
941	944
941	1936
942	945
942	1311
942	1600
943	944
943	1098
943	1380
944	945
944	947
944	1008
945	948
945	1520
947	948
947	949
947	1695
948	951
948	1445
949	952
949	1157
949	1961
950	951
950	1160
950	1710
951	953
951	954
951	1328
951	1711
952	954
953	954
953	956
954	956
954	957
955	956
955	957
955	958
955	1988
956	957
956	958
956	959
957	958
957	1335
957	1645
957	1788
958	1609
959	960
959	961
959	1586
960	962
961	963
961	1789
962	963
962	965
962	1203
962	1354
963	964
963	966
964	965
964	1178
964	1994
965	967
965	1202
965	1688
965	1719
965	1794
966	967
966	1018
966	1635
966	1674
966	1707
967	970
967	1115
967	1484
967	1762
968	969
968	970
968	971
968	1726
969	971
969	1399
969	1579
969	1596
970	971
970	972
970	973
970	992
970	1816
971	972
971	973
971	974
971	1479
971	1806
972	973
972	974
973	976
973	1809
974	1795
975	976
975	1178
975	1699
976	977
976	1575
976	1836
977	980
977	1835
978	980
978	981
978	1261
979	981
980	981
980	982
980	1513
980	1698
981	982
981	983
981	984
982	983
982	984
982	985
983	984
983	985
983	986
984	985
984	986
984	1584
984	1925
985	986
985	987
985	988
986	987
986	988
986	1674
987	988
987	989
987	990
987	1207
988	989
988	990
988	991
989	990
989	1088
989	1880
990	991
990	993
990	1425
991	992
991	993
991	994
992	994
992	1425
993	994
993	995
993	996
994	995
994	996
994	1569
994	1821
995	996
996	997
996	998
996	1282
997	1016
997	1165
997	1421
997	1460
998	1000
998	1001
998	1377
999	1001
999	1002
999	1081
999	1534
999	1866
1000	1001
1000	1002
1000	1003
1001	1003
1001	1410
1002	1003
1002	1063
1002	1703
1002	1862
1003	1004
1003	1005
1003	1006
1004	1005
1004	1006
1004	1300
1004	1597
1004	1937
1005	1007
1005	1008
1006	1007
1006	1008
1006	1009
1007	1008
1007	1010
1007	1634
1007	1733
1008	1559
1008	1706
1008	1916
1009	1011
1009	1012
1009	1519
1010	1012
1010	1013
1010	1398
1010	1556
1011	1012
1011	1174
1011	1255
1012	1013
1012	1014
1013	1014
1013	1015
1013	1016
1013	1142
1014	1016
1015	1016
1015	1437
1016	1018
1017	1018
1017	1020
1017	1400
1018	1019
1018	1956
1019	1021
1019	1097
1019	1770
1020	1021
1020	1202
1021	1022
1021	1023
1021	1024
1022	1023
1022	1024
1022	1025
1023	1025
1023	1136
1024	1027
1025	1026
1025	1028
1026	1028
1026	1029
1026	1407
1026	1998
1027	1029
1027	1030
1027	1258
1028	1029
1028	1030
1028	1031
1029	1030
1029	1031
1029	1326
1030	1033
1030	1350
1031	1057
1031	1406
1031	1457
1031	1866
1032	1033
1032	1148
1032	1832
1033	1035
1033	1036
1033	1404
1033	1410
1034	1036
1034	1204
1034	1724
1035	1036
1035	1037
1035	1038
1036	1037
1036	1039
1036	1666
1037	1038
1037	1039
1037	1040
1037	1929
1038	1039
1038	1040
1039	1042
1039	1497
1039	1908
1040	1041
1040	1042
1040	1043
1041	1042
1041	1197
1042	1043
1042	1044
1042	1045
1042	1521
1043	1044
1043	1046
1043	1516
1044	1046
1045	1047
1045	1048
1045	1380
1046	1047
1046	1048
1046	1049
1047	1048
1047	1049
1047	1050
1048	1049
1048	1051
1048	1572
1049	1050
1049	1052
1050	1051
1050	1052
1050	1053
1051	1052
1051	1053
1051	1607
1052	1053
1052	1055
1052	1906
1053	1055
1053	1695
1054	1055
1054	1595
1055	1056
1055	1057
1055	1058
1055	1158
1056	1058
1056	1059
1057	1058
1057	1059
1057	1423
1058	1060
1058	1768
1058	1993
1059	1060
1060	1063
1061	1063
1061	1623
1062	1065
1062	1103
1062	1174
1063	1064
1064	1065
1064	1066
1065	1066
1065	1068
1065	1590
1066	1067
1066	1068
1066	1069
1068	1453
1068	1811
1068	1917
1069	1070
1069	1072
1069	1154
1070	1071
1070	1072
1070	1073
1070	1347
1071	1072
1071	1074
1072	1073
1072	1074
1072	1075
1072	1109
1073	1075
1073	1076
1073	1704
1074	1075
1074	1076
1074	1077
1075	1076
1075	1701
1075	1882
1076	1079
1076	1697
1077	1079
1077	1080
1077	1293
1078	1080
1078	1081
1078	1626
1079	1080
1079	1081
1079	1082
1079	1957
1080	1200
1081	1083
1081	1884
1082	1083
1082	1085
1082	1245
1082	1791
1082	1900
1083	1084
1083	1086
1083	1427
1084	1086
1084	1087
1085	1087
1085	1088
1085	1303
1086	1088
1086	1089
1086	1535
1087	1089
1087	1090
1087	1614
1087	1908
1088	1090
1088	1091
1088	1931
1089	1090
1089	1120
1090	1092
1090	1237
1090	1282
1090	1302
1090	1882
1091	1092
1091	1094
1091	1294
1092	1093
1092	1094
1093	1094
1093	1096
1093	1440
1094	1096
1094	1097
1094	1831
1095	1096
1095	1097
1095	1397
1095	1401
1096	1097
1096	1098
1096	1555
1097	1099
1098	1099
1098	1101
1099	1100
1099	1101
1099	1102
1100	1103
1100	1395
1100	1592
1101	1104
1101	1786
1102	1103
1102	1104
1102	1410
1103	1388
1104	1105
1104	1222
1104	1892
1105	1107
1105	1352
1105	1364
1105	1416
1106	1108
1106	1569
1107	1108
1107	1109
1107	1110
1108	1110
1108	1111
1108	1549
1109	1112
1109	1981
1110	1111
1110	1112
1110	1113
1111	1113
1111	1277
1112	1113
1112	1114
1112	1130
1113	1116
1113	1129
1114	1115
1114	1116
1114	1117
1115	1118
1115	1708
1115	1821
1116	1117
1116	1118
1116	1119
1117	1118
1117	1119
1117	1120
1118	1120
1118	1121
1119	1120
1119	1121
1119	1122
1119	1630
1119	1686
1120	1123
1120	1404
1121	1122
1121	1123
1122	1123
1122	1124
1122	1125
1123	1124
1123	1126
1123	1801
1124	1125
1124	1126
1124	1218
1124	1410
1125	1128
1125	1513
1125	1697
1125	1862
1126	1128
1126	1129
1126	1923
1127	1129
1127	1130
1127	1926
1128	1130
1128	1131
1128	1384
1129	1131
1129	1132
1129	1253
1129	1764
1130	1131
1130	1576
1131	1132
1131	1133
1131	1134
1131	1462
1132	1134
1133	1135
1133	1136
1133	1523
1133	1586
1134	1135
1134	1136
1134	1620
1135	1136
1135	1137
1136	1137
1136	1138
1136	1139
1136	1987
1137	1219
1137	1808
1137	1815
1137	1977
1138	1139
1138	1189
1138	1278
1139	1141
1139	1142
1139	1990
1140	1141
1140	1142
1140	1237
1140	1672
1141	1144
1141	1492
1141	1867
1142	1144
1142	1145
1142	1655
1143	1145
1143	1146
1143	1284
1143	1832
1144	1145
1144	1146
1144	1147
1145	1146
1145	1147
1145	1148
1146	1149
1146	1739
1146	1827
1147	1148
1147	1149
1147	1389
1148	1151
1148	1173
1148	1631
1148	1757
1149	1151
1149	1152
1149	1409
1150	1151
1150	1802
1151	1152
1151	1153
1151	1154
1152	1153
1152	1155
1153	1154
1153	1155
1153	1156
1154	1155
1154	1300
1154	1581
1155	1156
1155	1157
1155	1158
1156	1158
1157	1158
1157	1159
1157	1160
1158	1159
1158	1160
1158	1529
1158	1628
1159	1161
1159	1162
1159	1683
1159	1944
1160	1162
1160	1918
1161	1162
1161	1164
1161	1340
1162	1164
1162	1165
1162	1283
1163	1308
1163	1519
1163	1552
1164	1165
1164	1166
1164	1167
1165	1166
1165	1167
1165	1798
1166	1253
1166	1566
1167	1168
1167	1830
1168	1169
1168	1938
1169	1171
1170	1171
1170	1172
1170	1633
1170	1815
1171	1173
1171	1658
1171	1665
1172	1173
1172	1174
1172	1175
1173	1174
1173	1176
1174	1176
1175	1176
1175	1177
1176	1179
1176	1385
1176	1801
1177	1179
1177	1180
1177	1298
1177	1391
1178	1179
1178	1180
1178	1181
1179	1180
1180	1181
1180	1182
1180	1882
1181	1184
1181	1486
1181	1713
1182	1183
1182	1184
1182	1185
1183	1184
1183	1185
1183	1986
1184	1185
1185	1187
1185	1188
1185	1524
1185	1627
1185	1894
1186	1187
1186	1188
1186	1189
1187	1188
1187	1190
1187	1337
1188	1189
1188	1190
1188	1443
1189	1190
1189	1191
1189	1192
1190	1191
1190	1192
1190	1193
1190	1625
1190	1769
1191	1193
1192	1193
1192	1194
1192	1195
1192	1907
1193	1196
1193	1210
1193	1486
1193	1861
1194	1195
1194	1639
1194	1792
1195	1196
1195	1198
1195	1947
1196	1197
1196	1354
1196	1400
1197	1388
1197	1665
1197	1950
1198	1201
1198	1315
1198	1920
1199	1201
1199	1453
1199	1489
1199	1699
1200	1202
1200	1203
1200	1491
1200	1648
1201	1202
1201	1203
1201	1204
1201	1572
1201	1824
1202	1205
1202	1974
1203	1204
1203	1206
1203	1597
1204	1205
1204	1206
1204	1207
1204	1924
1205	1334
1205	1473
1206	1207
1206	1209
1206	1792
1207	1210
1207	1550
1208	1211
1208	1848
1209	1210
1209	1211
1209	1630
1210	1693
1211	1213
1211	1214
1211	1495
1211	1891
1212	1213
1212	1214
1212	1215
1213	1214
1213	1215
1213	1216
1214	1216
1214	1217
1214	1299
1215	1218
1215	1437
1215	1545
1216	1217
1216	1218
1216	1429
1216	1895
1217	1371
1218	1219
1218	1220
1218	1396
1219	1222
1220	1222
1220	1609
1221	1222
1221	1223
1221	1224
1222	1223
1222	1224
1222	1225
1222	1627
1222	1919
1223	1225
1223	1226
1224	1225
1224	1226
1224	1889
1225	1226
1225	1227
1226	1227
1226	1229
1226	1279
1227	1229
1227	1230
1227	1479
1228	1229
1228	1790
1229	1230
1229	1231
1229	1232
1230	1231
1230	1232
1230	1602
1230	1631
1231	1232
1231	1234
1231	1530
1232	1234
1232	1235
1232	1578
1233	1234
1233	1688
1233	1937
1234	1235
1234	1710
1234	1864
1235	1236
1235	1237
1235	1564
1236	1237
1236	1239
1236	1248
1238	1239
1238	1241
1238	1631
1239	1240
1239	1241
1239	1258
1239	1322
1240	1489
1240	1899
1241	1243
1241	1481
1241	1994
1242	1243
1242	1244
1242	1245
1243	1244
1243	1245
1243	1246
1244	1246
1244	1290
1244	1609
1245	1247
1245	1560
1245	1935
1246	1248
1246	1249
1247	1249
1247	1381
1247	1776
1248	1249
1248	1250
1248	1668
1249	1251
1249	1252
1249	1635
1249	1695
1250	1251
1250	1252
1251	1252
1251	1253
1251	1254
1252	1253
1252	1255
1252	1331
1252	1562
1252	1949
1253	1254
1253	1569
1253	1584
1254	1255
1254	1256
1254	1257
1255	1256
1255	1257
1256	1257
1256	1258
1256	1863
1257	1258
1257	1259
1257	1260
1257	1852
1258	1259
1258	1260
1259	1261
1259	1604
1259	1769
1259	1984
1260	1261
1260	1263
1261	1431
1262	1263
1262	1265
1262	1877
1263	1264
1263	1265
1263	1266
1264	1265
1264	1266
1264	1586
1265	1267
1265	1268
1265	1607
1265	1868
1266	1267
1266	1700
1266	1740
1267	1268
1267	1270
1268	1842
1269	1270
1269	1271
1269	1272
1269	1777
1270	1272
1270	1470
1271	1272
1271	1273
1271	1274
1272	1273
1272	1274
1272	1275
1273	1274
1273	1276
1273	1733
1273	1747
1274	1275
1274	1276
1274	1277
1275	1276
1275	1277
1275	1278
1275	1531
1276	1277
1276	1368
1276	1493
1276	1717
1276	1728
1277	1279
1278	1279
1278	1281
1279	1281
1279	1297
1280	1475
1281	1282
1281	1284
1282	1284
1282	1285
1283	1284
1283	1286
1283	1691
1283	1967
1284	1285
1284	1286
1284	1287
1284	1797
1285	1716
1286	1288
1286	1289
1287	1289
1287	1290
1287	1405
1287	1753
1288	1289
1288	1290
1288	1291
1288	1891
1289	1290
1289	1291
1290	1292
1290	1899
1291	1293
1291	1294
1291	1918
1292	1293
1292	1294
1292	1295
1293	1294
1293	1295
1293	1900
1293	1955
1294	1295
1294	1296
1295	1297
1295	1440
1295	1489
1295	1998
1296	1297
1296	1298
1296	1299
1296	1667
1296	1964
1297	1298
1297	1300
1298	1299
1298	1300
1298	1796
1299	1578
1299	1990
1300	1302
1300	1303
1301	1302
1301	1303
1301	1304
1302	1305
1302	1533
1303	1304
1303	1306
1304	1306
1304	1307
1305	1308
1305	1900
1306	1307
1306	1308
1306	1309
1306	1973
1307	1308
1307	1309
1307	1310
1308	1309
1308	1310
1308	1311
1309	1310
1309	1311
1309	1958
1310	1311
1310	1313
1310	1618
1311	1313
1311	1314
1312	1315
1312	1408
1313	1315
1313	1546
1314	1315
1314	1317
1314	1394
1314	1904
1315	1317
1316	1318
1316	1984
1317	1318
1318	1319
1318	1604
1319	1320
1319	1321
1319	1322
1320	1321
1320	1322
1320	1323
1322	1323
1322	1324
1322	1325
1323	1324
1323	1325
1323	1326
1323	1525
1323	1545
1324	1326
1324	1472
1325	1326
1325	1328
1325	1743
1326	1327
1326	1867
1327	1328
1327	1330
1327	1895
1328	1329
1328	1330
1328	1634
1328	1986
1329	1330
1329	1331
1329	1332
1330	1331
1330	1546
1330	1667
1331	1332
1331	1333
1331	1334
1332	1333
1332	1334
1332	1335
1333	1335
1333	1336
1333	1703
1334	1335
1334	1336
1335	1336
1335	1338
1336	1337
1336	1338
1337	1338
1337	1730
1338	1340
1338	1341
1338	1430
1338	1854
1339	1340
1339	1341
1339	1585
1339	1623
1340	1341
1340	1342
1340	1858
1341	1343
1341	1600
1342	1343
1343	1344
1343	1345
1344	1345
1344	1867
1344	1936
1345	1348
1346	1348
1346	1349
1347	1558
1347	1764
1348	1350
1349	1350
1349	1351
1350	1351
1350	1352
1350	1476
1351	1354
1351	1683
1351	1855
1352	1355
1353	1354
1353	1356
1354	1357
1355	1357
1355	1358
1355	1723
1355	1777
1356	1357
1356	1358
1356	1359
1357	1359
1357	1360
1358	1359
1358	1360
1358	1361
1358	1749
1359	1516
1359	1679
1359	1978
1360	1361
1360	1362
1360	1363
1360	1490
1361	1362
1361	1364
1362	1365
1362	1385
1362	1913
1363	1364
1363	1365
1363	1366
1364	1365
1364	1366
1364	1367
1364	1716
1365	1366
1365	1367
1365	1368
1365	1616
1366	1367
1366	1547
1366	1657
1367	1368
1367	1369
1367	1666
1368	1371
1368	1655
1368	1912
1369	1370
1369	1371
1369	1510
1370	1371
1370	1373
1370	1863
1371	1372
1371	1373
1371	1374
1371	1868
1372	1374
1372	1375
1373	1375
1373	1376
1373	1555
1373	2000
1374	1375
1374	1376
1374	1377
1375	1376
1375	1377
1375	1378
1376	1379
1376	1684
1377	1378
1377	1904
1378	1379
1378	1380
1378	1381
1379	1380
1379	1381
1380	1383
1380	1718
1381	1382
1381	1383
1381	1384
1382	1383
1382	1384
1382	1385
1383	1385
1383	1792
1383	1829
1384	1385
1384	1386
1384	1951
1385	1386
1385	1387
1385	1388
1385	1841
1386	1387
1386	1388
1386	1389
1386	1810
1387	1388
1387	1389
1387	1949
1388	1390
1388	1391
1389	1390
1389	1589
1390	1391
1390	1392
1390	1393
1391	1393
1391	1394
1392	1395
1393	1394
1393	1395
1393	1475
1394	1397
1394	1574
1395	1397
1395	1905
1396	1398
1396	1516
1397	1398
1397	1399
1397	1400
1397	1516
1398	1401
1398	1508
1398	1623
1399	1401
1400	1401
1401	1403
1402	1403
1402	1405
1402	1492
1403	1405
1403	1406
1404	1407
1405	1406
1405	1787
1406	1407
1406	1409
1406	1577
1406	1598
1406	1807
1407	1408
1407	1410
1407	1468
1408	1409
1408	1410
1408	1411
1409	1562
1409	1915
1410	1412
1410	1611
1411	1412
1411	1413
1412	1413
1412	1414
1412	1415
1412	1428
1413	1414
1413	1482
1413	1744
1414	1415
1414	1416
1414	1698
1415	1417
1415	1418
1415	1904
1416	1417
1416	1418
1416	1419
1416	1750
1417	1419
1417	1788
1418	1419
1418	1421
1418	1724
1419	1420
1419	1421
1420	1421
1420	1885
1421	1422
1421	1424
1421	1955
1422	1423
1422	1424
1422	1425
1423	1425
1423	1426
1423	1802
1424	1425
1424	1427
1424	1599
1425	1426
1425	1427
1425	1428
1425	1759
1426	1427
1426	1428
1427	1429
1427	1430
1427	1812
1427	1839
1428	1429
1428	1431
1429	1431
1429	1432
1429	1555
1429	1923
1430	1431
1430	1915
1431	1432
1431	1433
1431	1550
1432	1433
1432	1434
1433	1434
1433	1435
1433	1436
1433	1590
1434	1435
1434	1436
1434	1437
1435	1436
1435	1437
1435	1438
1436	1438
1436	1439
1436	1624
1436	1880
1437	1972
1438	1439
1438	1441
1438	1566
1439	1441
1439	1496
1440	1441
1440	1442
1441	1443
1441	1444
1441	1925
1442	1443
1442	1444
1442	1445
1443	1445
1444	1473
1445	1446
1445	1447
1445	1448
1446	1447
1446	1448
1447	1448
1447	1449
1447	1450
1447	1822
1448	1449
1449	1450
1449	1452
1449	1728
1449	1829
1450	1451
1450	1877
1451	1453
1451	1454
1452	1453
1452	1454
1452	1455
1453	1455
1453	1456
1453	1526
1454	1456
1454	1556
1455	1456
1455	1457
1456	1458
1456	1459
1457	1458
1457	1459
1457	1460
1458	1459
1458	1461
1459	1460
1459	1461
1459	1462
1460	1461
1460	1463
1461	1462
1461	1464
1462	1463
1462	1464
1463	1465
1463	1803
1464	1465
1464	1510
1464	1763
1465	1467
1465	1468
1465	1497
1465	1498
1466	1467
1466	1468
1466	1469
1466	1652
1467	1468
1467	1469
1467	1969
1468	1469
1469	1470
1469	1471
1469	1472
1470	1471
1470	1473
1471	1473
1471	1878
1472	1473
1472	1475
1473	1476
1473	1976
1474	1475
1474	1476
1474	1477
1475	1476
1475	1477
1476	1478
1476	1479
1476	1814
1476	1831
1477	1478
1477	1479
1477	1480
1478	1481
1478	1534
1479	1481
1479	1482
1479	1498
1480	1657
1480	1935
1481	1483
1482	1484
1482	1485
1483	1484
1483	1485
1483	1580
1483	1737
1484	1771
1485	1487
1485	1488
1485	1651
1486	1487
1486	1489
1486	1716
1487	1488
1487	1490
1488	1489
1488	1490
1488	1491
1488	1529
1489	1490
1489	1492
1490	1492
1490	1493
1491	1492
1491	1493
1492	1493
1492	1724
1494	1495
1494	1496
1494	1497
1495	1496
1495	1497
1496	1497
1496	1499
1496	1771
1497	1498
1497	1500
1498	1501
1499	1553
1499	1727
1499	1852
1499	1880
1500	1501
1500	1503
1501	1503
1501	1504
1502	1503
1502	1504
1503	1505
1503	1924
1504	1505
1504	1506
1504	1507
1504	1885
1505	1507
1505	1508
1505	1619
1506	1507
1506	1508
1506	1509
1506	1897
1507	1528
1507	1867
1508	1509
1509	1688
1509	1894
1510	1511
1510	1513
1511	1512
1511	1513
1511	1514
1512	1514
1512	1515
1512	1719
1513	1515
1514	1516
1514	1517
1514	1609
1515	1516
1515	1517
1516	1519
1517	1518
1517	1519
1517	1520
1519	1520
1519	1522
1520	1521
1520	1523
1521	1851
1522	1523
1522	1524
1522	1525
1523	1524
1523	1526
1523	1976
1524	1525
1524	1865
1525	1527
1525	1528
1526	1528
1526	1576
1526	1970
1527	1528
1527	1529
1527	1748
1528	1529
1528	1530
1528	1531
1529	1532
1530	1531
1530	1532
1531	1533
1531	1890
1532	1533
1532	1534
1532	1535
1532	1665
1532	1969
1533	1534
1533	1536
1533	1722
1533	1725
1533	1811
1534	1536
1535	1536
1536	1537
1536	1538
1537	1538
1537	1842
1538	1539
1538	1540
1538	1541
1539	1540
1539	1541
1539	1542
1539	1740
1540	1542
1540	1543
1541	1542
1541	1799
1542	1543
1542	1859
1543	1544
1543	1545
1543	1546
1543	1991
1544	1545
1544	1546
1545	1546
1545	1753
1546	1547
1546	1549
1547	1548
1547	1549
1548	1549
1548	1551
1549	1550
1550	1552
1550	1553
1550	1934
1551	1552
1551	1553
1551	1554
1552	1553
1552	1554
1552	1555
1553	1555
1553	1999
1554	1555
1555	1556
1555	1558
1556	1557
1557	1558
1557	1560
1557	1577
1558	1561
1559	1561
1559	1562
1559	1665
1560	1561
1560	1563
1561	1564
1562	1933
1563	1565
1563	1566
1563	1610
1564	1566
1564	1804
1565	1567
1565	1766
1567	1568
1567	1570
1568	1569
1568	1571
1569	1781
1570	1572
1570	1573
1571	1574
1571	1855
1572	1573
1573	1574
1573	1575
1573	1576
1574	1575
1574	1577
1575	1576
1575	1577
1575	1578
1576	1578
1576	1579
1576	1603
1577	1579
1577	1593
1578	1579
1578	1985
1579	1581
1579	1582
1580	1581
1580	1583
1580	1778
1581	1583
1581	1584
1582	1584
1582	1585
1583	1584
1583	1585
1584	1586
1584	1587
1584	1643
1585	1586
1585	1587
1585	1588
1586	1587
1586	1589
1586	1882
1587	1589
1587	1590
1587	1691
1588	1590
1588	1795
1589	1590
1589	1591
1589	1592
1590	1593
1590	1782
1591	1592
1591	1594
1591	1689
1592	1594
1592	1656
1592	1953
1592	1982
1593	1594
1593	1595
1594	1595
1594	1757
1595	1596
1595	1598
1595	1700
1595	1851
1596	1597
1596	1598
1596	1640
1597	1599
1598	1600
1598	1658
1598	1821
1599	1600
1600	1601
1600	1603
1601	1603
1601	1604
1602	1603
1603	1606
1605	1607
1605	1608
1606	1607
1606	1609
1606	1738
1607	1608
1607	1609
1607	1610
1607	1664
1608	1609
1608	1611
1608	1834
1610	1611
1610	1613
1610	1688
1612	1613
1612	1615
1612	1695
1613	1614
1613	1616
1614	1617
1615	1617
1615	1784
1616	1617
1616	1619
1617	1618
1617	1803
1618	1619
1618	1620
1619	1620
1619	1621
1619	1752
1620	1621
1620	1622
1620	1876
1621	1623
1622	1623
1622	1624
1622	1831
1624	1625
1624	1626
1624	1627
1624	1710
1625	1964
1626	1628
1626	1629
1627	1629
1628	1629
1628	1631
1629	1630
1629	1631
1629	1632
1630	1632
1630	1633
1631	1633
1631	1634
1632	1633
1632	1634
1632	1635
1633	1635
1633	1636
1634	1637
1635	1638
1636	1637
1636	1638
1636	1639
1636	1885
1637	1638
1637	1639
1637	1640
1637	1984
1638	1641
1638	1714
1639	1640
1639	1679
1640	1641
1640	1643
1641	1642
1641	1643
1641	1644
1642	1643
1642	1644
1643	1646
1644	1645
1644	1646
1644	1647
1645	1647
1645	1648
1646	1647
1646	1648
1646	1649
1647	1648
1647	1649
1647	1650
1648	1649
1649	1650
1649	1960
1650	1652
1650	1653
1650	1879
1651	1652
1651	1654
1651	1887
1652	1860
1653	1655
1653	1656
1654	1655
1654	1656
1654	1657
1654	1995
1655	1656
1656	1657
1656	1658
1656	1659
1657	1659
1657	1660
1658	1660
1658	1661
1659	1660
1659	1661
1659	1662
1660	1661
1660	1662
1660	1663
1661	1663
1661	1664
1662	1663
1662	1664
1662	1665
1663	1664
1663	1665
1663	1666
1664	1665
1666	1667
1666	1668
1666	1669
1666	1857
1666	1858
1667	1668
1668	1669
1669	1671
1669	1672
1669	1828
1670	1671
1670	1673
1670	1795
1671	1672
1671	1673
1671	1870
1672	1673
1672	1675
1672	1676
1673	1675
1673	1676
1674	1677
1674	1849
1675	1677
1675	1678
1675	1894
1676	1677
1676	1679
1677	1678
1678	1680
1678	1681
1678	1846
1679	1680
1679	1681
1680	1681
1680	1682
1680	1683
1681	1682
1681	1683
1681	1684
1682	1683
1682	1685
1683	1684
1684	1687
1684	1791
1685	1687
1685	1688
1685	1746
1685	1877
1687	1688
1687	1689
1687	1920
1688	1690
1688	1691
1689	1690
1689	1691
1690	1692
1690	1693
1690	1724
1691	1692
1691	1693
1692	1694
1693	1696
1694	1695
1694	1696
1694	1697
1695	1696
1696	1698
1696	1705
1697	1698
1697	1699
1697	1912
1698	1699
1698	1700
1698	1701
1699	1701
1699	1766
1699	1973
1700	1701
1700	1703
1701	1704
1702	1704
1702	1705
1703	1706
1703	1877
1704	1705
1704	1706
1704	1707
1705	1707
1706	1707
1706	1708
1707	1708
1707	1710
1708	1710
1709	1710
1709	1712
1709	1772
1711	1712
1711	1714
1712	1713
1712	1714
1712	1715
1713	1716
1714	1716
1714	1717
1714	1919
1715	1716
1715	1718
1716	1718
1717	1755
1718	1719
1718	1720
1718	1721
1719	1721
1719	1881
1720	1721
1720	1723
1720	1814
1721	1722
1722	1723
1722	1724
1722	1961
1723	1726
1724	1726
1725	1726
1725	1727
1725	1728
1726	1727
1726	1728
1727	1730
1727	1834
1730	1732
1730	1733
1731	1732
1731	1733
1731	1734
1732	1733
1732	1735
1733	1734
1734	1893
1734	1946
1735	1736
1735	1737
1735	1738
1735	1817
1736	1737
1736	1738
1736	1739
1737	1738
1737	1739
1737	1740
1738	1739
1738	1741
1739	1740
1739	1741
1739	1786
1740	1784
1741	1742
1741	1744
1742	1743
1742	1744
1742	1745
1743	1745
1744	1746
1744	1747
1745	1746
1745	1747
1745	1748
1746	1748
1747	1750
1747	1983
1748	1750
1749	1752
1750	1751
1750	1753
1751	1752
1751	1777
1751	1806
1752	1754
1752	1755
1753	1755
1753	1884
1754	1755
1754	1933
1755	1756
1755	1757
1755	1758
1755	1930
1756	1758
1756	1759
1757	1758
1757	1760
1758	1759
1758	1760
1758	1761
1759	1760
1760	1762
1760	1763
1760	1808
1761	1762
1761	1764
1762	1763
1762	1764
1762	1765
1763	1765
1764	1767
1765	1766
1765	1767
1765	1768
1766	1767
1766	1768
1766	1794
1767	1768
1767	1769
1768	1769
1768	1770
1768	1771
1769	1771
1770	1772
1772	1774
1772	1775
1773	1774
1773	1775
1773	1776
1774	1775
1774	1776
1775	1776
1775	1777
1775	1778
1776	1777
1776	1778
1776	1779
1777	1778
1777	1780
1778	1779
1779	1780
1779	1781
1779	1782
1779	1976
1780	1783
1780	1820
1780	1910
1781	1783
1781	1784
1782	1784
1782	1785
1783	1784
1783	1786
1784	1785
1784	1786
1785	1786
1785	1788
1787	1788
1787	1833
1787	1875
1788	1789
1788	1790
1788	1791
1789	1790
1789	1791
1789	1792
1790	1791
1790	1792
1790	1793
1791	1793
1792	1793
1793	1794
1793	1795
1793	1796
1794	1796
1795	1796
1795	1797
1796	1799
1796	1893
1797	1799
1798	1800
1799	1800
1799	1801
1800	1801
1800	1803
1801	1848
1802	1803
1802	1804
1803	1804
1803	1805
1803	1806
1804	1806
1804	1997
1805	1806
1805	1807
1805	1808
1806	1808
1807	1808
1807	1809
1808	1809
1809	1810
1811	1813
1811	1814
1812	1813
1813	1815
1813	1816
1813	1886
1814	1816
1814	1817
1815	1817
1815	1818
1816	1818
1816	1819
1817	1818
1818	1820
1818	1821
1819	1820
1819	1821
1819	1822
1820	1821
1820	1822
1820	1823
1821	1824
1822	1823
1822	1824
1823	1824
1823	1825
1824	1827
1825	1826
1825	1828
1826	1827
1826	1828
1827	1829
1828	1830
1828	1831
1829	1831
1829	1867
1829	1995
1830	1832
1830	1833
1831	1833
1831	1834
1832	1834
1833	1836
1833	1839
1834	1835
1834	1836
1835	1836
1835	1837
1835	1838
1836	1838
1836	1839
1837	1838
1837	1839
1838	1839
1838	1840
1838	1923
1839	1840
1839	1999
1840	1841
1840	1842
1840	1843
1841	1843
1842	1843
1842	1845
1843	1844
1843	1845
1843	1846
1844	1845
1844	1847
1845	1846
1845	1847
1845	1848
1846	1849
1847	1850
1848	1851
1849	1850
1849	1852
1850	1853
1851	1854
1852	1854
1853	1854
1854	1855
1854	1857
1855	1856
1855	1857
1855	1858
1856	1857
1856	1859
1857	1859
1857	1860
1858	1861
1859	1861
1859	1862
1860	1861
1861	1862
1861	1863
1862	1863
1862	1865
1863	1866
1864	1865
1864	1866
1864	1867
1865	1867
1865	1868
1866	1867
1867	1870
1868	1870
1869	1870
1869	1871
1870	1872
1871	1872
1871	1874
1872	1873
1872	1875
1873	1876
1873	1896
1874	1875
1874	1877
1875	1876
1875	1877
1875	1878
1876	1877
1876	1878
1876	1888
1876	1924
1877	1880
1878	1879
1878	1881
1879	1881
1880	1881
1880	1917
1881	1883
1881	1884
1882	1883
1882	1884
1883	1884
1883	1955
1886	1887
1886	1889
1887	1888
1887	1889
1887	1890
1888	1889
1888	1890
1889	1890
1889	1892
1890	1892
1891	1892
1891	1894
1892	1893
1892	1895
1892	1931
1894	1895
1894	1896
1895	1898
1896	1898
1896	1899
1897	1898
1897	1899
1898	1899
1898	1900
1899	1901
1899	1902
1900	1902
1900	1903
1901	1902
1901	1903
1902	1903
1902	1951
1903	1904
1903	1905
1903	1906
1904	1906
1904	1985
1905	1906
1906	1909
1907	1908
1907	1910
1909	1910
1909	1912
1909	1977
1910	1911
1910	1912
1911	1913
1911	1914
1912	1913
1913	1915
1914	1915
1915	1916
1916	1917
1916	1918
1917	1919
1917	1920
1918	1920
1918	1921
1919	1920
1920	1922
1921	1922
1921	1924
1922	1923
1922	1924
1922	1925
1923	1926
1924	1927
1925	1926
1925	1928
1926	1929
1927	1928
1927	1929
1927	1930
1927	1987
1928	1929
1928	1930
1928	1942
1930	1932
1931	1932
1932	1934
1932	1935
1933	1935
1934	1935
1934	1937
1934	1969
1935	1937
1936	1937
1936	1938
1936	1939
1937	1940
1938	1939
1938	1941
1939	1942
1940	1941
1940	1942
1940	1943
1941	1943
1942	1945
1942	1962
1943	1944
1943	1945
1943	1946
1944	1945
1944	1947
1945	1946
1945	1947
1945	1948
1946	1949
1947	1948
1947	1950
1948	1949
1949	1950
1949	1952
1950	1951
1950	1953
1951	1953
1952	1955
1954	1955
1954	1956
1955	1957
1956	1957
1956	1958
1957	1958
1957	1960
1957	1999
1958	1959
1958	1960
1959	1960
1959	1961
1961	1962
1961	1963
1962	1964
1962	1965
1963	1964
1963	1965
1963	1966
1964	1965
1964	1967
1965	1966
1965	1967
1965	1968
1966	1967
1966	1969
1967	1969
1967	1970
1968	1969
1968	1970
1970	1971
1970	1973
1971	1972
1971	1974
1972	1973
1972	1974
1972	1975
1973	1976
1974	1975
1974	1976
1974	1977
1975	1976
1975	1977
1975	1978
1976	1977
1976	1978
1979	1980
1979	1981
1979	1982
1980	1981
1980	1982
1980	1983
1981	1982
1982	1983
1982	1984
1983	1985
1983	1986
1984	1986
1985	1986
1985	1987
1986	1988
1986	1989
1987	1990
1988	1990
1989	1990
1989	1991
1989	1992
1990	1991
1990	1993
1991	1992
1992	1993
1992	1994
1993	1994
1993	1995
1994	1995
1994	1996
1995	1998
1996	1998
1996	1999
1997	1998
1997	1999
1997	2000
1998	1999
1998	2000
1999	2000
