1	2
1	3
1	4
1	1623
1	1880
1	1998
1	1999
2	4
2	1024
2	1178
2	1229
2	1579
2	2000
3	4
3	6
3	785
3	1613
4	5
4	255
4	258
5	6
5	873
5	1599
5	1658
5	1689
6	7
6	474
6	1727
6	1960
7	670
7	832
7	1170
7	1907
8	530
8	572
8	1371
8	1828
9	10
9	11
9	44
9	176
9	483
10	13
10	769
10	1139
10	1759
11	12
11	13
11	200
11	1512
12	15
12	1396
12	1742
12	1800
13	819
13	1358
13	1509
13	1569
14	15
14	16
14	17
14	1157
14	1370
15	16
15	18
15	1528
15	1649
16	17
16	19
16	1033
17	19
17	20
17	749
17	1116
18	104
18	759
18	837
18	1977
19	245
19	486
19	849
20	22
20	36
20	547
20	1050
21	22
21	24
21	357
21	718
22	23
22	24
22	563
22	781
22	1550
22	1757
23	24
23	26
23	1937
24	177
24	408
24	409
24	1017
24	1209
24	1245
24	1323
25	383
25	1168
25	1432
26	614
26	1037
26	1098
26	1320
26	1463
27	29
27	30
27	211
27	456
27	528
28	29
28	30
28	201
28	267
28	277
28	1075
28	1681
29	30
29	207
29	536
29	1010
29	1755
30	31
30	33
30	484
30	1574
30	1732
31	114
31	878
31	1460
31	1538
32	33
32	34
32	35
32	1244
33	34
33	36
33	728
33	1346
33	1379
34	35
34	37
34	206
34	1330
34	1915
35	37
35	43
35	384
35	840
35	1038
35	1111
35	1158
35	1268
36	37
36	39
36	392
36	1583
37	38
37	39
37	1673
37	1875
37	1877
37	1929
38	39
38	41
38	232
38	538
39	42
39	846
39	1017
40	41
40	43
40	68
40	962
41	292
41	855
41	1458
42	43
42	44
42	45
42	214
42	1505
43	649
43	915
43	984
43	1002
43	1157
44	45
44	334
44	1828
45	140
45	228
45	317
45	469
45	734
46	47
46	48
46	1853
47	49
47	50
47	877
48	50
48	51
48	464
48	1089
49	65
49	124
49	260
49	455
49	607
49	822
49	1014
49	1043
49	1931
50	51
50	53
50	84
50	281
50	1402
51	441
51	1825
51	1986
52	54
52	321
52	485
52	504
52	727
52	1084
52	1096
52	1312
52	1785
53	55
53	83
53	434
53	623
53	891
53	1182
53	1271
53	1843
53	1872
54	649
54	782
54	1568
54	1577
55	56
55	1417
55	1661
55	1871
56	466
56	665
56	1026
57	58
57	59
57	60
57	596
57	1483
58	90
58	911
58	1398
58	1619
58	1861
59	65
59	301
59	514
59	1055
59	1765
60	1271
60	1313
60	1813
60	1968
61	63
61	64
61	351
62	65
62	614
62	966
63	119
63	558
63	974
63	1362
64	66
64	67
64	1753
65	67
65	764
65	1095
66	69
66	655
66	1112
66	1467
66	1514
66	1756
67	127
67	615
67	1504
67	1509
67	1599
67	1796
68	71
68	155
68	936
68	1259
68	1991
69	72
69	173
69	556
69	1126
69	1816
70	71
70	133
70	1316
71	915
71	984
71	1392
71	1559
71	1959
72	295
72	408
72	412
72	1002
72	1749
73	74
73	554
73	1003
73	1352
74	795
74	844
74	1132
74	1447
75	77
75	78
75	453
75	458
75	1685
76	77
76	1191
76	1451
76	1555
77	78
77	80
77	797
77	927
77	1484
77	1893
77	1940
78	589
78	788
78	868
78	883
78	1631
78	1961
79	80
79	81
79	82
79	1449
80	83
80	882
80	1331
80	1840
81	82
81	84
81	126
81	552
81	587
81	1873
82	451
82	731
82	784
83	548
83	1413
83	1983
84	85
84	86
84	843
84	1755
85	112
85	492
85	735
85	750
85	1258
85	1549
86	89
86	981
86	1789
87	88
87	203
87	652
88	458
88	1069
88	1287
88	1457
88	1657
89	91
89	667
89	869
89	1287
89	1460
90	91
90	92
90	93
90	301
90	1368
91	92
91	703
91	838
91	917
91	1312
92	94
92	95
92	226
92	1282
92	1454
92	1579
93	94
93	298
93	360
93	446
93	627
94	96
94	97
94	472
94	1648
95	96
95	97
95	1476
95	1530
96	367
96	565
96	943
96	1428
96	1808
97	99
97	100
97	155
97	180
97	375
97	1094
98	99
98	561
98	866
98	1296
99	101
99	215
99	602
99	667
99	859
99	1865
100	102
100	268
100	384
100	937
100	1104
100	1648
101	430
101	703
101	767
101	994
101	1536
102	105
102	275
102	1342
102	1946
103	299
103	807
103	871
103	1050
103	1247
103	1564
103	1901
103	1935
104	106
104	107
104	645
104	1071
104	1258
105	107
105	145
105	282
105	965
105	1062
105	1653
106	624
106	702
106	864
106	1371
106	1564
107	192
107	463
107	516
107	1272
107	1650
108	111
108	596
108	771
108	891
108	1384
108	1406
109	110
109	112
109	475
109	649
109	1335
110	112
110	166
110	285
110	310
111	113
111	1548
111	1783
111	1805
112	114
112	276
112	546
112	702
112	1511
112	1641
113	776
113	1559
113	1562
113	1654
113	1843
114	115
114	1450
114	1754
115	117
115	593
115	1253
115	1654
116	283
116	464
116	503
116	766
116	1163
116	1304
116	1863
117	118
117	119
117	120
118	121
118	1098
118	1619
118	1799
119	122
119	908
119	1064
119	1171
120	121
120	122
120	123
120	237
120	411
120	858
120	1819
121	520
121	774
121	861
121	1543
121	1727
122	125
122	307
122	396
122	1634
123	125
123	569
123	1284
123	1315
123	1530
124	126
124	420
124	447
124	1224
124	1403
125	127
125	330
125	1037
125	1209
125	1475
126	1325
126	1993
127	128
127	130
127	461
127	617
127	647
127	900
128	129
128	599
128	873
128	878
128	926
128	1036
128	1066
128	1290
128	1655
129	130
129	132
129	263
129	671
129	1000
129	1851
130	364
130	744
130	1398
130	1558
130	1635
130	1932
131	133
131	894
131	1300
131	1433
131	1884
132	134
132	180
132	290
132	779
132	1892
133	136
133	168
133	1973
134	135
134	322
134	635
134	807
134	1159
134	1308
135	136
135	730
135	976
135	1148
136	137
136	139
136	1931
137	692
137	699
137	1172
137	1983
138	139
138	140
138	150
138	909
139	141
139	142
139	282
140	689
140	1282
140	1317
140	1343
141	142
141	155
141	204
141	1177
141	1516
141	1632
142	253
142	406
142	814
142	984
143	144
143	435
143	700
143	932
143	1294
143	1581
143	1992
144	455
144	827
144	1083
144	1607
145	148
145	356
145	629
145	662
145	855
145	1501
146	147
146	149
146	448
146	728
146	879
146	1334
147	148
147	149
147	1264
147	1302
147	1363
148	217
148	829
148	1358
148	1659
149	150
149	152
149	759
149	1746
150	153
150	409
150	652
150	801
150	1560
150	1740
151	153
151	154
151	161
151	933
151	1270
151	1286
151	1359
152	154
152	264
152	946
152	1192
152	1711
152	1973
153	154
153	445
153	587
153	1450
153	1632
154	157
154	329
154	605
154	822
154	1307
155	156
155	322
155	362
156	158
156	159
156	444
157	160
157	1044
157	1119
157	1259
157	1811
158	565
158	1708
158	1758
159	160
159	161
159	162
159	253
159	704
159	1188
159	1549
160	161
160	384
160	1690
160	1699
161	163
161	360
161	683
161	1027
161	1498
162	163
162	164
162	414
162	476
162	731
163	165
163	166
163	405
163	559
163	726
163	1883
164	166
164	167
164	1294
164	1529
165	166
165	168
165	1187
165	1195
165	1603
165	1801
165	1860
166	168
166	796
166	1114
166	1215
166	1289
167	168
167	169
167	1729
167	1760
168	171
168	334
168	804
169	170
169	366
169	778
169	1537
170	173
170	588
170	620
170	872
170	1515
170	1974
171	172
171	173
171	744
171	1303
172	174
172	323
172	945
172	1072
172	1144
172	1734
173	174
173	175
173	176
173	495
173	597
173	1814
174	175
174	176
174	1790
174	1896
174	2000
175	804
175	855
175	1352
175	1990
176	223
176	581
176	828
176	1228
176	1419
176	1664
177	178
177	179
177	907
178	179
178	180
178	181
178	1292
178	1563
179	180
179	882
179	1030
179	1447
179	1622
180	181
180	786
180	915
181	183
181	610
181	948
181	1148
181	1241
181	1429
181	1632
182	183
182	184
182	185
182	868
182	958
182	1215
182	1501
183	184
183	185
183	186
183	1832
184	185
184	470
184	971
184	1750
185	236
185	317
185	654
185	1151
185	1219
185	1968
186	189
186	792
186	1978
187	188
187	189
187	1370
188	189
188	191
188	367
189	190
189	192
189	1051
189	1646
190	191
190	193
190	487
190	1218
190	1385
191	193
191	347
191	874
191	1579
191	1635
192	464
192	649
192	1581
192	1689
192	1839
193	194
193	195
193	196
194	195
194	196
194	197
195	196
195	197
195	198
195	770
195	771
196	198
196	199
196	1646
197	198
197	952
197	1265
197	1356
197	1626
197	1788
198	201
198	626
198	709
198	1371
198	1426
198	1585
199	373
199	480
199	613
199	935
199	1325
199	1590
199	1628
199	1689
200	201
200	203
200	251
200	1040
200	1246
200	1655
200	1842
201	204
201	620
201	1353
201	1442
201	1705
202	203
202	204
202	205
203	204
203	206
203	1434
203	1661
203	1909
204	207
204	448
204	1566
204	1693
204	1763
205	207
205	208
205	301
205	1199
205	1419
205	1643
206	207
206	229
206	1469
207	210
207	235
207	1476
207	1503
208	795
208	811
208	1194
208	1428
208	1876
209	435
209	705
209	1107
209	1366
210	213
210	1149
210	1586
210	1676
211	212
211	814
211	968
212	214
212	570
212	1178
212	1543
213	216
213	1705
213	1848
214	216
214	563
214	1303
214	1790
215	217
215	1197
216	217
216	464
216	882
217	753
217	1209
218	220
218	221
218	343
218	1545
219	220
219	221
219	509
219	830
219	1561
220	221
220	222
220	229
220	524
220	1129
220	1422
220	1906
221	222
221	379
221	731
221	1161
221	1831
222	224
222	304
222	472
222	806
222	1702
223	225
223	226
223	1033
223	1904
224	225
224	226
224	565
224	1540
225	228
225	229
225	1601
225	1975
226	227
226	999
227	228
227	230
227	1555
227	1696
227	1954
228	230
228	231
228	631
228	1561
228	1896
228	1913
229	230
229	232
229	870
229	1596
230	232
230	233
230	1003
230	1820
231	446
231	512
231	623
231	1207
231	1498
231	1602
232	684
232	1057
232	1922
233	967
233	1521
233	1858
234	235
234	237
234	1235
235	236
235	811
235	847
235	1329
236	730
236	914
236	1069
236	1866
237	240
237	1116
237	1179
237	1391
237	1822
237	1980
238	241
238	285
238	370
238	476
238	803
239	240
239	751
239	1192
239	1242
239	1243
239	1689
240	305
240	535
240	571
240	839
240	1175
240	1637
241	244
241	1466
241	1500
241	1993
242	244
242	1186
242	1341
242	1385
242	1858
243	245
243	246
243	358
243	485
243	1131
244	283
244	1808
244	1961
245	247
245	368
245	864
245	1432
245	1453
246	247
246	249
246	503
247	248
247	1349
247	1464
247	1875
248	249
248	250
248	1067
248	1674
249	250
249	251
249	545
249	758
249	889
249	1529
249	1746
249	1834
250	268
250	719
250	1066
251	777
251	1438
252	253
252	255
252	1010
253	1187
253	1254
253	1595
253	1866
254	255
254	256
254	462
254	703
254	1298
254	1534
255	257
255	258
255	1393
255	1513
256	259
256	644
256	808
256	867
256	876
256	1514
256	1721
256	1933
257	640
257	795
257	1123
257	1124
257	1540
258	259
258	260
258	332
258	1839
259	260
259	487
259	1397
259	1732
260	261
260	1804
260	1967
261	262
261	359
261	1070
261	1866
262	263
262	265
262	334
262	1133
262	1392
263	264
263	301
263	455
263	898
263	1132
263	1731
264	265
264	1807
264	1910
265	725
265	852
265	1017
265	1042
265	1160
265	1212
266	267
266	268
266	358
266	689
266	721
266	1038
266	1479
266	1919
267	268
267	270
268	269
268	270
268	997
269	271
269	272
269	1579
270	271
270	272
270	871
271	273
271	1250
271	1272
271	1603
271	1641
272	274
272	275
272	1115
272	1245
272	1254
273	274
273	276
273	714
273	1317
274	276
274	533
274	835
274	1228
274	1231
274	1433
274	1786
275	276
275	277
275	278
275	496
275	1318
275	1458
275	1952
276	352
276	376
276	1448
276	1754
277	1005
277	1063
277	1165
277	1989
278	279
278	280
278	916
278	1970
279	280
279	281
279	715
279	755
279	1025
279	1625
279	1937
280	281
280	283
280	399
280	1130
281	1047
281	1401
281	1551
282	761
282	1956
283	284
283	286
283	325
284	568
284	573
284	1333
284	1802
284	1891
285	287
285	288
285	438
285	1957
286	288
286	612
286	1749
287	289
287	334
287	575
287	1358
287	1792
287	1849
288	626
288	804
288	1202
288	1523
288	1535
288	1600
289	292
289	1131
289	1665
289	1911
290	1174
290	1199
290	1798
290	1937
291	1210
291	1398
291	1695
291	1740
292	293
292	1075
292	1625
292	1632
293	971
293	1356
293	1373
293	1901
293	1971
294	296
294	297
294	729
294	1192
294	1937
295	389
295	765
295	769
295	1403
295	1596
295	1804
296	299
296	408
296	440
296	1026
296	1552
297	298
297	299
297	300
297	626
297	670
298	299
298	301
298	669
298	1181
298	1441
298	1711
299	300
299	302
299	452
299	714
299	1716
300	302
300	1007
300	1814
301	304
301	485
301	1702
302	353
302	440
302	963
302	1700
302	1957
303	901
303	917
303	1309
303	1933
304	919
304	1425
304	1765
305	306
305	1013
305	1138
305	1433
305	1506
306	309
306	452
306	462
306	1268
307	309
307	579
308	657
308	746
308	794
308	1710
309	310
309	311
309	685
310	312
310	313
310	1210
310	1820
310	1973
311	312
311	314
311	833
311	1981
312	313
312	786
312	1592
313	316
313	912
313	1060
313	1207
314	315
314	317
314	399
314	991
314	1357
315	316
315	317
315	318
315	1339
316	317
316	1154
316	1658
316	1725
317	320
317	818
317	1243
317	1363
317	1680
317	1713
318	320
318	321
318	1305
319	321
319	322
319	762
319	1102
319	1556
320	322
320	911
320	1602
321	323
321	324
321	1723
322	1664
323	325
323	326
323	884
323	1667
323	1793
324	327
324	982
324	1114
324	1318
324	1378
324	1422
324	1690
324	1797
325	326
325	705
325	1907
326	327
326	329
326	354
326	1915
327	330
327	439
327	1413
327	1659
327	1955
328	329
328	567
328	901
328	996
328	1496
328	1953
329	330
329	331
329	332
329	1557
329	1561
330	332
330	827
330	1256
331	332
331	333
331	334
331	906
331	1672
332	333
332	439
332	759
332	1323
333	335
333	376
333	425
333	431
333	1111
333	1482
333	1841
333	1845
333	1977
334	1484
334	1568
335	337
335	338
335	1089
336	338
336	339
336	556
336	1872
337	537
337	639
337	761
337	1087
338	339
338	340
338	375
338	1196
338	1987
339	341
339	1240
339	1886
340	341
340	342
340	343
340	1477
340	1979
341	343
341	344
341	1781
342	343
342	344
342	345
343	345
343	346
343	1162
344	345
344	346
344	1801
345	347
345	973
345	1380
345	1458
345	1540
346	347
346	381
346	415
346	468
346	763
346	1076
346	1777
347	348
347	350
347	463
347	1917
348	349
348	350
348	351
348	1456
349	350
349	351
349	612
349	1079
349	1226
349	1936
350	1121
350	1570
350	1617
350	1743
351	354
351	779
351	1257
351	1273
351	1322
352	353
352	835
352	1040
352	1244
353	354
353	355
353	451
353	608
354	550
354	756
354	945
354	1685
355	357
355	358
355	460
355	1669
356	358
356	579
356	1107
357	371
357	1575
357	1729
357	1854
358	360
358	388
358	1776
358	1894
359	361
359	362
359	1026
359	1366
360	438
360	1211
360	1603
360	1663
360	1944
361	362
361	364
361	760
361	1292
361	1472
361	1968
362	364
362	973
362	1067
362	1490
363	364
363	489
363	663
363	1564
364	596
364	776
364	1174
364	1802
365	366
365	367
365	1604
365	1780
366	413
366	1379
366	1450
367	369
367	1150
367	1424
367	1997
368	369
368	370
368	1127
369	428
369	526
369	1310
369	1678
369	1726
370	371
370	1326
370	1441
370	1990
371	372
371	373
371	374
371	659
371	1694
372	373
372	375
372	488
372	708
372	719
372	1159
373	374
373	375
374	375
374	376
374	377
374	416
374	432
374	844
374	1112
374	1146
374	1352
375	378
376	1151
376	1415
376	1534
376	1871
376	1886
377	379
377	380
377	1682
378	379
378	380
378	858
378	1386
378	1581
379	398
379	619
379	827
380	382
380	673
380	1048
380	1224
380	1261
381	384
381	1854
382	383
382	384
382	1001
383	386
383	524
383	817
383	864
383	1079
384	386
385	387
385	772
385	966
385	1020
385	1377
386	388
386	389
386	739
386	1735
387	389
387	390
387	1559
388	389
388	1236
388	1443
388	1572
388	1784
389	1296
389	1509
389	1890
390	392
390	465
390	587
390	1317
390	1460
390	1850
391	392
391	1413
391	1555
391	1841
392	393
392	807
392	1288
392	1532
393	394
393	395
393	396
393	833
394	395
394	552
394	1342
394	1640
395	398
395	482
395	763
395	843
395	1010
396	397
396	398
396	399
396	953
396	1093
397	399
397	400
397	483
397	1150
397	1338
397	1879
398	400
398	675
398	1613
398	1720
399	555
399	950
399	970
399	1173
399	1610
399	1912
399	1987
400	401
400	403
400	918
400	1227
401	402
401	403
401	737
401	905
402	404
402	986
402	1114
402	1212
402	1885
403	406
403	888
403	977
403	1334
403	1448
404	406
404	407
404	514
404	881
404	1314
404	1406
405	406
405	946
405	1723
405	1877
406	414
406	698
406	995
406	1167
406	1389
406	1466
406	1880
407	408
407	410
407	1330
407	1971
407	1980
408	1307
408	1682
409	411
409	884
409	1854
410	833
410	949
410	1696
411	414
411	804
412	415
412	618
412	1134
413	414
413	415
413	1161
413	1383
414	415
414	1347
414	1353
414	1434
415	417
415	418
415	770
416	417
416	677
416	704
416	1156
416	1872
417	419
417	582
417	1534
417	1641
418	419
418	475
418	562
418	1249
418	1521
418	1706
419	420
419	421
419	1359
420	422
420	643
420	728
420	1631
421	422
421	596
421	682
422	423
422	425
422	531
422	694
422	718
422	1477
422	1488
423	424
423	1413
423	1546
424	685
424	1022
424	1138
424	1198
425	428
425	935
425	1614
425	1871
425	1887
426	1283
426	1322
426	1372
426	1881
426	1884
427	428
427	429
427	430
427	865
427	931
428	429
428	799
428	925
428	1863
429	431
429	432
429	1352
430	723
430	772
430	913
430	1909
431	432
431	433
431	1183
431	1806
432	433
432	435
433	434
433	435
433	513
433	1111
433	1311
434	435
434	437
434	1458
435	437
435	1849
435	1973
436	437
436	699
436	787
436	1544
437	439
437	735
437	778
437	1404
438	439
438	1465
439	621
439	743
439	902
439	1253
440	441
440	442
440	443
441	443
441	444
441	530
441	542
441	1596
441	1955
442	445
442	527
442	676
442	1335
442	1664
443	444
443	446
443	1123
444	445
444	1134
444	1162
444	1597
444	1841
445	561
445	906
445	1514
446	448
447	450
447	532
447	1195
448	724
448	1336
448	1371
448	1404
448	1790
449	450
449	837
449	1686
449	1746
449	1750
449	1807
450	451
450	518
450	682
450	831
451	452
451	453
451	1506
452	454
452	558
452	930
452	1691
453	455
453	559
453	822
453	960
453	1764
454	455
454	456
454	457
454	527
454	1422
455	517
455	732
456	458
456	459
457	459
457	460
457	845
457	1044
458	459
458	631
458	1489
459	460
459	461
459	462
459	924
459	1457
460	461
460	462
460	1089
460	1267
460	1377
461	463
461	515
461	925
461	1099
461	1101
462	1356
462	1423
462	1492
463	465
463	466
463	1243
463	1262
464	465
464	1612
465	466
465	468
466	469
466	479
466	900
466	962
466	1652
467	468
467	469
467	919
467	1041
467	1304
468	809
468	818
468	1724
469	1053
469	1149
469	1318
470	473
470	1031
470	1776
470	1952
471	707
471	815
471	1131
471	1232
471	1337
471	1917
472	473
472	474
472	745
472	1860
473	474
473	475
473	476
473	1706
474	475
474	477
474	1415
474	1611
474	1630
475	477
475	794
475	917
475	1448
476	477
476	1149
476	1276
476	1457
477	480
477	594
477	1072
478	480
478	949
478	1583
479	851
479	968
479	1370
479	1747
479	1955
480	483
480	1240
480	1837
481	482
481	484
481	555
481	918
481	943
482	483
482	485
482	1066
483	788
483	1158
484	485
484	486
484	1090
484	1953
485	1448
485	1804
486	487
486	488
486	619
486	683
487	492
487	823
487	1422
487	1486
488	490
488	803
488	826
488	1486
488	1595
489	490
489	781
489	1187
489	1286
490	493
490	570
490	1110
491	492
491	1218
491	1338
491	1761
492	920
492	1040
492	1536
492	1551
493	495
493	696
493	700
493	980
494	497
494	1506
494	1690
494	1739
494	1933
494	1939
495	498
495	649
495	761
495	1443
495	1565
495	1786
495	1942
496	497
496	1448
496	1476
497	690
497	994
497	1030
497	1473
498	1109
498	1348
498	1417
498	1508
499	502
499	650
499	952
499	1269
499	1463
499	1716
500	503
500	1036
500	1352
500	1976
501	504
501	608
501	1087
502	505
502	931
502	1401
502	1670
503	902
503	1643
503	1871
504	507
504	679
504	1406
504	1720
504	1777
505	506
505	602
505	777
505	1369
505	1684
506	507
506	508
506	509
507	508
507	528
507	994
507	1748
508	510
508	511
508	914
508	932
508	1884
509	806
509	1254
509	1863
509	1868
510	511
510	512
510	528
510	1373
510	1440
510	1765
511	513
511	514
511	1204
511	1207
512	513
512	514
512	1124
512	1339
512	1961
513	516
513	1160
514	692
514	964
514	1531
515	516
515	1265
515	1268
516	517
516	1476
517	519
517	1163
517	1615
517	1952
518	519
518	715
518	1002
518	1878
518	1943
518	1979
519	1062
519	1140
519	1314
519	1758
520	671
520	990
520	1580
521	578
521	745
521	1200
522	523
522	524
522	1761
523	524
523	526
523	668
523	1025
523	1435
523	1518
524	526
524	527
524	705
525	526
525	527
525	1611
526	528
526	1001
526	1424
527	1270
528	529
528	580
528	685
528	1899
529	531
529	532
529	534
530	533
530	693
530	1464
530	1500
531	619
531	626
531	628
531	1950
532	533
532	1328
532	1432
532	1636
532	1791
533	535
533	1183
533	1600
534	536
534	922
534	1197
534	1701
535	536
535	537
535	1564
536	538
536	1951
536	1993
537	540
537	642
537	826
537	983
537	1281
537	1709
538	540
538	541
538	600
538	1200
538	1886
539	540
539	541
539	1310
539	1352
540	541
540	543
540	629
541	993
541	1274
541	1498
541	1708
542	545
542	707
543	544
543	546
543	724
543	1539
543	1697
543	1874
544	546
544	547
544	769
544	1219
544	1454
545	546
545	547
545	548
545	1231
545	1887
546	548
546	875
546	1213
546	1447
546	1497
547	548
547	550
547	1705
547	1898
548	1475
548	1907
549	550
549	1765
549	1810
550	551
550	553
551	635
551	1521
551	1947
552	630
553	556
553	965
553	1673
553	1973
554	556
554	850
554	1522
555	572
555	1331
556	559
556	1280
556	1816
557	806
557	1511
557	1754
557	1882
558	560
558	603
558	929
558	1958
559	562
559	961
559	1744
560	561
560	563
560	1049
560	1159
561	564
561	1135
561	1179
561	1471
561	1781
562	563
562	564
562	899
562	1110
562	1620
563	621
563	942
564	567
564	1143
564	1443
564	1485
565	566
565	567
565	568
565	1664
566	567
566	568
566	936
567	568
567	1649
567	1854
568	569
568	1022
568	1586
568	1592
569	650
569	1294
569	1319
569	1564
569	1785
570	627
570	851
570	988
570	1199
570	1509
571	574
571	656
571	1603
571	1970
572	575
572	691
572	956
572	1581
573	575
573	576
573	927
573	1456
574	575
574	577
574	604
575	786
575	997
575	1367
576	577
576	578
576	579
576	1236
576	1905
577	578
577	579
577	580
577	945
577	1420
577	1735
578	579
578	734
578	1125
579	580
579	582
579	583
579	1991
580	583
580	1033
581	582
581	584
581	1754
581	1943
582	637
582	779
582	781
583	585
583	1233
583	1645
584	987
584	1130
584	1247
584	1808
584	1896
585	586
585	588
585	1224
585	1341
586	588
586	589
586	609
586	1089
586	1244
587	688
587	1781
588	591
588	1493
588	1517
588	1798
588	1997
589	590
589	592
589	998
589	1040
589	1602
589	1749
590	593
590	1188
590	1549
591	592
591	594
591	1139
591	1989
592	594
592	595
592	855
593	1218
593	1226
593	1309
593	1480
593	1872
594	597
594	768
594	1273
594	1388
594	1826
595	597
595	598
595	1581
596	1522
597	599
597	1321
597	1500
597	1571
598	601
598	910
598	1108
598	1352
598	1526
598	1966
599	690
599	954
600	601
600	602
600	944
600	1701
601	602
601	603
601	604
602	603
602	954
602	1082
602	1635
603	1127
603	1745
604	605
604	606
604	607
604	1026
604	1358
604	1421
604	1758
604	1967
605	606
605	608
606	607
606	609
606	916
606	1020
607	608
607	610
607	620
608	814
608	1553
608	1897
609	611
609	612
609	859
609	1420
610	1082
610	1406
610	1993
611	618
611	847
611	964
611	1134
611	1312
612	613
612	732
612	1853
613	614
613	615
614	616
614	648
615	616
615	617
615	886
615	1765
616	617
616	655
616	731
616	1062
616	1697
617	793
617	1460
617	1727
618	619
618	620
618	1829
619	620
619	622
619	1852
620	623
620	1016
621	786
621	1966
622	623
622	624
622	625
622	947
623	1149
623	1153
623	1468
623	1986
624	625
624	627
624	743
624	1398
624	1651
625	1607
625	1679
625	1707
625	1793
626	627
626	1004
627	630
627	987
627	1044
627	1163
627	1889
628	629
628	631
628	1114
628	1439
629	632
629	1227
629	1558
629	1656
630	631
630	632
630	633
630	1044
630	1224
631	633
631	1627
631	1923
632	635
632	897
632	953
632	1486
632	1855
633	634
633	1063
633	1307
633	1603
633	1734
634	635
634	1451
634	1666
634	1957
634	1985
635	636
635	637
635	638
636	637
636	1193
636	1999
637	638
637	639
637	640
637	914
638	639
638	640
638	1258
638	1365
639	1250
639	1391
640	641
640	1080
640	1177
641	642
641	702
641	1383
642	643
642	645
642	1003
642	1499
643	645
643	646
643	1635
644	646
644	1331
644	1687
644	1930
645	648
645	1485
645	1743
646	647
646	648
646	1996
647	649
647	650
647	963
647	1428
648	650
648	651
648	1347
650	651
650	652
650	1132
651	652
651	1099
651	1931
652	777
652	1154
652	1645
653	969
653	1207
653	1976
653	1997
654	789
654	867
654	1158
654	1885
655	656
655	657
655	1088
656	658
656	745
656	1599
657	713
657	942
657	1392
657	1496
657	1807
657	1872
658	661
658	869
658	907
658	1221
659	660
659	1376
659	1973
660	661
660	662
660	1834
660	1949
661	662
661	1384
661	1567
661	1687
661	1714
661	1817
662	700
662	874
662	1888
663	665
663	975
663	1630
663	1651
664	665
664	666
664	667
664	1970
665	870
665	1526
665	1919
666	669
666	691
666	945
666	1064
666	1466
666	1911
667	783
667	857
667	1150
667	1376
667	1646
668	669
668	671
669	1012
669	1067
669	1346
669	1703
670	671
670	1360
671	672
671	673
671	674
671	1384
671	1675
671	1741
671	1774
672	673
672	674
672	985
672	1055
672	1128
672	1736
672	1857
673	676
673	1414
674	675
674	676
674	677
675	677
675	678
675	908
675	1078
675	1595
676	677
676	678
676	679
677	678
677	679
677	778
678	681
678	1415
678	1695
679	1676
679	1970
679	2000
680	683
680	1417
680	1578
680	1794
681	684
681	911
681	1503
681	1738
681	1995
682	685
682	709
682	852
682	1770
683	685
683	923
684	693
684	1601
684	1712
684	1895
685	686
685	1965
686	688
686	689
686	807
686	971
686	1645
687	689
687	836
687	1068
687	1169
688	690
688	791
688	847
688	1386
688	1574
689	1059
689	1086
689	1382
689	1455
689	1948
690	809
690	897
690	1325
690	1547
690	1745
690	1754
690	1925
690	1960
691	693
691	1344
692	694
692	1861
693	694
693	696
693	899
693	1385
694	1228
694	1296
695	698
695	708
695	994
695	1859
696	697
696	699
696	819
696	1358
696	1982
697	698
697	700
697	1162
697	1278
697	1713
698	699
698	700
698	754
698	1960
699	702
699	1068
699	1414
700	1356
700	1756
701	703
701	1182
701	1247
701	1850
702	703
702	705
702	847
702	1727
703	705
703	1461
704	706
704	1081
704	1809
705	708
705	775
705	917
705	1039
705	1395
706	707
706	709
706	842
706	1305
706	1360
706	1519
707	833
707	846
707	1180
707	1435
707	1438
707	1785
708	709
708	710
709	712
709	725
709	1996
710	1280
710	1388
710	1438
710	1464
710	1720
710	1993
711	1499
711	1570
711	1653
711	1698
711	1817
711	1994
712	1265
712	1355
712	1957
713	716
713	1080
713	1334
713	1444
713	1883
714	717
714	860
714	987
715	717
715	1547
716	718
716	941
716	1679
716	1692
716	1699
717	718
717	720
717	1197
717	1269
717	1470
717	1706
718	719
718	823
718	1099
719	722
719	961
719	1007
719	1734
720	721
720	723
720	898
720	1867
721	723
721	724
722	723
722	725
722	1865
722	1976
723	724
723	726
723	1026
724	765
724	1155
724	1675
724	1822
724	1931
724	1974
725	728
725	936
725	1817
726	727
726	729
726	756
727	728
727	729
727	741
727	748
728	731
728	877
728	1861
729	730
729	1108
729	1666
730	1361
731	1668
732	733
732	735
732	742
733	734
733	735
733	736
733	974
733	1791
734	735
734	737
734	1150
735	737
735	782
735	1836
736	738
736	739
736	1201
736	1205
736	1326
736	1770
737	738
737	739
737	782
737	1303
738	739
738	740
738	741
738	1665
738	1909
739	740
739	1330
739	1452
740	741
740	742
740	1323
740	1996
741	1360
741	1423
741	1503
741	1773
741	1887
742	743
742	1299
743	745
743	826
743	1917
744	745
744	746
744	1310
744	1445
744	1951
745	746
745	1070
745	1421
745	1595
746	749
746	1164
746	1306
747	749
747	750
747	964
747	1126
747	1204
747	1318
748	818
748	1017
748	1410
748	1837
749	750
749	752
749	1521
750	869
750	1183
750	1277
750	1963
751	757
751	1033
751	1100
751	1406
751	1423
751	1688
751	1748
752	753
752	755
752	968
752	1090
752	1158
753	754
753	755
753	781
754	757
754	1461
754	1753
755	756
755	1327
756	759
756	1023
756	1175
757	758
757	759
758	883
758	904
758	1667
759	810
759	1431
759	1722
760	761
760	762
760	1239
761	763
761	1045
761	1425
762	763
762	765
762	1486
762	1965
763	766
763	1087
764	765
764	766
764	1441
765	766
765	775
765	1729
766	767
766	1018
766	1076
766	1348
767	768
767	1751
767	1758
768	769
768	803
768	1284
768	1683
769	1334
769	1350
770	995
770	1032
770	1618
770	1647
770	1650
771	773
771	1156
771	1297
771	1752
772	773
772	774
772	984
773	774
773	775
773	776
774	776
774	777
774	1296
775	777
775	778
775	1365
775	1532
775	1864
776	777
776	779
776	848
776	948
776	1434
776	1571
776	1643
777	800
777	1055
777	1325
777	1461
777	1825
778	1505
778	1652
779	781
779	800
780	782
780	783
780	1399
780	1748
781	782
781	1102
781	1377
782	784
782	785
782	1984
783	785
783	786
783	1106
783	1108
783	1205
783	1730
784	786
784	1066
784	1491
784	1610
785	787
785	788
785	1963
786	787
786	789
786	835
786	939
786	1993
787	789
787	800
787	912
788	871
788	921
788	1090
788	1251
788	1502
789	792
789	1638
789	1705
790	793
790	803
790	974
790	1344
790	1706
791	792
791	793
791	819
792	793
792	794
792	795
793	1594
793	1695
793	1724
794	797
794	1868
795	796
795	798
795	1746
796	797
796	799
796	1379
796	1687
797	798
797	800
798	799
798	801
798	960
798	1118
798	1888
799	800
799	801
799	802
799	1565
800	1294
800	1620
801	1211
801	1322
801	1756
801	1973
802	803
802	1404
802	1938
803	804
803	805
803	1574
804	805
804	806
804	807
804	1584
805	807
805	1407
805	1651
805	1704
805	1955
806	809
806	1073
806	1744
807	924
807	1254
807	1377
807	1700
808	810
808	1063
808	1267
808	1523
808	1539
809	812
809	839
809	1166
809	1549
809	1631
810	812
810	1338
810	1541
810	1983
811	812
811	1029
812	813
812	814
812	815
813	814
813	816
813	1850
813	1873
814	817
814	1169
815	816
815	818
815	872
815	1456
815	1714
815	1760
816	817
816	871
816	1162
816	1437
817	818
817	820
817	858
817	1056
818	821
818	1239
818	1409
818	1710
819	820
819	971
819	1914
820	978
820	1231
820	1557
820	1909
820	1974
821	822
821	824
821	1621
821	1875
822	890
822	945
822	1365
823	825
823	826
823	1989
824	825
824	1535
824	1679
825	826
825	827
825	828
826	828
826	1058
826	1692
827	908
827	979
827	1301
828	1059
828	1893
829	830
829	831
829	832
829	1134
830	831
830	1599
830	1723
831	832
831	1132
831	1713
832	833
832	835
832	1056
832	1414
832	1795
833	834
833	836
833	1016
834	835
834	1124
834	1219
834	1262
834	1671
834	1847
835	1116
835	1334
836	977
836	1331
837	838
837	840
837	1790
838	1339
838	1916
838	1976
839	840
839	842
839	1442
840	841
840	1271
840	1370
841	842
841	843
841	1985
842	844
842	845
842	1700
843	846
843	1426
843	1592
844	972
844	1240
845	846
845	899
845	1203
845	1297
845	1759
845	1908
846	847
846	848
846	1560
846	1686
847	1107
847	1203
847	1704
848	849
848	850
849	1115
849	1385
849	1549
849	1597
850	852
850	1355
850	1738
850	1891
851	852
851	1341
852	1108
852	1206
852	1210
852	1530
853	855
853	856
853	880
854	855
854	857
854	1041
854	1623
855	856
855	1028
855	1505
856	857
856	858
856	859
856	1653
857	858
857	859
857	1576
857	1710
859	860
859	1608
860	862
860	1173
860	1229
860	1351
861	862
861	1126
861	1393
862	865
862	1089
862	1355
863	864
863	1015
863	1065
864	890
864	1662
865	925
865	1643
865	1677
866	867
866	1075
866	1608
867	1115
867	1221
867	1398
867	1506
868	985
868	1104
869	1200
869	1208
869	1522
870	1353
870	1392
870	1787
871	1798
872	874
872	875
873	875
873	1123
873	1848
874	875
874	1005
875	965
875	1117
875	1199
876	877
876	878
876	1333
876	1464
876	1932
877	1097
877	1104
877	1357
877	1447
877	1982
878	879
878	1375
879	930
879	1125
879	1297
879	1646
879	1679
880	882
880	883
880	1124
880	1248
881	882
881	1952
882	883
882	1001
882	1580
883	884
883	885
884	887
884	931
884	1194
884	1587
885	887
885	888
885	1881
886	889
886	1501
887	889
887	1522
887	1591
887	1894
888	890
888	891
888	1780
889	892
889	1705
890	892
890	1311
890	1429
891	892
891	1538
891	1854
892	895
892	1168
892	1501
893	1247
893	1324
893	1739
894	950
894	1154
894	1467
895	896
895	898
895	1474
895	1615
896	897
896	899
896	1789
896	1796
897	900
897	1330
897	1667
898	901
898	1180
898	1276
899	902
899	1102
899	1493
899	1639
899	1739
900	901
900	903
900	1817
900	1920
901	904
901	1128
901	1176
901	1614
902	903
902	904
902	986
903	905
903	906
903	1899
904	905
904	906
904	1053
904	1145
904	1221
904	1646
905	906
905	908
905	1289
905	1717
906	909
907	1016
907	1313
908	909
908	910
908	1249
909	910
909	1661
909	1742
909	1904
910	911
910	913
910	1503
911	912
911	988
911	1085
911	1405
912	1155
912	1922
912	1994
913	1090
913	1873
914	915
914	1580
915	917
916	948
916	1553
916	1887
917	1282
917	1425
917	1436
918	920
918	963
918	1024
918	1076
918	1407
918	1796
918	1964
919	920
919	921
919	1159
919	1175
919	1515
920	921
920	1639
920	1672
920	1837
921	922
921	923
921	1400
921	1885
922	923
922	924
922	925
923	954
923	1073
923	1240
923	1327
924	927
924	937
924	1616
924	1676
924	1818
925	965
925	1142
925	1171
926	928
926	929
926	1123
926	1278
926	1427
926	1690
927	928
927	1129
928	930
928	931
928	1049
928	1281
929	931
929	932
929	1227
930	1690
930	1730
931	1967
932	935
932	1585
933	935
933	1134
934	935
934	936
934	1257
934	1634
935	937
935	1790
936	937
936	938
936	1683
936	1711
936	1992
937	940
937	1489
937	1517
937	1848
937	1986
938	939
938	940
938	1301
939	940
939	941
939	1714
940	941
940	942
940	1363
940	1741
941	942
941	1236
941	1576
942	943
942	944
942	1303
942	1863
943	948
943	1625
943	1717
944	945
944	946
944	981
945	946
945	1446
945	1687
945	1827
946	947
946	948
946	1563
946	1782
946	1976
947	950
947	1110
947	1151
948	1876
949	950
949	952
949	1244
950	951
950	1844
951	952
951	954
951	1374
952	953
952	1617
953	1499
953	1945
954	957
954	1585
954	1860
955	956
955	958
955	1125
956	958
956	1997
957	958
957	960
957	1037
957	1977
958	959
958	961
959	960
959	962
959	1049
959	1134
960	1019
960	1202
960	1382
960	1531
960	1621
960	1920
961	1313
961	1828
961	1970
962	1294
962	1507
962	1542
963	964
963	1013
964	965
964	966
965	1117
965	1153
965	1335
965	1374
965	1405
965	1878
966	968
966	969
966	1282
967	968
967	969
967	970
967	1217
968	971
968	1332
968	1703
969	970
969	971
969	972
969	1253
970	973
970	1808
970	1920
971	1424
972	974
972	975
972	1357
973	975
974	1094
974	1605
975	976
975	1343
975	1775
975	1837
976	977
976	978
976	979
977	1670
977	1718
977	1829
977	1882
977	1974
978	1058
978	1317
978	1760
979	1128
979	1534
979	1554
980	981
980	982
980	1003
981	1020
981	1360
981	1380
981	1610
982	984
982	985
983	1474
983	1648
983	1756
984	987
984	1489
985	987
985	1553
985	1959
986	987
986	988
986	1095
986	1833
987	990
987	1038
988	990
988	1339
988	1890
989	990
989	991
989	992
989	1012
990	1341
990	1646
990	1679
991	994
991	1264
992	994
992	995
992	1654
992	1741
993	994
993	995
993	999
993	1302
993	1309
994	997
994	1300
994	1559
994	1729
995	996
995	1092
995	1261
995	1541
995	1589
995	2000
996	999
996	1294
997	998
997	1104
997	1140
997	1422
998	1881
998	1889
999	1000
999	1263
999	1873
999	1928
1000	1002
1000	1084
1000	1261
1000	1282
1001	1002
1001	1003
1001	1105
1001	1777
1002	1441
1004	1239
1004	1409
1005	1006
1005	1008
1005	1825
1005	1993
1006	1008
1006	1009
1006	1961
1006	1983
1007	1470
1007	1854
1008	1009
1008	1011
1008	1430
1008	1957
1009	1553
1009	1666
1009	1720
1010	1581
1010	1668
1010	1979
1011	1012
1011	1014
1011	1208
1011	1873
1012	1014
1012	1015
1012	1453
1013	1455
1013	1916
1013	1917
1014	1108
1014	1162
1015	1291
1015	1401
1015	1710
1016	1019
1017	1367
1017	1600
1017	1876
1018	1020
1018	1021
1018	1451
1018	1511
1018	1865
1019	1021
1019	1022
1019	1321
1019	1644
1020	1918
1021	1024
1021	1579
1021	1650
1021	2000
1022	1024
1022	1178
1022	1283
1022	1417
1022	1779
1023	1024
1023	1691
1023	1936
1024	1026
1024	1027
1025	1027
1026	1398
1026	1455
1026	1841
1027	1028
1027	1030
1028	1029
1028	1582
1028	1759
1029	1541
1029	1610
1029	1739
1030	1879
1031	1032
1031	1033
1031	1634
1032	1033
1032	1719
1032	1894
1032	1912
1032	1950
1033	1034
1033	1036
1033	1839
1034	1036
1034	1037
1034	1821
1035	1036
1035	1037
1035	1038
1035	1052
1035	1779
1036	1038
1036	1050
1037	1038
1037	1039
1037	1094
1037	1804
1038	1039
1039	1041
1039	1042
1039	1629
1040	1066
1040	1197
1040	1670
1040	1988
1041	1044
1041	1792
1042	1043
1042	1045
1042	1141
1042	1248
1043	1045
1043	1046
1044	1888
1045	1046
1045	1186
1045	1225
1045	1692
1045	1919
1046	1049
1046	1069
1046	1584
1046	1662
1047	1049
1047	1050
1047	1641
1047	1975
1048	1050
1048	1229
1048	1548
1049	1290
1049	1760
1050	1462
1051	1052
1051	1402
1052	1260
1052	1729
1053	1055
1053	1206
1054	1055
1054	1056
1054	1057
1054	1704
1055	1708
1055	1771
1055	1910
1056	1057
1056	1689
1056	1744
1057	1058
1057	1151
1057	1380
1057	1897
1058	1664
1058	1852
1059	1060
1059	1065
1060	1061
1060	1062
1060	1063
1060	1266
1061	1064
1061	1347
1061	1577
1061	1684
1062	1063
1062	1882
1062	1962
1063	1065
1063	1573
1064	1316
1064	1529
1065	1066
1065	1067
1065	1068
1065	1190
1065	1328
1065	1985
1066	1870
1067	1230
1067	1982
1068	1070
1068	1071
1068	1152
1068	1448
1069	1071
1069	1072
1070	1073
1070	1627
1071	1072
1071	1073
1071	1268
1071	1468
1072	1074
1072	1075
1072	1225
1072	1546
1073	1676
1074	1076
1074	1249
1074	1573
1075	1076
1075	1080
1075	1857
1075	1919
1076	1091
1076	1833
1077	1078
1077	1079
1077	1937
1078	1135
1078	1364
1078	1530
1078	1537
1079	1450
1079	1571
1079	1592
1079	1960
1080	1083
1080	1808
1081	1083
1081	1113
1081	1633
1081	1999
1082	1084
1082	1785
1083	1084
1083	1086
1083	1898
1084	1313
1084	1404
1084	1791
1085	1088
1085	1907
1085	1985
1086	1089
1086	1171
1086	1792
1087	1089
1087	1228
1087	1524
1088	1813
1088	1825
1089	1356
1089	1436
1090	1091
1090	1587
1091	1092
1091	1093
1091	1924
1092	1094
1092	1815
1093	1094
1093	1095
1094	1096
1094	1194
1094	1402
1094	1555
1095	1096
1096	1097
1096	1099
1096	1531
1096	1540
1097	1099
1097	1100
1097	1741
1098	1100
1098	1129
1098	1340
1099	1101
1099	1608
1099	1767
1100	1102
1100	1651
1101	1102
1101	1103
1101	1626
1102	1301
1102	1762
1103	1113
1103	1345
1103	1376
1103	1397
1103	1583
1103	1699
1104	1107
1104	1405
1105	1107
1105	1108
1106	1712
1106	1730
1106	1733
1107	1110
1107	1674
1108	1707
1108	1780
1109	1110
1109	1111
1109	1112
1110	1111
1110	1112
1110	1113
1110	1550
1110	1697
1111	1251
1112	1113
1113	1114
1113	1115
1113	1336
1113	1697
1114	1116
1115	1117
1115	1118
1115	1137
1115	1362
1116	1772
1117	1118
1117	1119
1117	1237
1117	1919
1118	1119
1118	1122
1118	1341
1118	1546
1118	1946
1119	1121
1119	1133
1120	1121
1120	1941
1120	2000
1121	1122
1121	1124
1121	1998
1122	1123
1122	1125
1122	1349
1123	1124
1123	1842
1124	1127
1124	1554
1125	1127
1125	1229
1126	1128
1126	1630
1127	1128
1127	1129
1128	1130
1128	1305
1129	1130
1129	1287
1129	1764
1130	1131
1130	1133
1131	1133
1132	1134
1132	1597
1133	1134
1133	1135
1133	1177
1133	1651
1133	1683
1133	1696
1134	1135
1135	1137
1135	1138
1135	1279
1135	1628
1136	1137
1136	1139
1136	1543
1136	1663
1136	1916
1137	1138
1137	1699
1138	1139
1138	1140
1139	1140
1139	1142
1139	1369
1139	1437
1140	1266
1140	1484
1140	1756
1140	1838
1140	1848
1141	1142
1141	1144
1141	1477
1142	1144
1142	1168
1142	1529
1143	1145
1143	1936
1144	1147
1144	1916
1145	1147
1145	1148
1145	1640
1146	1455
1146	1682
1146	1697
1146	1800
1146	1873
1147	1149
1147	1150
1147	1680
1148	1149
1148	1727
1149	1152
1149	1775
1151	1539
1152	1154
1152	1665
1152	1725
1153	1154
1153	1156
1154	1155
1154	1286
1154	1811
1155	1157
1155	1606
1156	1157
1156	1256
1157	1159
1157	1160
1158	1161
1158	1400
1159	1160
1159	1373
1160	1162
1160	1322
1160	1912
1161	1162
1161	1164
1161	1437
1161	1941
1163	1492
1164	1165
1164	1167
1164	1950
1165	1166
1165	1168
1166	1168
1166	1169
1167	1168
1167	1169
1167	1250
1168	1169
1168	1170
1168	1171
1168	1804
1169	1171
1169	1172
1169	1423
1169	1787
1169	1814
1170	1171
1170	1172
1170	1958
1171	1173
1171	1578
1172	1247
1172	1418
1172	1845
1173	1174
1173	1175
1173	1218
1174	1175
1175	1176
1175	1750
1176	1177
1176	1739
1177	1179
1177	1180
1177	1585
1178	1180
1178	1766
1179	1181
1179	1794
1180	1181
1180	1502
1180	1519
1181	1183
1181	1184
1182	1183
1182	1483
1182	1956
1183	1184
1183	1392
1183	1420
1184	1185
1184	1186
1184	1187
1185	1186
1185	1187
1185	1188
1186	1188
1186	1204
1186	1487
1186	1747
1187	1380
1187	1496
1188	1231
1188	1848
1188	1849
1189	1191
1189	1712
1189	1886
1190	1192
1190	1789
1190	1975
1191	1194
1191	1289
1191	1638
1192	1194
1193	1195
1193	1196
1193	1980
1194	1197
1195	1574
1195	1994
1196	1238
1196	1790
1197	1199
1198	1199
1198	1201
1199	1457
1199	1749
1200	1203
1200	1488
1200	1964
1201	1203
1201	1446
1201	1812
1201	1905
1202	1343
1203	1205
1203	1206
1203	1728
1204	1278
1204	1852
1205	1208
1205	1717
1206	1843
1206	1885
1207	1208
1207	1209
1207	1953
1208	1517
1208	1574
1208	1728
1209	1210
1209	1212
1210	1577
1210	1927
1211	1214
1211	1375
1211	1759
1212	1213
1212	1214
1212	1215
1212	1712
1213	1214
1213	1216
1213	1483
1214	1215
1214	1217
1214	1722
1215	1217
1215	1234
1216	1217
1216	1219
1216	1661
1217	1367
1217	1767
1217	1808
1218	1220
1218	1568
1219	1221
1219	1222
1219	1713
1220	1221
1220	1222
1220	1223
1220	1438
1220	1778
1221	1222
1221	1223
1221	1706
1222	1224
1222	1225
1222	1459
1222	1466
1222	1724
1223	1224
1223	1373
1223	1743
1224	1226
1224	1780
1224	1906
1225	1227
1225	1952
1226	1315
1226	1439
1227	1228
1228	1310
1228	1485
1228	1636
1229	1230
1229	1231
1229	1874
1230	1232
1230	1233
1230	1854
1231	1232
1231	1938
1232	1233
1232	1234
1232	1903
1233	1235
1233	1445
1233	1523
1234	1235
1234	1237
1235	1236
1235	1424
1235	1779
1235	1985
1236	1238
1236	1239
1236	1621
1237	1238
1237	1239
1238	1239
1238	1240
1238	1437
1238	1476
1238	1705
1239	1240
1240	1241
1240	1243
1241	1660
1241	1705
1241	1837
1241	1992
1242	1244
1242	1245
1242	1752
1243	1592
1244	1246
1244	1416
1245	1246
1246	1249
1246	1922
1248	1626
1249	1539
1250	1251
1250	1253
1250	1772
1251	1252
1251	1413
1252	1253
1252	1255
1252	1312
1252	1396
1252	1712
1252	1834
1253	1255
1253	1256
1254	1482
1255	1257
1255	1342
1255	1693
1256	1258
1256	1259
1256	1324
1257	1556
1257	1843
1259	1297
1259	1694
1259	1989
1260	1261
1260	1262
1260	1263
1260	1342
1260	1715
1261	1628
1261	1639
1262	1264
1263	1264
1263	1266
1263	1322
1264	1266
1264	1815
1265	1267
1265	1795
1266	1269
1266	1746
1267	1268
1267	1843
1268	1269
1268	1513
1269	1271
1269	1272
1269	1289
1270	1272
1270	1273
1270	1429
1271	1995
1272	1277
1272	1732
1272	1749
1273	1274
1273	1674
1274	1276
1274	1600
1274	1793
1275	1276
1275	1277
1275	1951
1276	1279
1276	1568
1277	1533
1277	1850
1277	1901
1278	1373
1278	1689
1279	1280
1279	1281
1279	1485
1279	1777
1280	1564
1280	1984
1281	1374
1281	1891
1281	1908
1282	1480
1282	1898
1283	1284
1283	1285
1283	1762
1284	1525
1285	1287
1285	1308
1285	1437
1286	1289
1287	1288
1287	1290
1287	1653
1287	1753
1288	1291
1288	1292
1290	1758
1290	1947
1291	1292
1291	1293
1291	1294
1292	1293
1292	1590
1293	1296
1293	1443
1293	1805
1294	1297
1295	1556
1295	1736
1295	1771
1295	1827
1295	1925
1296	1297
1296	1298
1296	1485
1296	1641
1296	1884
1298	1299
1298	1300
1298	1301
1299	1300
1299	1302
1299	1495
1300	1303
1300	1486
1301	1302
1301	1812
1302	1579
1302	1751
1302	1994
1303	1539
1303	1632
1303	1703
1304	1305
1304	1306
1305	1306
1305	1307
1305	1788
1306	1307
1306	1309
1306	1492
1307	1839
1308	1309
1308	1310
1309	1311
1309	1312
1311	1312
1311	1314
1312	1502
1312	1787
1313	1314
1313	1316
1313	1834
1314	1317
1314	1604
1315	1316
1315	1317
1315	1821
1316	1317
1316	1318
1316	1319
1317	1318
1317	1320
1317	1932
1318	1865
1319	1320
1319	1321
1320	1435
1320	1671
1320	1697
1321	1322
1321	1868
1322	1656
1323	1325
1324	1325
1324	1479
1324	1918
1325	1326
1325	1327
1326	1327
1326	1328
1326	1657
1326	1811
1327	1329
1327	1330
1327	1865
1328	1330
1328	1474
1329	1331
1329	1332
1330	1331
1330	1523
1331	1334
1331	1588
1331	1664
1332	1334
1332	1681
1333	1334
1335	1336
1335	1338
1335	1771
1336	1337
1336	1373
1336	1778
1337	1338
1337	1850
1338	1339
1339	1341
1339	1342
1340	1342
1340	1343
1341	1342
1341	1425
1342	1344
1343	1346
1344	1346
1344	1450
1344	1584
1344	1700
1345	1346
1345	1347
1345	1348
1345	1432
1345	1933
1346	1672
1346	1818
1347	1349
1347	1598
1348	1351
1348	1381
1348	1404
1349	1350
1349	1378
1350	1352
1350	1870
1351	1353
1351	1839
1353	1893
1354	1355
1354	1357
1354	1954
1355	1356
1355	1357
1355	1358
1356	1888
1357	1358
1357	1359
1357	1360
1357	1670
1358	1540
1359	1546
1359	1811
1360	1362
1361	1362
1361	1363
1361	1364
1361	1537
1361	1663
1362	1364
1362	1365
1362	1800
1363	1364
1364	1365
1364	1366
1364	1751
1365	1367
1365	1513
1366	1367
1366	1555
1367	1684
1367	1801
1368	1369
1368	1371
1368	1853
1369	1418
1370	1371
1370	1373
1371	1374
1371	1381
1372	1374
1372	1375
1373	1375
1374	1376
1374	1377
1375	1376
1375	1377
1376	1378
1378	1379
1379	1597
1380	1381
1380	1410
1380	1847
1381	1382
1381	1383
1382	1385
1382	1510
1383	1386
1383	1391
1383	1411
1383	1839
1385	1386
1385	1942
1386	1387
1386	1714
1387	1390
1387	1443
1387	1576
1388	1390
1388	1809
1388	1976
1389	1390
1389	1391
1389	1392
1390	1391
1390	1392
1390	1476
1390	1730
1391	1393
1392	1393
1392	1395
1393	1498
1393	1862
1394	1397
1394	1475
1394	1713
1394	1968
1395	1397
1395	1398
1395	1903
1395	1951
1396	1399
1396	1989
1397	1399
1397	1534
1397	1707
1399	1400
1399	1401
1399	1402
1399	1918
1400	1403
1400	1614
1401	1402
1401	1670
1401	1957
1402	1404
1402	1405
1402	1552
1402	1589
1403	1405
1403	1406
1403	1574
1404	1407
1404	1575
1404	1929
1404	1957
1405	1407
1405	1408
1406	1407
1407	1531
1408	1410
1408	1465
1408	1574
1409	1410
1409	1411
1409	1464
1409	1633
1410	1412
1410	1774
1411	1412
1411	1413
1411	1615
1411	1742
1412	1413
1412	1415
1412	1933
1413	1414
1413	1415
1413	1416
1414	1616
1414	1669
1414	1803
1415	1417
1415	1441
1416	1417
1416	1760
1417	1418
1417	1950
1418	1421
1418	1684
1418	1943
1419	1420
1419	1752
1421	1422
1421	1678
1422	1425
1422	1859
1423	1425
1424	1425
1424	1427
1424	1825
1425	1427
1426	1427
1426	1525
1426	1610
1426	1739
1426	1948
1427	1429
1427	1430
1427	1752
1428	1429
1429	1481
1430	1431
1430	1433
1430	1783
1431	1433
1431	1434
1431	1494
1431	1759
1431	1925
1433	1435
1433	1784
1434	1820
1435	1437
1435	1786
1436	1439
1437	1439
1437	1553
1438	1440
1438	1966
1439	1440
1439	1650
1440	1518
1440	1691
1441	1755
1442	1443
1442	1444
1443	1445
1444	1445
1444	1446
1444	1462
1444	1593
1444	1638
1445	1447
1446	1447
1446	1448
1446	1449
1447	1889
1449	1450
1449	1850
1451	1453
1452	1453
1452	1454
1452	1519
1452	1945
1453	1456
1453	1710
1453	1827
1454	1456
1454	1835
1454	1975
1455	1811
1456	1630
1456	1859
1457	1460
1459	1461
1459	1567
1460	1461
1460	1462
1460	1463
1460	1775
1461	1462
1462	1465
1462	1577
1463	1464
1463	1466
1464	1606
1465	1466
1465	1467
1465	1468
1466	1681
1466	1748
1467	1469
1467	1470
1467	1473
1468	1471
1468	1561
1469	1753
1469	1891
1470	1473
1470	1720
1471	1951
1471	1983
1472	1474
1472	1650
1472	1680
1473	1475
1473	1476
1473	1826
1474	1475
1474	1476
1475	1476
1475	1477
1475	1490
1476	1999
1478	1479
1478	1480
1478	1481
1479	1481
1479	1482
1479	1902
1480	1481
1480	1544
1481	1482
1481	1484
1481	1840
1481	1869
1481	1950
1482	1483
1482	1484
1482	1617
1483	1484
1483	1486
1484	1748
1485	1488
1485	1870
1486	1488
1486	1504
1487	1488
1487	1490
1487	1634
1488	1490
1488	1491
1489	1492
1490	1491
1490	1493
1491	1494
1491	1517
1491	1605
1492	1650
1492	1692
1493	1495
1494	1496
1494	1497
1494	1912
1495	1497
1495	1498
1495	1508
1496	1498
1496	1575
1497	1498
1497	1500
1497	1739
1498	1499
1498	1500
1498	1756
1498	1803
1499	1734
1499	1838
1500	1501
1500	1814
1501	1503
1502	1504
1502	1505
1502	1719
1503	1505
1503	1506
1504	1506
1504	1916
1505	1507
1505	1751
1506	1992
1507	1509
1507	1510
1507	1864
1508	1510
1508	1511
1508	1807
1509	1512
1509	1823
1510	1511
1510	1573
1511	1513
1512	1513
1512	1514
1512	1554
1513	1964
1513	1992
1514	1515
1514	1516
1515	1518
1516	1518
1516	1519
1516	1609
1517	1518
1517	1520
1518	1520
1518	1713
1518	1887
1519	1667
1520	1521
1520	1523
1520	1921
1521	1522
1521	1523
1521	1671
1521	1972
1522	1523
1522	1558
1523	1524
1523	1553
1523	1595
1523	1638
1524	1527
1524	1680
1524	1749
1524	1824
1525	1528
1525	1709
1526	1658
1526	1980
1527	1528
1527	1529
1527	1530
1527	1695
1528	1530
1528	1717
1529	1531
1530	1532
1530	1943
1530	1966
1531	1533
1532	1533
1532	1534
1532	1535
1533	1534
1533	1725
1533	1951
1533	1993
1535	1536
1535	1537
1535	1947
1536	1537
1536	1539
1536	1914
1537	1538
1537	1539
1538	1541
1539	1541
1540	1924
1541	1542
1542	1543
1542	1544
1543	1544
1543	1546
1543	1654
1544	1545
1544	1547
1545	1546
1545	1547
1546	1547
1546	1778
1547	1548
1547	1550
1548	1549
1548	1551
1548	1677
1548	1695
1549	1551
1550	1551
1550	1709
1551	1552
1551	1554
1551	1745
1552	1674
1554	1555
1555	1557
1555	1558
1556	1557
1557	1558
1557	1559
1558	1641
1560	1563
1561	1821
1561	1836
1562	1565
1562	1714
1563	1933
1563	1990
1564	1567
1564	1781
1564	1918
1565	1600
1565	1844
1566	1567
1566	1569
1567	1569
1567	1570
1568	1690
1569	1570
1569	1571
1569	1929
1570	1571
1570	1572
1570	1573
1571	1574
1572	1573
1572	1575
1572	1866
1573	1574
1573	1576
1575	1576
1576	1920
1577	1579
1578	1579
1578	1580
1578	1581
1579	1580
1579	1635
1579	1811
1580	1582
1580	1583
1582	1584
1582	1585
1583	1584
1583	1685
1584	1586
1585	1934
1586	1589
1586	1615
1586	1710
1587	1588
1587	1589
1588	1590
1588	1591
1589	1591
1589	1932
1590	1591
1590	1592
1591	1593
1591	1594
1592	1593
1592	1750
1593	1594
1593	1595
1594	1596
1594	1743
1594	1775
1594	1896
1596	1599
1596	1838
1597	1826
1598	1600
1598	1601
1598	1724
1599	1601
1599	1602
1600	1603
1601	1604
1601	1803
1601	1908
1602	1605
1602	1707
1603	1606
1604	1605
1604	1649
1604	1896
1605	1606
1605	1607
1606	1608
1606	1609
1606	1733
1607	1608
1607	1818
1608	1796
1609	1610
1609	1612
1609	1707
1609	1718
1611	1614
1611	1862
1611	1987
1612	1614
1612	1615
1613	1615
1613	1776
1614	1615
1614	1616
1614	1617
1615	1618
1616	1619
1616	1680
1617	1618
1617	1619
1618	1619
1618	1970
1619	1620
1619	1621
1620	1622
1621	1624
1622	1625
1622	1664
1622	1788
1623	1624
1623	1626
1624	1625
1624	1626
1624	1627
1625	1627
1625	1908
1626	1628
1626	1629
1626	1840
1627	1629
1627	1730
1627	1899
1629	1630
1629	1729
1629	1960
1630	1633
1632	1635
1632	1899
1633	1636
1634	1636
1635	1860
1636	1638
1636	1639
1636	1869
1636	1988
1637	1638
1637	1639
1637	1640
1638	1639
1639	1996
1640	1641
1640	1928
1641	1643
1641	1783
1642	1643
1642	1645
1642	1723
1642	1879
1643	1896
1644	1646
1644	1950
1645	1646
1645	1647
1645	1648
1646	1648
1646	1934
1647	1649
1647	1650
1647	1713
1648	1650
1649	1650
1649	1689
1650	1653
1650	1996
1652	1653
1652	1867
1653	1654
1654	1655
1655	1658
1656	1657
1656	1658
1657	1924
1658	1659
1658	1660
1659	1660
1659	1692
1659	1973
1660	1662
1660	1663
1660	1929
1661	1663
1661	1664
1661	1745
1662	1664
1665	1667
1666	1667
1666	1668
1666	1669
1668	1669
1668	1671
1669	1670
1669	1794
1670	1843
1670	1913
1671	1674
1671	1718
1673	1676
1674	1675
1674	1676
1674	1773
1675	1676
1675	1903
1676	1678
1676	1967
1677	1807
1678	1679
1678	1680
1678	1681
1679	1682
1680	1681
1681	1683
1681	1691
1681	1709
1681	1799
1682	1684
1682	1685
1683	1684
1683	1717
1684	1686
1684	1762
1685	1686
1686	1687
1686	1688
1687	1689
1687	1929
1688	1690
1688	1959
1689	1691
1689	1782
1692	1695
1693	1695
1693	1968
1694	1696
1694	1697
1695	1819
1695	1845
1696	1697
1696	1879
1697	1838
1698	1699
1698	1701
1699	1701
1699	1910
1699	1991
1700	1701
1701	1702
1702	1703
1702	1720
1702	1837
1702	1947
1703	1831
1704	1705
1705	1854
1707	1865
1708	1709
1708	1710
1708	1711
1708	1892
1709	1711
1709	1890
1711	1714
1712	1825
1714	1715
1715	1717
1715	1718
1716	1717
1717	1720
1718	1720
1719	1802
1720	1723
1720	1966
1721	1722
1721	1723
1722	1723
1722	1725
1722	1766
1724	1725
1724	1727
1725	1726
1725	1727
1726	1727
1726	1729
1726	1932
1727	1730
1727	1887
1728	1731
1730	1731
1730	1733
1731	1733
1731	1927
1732	1733
1732	1734
1733	1734
1733	1735
1734	1735
1735	1737
1735	1778
1735	1915
1736	1737
1736	1890
1737	1738
1737	1739
1737	1740
1738	1741
1740	1741
1740	1742
1741	1744
1742	1744
1743	1744
1743	1745
1744	1747
1744	1987
1745	1746
1745	1747
1745	1912
1746	1975
1747	1748
1747	1750
1748	1922
1748	1929
1749	1751
1749	1752
1749	1762
1750	1974
1752	1753
1752	1855
1753	1754
1753	1755
1754	1757
1756	1757
1756	1871
1757	1758
1757	1864
1757	1921
1758	1760
1759	1762
1760	1761
1761	1762
1761	1763
1761	1764
1762	1764
1762	1920
1763	1765
1763	1766
1764	1765
1764	1767
1765	1767
1766	1767
1766	1768
1767	1768
1767	1769
1767	1770
1768	1769
1768	1770
1768	1771
1769	1770
1769	1771
1769	1772
1769	1802
1769	1984
1770	1772
1770	1773
1772	1774
1772	1775
1773	1774
1774	1775
1774	1776
1775	1777
1775	1778
1776	1995
1778	1780
1778	1963
1779	1780
1780	1781
1780	1965
1781	1783
1782	1784
1782	1911
1784	1785
1784	1786
1784	1810
1785	1788
1786	1788
1788	1789
1789	1792
1791	1793
1791	1965
1793	1796
1793	1875
1793	1879
1794	1797
1795	1796
1795	1797
1796	1798
1796	1933
1797	1799
1797	1800
1798	1799
1798	1800
1799	1800
1799	1802
1800	1802
1800	1832
1801	1803
1802	1804
1803	1806
1803	1821
1803	1903
1805	1806
1805	1807
1805	1971
1806	1808
1806	1809
1807	1810
1807	1891
1808	1811
1809	1811
1810	1811
1810	1813
1810	1858
1810	1898
1811	1877
1811	1926
1812	1813
1812	1815
1813	1814
1813	1815
1814	1817
1814	1953
1814	1972
1815	1816
1815	1817
1815	1818
1816	1818
1816	1819
1818	1819
1818	1821
1819	1821
1819	1846
1820	1821
1820	1868
1822	1825
1823	1824
1823	1826
1824	1825
1824	1826
1825	1826
1826	1827
1826	1829
1827	1830
1828	1986
1829	1831
1829	1842
1830	1831
1830	1833
1830	1964
1831	1834
1831	1905
1832	1835
1833	1836
1834	1898
1835	1837
1835	1838
1835	1980
1836	1837
1836	1839
1837	1839
1838	1840
1838	1841
1839	1842
1840	1841
1842	1843
1842	1844
1844	1845
1845	1846
1845	1883
1846	1847
1846	1848
1847	1848
1848	1956
1849	1852
1850	1853
1850	1981
1851	1853
1851	1854
1853	1855
1853	1856
1855	1856
1855	1857
1856	1857
1856	1858
1856	1859
1857	1860
1857	1940
1858	1917
1859	1861
1859	1910
1861	1862
1862	1863
1862	1864
1863	1865
1864	1865
1866	1867
1866	1868
1867	1868
1867	1870
1868	1869
1868	1870
1869	1870
1869	1871
1869	1872
1869	1888
1870	1873
1874	1876
1875	1876
1876	1877
1876	1963
1877	1878
1878	1881
1880	1882
1881	1882
1881	1883
1881	1884
1882	1885
1883	1949
1884	1885
1885	1887
1886	1887
1889	1890
1889	1891
1890	1891
1890	1892
1891	1893
1892	1894
1892	1895
1892	1964
1893	1894
1893	1991
1894	1896
1895	1897
1895	1993
1896	1899
1897	1898
1897	1899
1899	1900
1899	1901
1900	1901
1900	1902
1900	1903
1901	1904
1902	1903
1902	1905
1903	1904
1904	1906
1904	1907
1905	1908
1906	1909
1907	1910
1908	1910
1909	1912
1911	1914
1912	1913
1913	1914
1914	1916
1915	1918
1917	1920
1920	1923
1921	1922
1921	1923
1921	1924
1922	1923
1922	1925
1923	1924
1923	1925
1924	1926
1924	1969
1924	1979
1925	1928
1926	1927
1926	1928
1927	1929
1927	1930
1928	1929
1928	1930
1928	1931
1930	1931
1930	1933
1931	1933
1931	1934
1931	1942
1934	1936
1934	1937
1935	1936
1935	1974
1936	1938
1936	1939
1937	1938
1937	1940
1938	1939
1938	1941
1939	1941
1939	1942
1940	1941
1940	1942
1941	1942
1941	1944
1942	1943
1942	1944
1943	1945
1944	1945
1944	1946
1945	1946
1946	1947
1946	1948
1946	1949
1947	1948
1948	1949
1948	1950
1949	1951
1949	1999
1952	1953
1953	1956
1954	1955
1954	1956
1955	1956
1956	1959
1958	1959
1958	1960
1958	1961
1959	1960
1960	1962
1961	1963
1962	1963
1962	1964
1963	1964
1963	1965
1965	1967
1966	1967
1967	1968
1968	1971
1969	1970
1969	1971
1971	1972
1971	1973
1971	1974
1972	1975
1973	1976
1974	1975
1975	1977
1976	1979
1977	1980
1978	1979
1978	1980
1978	1981
1979	1981
1980	1983
1980	1992
1981	1984
1982	1984
1983	1984
1984	1987
1985	1987
1987	1990
1988	1989
1988	1991
1989	1992
1990	1991
1991	1993
1992	1994
1994	1996
1994	1997
1995	1997
1995	1998
1996	1999
1997	1998
1998	2000
1999	2000
