1	2
1	2281
1	3500
2	3
2	4
2	2271
2	2507
2	3165
2	3500
3	5
3	2136
4	6
4	559
5	6
5	7
6	7
6	8
7	232
7	1165
7	2963
8	974
8	1468
8	2197
9	11
9	492
9	775
9	2162
10	11
10	12
11	12
11	13
12	13
12	14
13	15
13	2689
14	15
14	16
15	16
15	17
16	17
16	18
17	18
17	19
18	19
18	20
18	361
19	20
19	21
20	21
20	575
20	1340
21	22
21	357
21	2868
22	23
22	669
23	24
23	25
24	1034
24	1737
24	2805
25	26
25	27
26	28
26	682
27	29
27	1033
28	29
28	1861
28	2744
29	31
29	474
30	31
30	32
31	32
31	33
32	33
32	34
33	35
33	598
33	896
33	3229
34	35
34	2052
35	36
35	1071
36	37
36	38
37	38
37	1133
38	39
38	40
38	1731
39	40
39	41
39	1509
39	2105
40	41
40	42
40	433
40	2657
41	42
41	43
41	937
41	1586
42	43
42	164
43	44
43	45
43	2104
44	45
44	46
45	46
45	47
46	48
46	832
46	2943
47	48
47	49
47	1238
48	50
48	2531
49	50
49	51
50	52
50	2936
51	52
51	53
52	53
52	2868
53	54
53	55
54	56
54	1943
55	56
55	2356
56	57
56	58
57	58
57	59
58	59
58	60
58	2748
58	3491
59	60
59	61
59	976
59	1787
59	2811
60	61
60	62
60	2371
61	63
61	146
61	529
62	63
62	64
63	65
63	931
64	65
64	66
65	67
65	635
66	67
66	68
67	68
67	1145
68	70
68	3316
69	70
69	71
70	71
70	1768
70	3098
71	73
71	910
72	74
72	1081
72	2956
73	74
73	75
74	75
74	2244
75	76
75	77
76	77
76	78
77	78
77	2901
78	79
78	80
79	80
79	81
80	81
80	82
80	3216
81	82
81	83
82	83
82	977
83	84
83	85
84	85
84	86
85	86
85	87
86	87
86	88
87	88
87	89
88	89
88	2851
89	91
89	685
89	997
89	2145
90	91
90	92
90	2494
91	92
91	93
92	93
92	94
92	1148
93	94
93	2390
93	2469
94	95
94	2657
95	96
95	97
96	97
96	98
97	98
97	99
97	1446
98	99
98	1537
99	101
99	870
99	1382
99	2824
100	101
100	102
100	2599
101	102
101	103
102	103
102	104
103	104
103	105
103	2086
104	105
104	116
104	2939
105	107
105	2728
106	107
106	108
106	3373
107	440
107	769
108	109
108	110
108	3448
109	110
109	111
110	111
110	112
110	120
111	112
111	113
112	187
112	2370
113	114
113	115
114	115
114	116
115	117
115	1107
116	117
117	119
117	1988
118	120
118	2607
118	3188
119	121
119	1665
120	122
121	123
121	465
121	567
121	1862
122	123
122	124
122	167
123	124
123	125
124	125
124	126
125	126
125	127
126	128
126	680
127	128
127	129
128	129
128	130
129	130
129	131
130	131
130	132
130	2544
131	132
131	1799
132	133
132	134
133	134
133	135
134	135
134	136
135	136
135	137
136	137
136	138
136	1006
136	1683
137	139
137	1590
138	139
138	140
139	140
139	141
140	141
140	142
140	1642
141	143
141	621
142	143
142	144
142	1108
143	144
143	145
144	145
144	146
145	146
145	195
146	469
146	1060
147	148
147	149
148	149
148	150
149	151
149	3435
150	151
150	152
150	1542
150	2035
151	1587
151	1925
151	2791
152	154
152	1344
153	154
153	155
153	1408
153	3445
154	155
154	156
155	1082
155	1563
156	157
156	158
157	158
157	159
158	160
158	405
159	160
159	161
160	162
160	3152
161	162
161	163
162	163
162	313
162	2960
163	165
163	2250
164	165
164	166
165	167
165	1050
166	167
166	168
167	169
167	2962
167	3109
168	169
168	170
169	170
169	2833
170	171
170	893
171	172
171	173
172	174
172	3004
173	174
173	175
173	2626
174	175
174	176
175	176
175	1314
175	2322
176	177
176	178
176	935
177	179
177	3055
178	180
178	2405
179	180
179	181
180	181
180	182
180	2164
181	182
181	183
181	609
182	183
182	184
183	184
183	185
184	186
184	3225
185	186
185	187
186	187
186	188
187	188
187	189
188	189
188	190
189	190
189	191
190	191
190	192
191	193
191	668
191	2191
191	3215
192	193
192	1659
193	194
193	195
194	195
194	196
194	2641
195	197
195	2537
196	197
196	1924
197	198
197	199
197	1600
198	200
198	3229
199	200
199	201
199	1546
200	201
200	202
200	2093
201	202
201	203
201	932
202	203
202	1128
203	205
203	1386
204	205
204	206
205	206
205	207
206	207
206	208
207	209
207	2794
208	210
208	405
208	3339
209	210
209	988
210	211
210	212
211	212
211	213
212	213
212	1289
213	214
213	215
214	215
214	216
215	216
215	217
215	3461
216	217
216	218
217	218
217	219
218	219
218	220
219	220
219	2867
220	222
220	719
220	852
220	1770
221	223
221	1094
222	223
222	224
223	224
223	225
224	225
224	1280
224	2502
225	226
225	227
226	227
226	228
226	1319
227	228
227	229
228	229
228	230
229	231
229	2538
230	231
230	232
231	232
231	233
232	233
232	234
233	234
233	235
234	235
234	846
235	236
235	237
235	310
236	237
236	238
237	238
237	239
238	239
238	240
239	240
239	241
240	242
240	3362
241	243
241	2420
242	244
242	1282
242	1831
243	244
243	245
243	3064
244	245
244	246
245	246
245	247
245	3073
246	247
246	248
247	248
247	249
248	1244
248	2411
248	2694
249	250
249	251
250	2326
250	2371
250	3140
251	252
251	1121
252	253
252	254
253	254
253	1302
254	256
254	2569
254	3189
255	256
255	323
256	257
256	258
256	1043
256	2216
257	259
257	2097
258	259
258	345
258	2878
259	260
259	2976
260	261
260	262
261	262
261	2746
262	263
262	264
263	264
263	1473
264	265
264	266
265	266
265	267
266	267
266	268
266	2707
267	268
267	269
267	3084
268	269
268	270
268	528
269	270
269	3258
270	271
270	272
271	272
271	1732
271	2968
272	273
272	2591
273	274
273	275
274	275
274	276
275	276
275	2527
275	3089
276	277
276	278
276	3140
277	278
277	279
277	691
277	826
278	279
278	280
278	1576
279	280
279	281
280	281
280	282
280	1328
281	282
281	283
282	283
282	384
282	577
283	284
283	285
284	285
284	286
284	2451
285	286
285	1857
286	287
286	288
286	416
286	1780
287	288
287	289
288	289
288	290
289	291
289	1305
290	1793
290	2982
291	293
291	325
292	293
292	294
293	294
293	295
293	3340
294	295
294	296
295	296
295	297
296	297
296	298
297	298
297	299
298	299
298	300
299	300
299	301
299	720
300	301
300	302
301	303
301	442
301	2706
301	2796
302	303
302	304
302	2466
303	304
303	305
304	305
304	1592
304	3273
305	307
305	598
305	1877
305	2757
305	2830
305	3095
306	308
306	364
307	308
307	309
307	2939
308	309
308	310
308	1505
309	310
309	311
309	397
309	1645
310	312
310	1368
310	2488
311	312
311	313
312	313
312	774
313	314
314	315
314	316
315	316
315	317
316	317
316	347
316	1655
317	318
317	319
318	319
318	3016
319	320
319	321
319	1831
320	321
320	2346
321	322
321	323
322	323
322	324
322	1988
323	324
323	325
324	326
324	1918
324	3072
325	326
325	327
326	328
326	2114
327	328
327	329
328	329
328	1211
329	330
329	331
330	331
330	332
331	332
331	333
332	334
332	2636
333	334
333	335
333	2291
334	1923
334	3269
335	336
335	1073
336	337
336	2149
337	338
337	2195
338	339
338	340
339	340
339	341
339	772
340	341
340	342
340	2763
341	342
341	343
342	343
342	344
343	344
343	345
343	837
343	1970
344	345
344	346
345	347
346	347
346	348
346	629
347	348
347	349
348	349
348	350
348	2274
349	350
349	351
349	3457
350	351
350	352
351	353
351	366
352	353
352	354
353	354
353	355
354	355
354	356
355	356
355	357
356	357
356	358
357	358
358	360
358	363
359	360
359	361
360	361
360	362
361	363
362	363
362	364
363	365
363	1312
363	1537
364	365
364	1235
364	2234
365	366
365	573
366	2041
366	3296
367	368
367	369
367	1206
368	369
368	370
369	370
369	371
369	868
370	371
370	372
371	372
371	373
372	374
372	435
372	1762
373	374
373	375
373	2424
374	375
374	376
375	377
375	612
376	377
376	378
377	379
377	2030
378	379
378	380
378	2128
379	380
379	381
380	381
380	382
381	383
381	1059
381	2983
382	383
382	384
383	384
383	385
383	1845
384	386
384	1371
384	2085
385	387
385	2660
386	388
386	1011
386	2135
387	388
387	389
388	389
388	1286
388	1689
388	3110
389	391
389	3060
390	391
390	392
391	392
391	393
392	393
392	394
393	394
393	395
394	395
394	396
395	397
395	2800
396	397
396	398
396	1797
397	682
398	2253
398	3476
399	400
399	401
399	1904
400	401
400	402
400	1709
400	2621
401	403
401	1637
402	403
402	2525
403	404
403	405
403	1929
403	2806
404	406
404	2877
405	406
405	710
406	408
406	2126
406	3376
407	408
407	409
407	1914
408	409
408	410
409	411
409	498
410	411
410	412
410	1534
411	412
411	413
411	1466
412	413
412	414
412	2457
413	414
413	1822
414	415
414	2430
415	417
415	955
416	1074
416	3476
417	418
417	1093
418	419
418	420
419	420
419	421
419	2987
420	421
420	464
420	1223
421	1703
421	2964
422	2369
422	2513
422	3070
422	3364
423	424
423	425
424	425
424	426
425	426
425	427
426	427
426	428
426	3003
427	428
427	429
428	430
428	598
428	1507
429	430
429	1349
429	2359
430	431
430	432
431	432
431	963
432	433
432	1427
432	2669
433	434
434	435
434	1944
435	436
435	437
436	437
436	438
436	1660
437	438
437	439
437	1571
438	439
438	440
439	440
439	441
440	442
440	1173
441	442
441	443
442	443
443	444
443	445
444	2104
444	2372
445	446
445	447
446	447
446	608
447	448
447	449
447	543
448	450
448	1549
449	451
449	795
449	3244
450	451
450	1753
451	452
451	453
452	453
452	454
452	1829
452	3109
453	454
453	455
454	455
454	456
455	456
455	457
456	457
456	458
457	458
457	459
458	459
458	460
459	460
459	1184
459	2351
460	461
460	462
461	462
461	463
462	463
462	1647
463	464
463	465
464	466
465	466
466	467
466	468
466	3191
467	468
467	469
468	469
468	2141
469	470
469	471
469	578
470	471
470	472
470	1722
471	472
471	473
472	473
472	474
473	475
473	2464
474	475
474	476
474	833
474	1675
474	2620
475	477
475	2561
476	477
476	478
477	478
477	479
478	1580
478	2576
479	480
479	481
480	481
480	482
480	3129
480	3226
481	482
481	483
482	483
482	484
483	484
483	485
484	485
484	1919
485	3065
485	3104
486	487
486	488
487	488
487	489
488	489
488	490
489	490
489	2618
490	491
490	492
491	492
491	493
492	494
493	494
493	495
494	495
494	3150
495	496
495	2206
496	497
496	498
497	498
497	499
498	499
498	500
499	501
499	1081
500	501
500	502
501	502
501	503
502	503
502	504
503	504
503	505
504	505
504	506
504	1273
505	506
505	507
506	507
506	574
507	508
507	1172
508	509
508	510
509	510
509	926
510	511
510	512
511	512
511	3098
512	513
512	514
513	514
513	515
514	515
514	869
514	2857
515	516
515	517
515	2398
516	880
516	2670
516	3486
517	518
517	519
517	3478
518	520
518	1246
519	520
519	2372
519	2423
520	521
520	1940
520	2374
520	3391
521	522
521	523
522	523
522	524
523	525
523	1695
523	2622
524	525
524	526
525	526
525	2991
526	527
526	528
527	528
527	988
528	529
529	530
529	531
530	531
530	532
531	532
531	533
531	2679
532	533
532	534
533	534
533	535
534	536
534	2334
535	536
535	537
536	537
536	538
537	539
537	2794
538	539
538	540
539	540
539	541
540	541
540	594
540	2194
540	2500
540	3322
541	542
541	543
542	543
542	544
543	545
544	545
544	546
544	2668
545	546
545	547
546	547
546	548
547	548
547	3128
548	549
548	550
549	1498
549	1931
550	551
550	1726
551	552
551	553
552	554
552	1726
552	1792
553	554
553	555
554	555
554	556
555	556
555	557
556	558
556	2430
556	3483
557	558
557	559
558	559
558	560
558	1824
559	560
559	561
559	1791
560	562
560	2211
561	964
561	2337
562	563
562	564
563	565
563	3258
564	565
564	566
564	624
565	566
565	567
566	568
566	3203
567	568
567	569
568	569
568	571
569	570
569	3171
570	571
570	572
571	572
571	3424
572	573
572	574
572	1233
573	574
573	575
574	576
574	1910
575	576
575	577
576	577
576	578
577	578
577	579
578	1620
578	2667
579	580
579	2971
580	581
580	3402
581	582
581	909
582	583
582	2157
583	584
583	585
584	585
584	586
585	586
585	587
585	3238
586	587
586	588
587	588
587	589
587	2499
588	589
588	590
589	590
589	591
590	591
590	592
591	592
591	930
592	593
592	1717
592	3460
593	595
593	1401
594	595
595	596
595	789
596	597
596	598
597	598
597	599
598	809
598	3153
599	600
599	601
600	602
600	3278
600	3395
601	602
601	1082
601	1465
601	2823
602	603
602	604
602	1331
602	2521
603	604
603	2626
604	605
604	606
605	606
605	607
606	607
606	608
607	1158
607	3195
608	609
608	2225
609	3417
610	611
610	1913
610	2367
611	612
611	613
612	613
612	614
613	615
613	1518
613	1653
614	615
614	616
614	2456
614	2774
615	616
615	617
615	1716
616	617
616	618
616	934
617	618
617	619
618	619
618	620
619	620
619	621
619	1813
620	621
620	622
621	623
621	1334
622	624
622	2432
622	3241
623	624
623	1638
624	626
625	626
625	627
625	3335
626	627
626	628
626	975
627	628
627	629
628	629
628	630
628	1531
628	1578
629	631
630	632
630	2460
631	633
631	3495
632	633
632	634
633	634
633	911
634	635
634	636
635	636
635	637
636	637
636	1861
637	638
637	639
638	639
638	640
639	640
639	641
640	642
640	1167
641	1855
641	2617
642	643
642	644
642	2667
643	644
643	645
644	645
644	646
645	646
645	1783
645	2086
646	648
646	3051
647	648
647	1285
648	650
648	1614
649	650
649	651
650	1530
650	3210
651	652
651	653
652	653
652	654
653	654
653	655
654	655
654	656
655	656
655	657
656	657
656	2635
657	658
657	659
658	659
658	1974
659	660
659	661
660	661
660	662
661	662
661	663
661	1249
662	664
662	1424
662	2131
663	665
663	1967
664	665
664	666
665	666
665	667
666	667
666	668
667	669
667	2439
668	669
669	670
669	850
669	2051
669	2561
670	672
670	1651
670	2675
671	673
671	1469
672	673
672	1932
673	674
673	1290
674	675
674	676
675	676
675	677
676	677
676	922
677	678
677	741
678	679
678	680
679	680
679	681
680	681
680	682
681	682
681	683
682	683
682	684
683	684
683	685
684	685
684	686
685	686
685	687
685	1646
686	688
686	1771
687	688
687	773
688	689
688	690
689	690
689	691
689	2615
690	691
690	692
691	692
692	693
692	1652
693	694
693	695
694	695
694	696
695	697
695	3465
696	698
696	2632
696	2864
697	698
697	699
697	2957
698	699
698	700
699	700
699	701
700	701
700	702
700	2156
701	702
701	703
702	703
702	704
703	704
703	705
704	705
704	706
704	2303
705	707
705	1455
706	708
706	1243
706	2874
707	708
707	709
708	710
708	1362
709	710
709	711
709	1828
709	3244
710	711
711	713
711	2103
712	713
712	714
712	1394
713	714
713	715
714	715
714	716
715	716
715	717
715	2074
716	717
716	718
717	718
717	719
718	719
718	720
718	1249
719	720
720	1269
721	723
721	1275
721	3384
722	723
722	724
722	2439
723	724
723	725
723	2932
724	725
724	1433
724	2782
725	726
725	1686
726	727
726	728
727	728
727	729
727	3235
728	729
728	730
729	730
729	731
730	731
730	732
731	732
731	2097
732	733
732	734
733	734
733	735
733	2788
734	735
734	2814
735	736
735	3107
736	737
736	738
737	738
737	739
738	740
738	995
738	2154
739	741
739	2489
740	741
740	3108
741	742
741	743
742	743
742	2263
743	744
743	3111
744	746
744	2347
745	747
745	2898
746	747
746	748
746	780
747	748
747	749
748	1830
748	2700
749	751
749	1145
750	751
750	752
750	1549
751	752
751	753
752	753
752	754
753	754
753	755
754	755
754	756
754	2348
755	756
755	757
756	757
756	2355
757	758
757	2430
757	3108
758	760
758	1848
759	760
759	761
760	761
760	1383
761	762
761	2156
762	763
762	764
763	764
763	765
764	765
764	766
765	766
765	767
765	2919
766	877
766	2017
767	2005
767	3238
768	769
768	770
768	2103
769	770
769	1413
769	2379
770	772
770	1319
770	2833
771	772
771	773
771	3301
772	773
773	774
773	775
774	775
774	776
775	776
775	777
776	777
776	778
777	778
777	3110
778	779
778	780
779	781
779	1072
780	781
781	782
781	783
782	784
782	1697
783	784
783	785
784	786
784	3485
785	786
785	787
785	2482
786	787
786	788
787	788
787	789
787	2179
788	789
788	790
789	791
789	2600
790	791
790	792
791	792
791	793
792	793
792	794
792	1094
793	794
793	795
794	795
794	796
795	796
795	1360
796	798
796	1544
797	798
797	799
798	799
798	2445
799	800
799	801
800	801
800	802
801	802
801	2230
802	803
802	804
803	804
803	805
804	805
804	806
805	806
805	807
805	912
806	807
806	808
807	808
807	809
808	809
808	810
808	3385
809	810
810	811
810	1396
811	812
811	813
812	813
812	3455
813	2546
813	3060
814	815
814	816
815	816
815	817
815	1024
816	817
816	818
817	818
817	819
818	819
818	820
819	820
819	821
820	822
820	3267
820	3479
821	822
821	823
822	823
822	824
823	824
823	825
823	2306
824	825
824	826
825	827
825	1979
825	3439
826	827
827	828
827	2191
828	829
828	830
829	830
829	831
829	2103
830	831
830	832
831	832
831	833
832	834
832	951
833	835
833	2047
834	835
834	836
835	836
835	837
835	1667
836	837
836	838
837	839
837	3242
838	839
838	840
839	840
839	841
840	841
840	842
841	842
841	843
841	1077
842	843
842	844
843	844
843	845
843	999
843	3209
844	845
844	846
844	3309
845	846
845	847
846	847
846	1758
847	848
847	849
847	1982
848	849
848	850
848	2991
849	850
849	851
850	851
851	853
851	1965
851	2770
852	2850
853	854
853	855
854	855
854	856
854	907
855	856
855	857
856	857
856	858
857	858
857	859
858	859
858	1716
859	861
859	3074
860	862
860	1253
861	862
861	863
861	2102
862	864
862	3235
863	864
863	865
864	865
864	866
864	2350
865	866
865	867
866	867
866	868
867	868
867	869
868	869
869	871
869	2255
869	2399
870	871
870	872
871	872
871	873
871	2517
872	873
872	874
873	875
873	1387
874	876
874	2136
875	876
875	877
876	877
876	878
877	878
877	879
877	2283
878	879
878	2746
879	880
879	881
880	881
880	882
880	2354
881	882
881	883
882	883
882	884
883	905
883	2967
884	885
884	886
884	2229
885	886
885	2683
886	887
886	888
887	888
887	889
887	3026
888	890
888	2959
889	890
889	1914
890	891
890	892
891	892
891	893
892	893
892	894
892	1860
893	894
893	895
894	895
894	896
895	896
895	897
896	898
896	2940
897	898
897	899
898	1824
898	2716
899	901
899	3078
900	901
900	902
901	902
901	903
902	903
902	904
903	904
903	905
904	905
904	906
905	906
905	907
906	907
906	908
907	908
908	909
908	910
909	910
909	911
910	911
910	912
910	2520
911	912
911	913
912	1856
912	3174
913	914
913	915
914	915
914	916
915	916
915	917
915	1953
916	917
916	918
916	3144
917	918
917	919
918	919
918	920
919	921
919	2655
920	1068
920	1214
921	922
921	923
922	923
922	924
922	3326
923	924
923	925
924	925
924	926
924	978
925	926
925	927
926	927
926	928
927	928
927	929
928	929
928	930
929	930
929	931
930	932
930	2419
931	932
931	933
932	933
933	934
933	935
933	1086
934	3407
935	937
936	937
936	938
937	938
938	939
938	940
938	1119
938	1339
939	940
939	941
940	941
940	942
941	942
941	943
942	943
942	3026
943	944
943	945
944	945
944	946
944	2557
945	946
945	947
946	947
946	948
946	1396
947	948
947	949
948	949
948	950
949	950
949	951
949	1867
950	951
950	952
951	952
952	953
952	954
952	3013
953	954
953	2461
954	955
954	956
955	956
955	957
956	958
956	2957
957	958
957	959
958	959
958	960
959	961
959	3233
960	962
960	1839
961	962
961	963
962	963
962	964
963	964
963	965
964	965
964	966
965	966
965	967
966	967
966	968
967	968
967	1368
967	1528
967	3429
968	969
968	970
969	970
969	971
969	1366
969	3450
970	971
970	972
971	972
971	973
972	973
972	974
973	974
973	975
974	975
974	976
975	977
976	978
977	978
977	979
977	2665
978	3286
979	980
979	981
980	981
980	982
980	1545
980	3467
981	982
981	983
982	984
982	2552
982	2923
983	984
983	985
984	986
984	2293
984	3420
985	986
985	987
986	987
986	988
987	988
987	989
988	989
988	990
989	990
989	991
990	992
990	1940
990	2114
991	992
991	993
992	993
992	994
992	1563
992	2249
993	995
993	1774
994	995
994	996
994	1867
994	2236
995	997
996	998
996	3448
997	998
997	3056
998	999
998	1000
999	1001
1000	1203
1000	3300
1001	1002
1001	1003
1002	1003
1002	1004
1003	1004
1003	1005
1003	1811
1003	2181
1004	1005
1004	1006
1005	1006
1005	1007
1006	1007
1006	2305
1007	1008
1007	1009
1008	1009
1008	1010
1008	2141
1009	1011
1009	2516
1009	2782
1010	1011
1010	1012
1011	1013
1012	1013
1012	1014
1013	1014
1013	1015
1013	3259
1014	1015
1014	1016
1015	1016
1015	1017
1016	1018
1016	2074
1016	3366
1017	1018
1017	1019
1017	2600
1018	1019
1018	1020
1019	1020
1019	1021
1020	1021
1020	2454
1020	3249
1021	1022
1021	1023
1022	1023
1022	1024
1022	1451
1023	1024
1023	1025
1024	1025
1025	1026
1025	3328
1026	1027
1026	1028
1027	1028
1027	1029
1028	1029
1028	1030
1029	1030
1029	1031
1030	1031
1030	1032
1031	1032
1031	1033
1032	1033
1032	1034
1033	1034
1033	1035
1034	1035
1034	1036
1035	1036
1035	1037
1036	1037
1036	2287
1036	2898
1037	1038
1037	1039
1038	1039
1038	1183
1039	1040
1039	2564
1039	2695
1040	1041
1040	1042
1041	1042
1041	1043
1042	1043
1042	1044
1043	1532
1044	1045
1044	1046
1045	1046
1045	1047
1046	1048
1046	2816
1047	1048
1047	1049
1047	1790
1048	1049
1048	1050
1048	1116
1048	3091
1049	1050
1049	1051
1050	1051
1050	1052
1050	1089
1051	1053
1051	2621
1052	2566
1052	3491
1053	1055
1053	1190
1053	3203
1054	1055
1054	1056
1055	1056
1055	1660
1056	1057
1056	1058
1056	1881
1057	1058
1057	1059
1058	1059
1058	1060
1059	1060
1060	1061
1061	1062
1061	1063
1062	1063
1062	1064
1063	1064
1063	1065
1064	1065
1064	2863
1065	1066
1065	1067
1066	1067
1066	1068
1067	1068
1067	1069
1068	1069
1068	1070
1069	1070
1069	1071
1069	1236
1070	1071
1070	1072
1071	1072
1071	1073
1071	2808
1072	1073
1072	1074
1073	1074
1073	1075
1074	1075
1075	1076
1075	1077
1076	1077
1076	1078
1077	1078
1078	1079
1078	3207
1079	1080
1079	1081
1080	1081
1080	1082
1081	1083
1082	1083
1082	1084
1083	1085
1083	3018
1084	1085
1084	1086
1084	2290
1085	1086
1085	1087
1085	1587
1086	1087
1086	3050
1087	1088
1087	1089
1088	1089
1088	1090
1088	2503
1089	1091
1090	1091
1090	1092
1090	1229
1090	2158
1091	1092
1091	1093
1092	1093
1092	1094
1093	1094
1093	1095
1094	1096
1095	1096
1095	1666
1096	1097
1096	1098
1096	2649
1097	1098
1097	1099
1097	2161
1098	1099
1098	1100
1098	1518
1098	2926
1099	2115
1099	2641
1100	1101
1100	1102
1101	1102
1101	1103
1101	3007
1102	1103
1102	1808
1102	2731
1103	1104
1103	1105
1103	1998
1103	3482
1104	1105
1104	1106
1105	1106
1105	1107
1106	1107
1106	1108
1107	1108
1107	1109
1108	1109
1109	1110
1109	1111
1109	2486
1110	1111
1110	1112
1111	1112
1111	1113
1112	1113
1112	1275
1112	1929
1112	2003
1113	1114
1113	1115
1114	1115
1114	1116
1115	1116
1115	1117
1116	1117
1116	2822
1117	1118
1117	2275
1118	1119
1118	1120
1119	1121
1119	1765
1120	1121
1120	2115
1121	1122
1121	1123
1122	1123
1122	1124
1123	1124
1123	1125
1124	1125
1124	1126
1125	1127
1125	1419
1126	1127
1126	1128
1127	1128
1127	1129
1128	1129
1128	1130
1129	1130
1129	1131
1130	1131
1130	1132
1131	1132
1131	1133
1132	1133
1132	1134
1133	1135
1133	2628
1133	3494
1134	1135
1134	1136
1135	1136
1135	1137
1136	1138
1136	3483
1137	1138
1137	1139
1137	2001
1138	1139
1138	1140
1138	1390
1139	1140
1139	1141
1139	2803
1140	1141
1140	1142
1141	1142
1141	1143
1142	1143
1142	1144
1143	1145
1143	2144
1144	1145
1144	1146
1144	1768
1144	2669
1145	1146
1145	1147
1146	1147
1146	1148
1147	1148
1147	1149
1148	1149
1149	1150
1149	1151
1150	1151
1150	1152
1151	1152
1151	1153
1152	1153
1152	1154
1153	1154
1153	1155
1154	1155
1154	1156
1154	1330
1155	1156
1155	1157
1156	1157
1156	1158
1157	1159
1157	1978
1158	1159
1158	1160
1159	1160
1159	1161
1160	1161
1160	1162
1161	1162
1161	1163
1162	1163
1162	1164
1163	1164
1163	1165
1163	2951
1164	1165
1164	1166
1164	3469
1165	2672
1165	3107
1166	1167
1166	1285
1167	1169
1167	1733
1168	1169
1168	1170
1168	1416
1169	1170
1169	1171
1170	1171
1170	1172
1171	1173
1171	2974
1172	1173
1172	1174
1172	3268
1173	1174
1173	1175
1174	1176
1174	2395
1174	3317
1175	1176
1175	1177
1176	1178
1176	2573
1177	1178
1177	1179
1177	1976
1178	1179
1178	1180
1178	2738
1179	1180
1179	1181
1180	1181
1180	1182
1180	2056
1181	1182
1181	1183
1181	3449
1182	1184
1182	1431
1182	3328
1183	1184
1183	1185
1183	2711
1184	1185
1185	1186
1185	1187
1186	1187
1186	2504
1187	1189
1187	2693
1188	1189
1188	1190
1189	1190
1189	1191
1190	1191
1190	1192
1191	1192
1191	3475
1192	1193
1192	2443
1193	1194
1193	1195
1194	1196
1194	2512
1195	1196
1195	1197
1196	1197
1196	1198
1197	1198
1197	1199
1197	2671
1198	1199
1198	1200
1199	1200
1199	1201
1200	1201
1200	1202
1201	1202
1201	1203
1202	1203
1202	1204
1203	1204
1203	1205
1204	1206
1204	1519
1205	1206
1205	1207
1206	3316
1207	1208
1207	1277
1207	2770
1208	1210
1208	1572
1209	1210
1209	1211
1210	1211
1210	1212
1211	1212
1211	1213
1211	1310
1212	1213
1212	1214
1213	1214
1213	1215
1214	1215
1214	1216
1215	1216
1215	1217
1216	1217
1216	1218
1217	1218
1217	1219
1218	1219
1218	1220
1219	1220
1219	1221
1220	1221
1220	1222
1221	1222
1221	1223
1222	1223
1222	1224
1223	1224
1223	1225
1224	1225
1224	1226
1225	1226
1225	2482
1226	1227
1226	1228
1227	1228
1227	2225
1228	1229
1228	1502
1229	1231
1230	1231
1230	2553
1230	2619
1230	3426
1231	1232
1231	1233
1232	1234
1232	1766
1233	2112
1233	3281
1234	1235
1234	1236
1235	1237
1236	1238
1237	1238
1237	1239
1237	1349
1237	2351
1238	1239
1239	1240
1239	1241
1239	2811
1240	1241
1240	1242
1241	1242
1241	1243
1242	1243
1242	1244
1243	1244
1243	1245
1244	1245
1244	1246
1245	1246
1245	1247
1246	1247
1246	1248
1247	1248
1247	1249
1248	1514
1248	1759
1249	2100
1250	1251
1250	1252
1251	1253
1251	1794
1252	1253
1252	1254
1253	1254
1253	1255
1253	1624
1254	1255
1254	1256
1255	1256
1255	1257
1256	1257
1256	1258
1257	1258
1257	1259
1258	1259
1258	1260
1259	1260
1259	1261
1259	1802
1260	1261
1260	1262
1261	1262
1261	1263
1262	1263
1262	1264
1262	1321
1263	1264
1263	1265
1264	1265
1264	1266
1264	2436
1265	1266
1265	3050
1266	1267
1266	1268
1266	3088
1267	1268
1267	1269
1268	1269
1268	1270
1269	1271
1269	2082
1270	1271
1270	2174
1271	1272
1271	1273
1272	1273
1272	1274
1272	2496
1273	1275
1273	2067
1274	1275
1274	1276
1275	1277
1275	2352
1276	1277
1276	1278
1276	2121
1277	1278
1278	1280
1278	1599
1279	1280
1279	1281
1279	1549
1279	3136
1280	1281
1280	1282
1281	1282
1281	1283
1282	1283
1282	1284
1282	3072
1283	1284
1283	2865
1283	3370
1284	1285
1284	1286
1285	1286
1285	1287
1286	1288
1287	1288
1287	1289
1288	1289
1288	1290
1289	1290
1289	1291
1290	1291
1290	1292
1291	1292
1291	1293
1291	1944
1292	1294
1292	2301
1293	1294
1293	1295
1294	1295
1294	1296
1295	1296
1295	1297
1296	1297
1296	1298
1296	2033
1297	1298
1297	1299
1298	1299
1298	1300
1299	1300
1299	1301
1300	1301
1300	1302
1301	1302
1301	1303
1302	1303
1302	1304
1302	2974
1303	1304
1303	1305
1304	1305
1304	1306
1305	1306
1305	1307
1306	1307
1306	1308
1307	1308
1307	1309
1308	1309
1308	1310
1308	2188
1309	1311
1309	1982
1309	2318
1310	1312
1311	1312
1311	1313
1312	1314
1312	2022
1313	1314
1313	1315
1314	1315
1314	1316
1315	1316
1315	2386
1315	2464
1316	1318
1316	2477
1317	1318
1317	1319
1318	1319
1318	1320
1319	1320
1320	1322
1320	2167
1321	1323
1321	2179
1322	1323
1322	1324
1323	1324
1323	1325
1324	1326
1324	2296
1325	1326
1325	1327
1326	1327
1326	1328
1326	1849
1327	1328
1327	1329
1327	2903
1328	1329
1329	1330
1329	1331
1329	3221
1330	1331
1330	2755
1331	1332
1331	1455
1332	1333
1332	1334
1333	1334
1333	3153
1334	1336
1334	2285
1334	3407
1335	1336
1335	1337
1336	1337
1336	1338
1337	1339
1337	2461
1338	1339
1338	1983
1339	1341
1340	1342
1341	1342
1341	1343
1342	1343
1342	1344
1343	1344
1343	1345
1343	3250
1344	1345
1344	1346
1345	1346
1345	1347
1346	1347
1346	1348
1347	1348
1347	1349
1348	1349
1348	1350
1348	3265
1349	1351
1350	1351
1350	1352
1351	1352
1351	1353
1351	2481
1352	1353
1352	1354
1353	1354
1353	1355
1354	1355
1354	1356
1355	1357
1355	3101
1356	1357
1356	1358
1357	1358
1357	1359
1357	1972
1358	1359
1358	1360
1358	2719
1359	1361
1359	2248
1360	1362
1360	2406
1361	1362
1361	1363
1362	1363
1362	1364
1362	2358
1363	1364
1363	1365
1364	1365
1364	1366
1365	1366
1365	1367
1365	2550
1365	3423
1366	1368
1367	1369
1367	2683
1368	1369
1369	1370
1369	1371
1370	1371
1370	1372
1370	1911
1371	1372
1372	1373
1372	1374
1373	1374
1373	1375
1374	1375
1374	1376
1375	1376
1375	1377
1376	1377
1376	1378
1377	1378
1377	1379
1378	1380
1378	1985
1379	1380
1379	1381
1379	2041
1380	1381
1380	2895
1381	1382
1381	1383
1381	2537
1381	2746
1382	1383
1383	1384
1383	1385
1384	1385
1384	1386
1384	2512
1385	1386
1385	2652
1386	1388
1386	2113
1387	1388
1387	1389
1388	1389
1388	3189
1389	1390
1389	1391
1389	2976
1390	1392
1391	1392
1391	1393
1392	1393
1392	2976
1393	1394
1393	1395
1394	1396
1395	1396
1395	1397
1396	1397
1396	3231
1396	3389
1397	1398
1397	1399
1398	1399
1398	1400
1399	1400
1399	1401
1400	1401
1400	1402
1401	1402
1401	1403
1401	2863
1401	3424
1402	1403
1402	1404
1403	1404
1403	1405
1404	1405
1404	1406
1405	1406
1405	1407
1405	2901
1406	1407
1406	1408
1407	1409
1407	3055
1408	2230
1409	1410
1409	1411
1409	2316
1410	1411
1410	1412
1411	1412
1411	1413
1412	1414
1412	1714
1412	2798
1413	1414
1413	1415
1414	1415
1414	1416
1414	2133
1415	1416
1415	1417
1416	1417
1417	1418
1417	1419
1418	1419
1418	1420
1419	1420
1419	1421
1420	1421
1420	1422
1421	1422
1421	1423
1422	1423
1422	1424
1423	1424
1423	1425
1424	1425
1424	1426
1424	2380
1425	1426
1425	1427
1425	1519
1426	1427
1426	1428
1427	1429
1427	2887
1428	1429
1428	1430
1429	1430
1429	1431
1430	1431
1430	1432
1431	1432
1432	1433
1432	1434
1433	1435
1434	1435
1434	1436
1435	1436
1435	1437
1436	1437
1436	1438
1437	2058
1437	2407
1438	1439
1438	1440
1439	1440
1439	1441
1440	1441
1440	2624
1441	1443
1441	2256
1441	3374
1442	1443
1442	1444
1443	1444
1443	1445
1444	1445
1444	1446
1445	1446
1445	1447
1446	1447
1446	1799
1447	1448
1447	1449
1448	1450
1448	1725
1449	1451
1449	2122
1450	1451
1450	1452
1451	1452
1452	1453
1452	1454
1453	1454
1453	1455
1454	1455
1454	1456
1455	1457
1456	1457
1456	1458
1457	1458
1457	1459
1458	1459
1458	1460
1459	1460
1459	1461
1460	1461
1460	1929
1461	1462
1461	1463
1462	1463
1462	1464
1463	1465
1463	1755
1464	1465
1464	1466
1465	1466
1466	1467
1467	1468
1467	1469
1468	1469
1469	1470
1469	1576
1470	1471
1470	1811
1471	1472
1471	1473
1472	1473
1472	1474
1473	1474
1473	1475
1474	1475
1474	1476
1475	1476
1475	1477
1476	1477
1476	1478
1477	1478
1477	1479
1478	1479
1478	1480
1479	1480
1479	1481
1480	1481
1480	1482
1481	1482
1481	1483
1482	1483
1482	3474
1483	1484
1483	1485
1484	1485
1484	1486
1484	1520
1485	1486
1485	1487
1486	1487
1486	1797
1487	1488
1487	1489
1488	1489
1488	1490
1489	1491
1489	1560
1490	1491
1490	1492
1491	1492
1491	1493
1492	1494
1492	1848
1492	2414
1492	2727
1493	1494
1493	1495
1493	1551
1494	1495
1494	1496
1495	1496
1495	1497
1495	2062
1496	1497
1496	1498
1496	2770
1497	1498
1497	1499
1498	1499
1498	1500
1499	1501
1499	2816
1500	1501
1500	1502
1501	1502
1501	1503
1501	2273
1502	1503
1502	2948
1503	1504
1503	1505
1503	2718
1504	1505
1504	1506
1505	1507
1505	2886
1506	1507
1506	1508
1506	2596
1507	1631
1508	1510
1508	2834
1509	1511
1510	1511
1510	1512
1511	1512
1511	1513
1512	1513
1512	1514
1513	1514
1513	1515
1513	2314
1514	1515
1514	1516
1515	1516
1515	1517
1516	1517
1516	1518
1517	1519
1517	3299
1518	1863
1518	2025
1519	1521
1519	2890
1519	3330
1520	1521
1521	1522
1521	1523
1522	1523
1522	1524
1522	2453
1522	3270
1523	1524
1523	1525
1523	1880
1524	1525
1524	1526
1525	1526
1525	1527
1526	1527
1526	1528
1526	3446
1527	2275
1527	3053
1528	1529
1529	1530
1529	2502
1529	2932
1530	1531
1530	2101
1531	1533
1532	1533
1532	1534
1533	1535
1533	2427
1534	1536
1535	1536
1535	1537
1536	1537
1536	1538
1536	2881
1537	1538
1537	3203
1538	1539
1538	1540
1539	1540
1539	1541
1540	1541
1540	1542
1541	1542
1541	1543
1542	1544
1542	2120
1543	1544
1543	3027
1544	1545
1544	1546
1545	1546
1546	1548
1547	1548
1547	1549
1548	1549
1548	1550
1549	1563
1550	1551
1550	2484
1551	1553
1552	1553
1552	1554
1552	2108
1553	1554
1553	1555
1554	1555
1554	1556
1555	1556
1555	1557
1556	1557
1556	1558
1557	1559
1557	2376
1558	1559
1558	1605
1559	1560
1559	1561
1560	1562
1560	3399
1561	1562
1561	1563
1561	1718
1562	1563
1562	1564
1562	2850
1564	1565
1564	1566
1565	1566
1565	1567
1566	1567
1566	1568
1566	2220
1567	1568
1567	1569
1568	1569
1568	1570
1569	1570
1569	1571
1569	2535
1570	1571
1570	1572
1571	1572
1571	2702
1572	1573
1572	1574
1573	1574
1573	1575
1574	1575
1574	1576
1574	1692
1574	2043
1575	1577
1575	2649
1576	1577
1576	1630
1577	1578
1577	1579
1578	1580
1579	1580
1579	1581
1579	1841
1580	1581
1580	1582
1581	1582
1581	1583
1582	1583
1582	1584
1583	1584
1583	1585
1583	2900
1584	1585
1584	1586
1585	1586
1585	1587
1586	1587
1587	1588
1588	1589
1588	1590
1589	1590
1589	1591
1590	1591
1590	1592
1591	1592
1591	1593
1592	1593
1592	1594
1593	1594
1593	1595
1593	2631
1594	1595
1594	1596
1594	1951
1595	1596
1595	1597
1595	1662
1596	1597
1596	1598
1597	2664
1597	2879
1597	3201
1598	1599
1598	1600
1599	1600
1599	1601
1600	1601
1600	2171
1601	1602
1601	1603
1602	1603
1602	1604
1603	1604
1603	1605
1604	1605
1604	1606
1604	1952
1604	2075
1605	1606
1605	1607
1606	1607
1606	1608
1607	1608
1607	1609
1608	1609
1608	1610
1609	1610
1609	1611
1610	1611
1610	1612
1610	1817
1611	1612
1611	1613
1611	2237
1612	1613
1612	1614
1613	1614
1613	1615
1614	1616
1614	1834
1615	1616
1615	1617
1616	1617
1616	1618
1617	1618
1617	1619
1618	1619
1618	1620
1619	1620
1619	1621
1620	1621
1620	1622
1621	1622
1621	1623
1621	3464
1622	1623
1622	1624
1623	1624
1623	1954
1624	2356
1624	3403
1625	1627
1625	2264
1625	2625
1626	1627
1626	1628
1626	2914
1627	1628
1627	1892
1628	1629
1628	1630
1629	1630
1629	1631
1630	1632
1631	1632
1631	1633
1632	1633
1632	1634
1633	1634
1633	1635
1633	2034
1634	1635
1634	1636
1635	1636
1635	1637
1635	2347
1636	1637
1636	1638
1637	1638
1637	1639
1638	1640
1638	2297
1639	1640
1639	1641
1640	1641
1640	1642
1641	1642
1641	1643
1642	1644
1643	1644
1643	1645
1644	1858
1644	2122
1645	1647
1645	1868
1646	1648
1647	1648
1647	1649
1647	1740
1648	1649
1648	1650
1649	1651
1649	3347
1649	3409
1650	1651
1650	1652
1651	1652
1652	1653
1652	1654
1653	1696
1653	1883
1653	2516
1654	1655
1654	1656
1655	1656
1656	1657
1656	1658
1657	1658
1657	2563
1658	2189
1658	2404
1659	1661
1659	3325
1660	1662
1661	1662
1661	1663
1662	1663
1662	1773
1662	3173
1663	1664
1663	1665
1664	1665
1664	1666
1665	1666
1665	1667
1666	1667
1666	1668
1667	1903
1667	2994
1668	1669
1668	1670
1668	3431
1669	1670
1669	1671
1670	1671
1670	1672
1671	1673
1671	2802
1672	1673
1672	1674
1672	3157
1673	1675
1673	3189
1674	1675
1674	1676
1675	1676
1676	1677
1676	1979
1677	1679
1677	2647
1678	1679
1678	1680
1678	3274
1678	3305
1679	1680
1679	1681
1680	1681
1680	1682
1680	1827
1681	1682
1681	1683
1682	1831
1682	2620
1682	2717
1683	1684
1684	1685
1684	1686
1685	1686
1685	1687
1685	3208
1686	1687
1686	1688
1687	1688
1687	2045
1688	1690
1688	1869
1688	2695
1689	1690
1689	1691
1690	1691
1690	1692
1691	1692
1691	1693
1692	2707
1693	1694
1693	1695
1694	1696
1694	3359
1695	1696
1695	1697
1696	1698
1697	1698
1697	1699
1698	1700
1698	3371
1699	1700
1699	2995
1700	1701
1700	1702
1701	1702
1701	1703
1702	1704
1702	2407
1703	1704
1703	1705
1704	1705
1704	1706
1705	1706
1705	1707
1706	1707
1706	1708
1707	1708
1707	1709
1708	1709
1708	1710
1709	1710
1709	3210
1710	1711
1710	1712
1711	1712
1711	1713
1712	1713
1712	2725
1713	1714
1713	1715
1714	1715
1714	1716
1714	2594
1715	1716
1715	1717
1715	2636
1716	1718
1716	2660
1717	1718
1717	1719
1718	1719
1718	1748
1719	1720
1719	1721
1719	2420
1720	1721
1720	1722
1721	1722
1721	1723
1722	1724
1723	1724
1723	1725
1724	1725
1724	1726
1725	1726
1725	1727
1725	3202
1726	1727
1726	1728
1727	1728
1727	1729
1728	1729
1728	1730
1729	1730
1729	2036
1730	1731
1730	1732
1730	2222
1731	1732
1731	3180
1732	1734
1733	1734
1733	1735
1734	1735
1734	1736
1735	1736
1735	2583
1735	3317
1736	1737
1736	3002
1737	1738
1737	1739
1738	1739
1738	1740
1739	1740
1739	1741
1740	1742
1741	1742
1741	3002
1742	1743
1742	1744
1742	2975
1743	1744
1743	1745
1744	1746
1744	3352
1745	1746
1745	1747
1745	2696
1746	1747
1746	1748
1747	1748
1747	2920
1748	1749
1748	3328
1749	1750
1749	1751
1750	1751
1750	2298
1750	3097
1751	1752
1751	1753
1752	1753
1752	1754
1752	1988
1753	1754
1753	1755
1754	1755
1754	1756
1755	1756
1755	1757
1756	1758
1756	2608
1757	1758
1757	1759
1758	1759
1758	3249
1759	1760
1759	2059
1760	1762
1760	2293
1760	3371
1761	1762
1761	2284
1761	2299
1762	1763
1763	1764
1763	1765
1764	1765
1764	1766
1765	1979
1766	1767
1766	1768
1767	1768
1767	1769
1768	1769
1768	3306
1769	1770
1769	1771
1770	1771
1770	1772
1771	1772
1771	1890
1772	1773
1772	1774
1773	1774
1774	1775
1774	1776
1775	1776
1775	3159
1776	1777
1776	1778
1777	1778
1777	1779
1778	1779
1778	1780
1778	2542
1779	1780
1779	1781
1780	1781
1780	3348
1781	1782
1781	1783
1782	1783
1782	1784
1783	1784
1783	1785
1783	2511
1784	1786
1784	2375
1785	1786
1785	1787
1785	2872
1786	1787
1786	1788
1787	1788
1788	1789
1788	1790
1789	1791
1789	3396
1790	1792
1791	1793
1792	1793
1792	3126
1792	3472
1793	1794
1793	2542
1794	1795
1794	1796
1795	1797
1795	2960
1796	1797
1796	2407
1797	1799
1798	1799
1798	1800
1799	1801
1799	2853
1800	1801
1800	1802
1801	1802
1801	1803
1802	1803
1803	1804
1803	1805
1803	2048
1804	1805
1804	3113
1805	1806
1805	1807
1806	1807
1806	1808
1807	1808
1807	1979
1807	2554
1808	1809
1808	1810
1809	1810
1809	1811
1810	1812
1810	3299
1811	2186
1812	1813
1812	3291
1813	1814
1814	1815
1814	1816
1815	1816
1815	1817
1815	3326
1816	1817
1816	1818
1817	1818
1818	1819
1818	1820
1819	1820
1819	1821
1820	1821
1820	1822
1821	1822
1821	1823
1821	2232
1822	1823
1822	2408
1823	1824
1823	1825
1823	2489
1824	1825
1825	1826
1825	1827
1826	1827
1826	1828
1827	1829
1828	1830
1829	1831
1830	1831
1830	1832
1830	1896
1832	1833
1832	1834
1832	3258
1833	1834
1833	1835
1834	1835
1834	1836
1834	2945
1835	1837
1835	2460
1836	1837
1836	1838
1837	1838
1837	1839
1838	1839
1838	1840
1839	1840
1839	2921
1840	1841
1840	1842
1841	1843
1842	1843
1842	1844
1842	3410
1843	1844
1843	1845
1844	1845
1844	3293
1845	1847
1846	1848
1846	1914
1847	1848
1847	1849
1848	3256
1849	1851
1849	3152
1850	1851
1850	2358
1851	1852
1851	1853
1852	1853
1852	2799
1853	1854
1853	1855
1854	1855
1854	1856
1855	1856
1855	1857
1856	1858
1857	1858
1857	1859
1858	1859
1858	1860
1859	1860
1859	1861
1860	2895
1861	1862
1861	3109
1862	1863
1863	1864
1864	1865
1864	1866
1865	1866
1865	1867
1866	1868
1866	3362
1868	1870
1869	1870
1870	1871
1870	1966
1871	1872
1871	1873
1872	1873
1872	1874
1873	1874
1873	1875
1873	2224
1874	1875
1874	1876
1875	1876
1875	1877
1876	1878
1876	3251
1877	2856
1877	3284
1878	1880
1878	2331
1879	1880
1879	1881
1880	1882
1880	3017
1881	1882
1882	1884
1882	1987
1883	1884
1884	1885
1884	1886
1885	1886
1885	1887
1886	1887
1886	1888
1887	1888
1887	1889
1888	1889
1888	1976
1889	1890
1889	1891
1890	1891
1890	3319
1891	1892
1891	1893
1892	1893
1892	1894
1893	1894
1893	1895
1894	1895
1894	1896
1895	1896
1895	1897
1896	1897
1897	1899
1897	3332
1898	1899
1898	1900
1899	1900
1899	1901
1900	1901
1900	1902
1901	1902
1901	1903
1902	1904
1902	3091
1903	1905
1904	1905
1904	2854
1905	1906
1905	1907
1906	1907
1906	1908
1907	1908
1907	2491
1907	2904
1908	1909
1908	1910
1909	1910
1909	1911
1909	3215
1910	1911
1910	1912
1911	1977
1912	1913
1912	1914
1913	1915
1914	1915
1915	1916
1915	3148
1915	3282
1916	1917
1916	1918
1917	1919
1917	2823
1918	1920
1918	1974
1919	1920
1919	1921
1920	1921
1920	1922
1921	1922
1921	1923
1922	1923
1922	1924
1922	3344
1923	1924
1923	2117
1923	3056
1924	1925
1924	1926
1924	3026
1925	1926
1925	1927
1926	1927
1926	1928
1927	1929
1927	3185
1928	1929
1928	1930
1929	1931
1930	1932
1930	2292
1931	1932
1931	1933
1932	1933
1932	1934
1933	1934
1933	1935
1934	1935
1934	1936
1935	1936
1935	1937
1936	1937
1936	1938
1937	1938
1937	2303
1938	1939
1938	1940
1939	1940
1939	2468
1939	3036
1940	1941
1941	1942
1941	1943
1942	1943
1942	1944
1943	1944
1943	1945
1944	1945
1944	3079
1945	1946
1945	1947
1946	1947
1946	1948
1947	1949
1947	2784
1948	1949
1948	1950
1949	1950
1949	1951
1950	1951
1950	1952
1951	1953
1952	1953
1953	1955
1953	3386
1954	1955
1954	1956
1955	1956
1955	1957
1956	1957
1956	1958
1957	1958
1957	1959
1958	1959
1958	1960
1959	1960
1959	1961
1960	1961
1960	1962
1961	1962
1961	1963
1961	2307
1962	1963
1962	2960
1963	1964
1963	1965
1964	1965
1964	1966
1965	1967
1965	3163
1966	1967
1966	1968
1967	1968
1967	1969
1968	1969
1968	1970
1969	1970
1969	1971
1969	3030
1970	1972
1971	1972
1971	1973
1972	1973
1972	3210
1973	1975
1973	2755
1974	1975
1974	1976
1975	1976
1975	1977
1976	1978
1976	2562
1977	1978
1977	2404
1978	1979
1978	2111
1979	1981
1980	1981
1980	1982
1980	2016
1981	1983
1981	3256
1982	1983
1983	1985
1983	2087
1984	1985
1984	1986
1985	1986
1985	1987
1986	1987
1986	1988
1987	1988
1987	1989
1989	1990
1989	1991
1990	1991
1990	1992
1991	1993
1991	2778
1991	3422
1992	1993
1992	2315
1993	1994
1993	2510
1994	1995
1994	1996
1995	1996
1995	2484
1995	2652
1996	1997
1996	1998
1997	1998
1997	1999
1998	1999
1999	2000
1999	2001
2000	2001
2000	2002
2001	2002
2002	2003
2002	2004
2003	2004
2004	2006
2004	2231
2004	2396
2005	2006
2005	2007
2006	2007
2006	2008
2006	3187
2007	2008
2007	2009
2008	2009
2008	2010
2009	2010
2009	2011
2010	2012
2010	2983
2011	2012
2011	2013
2012	2013
2012	2014
2013	2014
2013	2015
2014	2015
2014	2016
2015	2016
2015	2017
2016	2018
2017	2018
2017	2019
2017	3387
2018	2019
2018	2020
2019	2020
2019	2021
2019	2037
2019	3122
2020	2021
2020	2022
2021	2022
2021	2023
2022	2023
2022	2024
2023	2024
2023	2025
2023	3019
2024	2025
2024	2026
2025	2026
2025	2027
2026	2027
2026	2028
2027	2028
2027	2029
2028	2029
2028	2030
2028	3498
2029	2030
2029	2031
2030	2031
2030	2032
2031	2032
2031	2033
2032	2033
2032	2034
2032	2729
2033	2035
2034	2036
2035	2036
2036	2037
2036	2038
2037	2039
2038	2039
2038	2040
2039	2040
2039	2041
2040	2042
2040	2397
2041	2043
2042	2043
2042	2044
2043	2149
2044	2045
2044	2046
2045	2046
2045	2047
2046	2047
2046	2048
2046	3173
2047	2049
2048	2050
2048	2905
2049	2050
2049	2051
2050	2051
2050	2052
2050	3205
2051	2053
2052	2053
2052	3280
2053	2492
2053	3440
2054	2055
2054	2056
2055	2056
2055	2057
2056	2057
2057	2058
2057	2059
2058	2059
2058	2060
2059	2060
2059	2061
2060	2061
2060	2062
2061	2062
2061	2063
2062	2064
2063	2064
2063	2065
2064	2065
2064	2066
2065	2066
2065	2067
2066	2067
2066	2068
2067	2599
2067	2809
2067	3016
2068	2069
2068	2070
2069	2070
2069	2071
2070	2072
2070	2883
2071	2072
2071	2477
2072	2073
2072	2074
2073	2074
2073	2075
2074	2075
2075	2077
2076	2077
2076	2078
2077	2078
2077	2079
2077	2764
2078	2079
2078	3341
2079	2080
2079	2081
2080	2081
2080	2082
2081	2082
2081	2083
2082	2083
2082	2943
2082	3350
2083	2084
2083	2085
2084	2085
2084	2086
2085	2086
2085	3061
2086	2169
2087	2088
2087	2089
2088	2089
2088	2090
2089	2090
2089	2091
2090	2091
2090	2092
2090	2750
2091	2092
2091	2093
2091	2142
2092	2093
2092	2094
2093	2095
2094	2095
2094	2096
2095	2096
2095	2097
2096	2097
2096	2098
2097	2098
2097	2099
2097	2981
2098	2099
2098	2100
2099	2100
2099	2101
2099	2159
2100	2101
2101	2102
2101	2103
2102	2104
2104	2392
2105	3289
2106	2107
2106	2108
2107	2108
2107	2109
2108	2109
2109	2110
2109	2111
2110	2111
2110	2112
2111	2112
2111	2113
2111	2338
2112	2113
2112	2114
2113	2114
2113	2115
2114	2116
2115	2116
2115	2583
2116	2117
2116	2118
2117	2119
2117	2974
2118	2119
2118	2120
2118	2646
2119	2120
2119	2121
2120	2122
2121	2123
2122	2123
2122	2502
2123	2124
2123	2263
2124	2125
2124	2126
2125	2126
2125	3116
2125	3183
2126	2127
2126	3373
2127	2128
2127	2129
2128	2130
2129	2130
2129	2131
2130	2131
2130	3008
2131	2132
2132	2133
2132	2134
2133	2135
2134	2135
2134	2136
2135	2136
2135	3445
2136	2137
2136	2138
2137	2138
2137	2139
2138	2139
2138	2140
2139	2140
2139	2141
2140	2141
2140	2142
2141	2143
2142	2144
2142	3302
2143	2144
2143	2145
2144	2145
2144	2146
2145	2147
2145	2472
2146	2147
2146	2148
2147	2148
2147	2149
2148	2150
2148	2320
2149	2150
2149	2151
2150	2151
2150	2152
2151	2152
2151	2153
2152	2153
2152	2154
2153	2155
2153	3411
2154	2156
2154	2722
2155	2156
2155	2157
2155	3432
2156	2157
2157	2158
2157	2667
2157	3135
2158	2160
2159	2161
2160	2161
2160	2162
2160	2671
2161	2162
2162	2164
2163	2164
2163	2165
2164	2165
2165	2166
2165	2167
2165	2320
2166	2167
2166	2168
2167	2168
2167	2169
2168	2169
2168	2170
2169	2170
2170	2171
2170	2172
2171	2172
2172	2173
2172	2174
2172	3224
2173	2174
2173	2175
2174	2176
2174	2539
2175	2176
2175	2177
2176	2177
2176	2178
2177	2178
2177	2179
2178	2179
2178	2804
2180	2181
2180	2182
2180	2637
2180	3170
2181	2182
2182	2183
2182	2184
2183	2184
2183	2185
2184	2185
2184	2186
2185	2186
2185	2187
2186	2187
2186	2188
2187	2188
2187	2189
2188	2190
2188	2873
2189	2190
2189	2666
2190	2191
2190	2192
2191	2193
2192	2193
2192	2733
2193	2194
2193	2195
2193	3422
2194	2195
2195	2196
2195	2197
2196	2197
2196	2198
2197	2198
2197	2199
2198	2199
2198	2200
2198	2433
2199	2200
2199	2201
2200	2201
2200	2202
2201	2202
2201	2203
2202	2203
2202	2204
2203	2204
2203	2205
2203	3290
2204	2205
2204	2206
2205	2206
2205	2207
2206	2207
2206	2208
2207	2208
2207	2209
2208	2209
2208	2210
2209	2210
2209	2211
2210	2211
2210	2212
2211	2212
2211	2213
2212	2213
2212	2214
2212	2647
2213	2214
2213	2215
2214	2215
2214	2216
2215	2216
2215	2217
2216	2217
2217	2218
2217	2219
2218	2220
2218	3066
2219	2220
2219	2221
2220	2221
2221	2222
2221	2223
2222	2224
2223	2224
2223	2225
2224	2225
2225	2226
2225	2227
2226	2227
2226	2475
2227	2228
2227	2229
2227	2440
2228	2229
2228	2230
2229	2230
2230	2231
2230	2232
2231	2232
2231	2233
2231	2266
2232	2712
2233	2234
2233	2235
2234	2235
2234	2236
2235	2236
2235	2237
2236	2237
2237	2238
2238	2239
2238	2948
2239	2240
2239	2241
2240	2241
2240	2242
2241	2242
2241	2243
2242	2243
2242	2244
2243	2245
2243	3256
2244	2245
2244	2246
2245	2246
2245	2247
2245	2334
2246	2247
2246	2248
2247	2248
2247	2249
2247	3096
2248	2249
2248	2250
2249	2251
2250	2251
2250	2252
2250	2262
2251	2252
2251	3163
2252	2253
2252	2254
2253	2254
2253	2255
2254	2255
2254	2256
2254	2418
2255	2256
2256	2257
2256	2258
2257	2258
2257	2259
2258	2259
2258	2260
2259	2260
2259	2261
2260	2261
2260	2262
2261	2262
2261	2263
2261	2595
2262	2264
2262	3067
2263	2264
2263	2265
2264	2265
2264	2266
2265	2266
2265	2267
2266	2267
2267	2268
2267	2269
2268	2269
2268	2270
2269	2270
2269	2271
2269	2862
2270	2271
2270	2272
2270	3410
2271	2272
2272	2273
2272	2274
2272	3339
2273	2274
2274	2275
2275	2276
2275	2277
2276	2277
2276	2278
2277	2278
2277	2279
2278	2279
2278	2280
2279	2280
2279	2281
2280	2281
2280	2282
2281	2282
2281	2506
2281	2976
2282	2284
2282	2289
2283	2284
2284	2285
2284	2286
2285	2286
2285	2287
2286	2287
2286	2288
2287	2288
2288	2290
2288	2891
2289	2290
2289	2291
2290	2291
2291	2293
2291	3241
2292	2293
2292	2294
2293	2295
2294	2295
2294	2296
2295	2296
2295	2297
2296	2297
2296	2298
2297	2298
2297	2299
2298	2299
2298	2300
2299	2301
2300	2301
2300	2302
2301	2302
2301	2303
2302	2303
2302	2304
2303	2305
2304	2305
2304	2306
2305	2307
2306	2308
2307	2308
2308	2309
2308	2310
2309	3021
2309	3023
2310	2311
2310	2467
2311	2312
2311	2313
2312	2313
2312	2857
2313	2314
2313	3239
2314	2316
2315	2316
2315	2791
2316	2318
2317	2318
2317	2319
2318	2320
2319	2320
2319	2321
2320	2322
2321	2322
2321	2323
2322	2324
2323	2324
2323	2325
2323	3111
2324	2325
2324	2326
2325	2326
2325	2327
2326	2475
2326	2994
2327	2328
2327	2329
2328	2329
2328	2330
2329	2330
2329	2331
2330	2331
2330	2332
2331	2332
2331	2524
2332	2333
2332	2334
2333	2334
2333	2335
2334	2335
2335	2336
2335	2337
2336	2338
2336	3174
2337	2338
2337	2339
2338	2340
2339	2340
2339	2341
2340	2341
2340	2342
2341	2342
2341	2343
2342	2343
2342	2344
2343	2344
2343	2345
2344	2345
2344	2346
2345	2346
2345	2347
2346	2347
2346	2348
2347	2348
2347	3378
2348	2349
2349	2350
2349	2351
2350	2351
2351	2353
2352	2354
2353	2354
2353	2355
2354	2355
2355	2356
2355	2357
2356	2357
2356	2358
2357	2358
2357	2359
2358	2359
2359	2360
2360	2361
2360	2362
2361	2362
2361	2363
2362	2363
2362	2364
2363	2364
2363	2365
2364	2365
2364	2366
2365	2366
2365	2367
2366	2367
2366	2368
2366	3038
2367	2368
2367	2369
2368	2369
2368	2370
2369	2370
2370	2371
2370	2372
2371	2373
2372	2373
2372	2374
2373	2374
2373	2375
2374	2375
2374	2617
2375	2376
2375	2377
2376	2377
2376	2378
2377	2379
2377	3359
2378	2379
2378	2380
2379	2381
2380	3187
2381	2382
2381	2383
2382	2383
2382	2384
2383	2384
2383	2385
2384	2385
2384	2386
2385	2387
2385	2910
2386	2387
2386	2388
2387	2388
2387	2389
2388	2389
2388	2390
2389	2390
2389	2391
2390	2391
2390	2392
2391	2392
2391	2393
2392	2393
2392	2394
2393	2394
2393	2395
2393	2959
2394	2395
2394	2396
2395	2396
2396	2397
2397	2398
2397	2399
2398	2399
2398	2904
2399	2400
2399	2401
2400	2401
2400	2402
2401	2402
2401	2403
2402	2403
2402	2404
2403	2404
2403	2405
2403	2964
2404	2405
2404	2406
2405	2406
2405	2407
2406	2407
2406	2408
2407	2409
2407	3155
2408	2409
2408	2410
2409	2410
2409	2411
2409	3085
2410	2411
2410	2412
2411	3220
2412	2413
2412	2414
2413	2414
2413	2415
2414	2415
2414	2416
2415	2416
2415	2417
2416	2417
2416	2418
2417	2418
2417	2419
2418	2420
2419	2420
2419	2421
2420	3117
2421	2422
2421	2423
2422	2423
2422	2724
2423	2835
2424	2425
2425	2426
2425	2427
2426	2427
2426	2428
2427	2428
2427	2429
2428	2429
2428	2430
2429	2430
2429	2431
2430	2431
2430	2432
2431	2432
2431	2433
2432	2434
2433	2434
2434	2435
2434	2436
2434	3297
2435	2436
2435	2437
2436	2437
2436	2495
2437	2438
2437	2439
2438	2440
2438	3202
2439	2440
2439	2980
2439	3187
2440	2442
2440	3465
2441	2442
2441	3275
2442	2443
2442	2444
2443	2444
2443	2445
2444	2445
2444	2446
2445	2446
2445	2447
2446	2447
2446	2448
2446	3160
2447	2448
2447	2449
2448	2449
2448	2450
2449	2450
2449	2451
2450	2451
2450	2452
2451	2453
2452	2453
2452	2454
2453	2454
2454	2455
2454	2456
2455	2456
2455	2457
2456	2457
2456	3266
2457	2459
2458	2459
2458	2460
2459	2460
2459	2461
2460	2461
2460	2462
2461	2462
2461	3409
2462	2463
2462	2464
2463	2464
2463	2465
2464	2465
2465	2466
2465	2467
2466	2467
2466	2698
2467	2468
2467	2469
2468	2470
2468	2825
2469	3375
2470	2471
2470	2472
2471	2472
2471	2473
2472	2743
2473	2474
2473	2475
2474	2475
2474	2476
2475	2476
2475	2477
2476	2477
2476	2478
2476	3499
2477	2478
2477	2479
2478	2479
2478	2480
2479	2480
2479	2481
2480	2482
2480	2843
2481	2482
2482	2483
2483	2484
2483	2485
2484	2485
2485	2486
2485	2487
2486	2487
2487	2488
2487	2489
2488	2489
2489	2490
2490	2492
2490	2498
2491	2492
2492	2493
2492	2494
2492	3351
2493	2494
2493	2495
2494	2495
2495	2497
2496	2498
2497	2498
2497	2499
2498	2499
2498	2500
2499	2586
2500	2501
2501	2502
2501	2503
2503	2505
2504	2505
2504	2506
2504	3219
2505	2506
2505	2507
2506	2507
2507	2509
2508	2509
2508	2631
2509	2510
2509	2511
2509	2819
2510	2511
2510	2600
2511	3369
2512	2514
2513	2514
2513	3237
2514	2515
2514	2516
2515	2516
2515	2517
2516	2517
2516	2518
2517	2518
2518	2519
2518	2520
2519	2520
2519	2521
2520	2522
2521	2522
2522	2523
2522	2524
2523	2524
2523	2525
2524	2525
2524	2526
2525	2526
2525	2527
2526	2527
2526	2528
2527	2528
2527	2529
2528	2529
2528	2530
2529	2530
2529	2531
2530	2531
2530	2846
2531	2533
2531	2560
2531	2864
2532	2533
2532	2534
2533	2534
2533	2535
2533	3276
2534	2535
2534	2536
2535	2537
2536	2537
2536	2538
2537	2538
2538	2539
2538	2540
2539	2540
2539	2541
2540	2541
2540	3159
2541	2542
2541	3187
2542	3165
2543	2544
2543	2569
2544	2546
2544	2558
2545	2546
2545	2547
2546	2547
2546	2548
2547	2549
2547	3118
2548	2549
2548	2550
2549	2550
2549	2551
2550	2552
2551	2552
2551	2553
2552	2553
2552	2554
2553	2555
2553	3308
2554	2555
2554	2556
2555	2556
2555	2557
2556	2557
2556	2558
2557	2559
2558	2559
2559	2560
2559	2561
2560	2562
2561	2562
2561	2563
2562	2564
2562	2933
2563	2564
2563	3184
2564	2565
2564	2566
2565	2566
2565	2567
2566	2567
2566	2568
2566	2651
2567	2568
2567	2569
2568	2570
2568	2633
2569	2570
2569	2818
2570	2571
2570	2572
2571	2572
2571	2573
2572	2573
2572	2574
2573	2574
2573	2575
2574	2576
2574	2779
2575	2576
2575	2577
2576	2577
2576	2578
2577	2578
2577	2579
2578	2579
2578	2580
2579	2580
2579	2581
2580	2581
2580	2582
2581	2582
2581	2583
2582	2583
2582	3426
2583	2584
2583	2585
2584	2585
2584	2586
2585	2586
2585	2587
2586	2587
2586	2588
2587	2589
2587	2674
2587	3069
2588	2589
2588	2590
2589	2590
2589	2591
2590	2591
2590	2592
2591	2592
2591	2593
2591	2981
2592	2593
2592	2594
2593	2594
2593	2595
2594	2596
2595	2596
2596	2597
2597	2598
2597	2599
2598	2599
2598	2600
2600	2601
2601	2602
2601	2603
2602	2604
2602	3125
2603	2604
2603	2605
2604	2605
2604	2606
2605	2606
2605	2607
2606	2607
2606	2608
2607	2608
2607	2609
2608	2609
2608	2610
2609	2610
2609	2611
2610	2611
2610	2612
2611	2612
2611	2613
2612	2613
2612	2614
2612	2730
2613	2614
2613	2615
2614	2615
2614	2616
2614	3411
2615	2616
2616	2617
2616	3048
2617	2618
2617	2619
2618	2619
2618	2620
2619	2620
2619	2621
2620	2621
2621	2623
2622	2623
2623	2624
2623	2625
2623	3020
2624	2625
2624	2626
2624	3392
2625	2627
2626	2628
2627	2628
2627	2629
2628	2629
2628	2630
2629	2630
2629	2631
2630	2631
2630	2632
2631	2632
2632	2634
2633	2634
2633	2635
2634	2635
2634	2636
2635	2636
2635	2637
2636	2638
2637	2639
2638	2639
2638	2640
2638	3297
2639	2640
2639	2641
2639	3250
2640	2641
2640	2642
2641	2642
2641	3134
2642	2643
2642	2644
2643	2644
2643	2645
2644	2645
2644	2646
2645	2647
2645	2844
2646	2648
2647	2649
2648	2649
2648	2650
2649	2717
2650	2651
2650	2652
2651	2653
2652	2653
2652	2654
2653	2654
2653	2655
2654	2655
2654	2656
2655	2656
2655	2657
2656	2657
2656	2658
2657	3166
2658	2659
2658	2660
2659	2660
2659	2661
2660	2661
2661	2662
2661	2663
2662	2663
2662	2664
2663	2664
2663	2665
2664	2665
2665	2667
2666	2667
2666	2668
2668	2669
2670	2672
2672	2673
2672	2674
2673	2674
2673	2675
2674	2675
2674	2676
2674	2868
2675	2676
2675	2677
2676	2677
2676	2678
2677	2678
2677	2679
2678	2679
2678	2680
2679	2681
2680	2681
2680	2682
2681	2682
2681	2683
2682	2683
2682	2684
2683	2684
2683	2685
2684	2685
2684	2686
2685	2686
2685	2687
2686	2687
2686	2688
2687	2688
2687	2689
2688	2689
2688	2690
2689	2690
2689	2691
2690	2691
2690	2692
2691	2692
2691	2693
2692	2693
2692	2694
2693	2695
2693	2902
2694	2695
2694	3053
2695	2697
2696	2698
2697	2698
2697	2699
2698	2700
2699	2700
2699	2701
2700	2701
2700	2702
2700	2732
2701	2702
2701	2703
2702	2704
2703	2704
2703	2705
2704	2705
2704	2706
2705	2706
2705	2707
2706	2707
2706	2708
2707	2709
2707	3350
2708	2710
2708	3495
2709	2710
2709	2711
2710	2711
2710	2712
2711	2750
2712	2713
2712	2714
2713	2714
2713	2715
2714	2715
2714	2716
2715	2716
2715	2717
2716	2717
2716	2718
2717	2718
2718	2720
2719	2720
2720	2722
2720	2858
2721	2722
2721	2723
2722	2723
2722	2724
2722	2850
2723	2724
2723	2725
2724	2726
2724	3210
2725	2726
2725	2727
2726	2727
2726	2728
2727	2728
2728	2729
2728	2730
2729	3212
2730	2732
2731	2732
2732	3161
2733	2734
2733	2735
2734	2735
2734	2736
2735	2736
2735	2737
2735	3492
2736	2737
2736	2738
2737	2738
2737	3208
2738	2740
2739	2740
2739	2741
2740	2741
2740	2742
2741	2742
2741	2743
2742	2743
2742	2744
2743	2744
2743	2745
2744	2746
2745	2746
2745	2747
2746	2748
2747	2748
2747	2749
2748	2750
2748	3482
2749	2750
2749	2751
2750	2751
2751	2752
2751	2753
2752	2754
2752	3426
2753	2754
2753	2755
2754	2755
2754	2756
2755	3359
2756	2757
2756	2758
2757	2758
2757	2759
2758	2759
2758	2760
2759	2760
2759	2761
2760	2761
2760	2762
2761	2762
2761	2763
2762	2763
2762	2764
2763	2764
2764	2766
2765	2767
2765	2947
2766	2767
2766	2768
2767	2768
2767	2769
2768	2769
2768	2770
2769	2770
2769	2771
2770	2772
2771	2772
2771	2773
2772	2773
2772	2774
2773	2774
2773	2775
2774	2776
2775	2776
2775	2777
2776	2777
2776	2778
2777	2778
2777	2779
2778	2779
2778	2780
2779	2780
2779	2781
2780	2781
2780	2782
2781	2782
2781	2783
2782	2784
2782	3436
2783	2784
2783	2785
2784	2785
2784	2786
2785	2786
2785	2787
2786	2788
2786	3332
2787	2788
2787	2789
2788	2790
2789	2790
2789	2791
2790	2791
2790	2792
2791	2792
2792	2793
2792	2794
2793	2794
2793	3181
2794	2795
2794	2796
2795	2796
2795	2797
2796	2797
2797	2798
2797	2863
2798	2799
2799	2800
2799	2801
2800	2801
2800	2802
2801	2802
2801	2803
2801	2838
2802	2803
2802	2804
2803	2804
2804	2805
2804	2806
2805	2807
2806	2807
2807	2808
2807	2809
2807	3459
2808	2809
2809	2810
2809	2811
2810	2811
2810	2812
2812	2813
2812	2814
2813	2814
2813	2815
2814	2815
2814	2816
2815	2816
2815	2817
2816	2817
2816	2818
2817	2818
2817	2819
2818	2819
2818	2820
2819	2821
2820	2821
2820	2822
2821	2822
2821	2823
2822	2824
2823	2825
2824	2825
2825	2827
2826	2827
2826	2828
2827	2829
2827	3263
2828	2829
2828	2830
2829	2830
2829	2831
2830	2831
2831	2832
2831	2833
2831	3157
2832	2833
2832	2834
2833	2834
2834	2836
2834	3002
2835	2836
2835	2837
2836	2837
2836	2838
2837	2838
2837	2839
2838	2839
2839	2840
2839	2841
2840	2841
2840	2842
2841	2842
2841	2843
2842	2843
2842	2844
2843	2844
2843	2845
2844	2845
2844	2846
2845	2846
2845	2847
2846	2847
2846	3327
2847	2848
2847	2849
2848	2849
2848	2850
2849	2850
2849	2851
2851	2852
2851	2853
2852	2853
2852	2854
2853	2854
2853	2926
2854	2855
2854	3036
2855	2856
2855	2857
2856	2857
2856	2858
2857	2858
2858	2859
2858	2860
2859	2861
2859	3298
2859	3447
2860	2861
2860	2862
2861	2862
2861	2863
2862	2864
2863	2865
2864	2865
2864	2866
2865	2866
2865	2867
2866	2867
2866	2868
2867	2868
2867	2869
2868	2870
2869	2870
2869	2871
2870	2871
2870	2872
2871	2872
2871	3029
2872	2874
2873	2875
2874	2875
2875	2876
2875	2877
2876	2877
2876	2878
2877	2878
2877	2879
2878	2879
2878	2880
2879	2880
2879	2881
2880	2882
2880	3150
2881	2883
2882	2883
2882	2884
2883	2884
2883	2885
2884	2885
2884	2886
2885	2886
2885	2887
2886	2887
2887	2888
2887	2889
2888	2889
2888	2890
2889	2890
2889	2891
2890	2891
2891	2892
2891	2893
2892	2893
2892	2894
2893	2894
2893	3179
2894	2895
2894	2896
2895	2896
2895	2897
2896	2897
2896	2898
2897	2898
2897	2954
2898	2899
2898	2900
2899	2900
2899	2901
2900	2901
2901	3322
2902	2903
2902	2904
2903	2905
2904	2905
2904	3137
2905	2907
2906	2907
2906	2908
2907	2908
2907	2909
2908	2909
2908	2910
2909	2910
2909	2911
2910	2911
2910	2912
2911	2912
2911	3296
2912	2913
2912	2914
2913	2914
2913	2915
2914	2916
2915	2916
2915	2917
2916	2917
2916	2918
2917	2918
2917	2919
2918	2919
2918	3185
2919	2921
2920	2921
2920	2922
2921	2922
2921	2923
2922	2923
2922	2924
2923	2924
2924	2925
2924	2926
2925	2926
2925	2927
2926	3220
2927	2928
2927	2929
2928	2929
2928	2930
2929	2930
2929	2931
2930	2931
2930	2932
2931	2932
2931	2933
2932	3010
2933	2935
2934	2935
2934	2936
2935	2936
2935	2937
2936	2937
2936	2938
2937	2938
2937	2939
2938	2939
2938	2940
2939	2941
2940	2941
2940	2942
2941	2942
2941	2943
2942	2943
2942	2944
2943	2945
2944	2945
2944	2946
2945	2946
2946	2947
2946	2948
2947	2948
2947	3252
2948	2949
2948	2950
2949	2950
2949	2951
2950	2951
2950	2952
2951	2953
2952	2953
2952	2954
2953	2954
2953	2955
2954	2955
2954	2956
2955	2956
2955	2957
2956	2957
2956	2958
2957	2958
2958	2959
2958	2960
2959	2960
2960	2961
2960	2962
2961	2962
2961	2963
2962	2963
2963	2964
2964	2965
2965	2967
2965	3427
2966	2967
2966	2968
2966	3009
2967	2968
2967	2969
2968	2969
2968	2970
2969	2970
2969	2971
2970	2971
2970	2972
2971	2972
2971	2973
2972	2973
2972	2974
2973	2974
2973	2975
2974	2975
2975	2977
2976	2978
2977	2978
2977	2979
2978	2979
2978	2980
2979	2980
2979	2981
2980	2981
2982	2983
2982	2984
2983	2984
2983	2985
2984	2985
2984	2986
2985	2986
2985	2987
2986	2987
2986	2988
2987	2989
2988	2989
2988	2990
2989	2990
2989	2991
2990	2991
2990	2992
2991	2992
2992	2993
2992	2994
2993	2994
2993	2995
2994	2996
2995	2996
2995	2997
2996	2997
2996	2998
2997	2998
2997	2999
2998	2999
2998	3000
2999	3000
2999	3001
3000	3001
3000	3002
3001	3002
3001	3003
3002	3003
3002	3321
3003	3004
3004	3005
3004	3006
3005	3006
3005	3007
3006	3007
3006	3008
3007	3009
3008	3009
3008	3010
3008	3042
3009	3010
3010	3011
3010	3012
3011	3012
3011	3013
3012	3013
3012	3014
3013	3015
3014	3015
3014	3016
3015	3016
3015	3017
3016	3018
3017	3019
3018	3019
3018	3020
3019	3021
3020	3021
3020	3172
3021	3022
3021	3023
3022	3023
3022	3024
3023	3024
3023	3025
3024	3025
3024	3026
3025	3026
3025	3027
3027	3028
3027	3029
3028	3029
3028	3030
3029	3030
3029	3031
3030	3032
3031	3032
3031	3033
3032	3034
3032	3095
3033	3034
3033	3035
3034	3035
3034	3036
3035	3036
3035	3037
3036	3037
3037	3038
3037	3039
3038	3039
3039	3040
3039	3041
3040	3041
3040	3042
3041	3042
3041	3043
3042	3044
3043	3045
3043	3164
3044	3045
3044	3046
3045	3046
3045	3047
3046	3047
3046	3048
3047	3048
3047	3049
3048	3049
3048	3050
3049	3050
3049	3051
3050	3404
3051	3052
3051	3053
3052	3053
3052	3054
3053	3054
3053	3055
3054	3055
3054	3056
3054	3207
3055	3056
3055	3057
3057	3058
3057	3059
3058	3059
3058	3060
3059	3060
3059	3061
3060	3061
3060	3062
3061	3062
3062	3063
3062	3064
3063	3064
3063	3065
3064	3066
3065	3066
3065	3067
3066	3067
3066	3068
3067	3068
3068	3069
3068	3070
3068	3222
3069	3070
3070	3071
3070	3072
3071	3072
3071	3073
3071	3313
3073	3075
3074	3075
3074	3076
3075	3076
3075	3077
3076	3077
3076	3078
3077	3078
3077	3079
3077	3212
3078	3079
3078	3080
3079	3080
3080	3081
3080	3082
3081	3082
3081	3083
3082	3083
3082	3084
3083	3084
3083	3085
3084	3085
3085	3087
3086	3087
3086	3088
3087	3088
3087	3089
3088	3090
3089	3090
3090	3091
3090	3092
3091	3093
3092	3093
3092	3094
3093	3094
3093	3095
3094	3095
3094	3096
3095	3096
3096	3098
3097	3098
3098	3099
3099	3100
3099	3101
3100	3101
3100	3102
3101	3102
3101	3103
3102	3103
3102	3104
3103	3104
3103	3105
3104	3105
3104	3106
3105	3106
3105	3107
3106	3107
3106	3108
3107	3108
3107	3109
3108	3110
3110	3111
3111	3113
3112	3113
3112	3114
3113	3114
3113	3115
3114	3115
3114	3116
3115	3116
3115	3117
3116	3117
3116	3118
3117	3118
3117	3119
3118	3119
3118	3120
3119	3120
3119	3121
3120	3121
3120	3122
3121	3122
3121	3123
3122	3124
3123	3124
3123	3125
3124	3125
3124	3126
3125	3126
3125	3127
3126	3127
3127	3128
3127	3129
3128	3129
3128	3130
3129	3131
3130	3131
3130	3132
3131	3132
3131	3133
3132	3133
3132	3134
3133	3134
3133	3135
3134	3136
3135	3137
3136	3137
3137	3138
3138	3139
3138	3140
3139	3140
3139	3141
3139	3263
3140	3141
3141	3142
3141	3143
3142	3143
3142	3144
3143	3144
3143	3145
3144	3145
3145	3146
3145	3147
3145	3247
3146	3147
3146	3148
3147	3148
3147	3149
3148	3149
3149	3150
3149	3151
3150	3151
3150	3152
3151	3152
3151	3153
3152	3153
3153	3155
3154	3155
3154	3156
3155	3156
3155	3157
3156	3157
3156	3158
3158	3159
3158	3160
3159	3160
3159	3161
3160	3161
3161	3162
3161	3163
3162	3163
3162	3164
3163	3165
3164	3165
3164	3166
3165	3166
3166	3167
3166	3168
3167	3168
3167	3169
3168	3169
3168	3170
3169	3170
3169	3171
3170	3171
3171	3172
3171	3173
3171	3303
3172	3174
3174	3175
3174	3176
3175	3176
3175	3177
3176	3177
3176	3178
3177	3178
3177	3179
3178	3179
3178	3180
3179	3180
3179	3181
3180	3181
3181	3182
3181	3183
3182	3183
3182	3184
3183	3184
3184	3185
3184	3288
3185	3186
3185	3187
3186	3187
3186	3188
3188	3189
3189	3190
3190	3191
3190	3192
3191	3192
3192	3193
3192	3194
3193	3195
3193	3255
3194	3195
3194	3196
3195	3196
3195	3197
3196	3197
3196	3198
3197	3198
3197	3199
3198	3199
3198	3200
3199	3200
3199	3201
3200	3201
3200	3202
3201	3202
3201	3203
3202	3203
3204	3205
3204	3206
3205	3206
3206	3207
3206	3208
3207	3208
3208	3210
3209	3211
3211	3212
3211	3213
3212	3213
3213	3214
3213	3215
3214	3215
3214	3216
3215	3217
3216	3217
3217	3218
3217	3219
3218	3219
3218	3220
3219	3221
3220	3221
3221	3222
3222	3223
3223	3224
3223	3225
3224	3271
3225	3226
3225	3227
3226	3437
3227	3228
3227	3229
3228	3229
3228	3230
3229	3231
3230	3231
3230	3232
3231	3232
3232	3233
3232	3234
3233	3234
3233	3235
3234	3235
3234	3236
3235	3236
3236	3237
3236	3238
3237	3238
3237	3239
3238	3240
3239	3240
3239	3241
3239	3321
3240	3241
3240	3242
3241	3243
3242	3244
3243	3244
3243	3245
3245	3246
3245	3247
3246	3247
3246	3248
3247	3248
3248	3249
3248	3250
3249	3250
3251	3252
3251	3253
3252	3253
3252	3254
3253	3254
3253	3255
3254	3255
3254	3256
3255	3256
3255	3257
3256	3257
3256	3258
3257	3258
3257	3259
3258	3260
3259	3260
3260	3261
3260	3262
3261	3262
3261	3263
3262	3263
3262	3264
3263	3264
3264	3265
3264	3266
3265	3267
3266	3267
3267	3268
3268	3270
3269	3270
3269	3271
3270	3471
3271	3272
3271	3273
3272	3273
3272	3274
3273	3275
3274	3275
3275	3276
3275	3277
3276	3278
3277	3278
3277	3279
3278	3280
3279	3280
3279	3281
3280	3281
3280	3282
3281	3283
3282	3283
3282	3284
3283	3284
3283	3285
3284	3285
3285	3286
3285	3287
3286	3287
3286	3288
3287	3289
3287	3462
3288	3289
3288	3290
3289	3290
3289	3291
3290	3292
3291	3292
3291	3293
3292	3293
3292	3294
3293	3294
3293	3295
3294	3295
3294	3296
3295	3296
3295	3297
3296	3297
3296	3298
3298	3300
3299	3300
3299	3301
3300	3301
3300	3302
3301	3302
3302	3304
3303	3305
3304	3305
3304	3306
3305	3306
3306	3307
3307	3309
3307	3460
3308	3310
3309	3389
3310	3311
3310	3312
3311	3312
3311	3313
3312	3313
3312	3314
3313	3315
3314	3315
3314	3316
3315	3316
3315	3317
3316	3318
3316	3393
3317	3318
3318	3319
3318	3320
3319	3320
3319	3321
3320	3321
3320	3322
3321	3322
3322	3323
3322	3324
3323	3324
3323	3325
3324	3325
3324	3326
3325	3326
3325	3327
3327	3328
3327	3329
3328	3330
3329	3330
3329	3331
3330	3332
3331	3332
3331	3333
3332	3333
3332	3334
3333	3334
3333	3335
3334	3335
3334	3336
3335	3337
3336	3337
3336	3338
3337	3338
3337	3339
3338	3339
3338	3340
3339	3340
3340	3341
3341	3342
3341	3343
3342	3343
3342	3344
3343	3344
3343	3345
3344	3346
3345	3346
3345	3347
3346	3347
3346	3348
3347	3348
3348	3349
3349	3350
3349	3351
3350	3352
3351	3352
3352	3353
3352	3354
3353	3354
3353	3355
3354	3355
3354	3356
3355	3356
3355	3357
3356	3357
3356	3390
3357	3358
3357	3359
3358	3359
3358	3360
3359	3360
3359	3361
3360	3361
3360	3362
3361	3362
3361	3363
3362	3363
3362	3364
3363	3364
3363	3365
3364	3366
3365	3366
3365	3367
3366	3368
3367	3368
3367	3369
3368	3369
3368	3370
3368	3444
3369	3370
3369	3371
3370	3372
3371	3373
3372	3373
3372	3374
3373	3374
3374	3377
3374	3436
3375	3376
3375	3377
3376	3377
3377	3378
3378	3379
3379	3380
3379	3381
3380	3381
3380	3382
3381	3382
3381	3383
3382	3383
3382	3384
3383	3384
3383	3385
3384	3386
3385	3387
3386	3388
3387	3388
3388	3389
3388	3390
3389	3391
3390	3391
3390	3392
3391	3393
3392	3393
3393	3394
3393	3395
3394	3395
3394	3396
3395	3396
3395	3397
3396	3397
3396	3398
3397	3398
3397	3399
3398	3399
3398	3400
3399	3400
3399	3401
3400	3401
3400	3402
3401	3402
3401	3403
3402	3403
3402	3404
3403	3405
3404	3405
3404	3406
3405	3406
3405	3407
3406	3407
3406	3408
3407	3408
3408	3409
3408	3410
3409	3410
3409	3411
3411	3413
3412	3413
3412	3414
3413	3414
3413	3415
3414	3415
3414	3416
3415	3416
3415	3417
3416	3417
3416	3418
3417	3418
3417	3419
3418	3419
3418	3420
3419	3420
3419	3421
3420	3421
3420	3422
3421	3422
3421	3423
3423	3424
3424	3426
3425	3426
3425	3427
3426	3428
3427	3428
3427	3429
3428	3429
3428	3430
3429	3431
3430	3431
3430	3432
3431	3432
3432	3434
3433	3434
3433	3435
3434	3435
3434	3436
3435	3436
3435	3437
3436	3438
3437	3438
3437	3439
3438	3439
3438	3440
3439	3441
3440	3441
3440	3442
3441	3442
3441	3443
3442	3443
3442	3444
3443	3444
3443	3445
3444	3446
3445	3446
3446	3448
3447	3448
3447	3449
3448	3450
3449	3450
3450	3452
3451	3452
3451	3453
3452	3453
3452	3454
3453	3454
3453	3455
3454	3455
3454	3456
3455	3456
3455	3457
3456	3457
3456	3458
3457	3458
3458	3459
3458	3460
3459	3461
3460	3462
3461	3462
3462	3463
3462	3464
3463	3464
3463	3465
3464	3465
3465	3466
3466	3467
3466	3468
3467	3469
3468	3469
3468	3470
3469	3470
3470	3471
3470	3472
3471	3472
3471	3473
3472	3474
3473	3474
3473	3475
3474	3475
3474	3476
3475	3476
3475	3477
3476	3477
3476	3478
3477	3478
3477	3479
3478	3480
3479	3480
3479	3481
3480	3481
3480	3482
3481	3482
3481	3483
3483	3484
3484	3485
3484	3486
3485	3486
3485	3487
3486	3487
3486	3488
3487	3488
3487	3489
3488	3489
3488	3490
3489	3490
3489	3491
3490	3491
3490	3492
3491	3493
3492	3493
3493	3494
3493	3495
3494	3496
3495	3496
3495	3497
3496	3497
3496	3498
3497	3498
3497	3499
3498	3500
3499	3500
