1	2
1	3
1	4
1	2998
1	3000
2	3
2	4
2	414
2	1654
2	2572
2	2999
2	3000
3	4
3	6
3	2795
3	2831
3	3000
4	5
4	6
4	7
5	6
5	8
5	852
5	2420
6	8
6	9
6	139
7	9
7	10
7	2291
8	9
8	10
8	11
9	11
9	12
9	880
10	11
10	12
10	1845
11	12
11	13
11	14
12	13
12	14
12	15
13	14
13	16
13	2592
14	16
14	17
14	784
15	16
15	17
15	18
16	17
16	18
16	19
16	947
17	18
17	19
17	20
17	1509
18	19
18	21
18	25
18	1940
18	2041
19	21
19	22
19	214
19	1701
20	21
20	22
20	23
21	22
21	23
21	1961
22	23
22	24
22	25
23	24
23	25
23	26
24	1767
24	2313
24	2668
25	26
25	28
26	27
26	28
26	29
26	1002
27	28
27	29
27	30
27	1837
28	31
28	959
28	2027
29	31
29	32
29	200
30	31
30	32
30	33
31	32
31	33
31	2829
32	33
32	34
32	35
33	34
33	35
33	36
34	35
34	36
34	959
35	37
35	38
35	2757
35	2843
36	37
36	38
36	2024
36	2286
37	39
37	40
37	2280
38	39
38	40
38	41
39	40
39	41
39	42
40	41
40	42
40	707
40	2640
41	42
41	43
41	1198
41	2705
42	43
42	44
42	45
42	1443
43	44
43	45
43	1102
44	47
44	568
44	1209
44	1524
45	46
45	47
45	48
46	47
46	48
46	49
47	48
47	49
47	50
48	49
48	50
48	51
48	1211
49	50
49	51
49	52
49	1951
50	51
50	52
50	53
50	2738
51	52
51	53
51	1088
52	53
52	55
52	1223
53	54
53	56
53	296
53	2689
54	55
54	56
54	477
54	845
54	1259
55	56
55	57
55	58
56	58
56	59
56	571
56	1358
57	58
57	59
57	60
58	59
58	60
58	61
59	60
59	61
59	107
60	61
60	62
60	63
60	664
60	783
60	1408
61	62
61	63
61	64
62	63
62	64
62	65
62	1426
63	64
63	65
63	66
64	65
64	66
64	67
64	545
65	66
65	67
65	68
66	67
66	68
66	69
67	68
67	69
67	70
68	70
68	71
68	1186
69	70
69	71
69	72
70	71
70	72
70	73
70	100
70	2493
71	72
71	73
71	74
72	73
72	74
72	75
73	74
73	75
73	76
74	76
74	1052
74	1372
75	76
75	77
75	78
75	2721
76	79
76	1624
76	1928
76	2844
77	78
77	80
77	2817
78	79
78	80
78	81
79	80
79	81
79	82
79	425
79	1049
80	81
80	82
80	83
81	82
81	83
81	84
82	83
82	84
82	85
82	2337
83	86
83	1968
83	2409
84	85
84	86
84	87
84	2948
85	86
85	87
85	88
86	87
86	88
86	1193
86	2329
87	88
87	90
87	2131
88	89
88	90
88	91
89	90
89	92
89	1238
90	91
90	92
90	1897
91	92
91	93
91	94
91	2292
92	93
92	94
92	95
93	95
93	441
93	1696
94	95
94	97
94	349
94	2764
95	96
95	97
95	98
95	2527
96	98
96	99
96	1526
96	2830
97	98
97	100
97	597
98	99
98	100
98	101
98	233
99	100
99	101
99	2203
100	101
100	103
101	102
101	103
101	104
101	714
102	103
102	104
102	2973
103	104
103	105
103	719
103	1385
104	105
104	106
104	107
104	701
104	732
105	106
105	107
105	1169
105	1185
106	108
106	109
106	970
106	1058
107	108
107	109
107	110
107	511
107	1474
108	109
108	110
108	111
108	1353
109	110
109	111
109	112
109	2118
110	111
110	112
110	113
111	112
111	113
111	114
111	1296
111	1708
112	113
112	114
112	115
113	114
113	115
113	116
114	115
114	117
114	120
114	150
114	1649
115	118
115	883
115	1234
115	1799
116	117
116	118
116	119
116	277
117	118
117	120
117	1507
118	119
118	120
118	121
118	2825
119	120
119	121
119	122
120	121
120	123
120	1910
121	122
121	835
121	1162
122	123
122	124
122	125
122	1432
123	124
123	125
123	126
124	125
124	126
124	127
125	126
125	127
125	128
126	128
126	129
126	400
127	128
127	130
127	244
128	130
128	131
128	433
128	2074
129	130
129	131
129	132
130	131
130	132
130	133
131	132
131	133
131	134
132	134
132	135
132	632
132	1155
133	134
133	135
133	136
133	770
134	136
134	137
134	1116
134	1232
134	1542
134	2487
135	136
135	137
135	138
136	137
136	138
136	2867
137	138
137	139
137	140
138	139
138	653
138	1092
138	1641
139	140
139	141
139	142
140	141
140	142
140	143
141	142
141	143
141	1580
142	143
142	144
142	2300
142	2806
143	144
143	145
143	146
144	145
144	147
144	1330
144	2204
145	146
145	147
145	148
146	147
146	148
146	149
146	1065
146	1480
147	149
147	150
147	2365
148	149
148	150
148	2527
149	150
149	151
149	2089
150	152
150	2231
150	2762
151	152
151	153
151	154
151	1917
151	2966
152	153
152	155
152	2917
153	154
153	155
153	156
153	1213
154	155
154	2641
154	2795
155	156
155	158
155	769
156	157
156	158
156	159
157	160
157	1387
157	2233
158	159
158	160
158	1801
159	160
159	161
159	655
159	2067
160	161
160	162
160	163
160	2196
161	163
161	164
161	1760
162	163
162	165
162	534
162	726
163	164
163	166
163	1672
164	165
164	166
164	279
164	2288
165	167
165	168
165	1506
166	168
166	169
166	1652
167	168
167	169
167	170
167	978
168	170
168	171
168	452
169	170
169	171
169	1901
169	2576
170	172
170	173
170	651
170	705
170	1155
171	173
171	174
171	641
171	2390
172	173
172	174
172	175
173	174
173	175
173	176
174	176
174	177
174	2874
175	176
175	177
175	178
175	1528
176	179
176	974
176	1677
177	178
177	179
177	180
177	2019
178	180
178	181
178	1362
179	180
179	181
179	351
180	182
180	183
180	1299
181	184
181	865
181	2861
182	184
182	456
182	2023
183	184
183	186
183	1391
183	2572
184	185
184	186
184	187
184	2836
185	186
185	187
185	188
186	187
186	188
186	189
186	700
187	189
187	190
187	816
188	190
188	191
188	357
189	190
189	528
189	1017
190	193
190	1241
190	1673
190	2458
191	193
191	194
191	298
191	1874
191	2877
192	193
192	195
192	2680
192	2859
193	194
193	195
193	196
193	2118
194	195
194	196
194	197
194	1779
194	1863
194	2598
195	196
195	197
195	2098
196	197
196	199
196	443
196	1569
197	198
197	200
197	2015
197	2246
197	2798
198	199
198	200
198	201
198	1030
199	200
199	201
199	881
200	201
200	202
200	203
200	1603
201	202
201	203
201	204
202	203
202	205
202	1664
203	204
203	205
203	206
204	205
204	206
204	207
204	1444
204	2272
205	206
205	207
205	208
205	1349
206	207
206	208
206	209
207	208
207	209
207	210
208	222
208	1850
208	1936
208	2145
209	210
209	212
209	804
209	1105
210	212
210	213
210	831
210	2803
211	212
211	213
211	214
211	2761
212	213
212	215
212	1695
213	214
213	216
213	486
213	2706
214	215
214	217
214	364
214	2438
215	217
215	1342
215	1582
215	1982
216	217
216	218
216	219
216	2908
217	218
217	219
217	220
218	220
218	869
218	2532
219	221
219	1216
219	2249
220	221
220	223
220	660
221	222
221	223
221	224
222	224
222	225
222	627
223	224
223	225
223	226
223	1131
224	226
224	1217
224	1758
225	227
225	228
225	488
226	227
226	228
226	229
227	228
227	267
227	1916
228	229
228	230
228	231
229	230
229	231
229	571
229	1002
230	231
230	232
230	233
230	2596
231	233
231	234
231	665
231	1409
231	2366
232	233
232	234
232	235
233	234
233	236
234	235
234	236
234	237
234	265
234	610
234	2275
235	236
235	238
235	1080
236	237
236	238
236	239
236	1958
237	238
237	239
237	2520
238	239
238	240
238	241
239	240
239	241
239	1464
240	241
240	242
240	243
240	1302
241	242
241	243
241	244
241	1920
242	244
242	614
242	620
242	1636
242	2876
243	244
243	245
243	246
243	1593
244	245
244	246
244	247
244	2643
244	2747
245	246
245	247
245	248
245	932
245	2776
246	247
246	248
246	249
246	2411
247	248
247	249
247	250
248	250
248	251
248	1917
249	250
249	251
249	2206
250	251
250	252
250	253
251	253
251	254
251	1095
251	1448
251	1721
252	253
252	254
252	255
252	957
253	254
253	255
253	1338
254	255
254	256
254	2570
255	258
255	1338
255	2141
255	2714
256	258
256	259
256	440
256	2229
257	258
257	259
257	260
258	259
258	260
258	439
258	1427
259	260
259	993
259	1906
260	261
260	262
260	263
261	262
261	263
261	264
262	263
262	264
262	682
263	264
263	265
263	266
264	265
264	267
264	1685
264	2476
265	266
265	267
266	267
266	268
266	269
267	268
267	269
267	1539
268	269
268	1400
268	2440
269	271
269	272
269	746
270	271
270	272
270	998
270	1802
271	272
271	273
271	1878
271	1896
271	2227
272	273
272	274
272	275
273	274
273	275
273	276
274	275
274	276
274	277
275	276
275	277
275	278
275	724
276	278
276	279
276	1577
276	2361
276	2682
277	279
277	280
277	1545
278	279
278	280
278	281
279	280
279	281
279	2997
280	281
280	283
280	2573
281	282
281	283
281	284
282	283
282	284
282	586
282	2634
283	284
283	285
283	286
283	1328
284	285
284	286
284	287
284	2225
285	286
285	287
285	288
286	287
286	288
286	325
286	902
287	288
287	289
287	290
287	2085
288	289
288	290
288	291
288	2132
289	290
289	291
289	292
290	291
290	292
290	293
290	2048
291	292
291	293
291	294
292	293
292	294
292	295
293	294
293	295
293	296
294	295
294	297
294	894
295	297
295	298
295	2987
296	991
296	2096
297	298
297	299
297	300
297	2650
298	300
298	2140
298	2521
299	300
299	301
299	302
300	302
300	303
300	2548
301	302
301	303
301	304
301	919
301	2716
302	303
302	304
302	305
302	583
303	304
303	305
303	2956
304	306
304	307
304	680
305	306
305	307
305	1469
306	307
306	1225
306	1251
306	2171
306	2879
307	308
307	309
307	310
308	309
308	310
308	311
308	503
308	2798
309	310
309	311
309	312
310	312
310	313
310	713
311	312
311	314
311	1538
311	1976
312	313
312	314
312	315
313	315
313	316
313	1678
314	315
314	317
314	589
315	318
315	885
315	1205
315	2151
316	317
316	318
316	319
317	318
317	319
317	320
318	319
318	320
318	321
318	347
318	1137
319	320
319	322
319	2214
320	323
320	791
320	1757
320	1894
321	322
321	324
321	639
322	323
322	324
322	325
323	324
323	325
323	326
324	325
324	327
324	1754
325	326
325	327
325	328
326	328
326	329
326	528
327	328
327	329
327	330
328	329
328	330
328	331
329	330
329	331
329	332
330	331
330	333
330	1636
330	2178
331	332
331	333
331	334
332	334
332	1477
332	2532
333	334
333	335
333	336
333	755
334	335
334	336
334	337
335	336
335	337
335	338
336	337
336	338
336	339
336	1964
337	338
337	339
337	340
338	340
338	712
338	1311
338	1433
339	340
339	342
339	2424
340	341
340	343
340	841
340	2729
341	342
341	343
341	344
342	343
342	344
342	345
343	344
343	345
343	346
343	2187
344	345
344	346
344	347
345	346
345	347
345	348
345	2537
346	347
346	348
346	349
347	349
347	1704
348	349
348	350
348	1346
349	351
349	352
350	352
350	1484
350	2187
350	2593
351	352
351	353
351	354
352	353
352	723
352	1517
353	354
353	356
353	385
354	355
354	356
354	2315
355	356
355	357
355	358
356	358
356	692
356	2506
356	2573
356	2654
357	358
357	359
357	360
357	1232
358	359
358	360
358	898
358	1143
359	360
359	361
359	362
359	2647
360	361
360	362
360	363
360	1946
361	362
361	364
361	659
361	1410
361	2912
362	363
362	365
362	1715
363	364
363	365
363	891
363	1572
363	1713
363	1943
364	365
364	366
364	1201
365	366
365	619
365	1622
365	2374
366	367
366	368
366	369
366	483
366	1395
367	369
367	370
367	1336
368	369
368	370
368	371
368	1013
369	371
369	372
369	2653
370	371
370	372
370	373
371	373
371	374
371	618
371	1546
372	373
372	374
372	375
372	1428
373	374
373	375
373	376
374	376
374	377
374	885
375	377
375	378
375	936
376	377
376	378
376	1175
376	1467
377	378
377	379
377	380
378	379
378	380
378	381
378	2168
379	381
379	1126
379	1178
380	381
380	382
380	383
381	382
381	384
381	1781
382	385
382	838
382	1607
383	384
383	385
383	386
383	2986
384	387
384	645
384	2801
385	386
385	387
385	388
386	388
386	389
386	2301
387	388
387	389
387	390
388	389
388	390
388	391
388	2166
389	390
389	391
389	392
390	392
390	393
390	2405
390	2603
391	392
391	393
391	394
391	2574
392	393
392	395
392	2814
392	2960
393	394
393	395
393	396
393	2686
394	395
394	396
394	1908
395	396
395	397
395	398
396	397
396	398
396	1913
396	2072
397	398
397	399
397	400
397	726
397	1209
398	399
398	400
398	401
398	840
398	1446
398	2709
399	400
399	401
399	402
399	1107
400	401
400	402
400	403
400	2544
401	402
401	403
401	404
402	403
402	404
402	631
402	1795
403	404
403	405
403	406
403	952
403	1893
404	406
404	407
404	1213
404	1799
405	406
405	407
405	408
405	2102
406	407
406	408
406	409
407	408
407	410
407	1000
407	1194
408	410
408	411
408	2578
409	411
409	412
409	2959
410	411
410	412
410	413
411	412
411	413
411	414
412	413
412	414
412	415
412	1682
412	2450
413	414
413	415
413	416
414	415
414	2008
415	416
415	417
415	418
416	417
416	418
416	419
416	1005
417	418
417	419
417	420
417	919
417	1656
418	419
418	420
418	589
418	930
419	422
419	994
419	1497
419	2058
420	421
420	422
420	423
421	422
421	423
421	424
422	423
422	425
422	1389
422	2241
423	424
423	425
423	426
423	2933
424	425
424	426
424	427
425	426
425	428
425	484
426	427
426	483
426	2074
426	2909
427	428
427	429
427	430
427	1015
427	1545
428	430
428	431
428	709
429	430
429	730
429	1974
430	431
430	432
430	433
430	785
431	432
431	433
431	434
431	480
432	433
432	434
432	435
433	434
433	435
434	436
434	1068
434	1392
434	2121
435	436
435	437
435	438
435	1607
436	437
436	438
436	439
437	438
437	439
437	523
437	832
438	439
438	440
438	441
439	441
439	442
440	442
440	443
441	442
441	443
441	540
441	2289
441	2485
442	443
442	444
442	2617
443	444
443	445
443	446
444	445
444	446
444	447
445	447
445	448
445	1580
446	447
446	448
446	449
447	448
447	449
447	450
447	1494
448	449
448	450
448	451
449	450
449	451
449	452
449	1696
449	2259
450	451
450	452
450	1904
450	2755
451	452
451	453
451	454
452	453
452	454
452	455
452	660
453	454
453	455
453	456
454	455
454	456
454	2634
455	456
455	457
455	458
456	457
456	458
456	459
456	1218
457	458
457	459
457	460
457	1715
458	459
458	460
458	461
458	1445
458	2999
459	460
459	462
459	1866
459	2369
460	462
460	463
460	1199
461	462
461	464
461	1567
462	463
462	464
462	465
462	1514
462	1683
463	465
463	1108
463	2828
464	465
464	466
464	467
464	2595
465	466
465	467
465	468
465	612
466	467
466	468
466	469
466	988
466	1317
467	468
467	469
467	470
467	1645
468	469
468	470
468	471
469	470
469	471
469	472
470	471
470	472
470	473
470	580
471	472
471	473
471	474
471	1469
472	473
472	474
472	475
472	831
473	474
473	476
473	1102
473	2451
474	475
474	476
474	477
475	476
475	477
475	502
476	477
476	478
476	479
477	480
477	610
478	479
478	480
478	481
478	1564
479	480
479	481
479	482
480	481
480	482
481	482
481	484
481	608
482	483
482	484
482	485
482	625
482	2554
483	484
483	1757
484	485
484	487
485	487
485	488
485	1109
486	487
486	489
486	2803
487	489
487	490
487	949
487	1167
488	489
488	490
488	491
489	490
489	492
489	1910
490	491
490	492
490	887
491	492
491	493
491	494
491	553
492	493
492	494
492	495
493	494
493	496
493	2134
494	495
494	496
494	497
495	497
495	498
495	616
495	1088
495	2341
496	497
496	498
496	499
497	498
497	499
497	2870
498	499
498	500
498	501
499	500
499	501
499	502
500	501
500	502
500	503
501	502
501	503
501	504
501	1931
502	503
502	505
502	1874
503	506
503	1683
504	505
504	506
504	582
505	506
505	507
505	937
506	507
506	508
506	509
507	508
507	510
507	2117
508	510
508	511
508	2256
509	510
509	511
509	512
509	2620
510	511
510	512
510	513
510	1487
511	514
511	1681
512	513
512	514
512	515
512	1832
513	514
513	516
513	995
513	2047
514	516
514	517
514	2169
514	2815
515	516
515	518
515	855
515	1112
516	517
516	518
516	519
516	1547
517	518
517	519
517	2745
518	519
518	520
518	521
519	520
519	521
519	522
519	2794
520	521
520	522
520	523
521	522
521	523
521	524
522	523
522	524
522	525
523	524
523	526
524	525
524	526
524	1871
524	2226
525	526
525	1740
525	2207
526	528
526	722
526	792
527	528
527	529
527	2719
528	529
528	530
528	531
529	530
529	531
529	532
529	1323
529	2203
530	531
530	532
530	533
531	532
531	533
531	1429
531	2482
532	534
532	535
532	794
532	1880
533	534
533	535
533	2464
534	536
534	713
534	2284
535	536
535	537
535	2479
535	2638
535	2847
536	537
536	538
536	539
537	538
537	540
537	661
538	539
538	540
538	541
539	540
539	541
539	542
540	542
540	543
540	2152
541	542
541	543
541	544
542	543
542	544
542	545
542	1375
543	545
543	2719
543	2843
543	2981
544	545
544	547
544	2359
545	547
545	548
546	548
546	549
546	1970
547	548
547	549
547	1708
548	549
548	550
548	1543
549	550
549	551
549	552
550	551
550	552
550	553
550	1124
550	2670
551	554
551	879
551	1731
551	2097
552	553
552	554
552	555
553	1413
553	1456
553	2238
553	2312
553	2556
554	557
554	595
554	2160
555	557
555	558
555	1507
556	558
556	559
556	680
556	2919
557	558
557	559
557	560
558	559
558	560
558	561
559	561
559	1435
559	1916
560	561
560	562
560	563
560	2491
561	562
561	564
561	1852
561	2380
562	563
562	564
562	565
563	564
563	565
563	566
564	565
564	566
564	2102
564	2182
565	567
565	568
565	2114
566	567
566	569
566	856
566	1567
566	2340
567	569
567	570
567	1095
568	571
568	756
569	570
569	571
569	572
570	572
570	573
570	1824
570	2633
571	572
571	931
571	1547
572	573
572	574
572	575
573	575
573	576
573	1773
574	575
574	576
574	577
575	576
575	577
575	578
576	577
576	578
576	579
577	578
577	579
577	580
578	579
578	580
578	581
579	580
579	582
579	1987
580	581
580	582
580	1221
581	582
581	583
581	584
582	583
582	584
582	585
583	585
583	586
584	585
584	586
584	587
585	586
585	588
585	1558
586	587
586	588
586	589
587	588
587	589
587	590
588	589
588	591
588	1698
588	2988
589	590
589	591
589	592
590	591
590	1745
590	2808
590	2942
591	592
591	593
591	594
591	1288
592	593
592	594
592	595
592	1914
593	594
593	595
593	596
593	2190
593	2966
594	595
594	596
594	597
595	596
595	597
595	598
596	597
596	598
596	599
597	598
597	600
597	1471
598	599
598	600
598	601
599	600
599	602
599	1523
600	603
600	1302
600	1702
601	602
601	603
601	1139
601	1872
602	603
602	604
602	605
602	1314
603	604
603	605
603	606
604	605
604	606
604	607
605	606
605	608
605	1857
605	2459
606	608
606	609
606	1894
606	2427
607	608
607	609
607	610
608	609
608	610
608	2991
609	610
609	611
609	612
610	612
610	613
610	2687
611	613
611	614
611	861
611	2397
612	613
612	2111
612	2781
613	614
613	615
613	616
613	786
614	615
614	616
614	617
615	616
615	617
615	1963
616	619
616	1323
617	618
617	619
617	620
618	619
618	1274
618	1328
618	2257
619	621
619	622
619	1332
619	1773
620	621
620	622
621	622
621	623
621	624
622	623
622	624
622	625
623	624
623	625
623	626
623	979
624	626
624	672
624	1583
624	1912
625	626
625	628
626	627
626	628
626	629
627	629
627	630
628	629
628	631
628	2926
629	631
629	632
629	1689
630	631
630	632
630	2330
631	633
631	634
632	1552
632	2354
633	636
633	2491
633	2848
633	2912
634	635
634	636
634	637
634	2418
635	637
635	638
635	965
635	2166
636	637
636	639
636	931
636	976
637	638
637	639
637	640
638	639
638	640
638	641
639	640
639	641
639	642
639	2185
640	641
640	642
640	643
641	642
641	643
642	643
642	644
642	645
643	644
643	645
643	1350
644	645
644	646
644	647
645	647
645	648
645	1628
645	2905
646	647
646	649
646	2509
646	2850
647	648
647	650
647	2062
648	649
648	650
648	1234
649	651
649	652
649	1644
649	2186
649	2822
650	651
650	653
650	2332
651	652
651	653
651	654
652	653
652	655
652	1859
653	654
653	655
653	656
653	1297
653	1436
654	655
654	656
654	657
655	657
655	1946
656	657
656	658
656	659
657	658
657	659
657	2924
658	660
658	661
658	1584
659	660
659	661
659	662
660	662
660	1634
660	2593
661	662
661	663
661	664
662	664
662	1944
662	2154
662	2538
663	664
663	665
663	666
663	2128
663	2982
664	665
664	667
664	837
664	1172
665	666
665	1632
665	2808
666	667
666	668
666	669
667	668
667	669
667	670
667	1049
667	1853
668	669
668	670
668	2375
668	2880
669	670
669	687
669	2485
669	2688
670	672
670	673
670	2447
671	672
671	673
671	674
671	1928
671	2388
672	673
672	674
672	675
673	674
673	675
673	872
674	675
674	676
674	677
674	2880
675	676
675	677
675	678
676	677
676	678
676	679
676	814
676	829
677	678
677	679
677	2925
678	679
678	680
678	2609
679	680
679	681
679	682
680	681
680	682
680	2004
681	682
681	683
681	684
682	683
682	684
682	685
682	2328
683	684
683	685
683	686
683	1241
684	685
684	686
684	687
685	686
685	687
685	688
686	687
686	689
686	1834
687	688
687	690
687	1420
687	2292
688	689
688	690
688	691
689	690
689	691
689	692
689	1512
690	691
690	692
690	693
691	692
691	693
691	694
691	1795
692	695
692	1877
692	1946
693	694
693	695
693	696
694	695
694	696
694	697
695	697
695	698
695	1202
696	698
696	699
696	700
697	698
697	699
697	700
698	699
698	701
698	2484
699	701
699	702
699	2450
700	703
700	1897
701	702
701	1496
701	2779
702	705
702	1594
702	2225
703	704
703	705
703	706
704	705
704	706
704	707
705	707
705	2140
705	2614
705	2755
706	708
706	709
706	1261
706	2546
707	709
707	710
708	709
708	710
708	1354
709	710
709	711
709	1017
710	711
710	712
710	713
711	712
711	713
711	714
711	2405
712	713
712	714
712	715
713	715
713	716
714	715
714	716
714	2049
715	716
715	717
715	718
716	717
716	718
716	719
716	1276
717	718
717	719
717	1835
718	719
718	720
718	721
718	2298
719	721
719	1821
719	2196
720	722
720	1422
720	2379
721	722
721	723
721	724
722	723
722	724
722	725
723	724
723	725
723	726
724	725
724	726
724	2205
725	726
725	727
725	728
726	727
726	728
727	728
727	729
727	730
727	2544
728	729
728	730
728	1064
729	730
729	731
729	732
730	732
730	733
730	2705
731	733
731	734
731	2458
732	733
732	734
732	1335
733	734
733	2057
733	2067
733	2463
733	2954
734	735
734	736
734	737
735	736
735	737
735	738
735	883
736	737
736	738
736	739
736	2380
737	738
737	740
737	921
738	739
738	740
738	741
739	740
739	741
739	742
739	2332
740	741
740	742
740	743
741	742
741	744
741	1283
742	744
742	938
742	1031
742	1885
742	1995
742	2227
742	2963
743	744
743	745
743	746
744	745
744	747
745	747
745	748
745	2666
746	747
746	749
746	926
747	748
747	749
747	750
747	2008
747	2209
748	749
748	750
748	751
749	752
749	807
749	847
749	1477
750	751
750	752
750	2246
751	752
751	753
751	754
752	753
752	754
752	755
753	754
753	755
753	756
754	755
754	757
754	1480
755	757
755	2430
756	757
756	758
756	1252
756	2023
757	758
757	759
757	760
757	2533
758	760
758	761
758	2551
759	760
759	761
759	762
760	763
760	1401
760	1523
760	2372
761	762
761	763
761	764
762	763
762	1575
762	2268
763	764
763	766
763	2170
764	765
764	766
764	767
764	1413
765	766
765	767
765	768
766	767
766	769
766	2656
766	2851
767	768
767	769
767	770
768	769
768	771
768	2417
769	770
769	1025
769	1848
770	771
770	772
770	2639
771	772
771	773
771	774
772	773
772	774
772	775
773	774
773	775
773	776
773	1552
774	775
774	776
774	777
774	2291
775	776
775	777
775	778
776	777
776	779
776	2634
777	778
777	779
777	780
778	779
778	780
778	781
778	1424
779	780
779	781
779	782
780	781
780	782
780	783
781	783
781	784
781	1518
782	783
782	785
782	1054
782	1365
782	2627
783	784
783	785
784	785
784	787
784	1891
785	787
785	788
785	1056
786	789
786	1612
786	2918
787	789
787	790
787	1684
787	2441
788	789
788	791
788	1441
788	1766
788	2566
789	791
789	792
789	944
790	791
790	793
790	814
790	2889
791	792
791	793
791	794
792	793
792	794
792	795
793	795
793	796
793	1142
794	796
794	797
794	2467
795	796
795	797
795	1991
796	797
796	798
796	799
797	798
797	799
797	800
798	799
798	800
798	801
798	1685
799	800
799	801
799	2975
800	802
800	803
800	905
800	1181
801	802
801	803
801	804
801	2628
801	2837
802	803
802	804
802	805
803	804
803	805
803	806
804	805
804	806
804	807
804	1818
805	806
805	807
805	2786
806	808
806	809
806	1118
807	808
807	809
807	810
808	809
808	810
808	811
809	810
809	811
809	812
809	1327
810	811
810	812
810	813
811	812
811	813
811	814
811	2801
812	813
812	814
812	815
813	814
813	815
813	816
814	815
814	816
815	817
815	818
815	1726
815	1925
816	1779
816	1804
816	2031
816	2735
817	818
817	819
817	2109
818	819
818	821
818	1309
819	820
819	821
819	2356
820	821
820	822
820	2523
820	2688
820	2956
821	822
821	824
821	1176
821	1475
822	823
822	824
822	825
823	824
823	825
823	933
823	1612
823	2168
823	2544
824	825
824	826
824	827
825	827
825	828
825	1014
825	2301
826	827
826	828
826	829
826	1800
827	828
827	829
827	830
827	2381
828	829
828	830
828	831
829	830
829	1653
830	831
830	833
830	1329
831	834
832	833
832	834
832	1464
832	2557
833	834
833	835
833	836
834	835
834	836
834	2903
835	836
835	837
835	838
835	1042
836	837
836	838
836	839
837	838
837	840
837	2895
838	839
838	840
838	841
838	904
839	842
839	1008
839	1435
840	841
840	843
841	844
841	1642
841	1732
841	1793
842	843
842	844
842	845
843	844
843	845
843	846
844	847
844	2219
844	2374
845	847
845	848
846	847
846	848
846	849
846	1068
847	848
847	849
847	2581
847	2722
848	849
848	850
848	851
848	2324
849	850
849	851
849	852
850	852
850	853
850	1136
851	852
851	853
851	854
852	853
852	854
852	855
853	854
853	856
853	2254
854	855
854	856
854	857
855	856
855	857
855	858
856	857
856	858
857	858
857	859
857	860
858	860
858	1928
858	2382
859	860
859	861
859	862
860	861
860	862
860	863
861	862
861	864
862	863
862	864
862	2265
863	865
863	866
863	1021
863	1996
864	865
864	1716
864	1758
864	2087
865	866
865	867
865	868
865	1133
865	1622
865	2369
866	867
866	868
866	869
867	868
867	870
867	2055
868	869
868	871
868	2362
868	2719
869	870
869	871
869	872
870	871
870	872
870	873
871	873
871	874
871	918
872	873
872	874
872	875
873	874
873	875
873	1348
874	875
874	876
874	877
875	876
875	877
875	878
876	877
876	878
876	879
877	879
877	880
877	1284
878	879
878	880
878	881
878	2063
879	880
879	881
879	882
880	881
880	882
880	2590
881	882
881	883
881	884
882	883
882	884
882	1254
883	886
883	1499
883	1770
884	885
884	886
884	887
884	1733
885	886
885	887
885	2949
886	887
886	888
886	1302
886	1330
887	888
887	889
887	890
888	890
888	891
888	1656
889	890
889	891
889	892
889	2538
890	891
890	892
890	893
891	894
891	1109
891	1541
891	1561
892	893
892	894
892	895
893	894
893	895
893	896
893	1886
894	895
894	896
894	897
894	1278
895	896
895	897
895	970
895	1408
896	897
896	898
896	899
897	898
897	899
897	900
898	900
898	901
898	1693
899	900
899	901
899	1428
900	901
900	902
900	903
901	902
901	903
901	904
901	1881
902	904
902	2485
903	905
903	1076
903	1608
904	905
904	907
905	906
905	907
905	985
906	907
906	908
906	909
907	908
907	909
907	910
908	909
908	910
908	911
909	910
909	912
909	2325
909	2426
910	911
910	912
910	913
911	912
911	913
911	2564
912	913
912	914
912	915
913	914
913	916
913	1785
914	915
914	917
914	1029
915	916
915	917
915	918
916	917
916	918
916	919
917	918
917	920
917	2489
918	919
918	920
918	921
919	920
919	1967
920	921
920	922
920	923
921	923
921	1263
921	2140
922	923
922	924
922	925
922	1953
923	924
923	925
923	1511
923	2305
924	925
924	926
924	977
925	926
925	928
925	2300
926	927
926	928
926	929
927	928
927	929
927	930
928	929
928	930
928	940
928	1291
928	2365
929	930
929	931
929	1372
930	932
930	2669
931	932
931	934
932	933
932	935
933	934
933	935
933	2157
934	936
934	937
934	2707
935	936
935	937
935	938
936	937
936	938
936	939
937	938
937	939
937	940
938	939
938	940
938	941
939	941
939	942
939	2194
940	942
940	943
941	942
941	943
941	944
941	2889
942	943
942	944
942	945
943	944
943	945
943	946
943	1145
943	1902
944	945
944	946
944	947
944	2256
945	946
945	947
945	948
945	2530
946	947
946	948
946	1301
947	949
947	950
948	949
948	950
948	1759
949	950
949	951
949	2640
950	951
950	952
950	953
951	952
951	953
951	954
952	953
952	955
953	954
953	955
953	956
954	955
954	956
954	957
955	956
955	957
955	2704
956	957
956	958
956	959
957	958
957	960
957	1748
957	2031
958	959
958	961
958	1992
958	2160
959	960
959	961
959	962
960	962
960	963
960	2483
961	962
961	963
961	964
961	1455
962	963
962	964
962	965
962	1133
963	964
963	965
963	966
964	965
964	967
964	1579
965	966
965	967
965	968
966	967
966	968
966	969
967	968
967	969
967	970
967	2250
968	969
968	971
968	1179
968	2177
969	970
969	971
969	1895
970	973
971	972
971	974
971	2841
972	973
972	974
972	975
972	2782
973	974
973	975
973	976
974	975
974	976
974	977
975	976
975	977
975	978
975	1519
976	977
976	978
976	979
977	978
977	1769
977	2448
978	979
978	981
979	1833
979	2256
980	981
980	982
980	983
980	2931
981	982
981	983
981	984
982	983
982	984
982	985
983	984
983	985
983	986
984	986
984	987
984	1295
984	1506
985	987
985	988
985	1321
985	2200
986	987
986	988
986	989
986	1915
987	988
987	989
987	990
988	990
988	991
989	990
989	992
989	2038
990	991
990	993
990	2310
991	992
991	993
991	994
992	993
992	995
992	1347
993	994
993	996
993	1071
994	996
994	1830
994	1834
995	996
995	997
995	998
996	997
996	998
996	999
996	2142
997	998
997	999
997	1000
997	1215
998	999
998	1115
999	1000
999	1001
999	1002
1000	1002
1000	1003
1000	1456
1000	1836
1001	1002
1001	1003
1001	1004
1001	1246
1002	1004
1002	1005
1002	2220
1003	1004
1003	1005
1003	1006
1004	1006
1004	1007
1004	1376
1004	2112
1004	2184
1004	2526
1005	1006
1005	1008
1006	1007
1006	1008
1006	1009
1006	2522
1007	1008
1007	1009
1007	1010
1008	1009
1008	1011
1008	2422
1008	2688
1009	1010
1009	1011
1009	1012
1009	1925
1010	1011
1010	1012
1010	1013
1011	1012
1011	1013
1011	1014
1012	1013
1012	1014
1012	1015
1013	1014
1013	1016
1014	1015
1014	1017
1014	1835
1014	2472
1015	1016
1015	1018
1015	1191
1016	1017
1016	1018
1016	1605
1017	1018
1017	1019
1017	1020
1018	1019
1018	1021
1018	2218
1019	1020
1019	1021
1019	1022
1019	2622
1020	1021
1020	1022
1020	1023
1021	1022
1021	1024
1021	2241
1022	1023
1022	1025
1022	1511
1022	2042
1023	1024
1023	1025
1023	2919
1024	1025
1024	1027
1024	1546
1025	1026
1025	1027
1025	1028
1025	2415
1026	1027
1026	1029
1026	1998
1027	1029
1027	1030
1027	2793
1028	1030
1028	1031
1028	1963
1029	1030
1029	1032
1029	1834
1030	1031
1030	2252
1031	1032
1031	1033
1031	1034
1031	2673
1032	1033
1032	1034
1032	1035
1033	1034
1033	1036
1033	2668
1034	1036
1034	1449
1034	2156
1035	1036
1035	1037
1035	1038
1036	1037
1036	1038
1036	1039
1037	1038
1037	1039
1037	1040
1038	1041
1038	1058
1038	1102
1038	2049
1039	1040
1039	1041
1039	1042
1040	1041
1040	1042
1040	1043
1040	2438
1041	1042
1041	1043
1041	1044
1042	1043
1042	1044
1043	1044
1043	1045
1043	2912
1044	1045
1044	1046
1044	1219
1044	2113
1044	2482
1045	1046
1045	1047
1045	1048
1046	1047
1046	1049
1046	1654
1047	1048
1047	1049
1047	1050
1047	1066
1047	1864
1048	1049
1048	1050
1048	1051
1048	2174
1049	1051
1050	1052
1050	1053
1050	1515
1051	1052
1051	1053
1051	1054
1052	1054
1052	1055
1052	1305
1053	1054
1053	1055
1053	1056
1054	1055
1054	1056
1054	1057
1055	1056
1055	1057
1055	1058
1056	1057
1056	1058
1056	1452
1057	1058
1057	1059
1057	1060
1058	1059
1058	1061
1058	1166
1058	2612
1059	1060
1059	1061
1059	1062
1059	1190
1060	1061
1060	1062
1060	1063
1061	1062
1061	1063
1061	1064
1061	1818
1062	1063
1062	1064
1062	1065
1063	1065
1063	1066
1063	1968
1063	2814
1063	2854
1064	1065
1064	1066
1064	1067
1065	1067
1065	1068
1066	1067
1066	1068
1066	2028
1067	1069
1067	1070
1067	1263
1067	2600
1068	1071
1069	1070
1069	1071
1069	1072
1070	1071
1070	2253
1070	2736
1071	1072
1071	1074
1071	1612
1072	1075
1072	1079
1072	1476
1073	1074
1073	1075
1073	1076
1074	1075
1074	1076
1074	1077
1074	1977
1075	1076
1075	1077
1075	1078
1075	1517
1076	1078
1076	1079
1076	2422
1077	1078
1077	1079
1077	1080
1078	1079
1078	1081
1078	1534
1078	2659
1079	1080
1079	1082
1079	2560
1080	1081
1080	1083
1080	2735
1081	1082
1081	1083
1081	1084
1081	1520
1082	1083
1082	1084
1082	1085
1083	1086
1083	2013
1083	2173
1084	1085
1084	1086
1084	1087
1084	1259
1085	1086
1085	1087
1085	1392
1086	1087
1086	1088
1086	1089
1087	1088
1087	1089
1087	1090
1087	1747
1088	1089
1088	1090
1089	1090
1089	1091
1089	1092
1090	1091
1090	1092
1090	1093
1090	2972
1091	1093
1091	1094
1091	1218
1092	1093
1092	1095
1093	1094
1093	1095
1093	1096
1094	1095
1094	1096
1094	1097
1095	1096
1095	1097
1095	2610
1096	1097
1096	1098
1096	1099
1097	1098
1097	1099
1097	1100
1098	1099
1098	1100
1098	1101
1099	1100
1099	1101
1099	1102
1100	1101
1100	1102
1100	1103
1101	1102
1101	1162
1101	1450
1101	1800
1102	1103
1102	1104
1103	1104
1103	1105
1103	1106
1104	1106
1104	1107
1104	1380
1105	1106
1105	1108
1106	1107
1106	1109
1106	2593
1107	1109
1107	1110
1108	1109
1108	1110
1108	1111
1109	1110
1109	1111
1109	1112
1109	2816
1110	1112
1110	1113
1110	2510
1111	1112
1111	1113
1111	1114
1112	1115
1112	1569
1113	1114
1113	1116
1113	2762
1113	2875
1114	1116
1114	1117
1114	1257
1115	1116
1115	1117
1115	1118
1115	1455
1116	1118
1116	1119
1116	1718
1117	1118
1117	1119
1117	2890
1118	1119
1118	1120
1118	1121
1119	1120
1119	1121
1119	1122
1120	1121
1120	1122
1120	1123
1120	1320
1121	1122
1121	1123
1121	1124
1122	1123
1122	1124
1122	1125
1122	2192
1123	1124
1123	1125
1123	1126
1124	1125
1124	1127
1125	1126
1125	1127
1125	1128
1125	2492
1126	1127
1126	1128
1126	1129
1127	1128
1127	1129
1127	1130
1128	1129
1128	1130
1128	1131
1129	1131
1129	1132
1129	2939
1130	1131
1130	1132
1130	1133
1131	1132
1131	1133
1132	1133
1132	1134
1132	1135
1133	1136
1134	1135
1134	1136
1134	1137
1135	1136
1135	1138
1135	1249
1135	2930
1136	1137
1136	1138
1136	1139
1136	2669
1137	1138
1137	1140
1137	1403
1137	1845
1138	1139
1138	1140
1138	1141
1139	1140
1139	1142
1139	2578
1140	1142
1140	1143
1140	2001
1141	1142
1141	1143
1141	1144
1141	1831
1142	1143
1142	1144
1142	2158
1143	1145
1143	1146
1143	1869
1144	1145
1144	1146
1144	1147
1145	1147
1145	1148
1146	1147
1146	1148
1146	1149
1147	1148
1147	1149
1147	1150
1148	1149
1148	1151
1148	2705
1149	1150
1149	1151
1149	1152
1150	1151
1150	1152
1150	1153
1151	1152
1151	1153
1151	1154
1152	1153
1152	1154
1152	1155
1153	1154
1153	1155
1153	1156
1153	2274
1154	1155
1154	1156
1154	1157
1154	1458
1155	1156
1155	1157
1156	1157
1156	1158
1156	1159
1157	1158
1157	1160
1157	2705
1157	2825
1158	1159
1158	1161
1158	2552
1159	1160
1159	1161
1159	1162
1160	1161
1160	1162
1160	1617
1161	1162
1161	1163
1161	1164
1161	1883
1162	1163
1162	1164
1162	1165
1163	1164
1163	1165
1163	1166
1164	1165
1164	1166
1164	1167
1164	1545
1165	1166
1165	1167
1165	1168
1166	1167
1166	1169
1167	1168
1167	1169
1168	1169
1168	1630
1168	1838
1169	1170
1169	1171
1169	1172
1169	1433
1170	1171
1170	1172
1170	1173
1171	1172
1171	1174
1171	2644
1172	1173
1172	1175
1173	1174
1173	1175
1173	1176
1174	1175
1174	1176
1174	1177
1175	1176
1175	1177
1175	1178
1175	2597
1176	1185
1176	2147
1176	2429
1177	1179
1177	1180
1177	2361
1178	1179
1178	1180
1178	1181
1179	1180
1179	1181
1179	1182
1180	1181
1180	1182
1180	1183
1181	1182
1181	1183
1181	1778
1182	1184
1182	1185
1182	1989
1183	1184
1183	1185
1183	1186
1184	1185
1184	1186
1184	1187
1184	1285
1184	1919
1185	1186
1185	1187
1186	1187
1186	1188
1186	1189
1186	1918
1187	1188
1187	1189
1187	1190
1188	1189
1188	1190
1188	1191
1188	2714
1189	1190
1189	1191
1189	1192
1190	1191
1190	1193
1191	1192
1191	1194
1192	1193
1192	1195
1192	1339
1192	2070
1193	1194
1193	1195
1194	1195
1194	1197
1194	2896
1195	1196
1195	1197
1195	1198
1196	1197
1196	1199
1196	1508
1197	1198
1197	1199
1197	1200
1198	1199
1198	1200
1198	1201
1199	1200
1199	1201
1199	1202
1200	1201
1200	1202
1200	1203
1200	2228
1201	1202
1201	1204
1201	2525
1202	1203
1202	1204
1202	1205
1202	2194
1203	1204
1203	1205
1203	1206
1203	1734
1204	1205
1204	1206
1204	1207
1205	1206
1205	1207
1205	1208
1206	1208
1206	1209
1206	1918
1207	1208
1207	1209
1207	1210
1208	1209
1208	1210
1208	1211
1208	2116
1209	1210
1209	1212
1210	1211
1210	1896
1210	2460
1211	1212
1211	1214
1212	1213
1212	1214
1212	1215
1213	1215
1213	1216
1214	1215
1214	1216
1214	1217
1214	2549
1215	1216
1215	1218
1215	2313
1216	1217
1216	1218
1216	1219
1217	1218
1217	1219
1217	1220
1218	1219
1218	1220
1218	2001
1218	2752
1219	1221
1219	1222
1220	1221
1220	1222
1220	1223
1220	2640
1221	1223
1221	1224
1222	1223
1222	1224
1222	1225
1223	1224
1223	1225
1223	1226
1224	1225
1224	1226
1224	1227
1224	1769
1225	1226
1225	1227
1225	2063
1226	1227
1226	1228
1226	1229
1227	1228
1227	1229
1227	1230
1228	1229
1228	1230
1228	1231
1229	1230
1229	2271
1229	2407
1230	1231
1230	1232
1230	1233
1231	1232
1231	1233
1231	1234
1232	1235
1233	1234
1233	1235
1233	1236
1234	1236
1234	1237
1235	1236
1235	1237
1235	1797
1236	1237
1236	1238
1236	2065
1236	2089
1237	1238
1237	1239
1237	2500
1238	1239
1238	1240
1238	1241
1239	1240
1239	1241
1239	1242
1239	2448
1240	1241
1240	1242
1240	2016
1241	1242
1241	1243
1242	1243
1242	1244
1242	1245
1242	1264
1243	1244
1243	1245
1243	1246
1244	1245
1244	1246
1244	1247
1244	2595
1245	1246
1245	1247
1245	1248
1246	1247
1246	1248
1246	2951
1247	1248
1247	1249
1247	1250
1247	1285
1248	1250
1248	1251
1248	1418
1248	1984
1248	2283
1249	1251
1249	1252
1249	2231
1250	1251
1250	1252
1250	1253
1251	1254
1251	1476
1252	1253
1252	1255
1252	1550
1253	1255
1253	1367
1253	2628
1254	1255
1254	1257
1254	2714
1255	1256
1255	1257
1255	1258
1256	1257
1256	1258
1256	1259
1256	1671
1257	1258
1257	1259
1257	1260
1257	2525
1258	1259
1258	1261
1258	1469
1258	2535
1259	1260
1259	1261
1259	1916
1259	2823
1260	1261
1260	1262
1260	1263
1261	1262
1261	1263
1261	1264
1262	1263
1262	1264
1262	1265
1262	2436
1263	1265
1263	1266
1263	2299
1264	1265
1264	1267
1265	1266
1265	1267
1265	1268
1266	1267
1266	1268
1266	2266
1267	1268
1267	1270
1267	1726
1267	1784
1268	1269
1268	1270
1268	1271
1268	1931
1269	1272
1269	1328
1269	2113
1269	2763
1270	1271
1270	1272
1270	1694
1271	1272
1271	1273
1271	1274
1271	2787
1272	1273
1272	1274
1272	1275
1272	2519
1273	1274
1273	1275
1273	1276
1274	1276
1274	2292
1275	1276
1275	1278
1275	1893
1275	2163
1275	2894
1276	1277
1276	1278
1277	1278
1277	1279
1277	1345
1277	1395
1277	1911
1278	1279
1278	2085
1278	2888
1279	1280
1279	1281
1279	1282
1280	1281
1280	1282
1280	1283
1280	2878
1281	1282
1281	1284
1281	2320
1282	1283
1282	1284
1282	1285
1283	1284
1283	1285
1283	1323
1283	2012
1284	1285
1284	1286
1284	1433
1284	1579
1284	2650
1285	1288
1286	1287
1286	1288
1286	1392
1287	1288
1287	1289
1287	1290
1288	1290
1288	1291
1288	1714
1289	1290
1289	1291
1289	1292
1289	1499
1290	1291
1290	1292
1290	1293
1291	1293
1291	1294
1291	2492
1292	1293
1292	1294
1292	1295
1292	2347
1293	1294
1293	1295
1293	1296
1293	2086
1294	1295
1294	1296
1294	1297
1295	1296
1295	1298
1295	1386
1296	1297
1296	1299
1297	1298
1297	1300
1298	1299
1298	1301
1298	2156
1299	1300
1299	1301
1299	1302
1300	1301
1300	1302
1300	1303
1301	1302
1301	1303
1301	1304
1302	1738
1303	1305
1303	2076
1303	2753
1304	1305
1304	1306
1304	1307
1305	1306
1305	1308
1305	1535
1305	1554
1305	2561
1306	1307
1306	1308
1306	1309
1307	1308
1307	1309
1307	1310
1308	1309
1308	1310
1308	1311
1308	1437
1308	2333
1309	1310
1309	1311
1309	1312
1310	1311
1310	1312
1310	1313
1311	1312
1311	1313
1311	1314
1312	1314
1312	1315
1312	2157
1313	1314
1313	1315
1313	1316
1313	2833
1314	1316
1314	2040
1314	2134
1315	1316
1315	1317
1315	1318
1316	1317
1316	1318
1316	1319
1317	1318
1317	1320
1318	1319
1318	1320
1318	1321
1318	1737
1319	1320
1319	1321
1319	2520
1319	2879
1320	1321
1320	2101
1320	2398
1321	1324
1321	2159
1322	1323
1322	1324
1322	1325
1322	1834
1322	2426
1323	1325
1323	1326
1324	1325
1324	1326
1324	1327
1325	1326
1325	1327
1325	1328
1325	1944
1326	1327
1326	1328
1326	1329
1326	1822
1327	1329
1327	1330
1328	1329
1328	1331
1329	1330
1329	1331
1329	1332
1329	2287
1330	1333
1330	2876
1331	1332
1331	1333
1331	1334
1331	2475
1332	1333
1332	1334
1333	1334
1333	1336
1333	2161
1334	1335
1334	1336
1334	1337
1334	1621
1334	2496
1335	1336
1335	1338
1336	1337
1336	1338
1336	1339
1337	1338
1337	1339
1337	1340
1338	1339
1338	1341
1338	1413
1339	1340
1339	1341
1339	2713
1340	1341
1340	1342
1340	1343
1341	1342
1341	1343
1341	2315
1341	2536
1342	1343
1342	1344
1343	1344
1343	1345
1343	1346
1344	1345
1344	1346
1344	1347
1345	1346
1345	1347
1345	1348
1346	1347
1346	1348
1346	1349
1347	1348
1347	1349
1347	1350
1348	1349
1348	1350
1348	1351
1348	2447
1349	1351
1349	1352
1349	2003
1350	1351
1350	1352
1350	2224
1350	2489
1351	1352
1351	1353
1351	1354
1352	1354
1352	1355
1352	2104
1353	1354
1353	1355
1354	1355
1354	1356
1354	1357
1355	1356
1355	1357
1355	1358
1355	2365
1356	1357
1356	1358
1356	1359
1356	1422
1357	1359
1357	1360
1357	1872
1358	1359
1358	2802
1359	1360
1359	1361
1359	1362
1360	1361
1360	1362
1360	1363
1361	1362
1361	1363
1361	1364
1362	1363
1362	1364
1362	1365
1363	1364
1363	1365
1363	1366
1364	1365
1364	1366
1364	1367
1364	2719
1365	1366
1365	1368
1366	1367
1366	1368
1366	1369
1366	2569
1367	1368
1367	1369
1367	1370
1368	1369
1368	1370
1368	1371
1369	1370
1369	1371
1369	1372
1369	2945
1370	1371
1370	1372
1370	1373
1371	1372
1371	1373
1371	1521
1372	1374
1372	1375
1372	2656
1373	1374
1373	1375
1373	1376
1373	1994
1374	1375
1374	1377
1374	1951
1374	2294
1375	1378
1375	2448
1376	1377
1376	1379
1377	1378
1377	1379
1377	1981
1377	2996
1378	1379
1378	1380
1378	1381
1379	1380
1379	1381
1379	1382
1380	1381
1380	1382
1380	1417
1381	1382
1381	1383
1381	1384
1382	1383
1382	1384
1382	1385
1382	1669
1383	1384
1383	1386
1383	1768
1384	1385
1384	1387
1384	1512
1385	1386
1385	1387
1385	1388
1386	1387
1386	1388
1386	1389
1387	1388
1387	1389
1387	1390
1388	1389
1388	1390
1388	1391
1388	1638
1389	1390
1389	1391
1389	1392
1390	1391
1390	1392
1390	1393
1391	1392
1391	1393
1391	2603
1392	1393
1392	1394
1392	1395
1392	1774
1393	1394
1393	1395
1393	1396
1394	1395
1394	1397
1394	2196
1395	1396
1396	1397
1396	2155
1396	2518
1397	1398
1397	1399
1397	1400
1398	1399
1398	1400
1398	1539
1399	1401
1399	1402
1399	2029
1400	1401
1400	1402
1400	1403
1400	1941
1401	1402
1401	1403
1402	1403
1402	1404
1402	1405
1403	1405
1403	1406
1404	1405
1404	1406
1404	1407
1404	2936
1405	1406
1405	1407
1405	1408
1406	1407
1406	1408
1406	1409
1407	1408
1407	1409
1407	1410
1408	1409
1408	1411
1409	1410
1409	1412
1410	1412
1410	1413
1411	1412
1411	1413
1411	1414
1412	1413
1412	1414
1412	1415
1412	2274
1413	1414
1413	1416
1413	1515
1414	1415
1414	1416
1414	1417
1415	1416
1415	1417
1415	2269
1415	2984
1416	1417
1416	1419
1416	2332
1417	1418
1417	1419
1417	1420
1418	1419
1418	1421
1419	1420
1419	1421
1419	1422
1420	1421
1420	1422
1421	1422
1421	1424
1421	2631
1421	2990
1422	1423
1422	1425
1422	1848
1423	1424
1423	1425
1423	1426
1423	1477
1424	1427
1424	1517
1424	2915
1425	1426
1425	1427
1425	1428
1426	1427
1426	2975
1427	1428
1427	1429
1427	1430
1427	2483
1428	1431
1428	2621
1429	1432
1429	2952
1430	1432
1430	1433
1430	1705
1430	2133
1430	2506
1431	1432
1431	1433
1431	1434
1431	2113
1432	1433
1432	1434
1433	1434
1434	1436
1434	1437
1434	2777
1435	1436
1435	1437
1435	1438
1436	1437
1436	1438
1436	2645
1437	1439
1437	1440
1438	1439
1438	1441
1438	1685
1438	2548
1439	1440
1439	1441
1439	1442
1440	1441
1440	1442
1440	1443
1441	1443
1441	1444
1441	1756
1442	1444
1442	1445
1442	2321
1443	1444
1443	1445
1444	1445
1444	1447
1445	1446
1445	1448
1446	1448
1446	1449
1447	1448
1447	1449
1447	2568
1448	1450
1448	2405
1449	1450
1449	1451
1449	1452
1450	1451
1450	1452
1450	1453
1450	1490
1450	1646
1451	1452
1451	1453
1451	2338
1452	1454
1452	1455
1453	1454
1453	1455
1453	1456
1453	1726
1454	1455
1454	1456
1454	1457
1454	2302
1455	1458
1455	2144
1456	1458
1457	1458
1457	1459
1457	1460
1458	1460
1458	1461
1459	1460
1459	1461
1459	1462
1460	1461
1460	1462
1460	1463
1461	1462
1461	1463
1461	1464
1462	1463
1462	1464
1462	1465
1462	2970
1463	1464
1463	1465
1463	1466
1464	1466
1464	1467
1465	1466
1465	1467
1465	1468
1465	1725
1465	2262
1466	1467
1466	1468
1466	1469
1467	1468
1467	1469
1467	1692
1468	1469
1468	1470
1468	1471
1469	1470
1469	1471
1470	1471
1470	1472
1470	1473
1470	2935
1471	1474
1471	1542
1471	2172
1471	2613
1472	1473
1472	1474
1472	1475
1473	1475
1473	1476
1473	2186
1473	2656
1474	1475
1474	1477
1475	1476
1475	1477
1475	1478
1475	1938
1475	2584
1475	2886
1476	1477
1476	1478
1476	1479
1476	2036
1477	1479
1478	1481
1478	1792
1478	2147
1479	1480
1479	1481
1479	2065
1479	2103
1480	1481
1480	1483
1481	1482
1481	1483
1481	1484
1482	1483
1482	1484
1482	1485
1483	1484
1483	1485
1483	1486
1484	1485
1484	1486
1484	2202
1485	1486
1485	1488
1485	1712
1485	2488
1486	1487
1486	1488
1486	1489
1487	1488
1487	2430
1488	1490
1488	1491
1488	2161
1489	1490
1489	1491
1489	1492
1490	1491
1490	1492
1491	1492
1491	1493
1491	2148
1491	2490
1492	1493
1492	1494
1492	1495
1493	1494
1493	1496
1493	1947
1494	1497
1494	2299
1495	1496
1495	1497
1495	1498
1495	2420
1496	1499
1496	2871
1497	1498
1497	1499
1497	1500
1497	2414
1498	1499
1498	1500
1498	1501
1499	1500
1499	1502
1500	1501
1500	1502
1500	2601
1501	1502
1501	1503
1501	1504
1502	1503
1502	1504
1502	1505
1502	2398
1503	1504
1503	1505
1503	1637
1503	2862
1504	1505
1504	1507
1504	2755
1504	2971
1505	1506
1505	1507
1505	1508
1506	1507
1506	1508
1506	2233
1507	1508
1507	1509
1507	1780
1508	1509
1508	1510
1508	1511
1509	1510
1509	2314
1510	1511
1510	1512
1510	1513
1511	1512
1512	1514
1512	2374
1512	2573
1513	1514
1513	1515
1513	1516
1514	1515
1514	1517
1514	1562
1515	1516
1515	1517
1516	1517
1516	1850
1516	2333
1516	2761
1517	1518
1517	1520
1518	1519
1518	1520
1518	1521
1519	1520
1519	1522
1520	1522
1520	1523
1521	1524
1521	2047
1521	2143
1521	2795
1522	1523
1522	1524
1522	1525
1523	1524
1523	1525
1523	1526
1524	1525
1524	1526
1524	1527
1525	1526
1525	1527
1525	1528
1525	1728
1526	1527
1526	1528
1526	1529
1527	1528
1527	1529
1527	1530
1528	1529
1528	1531
1528	2176
1529	1530
1529	1532
1529	2813
1530	1531
1530	1532
1530	1533
1531	1532
1531	1533
1531	1534
1531	2128
1532	1533
1532	1534
1532	1535
1533	1535
1533	1536
1533	2774
1533	2837
1534	1536
1534	1537
1535	1537
1535	1538
1536	1537
1536	1538
1536	1539
1536	2824
1537	1538
1537	1539
1537	1540
1537	2989
1538	1540
1538	1541
1539	1540
1539	1541
1539	1542
1540	1541
1540	1542
1540	1683
1541	1543
1541	1544
1542	1544
1542	1545
1543	1544
1543	2473
1543	2788
1544	1545
1544	1546
1544	1547
1545	2318
1546	1547
1546	1548
1546	1549
1546	1895
1547	1550
1548	1549
1548	1551
1548	2873
1549	1550
1549	1551
1549	1552
1550	1551
1550	1553
1551	1552
1551	1553
1551	1817
1552	1553
1552	1554
1552	1846
1553	1554
1553	1555
1553	1556
1554	1555
1554	1557
1554	1604
1554	2977
1555	1556
1555	1557
1555	1558
1556	1558
1556	1559
1556	1821
1556	2704
1557	1558
1557	1559
1557	1560
1557	1581
1557	1747
1558	1559
1558	1560
1558	1561
1559	1560
1559	1561
1559	1562
1560	1561
1560	1562
1560	1563
1561	1562
1561	1563
1561	1564
1562	1563
1562	1564
1563	1565
1563	1566
1563	2252
1564	1566
1564	1567
1565	1566
1565	1568
1565	2593
1566	1567
1566	1569
1566	2206
1567	1568
1567	1569
1567	1570
1568	1569
1568	1571
1568	2170
1569	1570
1569	1571
1570	1572
1570	1573
1570	1703
1571	1572
1571	1573
1571	1574
1572	1573
1572	1574
1573	1574
1573	1576
1573	2668
1574	1575
1574	1576
1574	1577
1575	1576
1575	1577
1575	1578
1576	1578
1576	1579
1576	2390
1576	2592
1577	1578
1577	1579
1577	1580
1578	1580
1578	1581
1578	1773
1578	1940
1579	1581
1579	2828
1580	1581
1580	1582
1580	1583
1581	1582
1581	1583
1581	2214
1582	1583
1582	1584
1582	1585
1583	1586
1583	2621
1584	1586
1584	1587
1584	2173
1584	2958
1585	1586
1585	1587
1585	1588
1586	1587
1586	1588
1586	1589
1587	1588
1587	1589
1587	1590
1587	2075
1588	1589
1588	1590
1588	1591
1589	1590
1589	1591
1589	1592
1589	1969
1590	1591
1590	1592
1590	1593
1590	2393
1591	1592
1591	1593
1591	1594
1591	2338
1592	1593
1592	1594
1592	1595
1593	1594
1593	1596
1594	1595
1594	1596
1594	1597
1594	2983
1595	1597
1595	1598
1595	2148
1596	1597
1596	1598
1596	1619
1596	2074
1597	1598
1597	1599
1597	1600
1598	1599
1598	1600
1598	1601
1598	2642
1598	2988
1599	1601
1599	1602
1599	2521
1599	2829
1600	1602
1600	1603
1600	1627
1601	1602
1601	1603
1601	1604
1602	1603
1602	1604
1602	1605
1602	2359
1603	1604
1603	1605
1603	2827
1604	1606
1604	1607
1605	1606
1605	1607
1605	1608
1606	1607
1606	1608
1606	1609
1607	1608
1607	2576
1608	1609
1608	1610
1608	1611
1609	1610
1609	1611
1609	1612
1610	1611
1610	1612
1610	1706
1611	1612
1611	1613
1611	1614
1612	1615
1613	1614
1613	1615
1613	1616
1614	1615
1614	1616
1614	1617
1615	1616
1615	1618
1615	1868
1616	1617
1616	1618
1616	1619
1617	1618
1617	1619
1617	2086
1617	2619
1618	1619
1618	1620
1618	1621
1618	1641
1618	2034
1619	1620
1619	1622
1619	2340
1620	1621
1620	1622
1620	1623
1621	1622
1621	1623
1622	1625
1623	1624
1623	1625
1623	1626
1624	1625
1624	1626
1624	1627
1625	1626
1625	1627
1625	1628
1626	1627
1626	1628
1626	1629
1626	2043
1627	1628
1627	1629
1627	1630
1628	1630
1628	1631
1629	1630
1629	1631
1629	1940
1630	1632
1630	1633
1630	2659
1630	2925
1631	1632
1631	1633
1631	1634
1632	1633
1632	1634
1632	1635
1633	1634
1633	1635
1633	2724
1633	2936
1634	1637
1634	1825
1635	1637
1635	1638
1635	1709
1635	2347
1636	1637
1636	1638
1636	1639
1637	1638
1637	1640
1637	1922
1638	1639
1638	1640
1639	1640
1639	1641
1639	1642
1640	1641
1640	1642
1640	1643
1640	2605
1641	1643
1641	1644
1642	1643
1642	1644
1642	1645
1643	1644
1643	1645
1643	1646
1643	2674
1644	1645
1644	1647
1644	2066
1645	1646
1645	1648
1645	1668
1646	1647
1646	1649
1646	2045
1647	1648
1647	1649
1647	1947
1648	1649
1648	1650
1648	1651
1649	1650
1649	1651
1649	1652
1650	1651
1650	1652
1650	1653
1651	1652
1651	1653
1651	1654
1652	1653
1652	1655
1652	2463
1653	1654
1653	1655
1653	1656
1654	1655
1654	1656
1654	1657
1654	2060
1655	1656
1655	1657
1655	1658
1656	1658
1656	1659
1656	2035
1657	1658
1657	1659
1657	1660
1658	1659
1658	1660
1658	1661
1659	1660
1659	1661
1659	2880
1660	1661
1660	1662
1660	1663
1660	2346
1661	1663
1661	1664
1661	1853
1662	1663
1662	1664
1662	1665
1663	1664
1663	1665
1663	1666
1664	1665
1664	1666
1664	1667
1664	1873
1665	1666
1665	1667
1665	1668
1666	1668
1666	1669
1666	1824
1667	1668
1667	1669
1667	1670
1668	1669
1668	1670
1669	1672
1669	2216
1670	1671
1670	1672
1670	1673
1670	2977
1671	1673
1671	1674
1671	1838
1672	1674
1672	1675
1672	2689
1673	1674
1673	1675
1673	1676
1674	1675
1674	1676
1674	1677
1675	1676
1675	1677
1675	1678
1675	2994
1676	1677
1676	1678
1676	1679
1677	1678
1677	1679
1677	1680
1678	1680
1678	1681
1678	2439
1679	1680
1679	1682
1679	2366
1680	1681
1680	1682
1680	1683
1681	1682
1681	1683
1681	1708
1681	1950
1682	1683
1682	1685
1683	1685
1683	1686
1684	1685
1684	1687
1685	1687
1685	1688
1686	1687
1686	1688
1686	1689
1687	1688
1687	1689
1687	1690
1687	2395
1687	2748
1688	1689
1688	1690
1688	1691
1688	2064
1688	2833
1689	1690
1689	1691
1689	2635
1689	2692
1689	2711
1690	1692
1690	2451
1690	2878
1690	2978
1691	1692
1691	1693
1691	1694
1691	1957
1692	1694
1692	1818
1693	1695
1693	1696
1693	2413
1694	1695
1694	1696
1694	1697
1695	1697
1695	1698
1695	2109
1695	2617
1696	1698
1696	1699
1697	1698
1697	1699
1697	1700
1698	1699
1698	1701
1699	1700
1699	1701
1699	1702
1700	1701
1700	1702
1700	1703
1701	1704
1701	2306
1702	1703
1702	1704
1702	1779
1703	1704
1703	1705
1703	1706
1704	1705
1704	1706
1704	1707
1705	1706
1705	1707
1705	1708
1706	1707
1706	1708
1706	1709
1707	1708
1707	1709
1707	1710
1707	2803
1708	1710
1708	1711
1709	1710
1709	1711
1709	1712
1710	1711
1710	1712
1710	1844
1711	1712
1711	1713
1711	1714
1711	1784
1711	2613
1712	1714
1712	1715
1713	1714
1713	1716
1714	1715
1714	1717
1715	1716
1715	1717
1716	1717
1716	1718
1716	1719
1717	1718
1717	1719
1717	1839
1718	1720
1718	1721
1718	2240
1719	1720
1719	1721
1719	1722
1719	2468
1720	1721
1720	1722
1720	1723
1720	1978
1720	2969
1721	1722
1721	1723
1721	1724
1722	1723
1722	1725
1722	2114
1722	2649
1722	2715
1723	1725
1723	1726
1723	2407
1724	1725
1724	1726
1724	1727
1725	1728
1725	1757
1725	2480
1725	2685
1726	1729
1727	1728
1727	1729
1727	1730
1728	1731
1728	2206
1729	1730
1729	1731
1729	1732
1729	2150
1730	1731
1730	1732
1730	1733
1730	2839
1731	1732
1731	1733
1731	1734
1732	1733
1732	1734
1733	1735
1733	1736
1734	1736
1734	1737
1735	1736
1735	1737
1735	1738
1736	1737
1736	1738
1736	1739
1736	2096
1737	1739
1737	1740
1738	1739
1738	1740
1738	1741
1738	2781
1739	1740
1739	1741
1739	1742
1740	1741
1740	1742
1740	1743
1740	2477
1741	1742
1741	1743
1741	1744
1742	1743
1742	1744
1742	1745
1743	1744
1743	1745
1743	1746
1744	1745
1744	1746
1744	1941
1745	1746
1745	1747
1745	1748
1746	1747
1746	1748
1746	1749
1747	1749
1747	2801
1748	1749
1748	1751
1749	1750
1749	1751
1749	2350
1749	2681
1750	1751
1750	1752
1750	1753
1751	1752
1751	1754
1751	2537
1752	1753
1752	1754
1752	1755
1753	1754
1753	1755
1753	1938
1754	1755
1754	1757
1754	2627
1755	1756
1755	1757
1755	1758
1756	1758
1756	1759
1757	1758
1757	1759
1758	1760
1758	1761
1758	2614
1759	1760
1759	1761
1759	1762
1759	2173
1760	1761
1760	1763
1760	2725
1761	1762
1761	1763
1761	1764
1762	1763
1762	1764
1762	1765
1762	2352
1763	1764
1763	1765
1763	1766
1764	1765
1764	1766
1764	1767
1765	1766
1765	1768
1765	2241
1766	1767
1766	1768
1767	1768
1767	1769
1767	1770
1768	1769
1768	1770
1768	1771
1769	1771
1769	1772
1769	2089
1770	1772
1770	1773
1771	1772
1771	1773
1771	1774
1772	1773
1772	1774
1772	1775
1773	1774
1773	1776
1774	1775
1774	1776
1775	1776
1775	1777
1775	2869
1776	1777
1776	1778
1776	1779
1776	2859
1777	1779
1777	1780
1777	2766
1778	1779
1778	1780
1778	2689
1779	1780
1779	2033
1780	1781
1780	1782
1780	1783
1781	1782
1781	1783
1781	1784
1781	2263
1781	2835
1782	1783
1782	1784
1782	1785
1783	1784
1783	1785
1783	1786
1783	2349
1784	1785
1785	1787
1785	1788
1785	2200
1786	1787
1786	1788
1786	1789
1787	1788
1787	1789
1787	1790
1788	1789
1788	1790
1788	1791
1789	1790
1789	1791
1789	1792
1789	2644
1790	1791
1790	1792
1790	1793
1791	1792
1791	1793
1791	2339
1792	1793
1792	1794
1792	1795
1792	2358
1792	2453
1793	1794
1793	1795
1793	1796
1793	2358
1794	1795
1794	1797
1794	2535
1795	1797
1795	1798
1796	1797
1796	1798
1796	1799
1797	1798
1797	1799
1797	1800
1798	1799
1798	1800
1798	1801
1799	1800
1799	1801
1800	2981
1801	1802
1801	1803
1801	1804
1802	1803
1802	1804
1802	1805
1803	1804
1803	1805
1803	1806
1804	1806
1804	1807
1804	2408
1805	1806
1805	1807
1805	1808
1806	1807
1806	1808
1806	1809
1806	1934
1807	1808
1807	1810
1807	2381
1808	1810
1808	1811
1808	2283
1809	1810
1809	1811
1809	1812
1809	2602
1810	1811
1810	1812
1810	1813
1810	2378
1811	1812
1811	1813
1811	1814
1812	1813
1812	1815
1812	2681
1812	2954
1813	1814
1813	1815
1813	1816
1814	1815
1814	1816
1814	1817
1815	1816
1815	1817
1815	1818
1816	1817
1816	1818
1816	1819
1817	1818
1817	1819
1817	1820
1818	1820
1819	1820
1819	1821
1819	1848
1820	1821
1820	1822
1820	1823
1821	1822
1821	1824
1821	2339
1822	1824
1822	1825
1823	1824
1823	1825
1823	1826
1824	1825
1824	1826
1824	1827
1824	2062
1825	1826
1825	1827
1825	1828
1826	1827
1826	1828
1826	1829
1827	1828
1827	1829
1827	1830
1828	1829
1828	1830
1828	1831
1829	1830
1829	1832
1829	2905
1830	1831
1830	1833
1830	2734
1831	1833
1831	1914
1832	1834
1832	1835
1833	1834
1833	1835
1833	1836
1834	1835
1835	1837
1835	2171
1836	1837
1836	1839
1836	2054
1837	1838
1837	2543
1838	1840
1838	1841
1839	1840
1839	1841
1839	1862
1839	2155
1840	1841
1840	1842
1840	1843
1841	1842
1841	1843
1841	1844
1842	1843
1842	1844
1842	1845
1843	1844
1843	1845
1843	1846
1844	1845
1844	1846
1844	1847
1845	1846
1845	1848
1846	1848
1846	1849
1846	2012
1847	1848
1847	1849
1847	1850
1848	1849
1848	1850
1849	1850
1849	1851
1849	1852
1850	1851
1850	1852
1850	2709
1851	1852
1851	1854
1851	2899
1852	1853
1852	1854
1853	1855
1853	1856
1853	2098
1854	1855
1854	1856
1854	1857
1855	1856
1855	1857
1855	1858
1855	2931
1856	1857
1856	1858
1856	1859
1857	1858
1857	2890
1858	1859
1858	1860
1858	1861
1858	2254
1859	1860
1859	1861
1859	1862
1860	1861
1860	1862
1860	1863
1861	1862
1861	1863
1861	1864
1862	1864
1862	1945
1863	1864
1863	1866
1864	1866
1864	1867
1865	1866
1865	1867
1865	1868
1866	1867
1866	1868
1866	2652
1867	1868
1867	1869
1867	1870
1868	1869
1868	1870
1868	1871
1869	1870
1869	1871
1869	2964
1870	1871
1870	1872
1870	1873
1870	2091
1871	1872
1871	1874
1872	1873
1872	1874
1872	1875
1873	1874
1873	1875
1873	1929
1874	1875
1874	1876
1875	1876
1875	1878
1875	2343
1875	2630
1876	1877
1876	1878
1876	1879
1877	1879
1877	1880
1878	1881
1878	2618
1878	2982
1879	1880
1879	1881
1879	1882
1880	1881
1880	1882
1880	1883
1880	2559
1881	1884
1881	2111
1882	1883
1882	1884
1882	1885
1883	1884
1883	1885
1883	2181
1884	1885
1884	1886
1884	1887
1884	2380
1884	2774
1885	1887
1885	1888
1886	1887
1886	1888
1887	1888
1887	1889
1887	1914
1888	1889
1888	1890
1888	1891
1888	2417
1889	1890
1889	1891
1889	1892
1889	2189
1890	1891
1890	1892
1890	1893
1891	1892
1891	1894
1891	2493
1892	1893
1892	1894
1892	1895
1893	1894
1893	1895
1894	1897
1895	1897
1895	2913
1896	1897
1896	1898
1897	1898
1897	1900
1897	2878
1898	1899
1898	1900
1898	1901
1899	1900
1899	2553
1899	2771
1900	1902
1900	1903
1900	2407
1901	1903
1901	2005
1902	1904
1902	1905
1903	1904
1903	1905
1903	1906
1903	2629
1904	1905
1904	1906
1904	1907
1904	1952
1905	1906
1905	1907
1905	1908
1906	1907
1906	1908
1906	1909
1907	1908
1907	1909
1907	1910
1907	2668
1907	2848
1908	1909
1908	1910
1908	1911
1909	1910
1909	1911
1909	1912
1910	1913
1910	2814
1911	1912
1911	1913
1912	1913
1912	1914
1912	1915
1913	1915
1913	1925
1914	1915
1914	1916
1915	1918
1915	2255
1916	1917
1916	1918
1917	1918
1917	1920
1918	1919
1918	1921
1919	1920
1919	1921
1920	1921
1920	1922
1921	1922
1921	1923
1921	1924
1922	1924
1922	1925
1923	1924
1923	1925
1923	1926
1923	2389
1924	1925
1924	1926
1924	1927
1925	1926
1925	1928
1926	1927
1926	1928
1926	2146
1927	1929
1927	1930
1927	2062
1928	1929
1928	1931
1929	1931
1929	2919
1930	1931
1930	1932
1930	1933
1931	1934
1932	1933
1932	1934
1932	1935
1933	1934
1933	1935
1933	1936
1934	1937
1934	2147
1935	1936
1935	1937
1935	1938
1936	1937
1936	1938
1936	2937
1937	1938
1937	1939
1937	1940
1938	1939
1938	1941
1939	1940
1939	1941
1939	1942
1939	2511
1940	1942
1940	1943
1940	2208
1941	1942
1941	1944
1942	1943
1942	1944
1942	1945
1943	1945
1943	1946
1944	1945
1944	1947
1945	1946
1945	1947
1945	1948
1946	1948
1946	1949
1947	1948
1947	1949
1947	1950
1948	1949
1948	1950
1948	1951
1949	1950
1949	1951
1949	2331
1950	1951
1950	1952
1951	1953
1951	1954
1952	1953
1952	1954
1953	1955
1953	1956
1954	1955
1954	1956
1954	1957
1955	1956
1955	1957
1955	1958
1956	1957
1956	1958
1956	1959
1956	2301
1956	2993
1957	1958
1957	1959
1958	1960
1958	1961
1958	2478
1959	1960
1959	1962
1959	1978
1960	1961
1960	1962
1960	1963
1961	1962
1961	1963
1961	1964
1962	1964
1962	1965
1962	2477
1963	1964
1963	1965
1963	1966
1964	1965
1964	1966
1965	1966
1965	1967
1965	1968
1966	1967
1966	1968
1966	1969
1967	1969
1967	1970
1968	1969
1968	1971
1968	2715
1969	1971
1969	1972
1969	2975
1970	1971
1970	1972
1970	1973
1971	1972
1971	1973
1971	1974
1972	1973
1972	1974
1972	1975
1973	1974
1973	1975
1973	1976
1974	1975
1974	1976
1974	1977
1975	1976
1975	1978
1975	2968
1976	1977
1976	1978
1976	1979
1976	2573
1977	1979
1977	1980
1978	1980
1978	2077
1979	1980
1979	1981
1979	1982
1980	1981
1980	1982
1980	1983
1981	1983
1981	2362
1981	2839
1982	1983
1982	1984
1982	1985
1983	1984
1983	1985
1983	1986
1983	2277
1984	1985
1984	1987
1985	1986
1985	1987
1985	1988
1986	1988
1986	1989
1986	2152
1987	1988
1987	1989
1987	1990
1988	1989
1988	1990
1988	1991
1989	1990
1989	1991
1989	2470
1990	1992
1990	1993
1990	2215
1991	1992
1991	1993
1991	1994
1991	2432
1992	1993
1992	1994
1992	1995
1993	1994
1993	1995
1993	1996
1993	2758
1994	1995
1994	1997
1995	1997
1995	1998
1996	2231
1996	2581
1997	1998
1997	1999
1997	2000
1998	1999
1998	2000
1998	2001
1999	2000
1999	2001
1999	2002
2000	2001
2000	2002
2000	2003
2001	2002
2001	2004
2002	2003
2002	2004
2002	2005
2002	2312
2003	2004
2003	2006
2004	2005
2004	2006
2004	2007
2005	2006
2005	2007
2005	2008
2006	2007
2006	2008
2006	2009
2007	2008
2007	2009
2007	2010
2008	2009
2008	2011
2009	2010
2009	2011
2009	2012
2010	2011
2010	2012
2010	2013
2011	2012
2011	2013
2011	2014
2012	2014
2013	2014
2013	2015
2013	2016
2014	2015
2014	2016
2014	2017
2015	2016
2015	2017
2015	2018
2016	2017
2016	2018
2016	2019
2017	2018
2017	2019
2017	2020
2018	2019
2018	2020
2018	2021
2019	2020
2019	2021
2020	2021
2020	2022
2020	2023
2021	2022
2021	2023
2021	2024
2022	2023
2022	2024
2022	2025
2023	2024
2023	2025
2023	2026
2024	2025
2024	2026
2024	2027
2025	2027
2025	2028
2025	2451
2025	2735
2026	2027
2026	2028
2026	2029
2027	2028
2027	2029
2027	2030
2028	2030
2028	2031
2029	2030
2029	2031
2029	2032
2030	2031
2030	2032
2030	2033
2031	2033
2031	2034
2032	2033
2032	2034
2032	2035
2032	2056
2033	2035
2033	2036
2034	2035
2034	2037
2035	2036
2035	2037
2036	2038
2036	2039
2037	2038
2037	2039
2037	2040
2038	2039
2038	2040
2038	2041
2039	2040
2039	2041
2039	2042
2039	2133
2040	2042
2040	2043
2041	2042
2041	2043
2041	2044
2042	2043
2042	2044
2042	2045
2043	2046
2043	2297
2044	2045
2044	2046
2044	2047
2044	2119
2045	2046
2045	2048
2045	2793
2046	2047
2046	2048
2046	2049
2046	2638
2047	2048
2047	2050
2048	2049
2048	2050
2049	2051
2049	2052
2050	2051
2050	2052
2050	2053
2051	2052
2051	2053
2051	2509
2052	2053
2052	2054
2052	2055
2053	2054
2053	2055
2053	2056
2054	2055
2054	2056
2054	2057
2055	2056
2055	2057
2055	2226
2056	2057
2056	2058
2057	2058
2057	2060
2057	2207
2058	2059
2058	2060
2058	2061
2059	2060
2059	2061
2059	2062
2060	2062
2060	2063
2061	2062
2061	2903
2061	2967
2062	2063
2062	2899
2063	2065
2063	2066
2063	2171
2064	2066
2064	2067
2065	2066
2065	2067
2066	2068
2066	2069
2066	2204
2067	2069
2067	2070
2068	2069
2068	2070
2068	2227
2069	2070
2069	2072
2069	2667
2069	2716
2070	2072
2070	2073
2071	2072
2071	2074
2071	2307
2071	2450
2072	2073
2072	2074
2072	2075
2073	2074
2073	2075
2073	2076
2074	2076
2074	2077
2075	2076
2075	2078
2076	2077
2076	2078
2076	2079
2077	2078
2077	2079
2077	2080
2077	2294
2078	2079
2078	2080
2078	2081
2078	2829
2079	2080
2079	2081
2079	2082
2079	2327
2079	2757
2080	2081
2080	2082
2080	2083
2081	2082
2081	2083
2081	2084
2081	2717
2082	2083
2082	2084
2082	2085
2083	2084
2083	2085
2083	2086
2084	2085
2084	2086
2084	2087
2084	2843
2085	2088
2086	2087
2086	2088
2087	2088
2087	2089
2087	2090
2087	2471
2088	2089
2088	2090
2088	2091
2089	2091
2089	2157
2090	2091
2090	2092
2090	2093
2091	2092
2091	2093
2092	2093
2092	2095
2092	2272
2093	2094
2093	2095
2093	2096
2094	2095
2094	2096
2094	2097
2095	2096
2095	2097
2095	2098
2096	2097
2096	2098
2097	2100
2097	2481
2098	2099
2098	2100
2099	2100
2099	2101
2099	2997
2100	2101
2100	2102
2100	2103
2101	2102
2101	2103
2101	2104
2102	2103
2103	2104
2103	2105
2103	2106
2104	2105
2104	2106
2104	2107
2105	2106
2105	2107
2105	2108
2106	2107
2106	2108
2106	2109
2106	2502
2107	2108
2107	2109
2107	2110
2108	2109
2108	2110
2108	2111
2109	2110
2109	2111
2109	2112
2110	2111
2110	2112
2110	2113
2111	2112
2111	2113
2111	2114
2112	2113
2112	2114
2113	2116
2114	2115
2114	2116
2114	2117
2115	2116
2115	2117
2115	2118
2116	2118
2116	2119
2116	2247
2117	2118
2117	2119
2117	2120
2118	2119
2119	2120
2119	2121
2119	2798
2120	2121
2120	2122
2120	2123
2121	2123
2121	2124
2121	2533
2122	2123
2122	2124
2122	2125
2122	2849
2123	2124
2123	2125
2123	2126
2123	2335
2124	2125
2124	2126
2124	2127
2125	2126
2125	2127
2125	2128
2126	2127
2126	2128
2126	2129
2127	2128
2127	2129
2127	2130
2128	2130
2129	2130
2129	2131
2129	2132
2129	2593
2130	2131
2130	2132
2130	2133
2131	2132
2131	2133
2131	2134
2132	2134
2132	2135
2133	2136
2134	2135
2134	2136
2134	2137
2135	2136
2135	2137
2135	2138
2136	2137
2136	2138
2136	2139
2137	2138
2137	2139
2137	2140
2138	2139
2138	2140
2138	2141
2138	2626
2139	2140
2139	2141
2139	2142
2140	2141
2140	2142
2140	2143
2141	2143
2141	2144
2142	2143
2142	2808
2143	2144
2143	2145
2143	2146
2144	2145
2144	2356
2145	2146
2145	2147
2145	2148
2146	2148
2146	2149
2146	2307
2146	2905
2147	2148
2147	2149
2147	2718
2148	2150
2148	2151
2149	2150
2149	2151
2149	2152
2149	2547
2150	2152
2150	2153
2151	2152
2151	2153
2151	2154
2151	2305
2152	2153
2152	2155
2152	2256
2153	2155
2153	2156
2153	2657
2154	2155
2154	2156
2154	2157
2154	2305
2155	2156
2155	2157
2155	2158
2156	2158
2156	2159
2156	2966
2157	2159
2158	2159
2158	2160
2158	2161
2159	2160
2159	2162
2159	2391
2160	2162
2160	2239
2161	2162
2161	2163
2161	2164
2161	2449
2162	2163
2162	2164
2162	2165
2163	2164
2163	2166
2164	2165
2164	2166
2164	2167
2165	2166
2165	2167
2165	2168
2166	2168
2167	2168
2167	2169
2167	2170
2168	2171
2169	2170
2169	2171
2169	2172
2169	2850
2170	2171
2170	2172
2170	2173
2171	2174
2172	2173
2172	2175
2173	2174
2174	2175
2174	2177
2175	2176
2175	2177
2175	2178
2176	2177
2176	2178
2177	2179
2177	2180
2177	2581
2178	2181
2178	2446
2179	2180
2179	2181
2179	2182
2180	2181
2180	2182
2180	2183
2181	2182
2181	2183
2182	2183
2182	2184
2182	2185
2183	2184
2183	2185
2183	2186
2184	2185
2184	2186
2184	2187
2185	2186
2185	2759
2186	2187
2186	2189
2187	2190
2188	2189
2188	2191
2188	2474
2189	2190
2189	2191
2190	2191
2190	2192
2190	2460
2191	2192
2191	2193
2191	2194
2192	2194
2192	2195
2192	2800
2193	2194
2193	2195
2193	2196
2194	2196
2194	2197
2195	2196
2195	2198
2195	2752
2196	2197
2196	2198
2197	2198
2197	2199
2197	2200
2198	2199
2198	2200
2198	2201
2198	2645
2199	2200
2199	2201
2199	2202
2200	2202
2200	2203
2200	2460
2201	2202
2201	2203
2201	2204
2202	2203
2202	2204
2202	2205
2203	2204
2203	2205
2203	2243
2204	2205
2204	2206
2205	2206
2205	2207
2206	2207
2206	2208
2206	2209
2207	2209
2207	2210
2207	2564
2208	2209
2208	2210
2209	2210
2209	2211
2210	2211
2210	2212
2210	2213
2211	2212
2211	2213
2211	2214
2212	2213
2212	2214
2212	2806
2213	2214
2213	2215
2213	2216
2214	2215
2214	2978
2215	2216
2215	2217
2215	2218
2215	2932
2216	2217
2216	2218
2216	2219
2217	2218
2217	2219
2217	2220
2218	2219
2218	2220
2218	2221
2218	2832
2219	2220
2219	2221
2219	2222
2220	2222
2220	2223
2221	2222
2221	2223
2221	2224
2222	2223
2222	2224
2222	2225
2222	2823
2223	2224
2223	2225
2223	2226
2224	2225
2224	2226
2224	2524
2225	2226
2225	2227
2226	2227
2226	2228
2226	2229
2227	2228
2227	2229
2228	2229
2228	2230
2229	2230
2229	2231
2229	2232
2230	2231
2230	2232
2230	2233
2231	2232
2231	2234
2232	2233
2232	2234
2232	2235
2233	2234
2233	2236
2234	2235
2234	2236
2234	2237
2235	2236
2235	2237
2235	2238
2236	2237
2236	2238
2236	2239
2237	2238
2237	2239
2237	2240
2237	2746
2238	2239
2238	2240
2239	2240
2239	2241
2239	2242
2239	2437
2240	2241
2240	2243
2241	2242
2241	2244
2242	2243
2242	2244
2242	2245
2243	2244
2243	2246
2244	2245
2244	2246
2244	2249
2245	2246
2245	2247
2245	2715
2246	2247
2246	2249
2247	2249
2247	2297
2248	2249
2248	2250
2248	2251
2249	2251
2249	2252
2249	2629
2250	2251
2250	2253
2251	2252
2251	2253
2251	2254
2252	2253
2252	2254
2252	2255
2253	2254
2253	2255
2253	2256
2254	2256
2254	2257
2255	2256
2255	2257
2255	2258
2256	2258
2257	2258
2257	2259
2258	2259
2258	2260
2258	2261
2259	2261
2259	2262
2260	2261
2260	2262
2260	2263
2261	2262
2261	2263
2261	2264
2262	2263
2262	2264
2263	2265
2263	2819
2264	2265
2264	2266
2264	2267
2265	2266
2265	2267
2265	2268
2266	2267
2266	2268
2266	2269
2266	2503
2267	2268
2267	2269
2267	2270
2268	2269
2268	2270
2268	2271
2269	2270
2269	2271
2269	2272
2269	2568
2270	2271
2270	2272
2270	2273
2271	2272
2271	2273
2271	2274
2272	2275
2272	2582
2273	2274
2273	2275
2273	2276
2274	2275
2275	2277
2275	2278
2276	2277
2276	2279
2276	2291
2277	2279
2277	2280
2278	2279
2278	2280
2278	2281
2279	2280
2279	2281
2279	2282
2280	2281
2280	2282
2280	2283
2281	2282
2281	2283
2281	2284
2282	2283
2282	2284
2282	2285
2282	2924
2283	2284
2283	2285
2283	2286
2284	2285
2284	2286
2284	2287
2285	2286
2285	2287
2285	2288
2286	2287
2286	2288
2287	2288
2287	2289
2288	2289
2288	2290
2288	2291
2289	2290
2289	2292
2290	2291
2290	2292
2290	2293
2291	2292
2291	2294
2292	2294
2292	2295
2293	2294
2293	2295
2293	2296
2294	2297
2295	2296
2295	2297
2295	2298
2296	2297
2296	2298
2296	2299
2297	2298
2297	2299
2297	2300
2298	2300
2298	2301
2299	2300
2299	2302
2299	2609
2300	2301
2300	2494
2301	2304
2302	2303
2302	2305
2303	2304
2303	2305
2303	2306
2304	2305
2304	2306
2304	2307
2305	2307
2306	2307
2306	2308
2306	2309
2307	2309
2308	2309
2308	2310
2308	2311
2309	2310
2309	2311
2309	2312
2310	2311
2310	2312
2310	2313
2311	2312
2311	2313
2311	2314
2312	2313
2312	2315
2313	2314
2313	2315
2314	2315
2314	2316
2314	2597
2315	2316
2315	2318
2315	2603
2316	2317
2316	2319
2316	2798
2317	2318
2317	2319
2317	2320
2317	2807
2318	2320
2318	2321
2319	2320
2319	2321
2319	2322
2319	2948
2320	2321
2320	2322
2320	2323
2320	2883
2321	2322
2321	2323
2321	2324
2322	2323
2322	2324
2322	2325
2323	2324
2323	2325
2323	2326
2324	2325
2324	2327
2325	2327
2325	2328
2326	2327
2326	2328
2326	2392
2326	2737
2327	2328
2327	2329
2328	2331
2328	2488
2329	2330
2329	2331
2329	2332
2329	2636
2330	2331
2330	2332
2330	2333
2331	2332
2331	2333
2331	2334
2332	2334
2332	2335
2333	2336
2334	2335
2334	2336
2334	2337
2335	2337
2335	2338
2336	2337
2336	2338
2336	2339
2337	2338
2337	2340
2338	2339
2338	2341
2339	2340
2339	2341
2340	2341
2340	2342
2341	2342
2341	2344
2341	2946
2342	2343
2342	2344
2342	2345
2343	2344
2343	2345
2343	2346
2344	2345
2344	2346
2344	2347
2345	2346
2345	2347
2345	2348
2346	2347
2346	2348
2347	2350
2348	2349
2348	2350
2348	2351
2349	2350
2349	2351
2350	2351
2350	2352
2350	2353
2351	2352
2351	2353
2351	2354
2352	2353
2352	2355
2353	2354
2353	2355
2353	2356
2353	2449
2354	2355
2354	2357
2354	2460
2355	2357
2355	2358
2355	2934
2356	2357
2356	2358
2356	2359
2357	2358
2357	2359
2357	2360
2358	2359
2359	2361
2359	2861
2360	2361
2360	2362
2360	2363
2361	2363
2361	2364
2362	2364
2362	2365
2363	2364
2363	2365
2363	2366
2364	2365
2364	2366
2364	2457
2365	2366
2366	2368
2366	2369
2367	2368
2367	2369
2367	2370
2368	2369
2368	2370
2368	2371
2368	2567
2369	2371
2370	2371
2370	2372
2370	2373
2371	2372
2371	2373
2371	2374
2372	2373
2372	2374
2372	2375
2373	2374
2373	2375
2373	2376
2374	2377
2374	2587
2375	2376
2375	2378
2376	2377
2376	2378
2376	2379
2377	2378
2377	2379
2377	2380
2378	2379
2378	2380
2379	2380
2379	2381
2379	2382
2380	2382
2381	2383
2381	2384
2382	2383
2382	2384
2382	2385
2383	2384
2383	2385
2383	2386
2384	2385
2384	2386
2384	2387
2385	2386
2385	2387
2385	2388
2386	2387
2386	2388
2386	2389
2386	2434
2386	2901
2387	2388
2387	2389
2387	2390
2387	2513
2388	2389
2388	2391
2389	2390
2389	2392
2390	2392
2390	2393
2391	2392
2391	2393
2391	2394
2391	2548
2392	2393
2392	2394
2392	2395
2393	2394
2393	2396
2394	2395
2394	2396
2394	2397
2395	2396
2395	2397
2396	2397
2396	2398
2396	2399
2397	2398
2397	2399
2397	2400
2397	2619
2398	2401
2399	2400
2399	2401
2399	2402
2400	2401
2400	2402
2400	2403
2401	2402
2401	2403
2401	2404
2402	2403
2402	2404
2402	2405
2403	2404
2403	2405
2403	2406
2404	2405
2404	2406
2404	2407
2405	2408
2405	2560
2405	2594
2406	2407
2406	2408
2406	2409
2407	2409
2407	2410
2407	2440
2408	2409
2408	2410
2408	2411
2409	2410
2409	2411
2409	2412
2410	2411
2410	2412
2410	2413
2411	2413
2411	2414
2412	2413
2412	2414
2412	2415
2413	2414
2413	2415
2414	2415
2414	2417
2415	2416
2415	2418
2416	2417
2416	2418
2416	2419
2417	2419
2417	2653
2417	2805
2418	2420
2418	2491
2419	2420
2419	2421
2419	2512
2420	2422
2421	2422
2421	2423
2421	2424
2422	2423
2422	2425
2423	2424
2423	2425
2423	2426
2424	2425
2424	2426
2424	2427
2425	2426
2425	2427
2425	2428
2426	2428
2426	2429
2427	2428
2427	2429
2427	2430
2428	2429
2428	2430
2428	2431
2429	2431
2429	2432
2430	2431
2430	2432
2430	2433
2431	2432
2431	2433
2431	2434
2432	2433
2432	2434
2433	2434
2433	2435
2433	2436
2434	2435
2434	2437
2435	2436
2435	2437
2435	2438
2436	2437
2436	2439
2437	2440
2437	2868
2438	2439
2438	2490
2439	2440
2439	2441
2439	2442
2440	2441
2440	2442
2440	2443
2441	2442
2441	2443
2441	2444
2442	2443
2442	2444
2442	2445
2442	2650
2443	2444
2443	2445
2443	2446
2444	2445
2444	2446
2444	2447
2445	2446
2445	2447
2445	2480
2446	2447
2446	2448
2446	2449
2447	2449
2447	2450
2447	2920
2448	2450
2448	2451
2449	2451
2450	2451
2450	2452
2451	2453
2451	2454
2452	2453
2452	2454
2452	2455
2453	2455
2453	2456
2454	2455
2454	2456
2454	2864
2455	2456
2455	2457
2455	2458
2456	2457
2456	2458
2456	2459
2457	2458
2457	2460
2457	2682
2458	2459
2458	2460
2459	2460
2459	2461
2459	2462
2460	2461
2460	2463
2461	2462
2461	2463
2461	2464
2462	2463
2462	2464
2462	2465
2463	2464
2463	2465
2463	2466
2464	2465
2464	2466
2464	2467
2465	2466
2465	2467
2465	2468
2466	2467
2466	2468
2466	2469
2467	2468
2467	2469
2468	2469
2468	2470
2469	2470
2469	2471
2469	2472
2470	2471
2470	2472
2470	2473
2471	2474
2471	2595
2472	2473
2472	2475
2472	2982
2473	2474
2473	2475
2473	2476
2474	2475
2474	2476
2474	2477
2475	2476
2475	2477
2475	2965
2476	2477
2476	2479
2477	2479
2477	2480
2478	2479
2478	2480
2478	2745
2479	2480
2479	2482
2480	2482
2480	2483
2481	2482
2481	2483
2481	2484
2482	2483
2482	2484
2482	2485
2483	2484
2483	2486
2484	2485
2484	2486
2484	2487
2485	2486
2485	2487
2485	2488
2486	2487
2486	2488
2486	2489
2487	2488
2487	2489
2487	2490
2488	2489
2488	2490
2488	2491
2489	2490
2489	2491
2489	2492
2490	2492
2490	2493
2491	2492
2491	2494
2492	2493
2492	2495
2493	2494
2493	2496
2494	2495
2494	2496
2494	2497
2495	2496
2495	2497
2495	2498
2496	2497
2496	2498
2497	2498
2497	2499
2497	2500
2498	2499
2498	2500
2498	2501
2499	2500
2499	2501
2499	2502
2500	2501
2500	2502
2500	2503
2501	2502
2501	2503
2501	2504
2502	2503
2502	2504
2503	2504
2503	2506
2504	2505
2504	2506
2504	2507
2505	2506
2505	2507
2505	2508
2506	2508
2507	2508
2507	2509
2507	2510
2508	2509
2508	2510
2508	2511
2509	2510
2509	2512
2510	2511
2510	2512
2510	2513
2511	2513
2511	2514
2512	2513
2512	2514
2512	2515
2512	2951
2513	2514
2513	2515
2513	2908
2514	2515
2514	2516
2514	2517
2515	2516
2515	2517
2515	2518
2516	2517
2516	2518
2516	2519
2517	2518
2517	2519
2517	2520
2518	2519
2518	2520
2518	2521
2519	2520
2519	2522
2520	2521
2520	2522
2520	2523
2521	2522
2521	2523
2521	2524
2522	2524
2522	2525
2523	2524
2523	2525
2524	2525
2524	2527
2525	2526
2525	2528
2526	2527
2526	2529
2527	2528
2527	2530
2528	2529
2528	2530
2528	2531
2529	2530
2529	2531
2529	2532
2530	2531
2530	2533
2531	2532
2531	2533
2531	2534
2532	2533
2532	2534
2532	2535
2533	2534
2533	2536
2534	2536
2534	2537
2534	2925
2535	2536
2535	2538
2536	2537
2536	2538
2536	2539
2537	2539
2537	2540
2538	2539
2539	2540
2539	2541
2539	2542
2540	2541
2540	2543
2540	2815
2540	2827
2541	2542
2541	2543
2541	2544
2542	2543
2542	2544
2542	2545
2543	2544
2543	2545
2543	2546
2544	2547
2545	2546
2545	2547
2545	2548
2546	2547
2546	2549
2547	2548
2547	2549
2548	2550
2548	2577
2549	2552
2549	2729
2550	2551
2550	2552
2550	2553
2551	2552
2551	2553
2551	2554
2552	2553
2552	2554
2552	2555
2552	2846
2553	2554
2553	2555
2553	2556
2554	2556
2554	2557
2555	2556
2555	2557
2555	2558
2555	2875
2556	2558
2556	2559
2557	2558
2557	2559
2557	2560
2558	2559
2558	2560
2558	2561
2559	2560
2559	2562
2560	2562
2560	2563
2561	2562
2561	2563
2561	2564
2562	2563
2562	2564
2562	2565
2563	2564
2563	2565
2563	2566
2564	2565
2564	2566
2564	2722
2565	2566
2565	2567
2565	2568
2566	2567
2566	2568
2566	2569
2567	2569
2567	2570
2568	2569
2568	2570
2569	2571
2569	2572
2570	2571
2570	2572
2570	2573
2571	2572
2571	2573
2571	2574
2572	2575
2573	2574
2573	2576
2574	2575
2574	2576
2575	2576
2575	2577
2575	2578
2576	2577
2576	2578
2576	2579
2577	2578
2577	2580
2578	2579
2578	2580
2579	2580
2579	2582
2579	2748
2580	2581
2580	2582
2580	2583
2581	2582
2581	2584
2582	2583
2582	2584
2582	2585
2583	2584
2583	2585
2583	2586
2584	2585
2584	2586
2585	2587
2585	2588
2585	2640
2585	2957
2586	2587
2586	2588
2586	2589
2587	2588
2587	2589
2587	2590
2588	2589
2588	2590
2588	2591
2589	2590
2589	2591
2589	2592
2590	2591
2590	2592
2590	2593
2591	2592
2591	2593
2591	2594
2592	2593
2592	2594
2592	2595
2593	2594
2593	2596
2594	2595
2594	2596
2594	2597
2595	2597
2596	2597
2596	2599
2597	2599
2597	2600
2598	2599
2598	2600
2599	2600
2599	2601
2599	2602
2599	2868
2600	2601
2600	2602
2601	2602
2601	2603
2601	2604
2602	2603
2602	2604
2602	2934
2603	2606
2604	2605
2604	2606
2604	2607
2605	2607
2605	2608
2606	2607
2606	2608
2606	2609
2607	2609
2607	2610
2607	2885
2608	2609
2608	2610
2608	2611
2609	2610
2609	2611
2609	2612
2610	2612
2610	2613
2611	2612
2611	2614
2611	2929
2612	2613
2612	2614
2612	2818
2613	2614
2613	2615
2614	2670
2615	2616
2615	2617
2615	2618
2616	2617
2616	2618
2616	2619
2617	2618
2617	2619
2618	2619
2618	2620
2618	2621
2619	2621
2620	2622
2620	2623
2621	2622
2621	2623
2621	2624
2622	2623
2622	2624
2623	2624
2623	2625
2623	2626
2624	2625
2624	2626
2624	2627
2625	2626
2625	2627
2625	2628
2626	2628
2626	2820
2627	2629
2627	2630
2628	2630
2628	2631
2629	2631
2629	2632
2630	2632
2630	2633
2631	2632
2631	2633
2631	2634
2632	2633
2632	2634
2632	2635
2633	2635
2633	2636
2634	2635
2634	2636
2635	2637
2635	2638
2636	2637
2636	2639
2637	2638
2637	2639
2637	2640
2638	2876
2639	2641
2639	2642
2639	2806
2640	2641
2640	2642
2641	2642
2641	2643
2641	2644
2642	2644
2642	2645
2643	2645
2643	2646
2644	2646
2644	2647
2645	2648
2646	2647
2646	2648
2646	2649
2647	2649
2647	2650
2648	2649
2648	2650
2648	2651
2649	2651
2649	2652
2651	2652
2651	2653
2651	2654
2651	2849
2652	2653
2652	2654
2652	2655
2653	2654
2653	2655
2653	2656
2654	2655
2654	2656
2654	2657
2655	2656
2655	2657
2655	2658
2656	2659
2657	2658
2657	2659
2657	2660
2658	2659
2658	2660
2658	2661
2659	2661
2659	2715
2660	2661
2660	2662
2660	2663
2661	2662
2661	2663
2661	2664
2662	2663
2662	2664
2662	2665
2663	2664
2663	2665
2663	2666
2664	2665
2664	2666
2664	2667
2665	2666
2665	2667
2665	2668
2666	2667
2666	2668
2666	2669
2667	2668
2667	2669
2668	2669
2668	2671
2669	2670
2669	2671
2670	2671
2670	2672
2671	2672
2671	2673
2671	2674
2671	2833
2672	2673
2672	2674
2672	2675
2673	2675
2673	2676
2673	2899
2674	2675
2674	2676
2675	2676
2675	2677
2675	2678
2676	2677
2676	2678
2676	2679
2677	2678
2677	2679
2677	2680
2678	2679
2678	2680
2678	2681
2679	2680
2679	2681
2679	2682
2680	2681
2680	2682
2680	2683
2681	2682
2682	2683
2682	2684
2683	2684
2683	2685
2683	2686
2684	2685
2684	2686
2684	2687
2685	2686
2685	2687
2685	2688
2686	2688
2686	2689
2687	2688
2687	2689
2688	2689
2688	2691
2689	2691
2689	2692
2690	2691
2690	2692
2690	2693
2691	2692
2691	2693
2691	2694
2692	2693
2692	2694
2692	2695
2693	2694
2693	2695
2693	2696
2694	2695
2694	2696
2694	2697
2694	2707
2695	2696
2695	2697
2695	2698
2696	2697
2696	2698
2696	2699
2697	2698
2697	2699
2697	2700
2698	2699
2698	2700
2698	2701
2699	2700
2699	2701
2699	2702
2700	2701
2700	2702
2700	2703
2700	2977
2701	2702
2701	2703
2701	2704
2702	2703
2702	2704
2702	2705
2703	2704
2703	2705
2703	2706
2704	2705
2704	2706
2705	2707
2706	2707
2706	2708
2706	2709
2707	2708
2707	2709
2708	2709
2708	2710
2708	2711
2709	2710
2709	2711
2710	2711
2710	2712
2710	2713
2711	2712
2711	2714
2712	2713
2712	2714
2712	2715
2713	2714
2713	2715
2713	2716
2714	2715
2714	2716
2715	2718
2716	2717
2716	2718
2717	2719
2717	2720
2718	2719
2718	2720
2718	2721
2719	2720
2720	2721
2720	2722
2720	2723
2721	2723
2721	2724
2722	2723
2722	2724
2722	2851
2723	2724
2723	2725
2723	2726
2724	2725
2724	2726
2724	2727
2725	2726
2725	2727
2725	2873
2725	2963
2726	2727
2726	2728
2726	2729
2727	2728
2727	2729
2727	2730
2728	2729
2728	2730
2728	2731
2729	2730
2729	2732
2730	2731
2730	2732
2730	2733
2731	2732
2731	2733
2731	2734
2732	2733
2732	2734
2732	2735
2732	2758
2733	2734
2733	2735
2733	2736
2734	2735
2734	2736
2734	2737
2735	2736
2735	2737
2735	2738
2736	2737
2736	2738
2736	2739
2737	2738
2737	2740
2738	2739
2738	2740
2739	2740
2739	2741
2739	2742
2740	2741
2740	2742
2740	2743
2741	2742
2741	2743
2741	2744
2742	2743
2742	2744
2742	2745
2743	2744
2743	2745
2743	2746
2744	2745
2744	2746
2744	2747
2745	2746
2745	2748
2746	2747
2746	2749
2747	2748
2747	2749
2748	2750
2748	2751
2749	2750
2749	2751
2749	2752
2749	2968
2750	2751
2750	2752
2750	2753
2751	2752
2751	2753
2751	2754
2752	2753
2752	2754
2753	2754
2753	2755
2753	2756
2754	2755
2754	2756
2754	2757
2754	2993
2755	2756
2756	2757
2756	2758
2756	2759
2757	2758
2757	2759
2758	2761
2759	2760
2759	2761
2759	2762
2760	2761
2760	2762
2760	2763
2761	2762
2761	2763
2762	2763
2762	2764
2762	2765
2763	2764
2763	2765
2763	2796
2764	2765
2764	2766
2764	2767
2765	2766
2765	2767
2765	2768
2765	2916
2766	2767
2766	2845
2766	2982
2767	2768
2767	2769
2767	2770
2768	2769
2768	2770
2768	2771
2769	2770
2769	2771
2769	2772
2770	2771
2770	2772
2770	2773
2771	2772
2771	2773
2771	2774
2772	2773
2772	2774
2772	2775
2773	2774
2773	2775
2773	2776
2774	2776
2775	2776
2775	2777
2775	2778
2776	2777
2776	2779
2777	2778
2777	2779
2777	2780
2778	2779
2778	2780
2778	2781
2779	2780
2779	2781
2779	2782
2780	2781
2780	2782
2780	2783
2781	2782
2782	2783
2782	2785
2783	2784
2783	2785
2783	2786
2784	2785
2784	2786
2784	2787
2785	2786
2785	2787
2785	2788
2786	2787
2786	2788
2786	2789
2787	2789
2787	2790
2788	2789
2788	2790
2788	2791
2788	2878
2789	2790
2789	2791
2789	2792
2790	2791
2790	2792
2790	2793
2791	2792
2791	2793
2791	2794
2792	2793
2792	2794
2792	2795
2793	2794
2793	2795
2794	2796
2794	2797
2795	2796
2795	2798
2796	2797
2796	2799
2797	2798
2797	2799
2797	2800
2799	2800
2799	2801
2799	2802
2800	2802
2800	2803
2801	2802
2802	2803
2802	2804
2802	2805
2803	2804
2804	2805
2804	2806
2804	2807
2805	2807
2805	2808
2806	2808
2806	2809
2807	2809
2807	2810
2808	2809
2808	2810
2809	2810
2809	2811
2809	2812
2810	2811
2810	2812
2810	2813
2811	2812
2811	2813
2811	2814
2812	2813
2812	2814
2812	2815
2813	2814
2813	2815
2813	2816
2814	2815
2814	2816
2815	2818
2816	2819
2816	2933
2817	2818
2817	2819
2817	2820
2818	2819
2818	2820
2819	2820
2819	2821
2819	2822
2820	2821
2820	2822
2820	2823
2821	2822
2821	2823
2821	2824
2822	2823
2822	2824
2822	2825
2823	2825
2824	2825
2824	2826
2825	2826
2825	2827
2826	2827
2826	2828
2826	2829
2827	2829
2827	2830
2828	2829
2828	2830
2828	2831
2829	2831
2830	2831
2830	2832
2831	2832
2831	2833
2832	2833
2832	2835
2834	2835
2834	2836
2834	2837
2835	2837
2835	2838
2836	2837
2836	2838
2837	2838
2837	2839
2838	2839
2838	2840
2838	2841
2839	2841
2840	2841
2840	2842
2840	2843
2841	2842
2841	2843
2841	2844
2842	2843
2842	2844
2842	2845
2843	2845
2844	2845
2844	2846
2845	2846
2845	2847
2845	2848
2846	2848
2846	2849
2847	2849
2847	2850
2847	2940
2848	2849
2848	2851
2849	2852
2850	2851
2850	2853
2851	2853
2851	2854
2852	2853
2852	2854
2852	2855
2853	2854
2853	2855
2853	2856
2854	2855
2854	2856
2854	2857
2855	2856
2855	2857
2855	2858
2856	2857
2856	2858
2856	2859
2857	2858
2857	2859
2857	2860
2858	2859
2858	2861
2858	2903
2859	2860
2860	2861
2860	2862
2860	2863
2861	2862
2861	2863
2861	2864
2862	2863
2862	2864
2862	2865
2863	2864
2863	2865
2863	2866
2864	2865
2864	2866
2864	2867
2865	2866
2865	2867
2865	2868
2866	2867
2866	2868
2866	2869
2867	2868
2867	2869
2867	2870
2868	2869
2868	2871
2869	2870
2869	2872
2869	2902
2870	2871
2870	2873
2870	2916
2871	2872
2871	2873
2871	2874
2872	2873
2872	2874
2872	2875
2873	2874
2873	2876
2874	2875
2874	2876
2874	2877
2875	2878
2876	2878
2876	2879
2877	2878
2877	2880
2878	2881
2879	2880
2879	2882
2880	2882
2880	2883
2881	2882
2881	2883
2881	2884
2882	2883
2882	2884
2882	2885
2883	2884
2883	2886
2884	2885
2884	2886
2884	2887
2885	2886
2885	2887
2885	2888
2886	2887
2886	2889
2887	2888
2887	2889
2887	2890
2888	2889
2888	2890
2888	2891
2889	2890
2890	2892
2890	2893
2890	2962
2891	2892
2891	2893
2891	2894
2892	2893
2892	2894
2892	2895
2893	2894
2893	2895
2893	2896
2894	2895
2894	2897
2895	2896
2895	2898
2896	2897
2896	2899
2897	2898
2897	2899
2897	2900
2898	2900
2898	2901
2898	2953
2899	2901
2899	2902
2900	2901
2900	2902
2900	2903
2901	2902
2901	2903
2902	2903
2902	2904
2902	2905
2903	2904
2903	2905
2903	2906
2904	2905
2904	2906
2904	2907
2905	2906
2905	2907
2905	2908
2906	2907
2906	2908
2906	2909
2907	2908
2907	2909
2907	2910
2908	2909
2909	2911
2909	2921
2910	2911
2910	2912
2910	2913
2911	2912
2911	2913
2911	2914
2912	2915
2913	2914
2913	2915
2913	2916
2914	2915
2914	2916
2914	2917
2915	2916
2915	2918
2916	2918
2916	2919
2917	2918
2917	2919
2917	2920
2918	2919
2918	2920
2918	2921
2919	2920
2919	2922
2920	2921
2920	2922
2921	2922
2921	2923
2921	2924
2922	2923
2922	2924
2922	2925
2923	2924
2923	2925
2923	2926
2924	2926
2924	2927
2925	2926
2925	2927
2925	2928
2926	2927
2926	2928
2926	2929
2927	2928
2927	2929
2927	2930
2928	2929
2928	2930
2928	2931
2929	2930
2929	2931
2929	2932
2930	2931
2930	2932
2931	2934
2932	2933
2932	2935
2933	2934
2933	2935
2934	2935
2934	2937
2935	2936
2935	2938
2936	2937
2937	2938
2937	2939
2937	2940
2938	2939
2938	2940
2938	2941
2939	2940
2939	2941
2939	2942
2940	2941
2940	2942
2940	2943
2941	2942
2941	2943
2941	2944
2942	2943
2942	2944
2942	2945
2943	2944
2943	2945
2943	2946
2944	2945
2944	2946
2944	2947
2945	2946
2945	2947
2946	2947
2946	2948
2946	2949
2947	2948
2947	2949
2947	2950
2948	2950
2949	2951
2949	2952
2950	2951
2950	2952
2950	2953
2951	2952
2952	2953
2952	2954
2952	2955
2953	2954
2953	2955
2953	2956
2954	2955
2954	2956
2955	2956
2955	2958
2955	2962
2956	2958
2956	2959
2957	2958
2957	2959
2958	2959
2958	2960
2958	2961
2959	2960
2959	2961
2959	2962
2960	2962
2960	2963
2961	2962
2961	2963
2961	2964
2962	2963
2962	2964
2962	2965
2963	2964
2963	2965
2963	2966
2964	2965
2964	2966
2964	2967
2965	2966
2965	2967
2966	2967
2967	2968
2967	2969
2967	2970
2968	2969
2968	2971
2969	2971
2969	2972
2970	2971
2970	2973
2971	2972
2971	2973
2972	2974
2972	2975
2973	2974
2973	2975
2973	2976
2974	2975
2974	2976
2974	2977
2975	2976
2975	2978
2976	2977
2976	2978
2976	2979
2978	2979
2978	2981
2979	2980
2979	2981
2979	2982
2980	2981
2980	2982
2980	2983
2981	2982
2981	2983
2981	2984
2982	2984
2983	2984
2983	2985
2984	2985
2984	2986
2985	2986
2985	2987
2985	2988
2986	2988
2986	2989
2987	2988
2987	2989
2987	2990
2988	2989
2988	2991
2989	2990
2989	2992
2990	2991
2990	2992
2991	2992
2991	2993
2991	2994
2992	2993
2992	2994
2992	2995
2993	2994
2994	2996
2994	2997
2995	2996
2995	2997
2995	2998
2996	2997
2996	2998
2996	2999
2997	2999
2997	3000
2998	2999
2998	3000
2999	3000
