1	3
1	760
1	793
1	1666
1	2999
1	3000
2	3
2	4
2	2133
2	3000
3	5
3	1162
4	5
4	781
4	1818
4	2536
5	6
5	7
5	1844
6	7
6	8
7	28
7	1528
7	2892
8	9
8	10
8	602
9	11
9	297
9	945
10	11
10	12
11	1013
11	1199
11	2170
11	2356
11	2618
11	2947
12	14
12	263
12	916
13	1367
13	2185
13	2613
14	147
14	897
14	1500
14	1843
15	16
15	17
15	955
15	2269
16	18
16	139
16	1504
17	18
17	19
17	1022
18	20
18	715
18	782
18	923
19	20
19	21
19	2818
20	21
20	22
21	376
21	1886
22	23
22	489
22	2684
23	24
23	983
23	2547
24	25
24	1637
24	1680
24	2706
25	26
25	27
25	1429
26	801
26	1420
26	2839
27	28
27	2205
28	2335
28	2655
29	483
29	1621
29	1826
30	31
30	32
30	1638
31	33
31	2808
32	653
32	1067
33	809
33	917
33	1678
34	1933
34	2760
35	1323
35	2211
35	2578
36	38
36	2905
37	38
37	122
38	39
38	40
38	2608
39	40
39	1801
39	2879
40	41
40	108
40	187
40	384
40	2947
41	212
41	496
41	1201
41	1993
42	43
42	371
42	2218
42	2296
43	44
43	2963
44	45
44	46
44	2363
45	47
45	532
46	48
46	1227
47	346
47	2400
48	49
48	50
49	50
49	285
49	2437
50	51
50	2123
51	53
51	1717
51	2828
52	53
52	1292
53	54
53	55
53	63
54	56
54	1205
55	56
55	57
55	1086
56	884
56	892
56	2671
57	58
57	59
57	2441
58	59
58	60
59	61
59	618
59	2900
60	61
60	62
60	527
61	62
61	63
61	1772
61	2164
62	1365
62	2734
63	64
64	65
64	2454
64	2709
65	66
65	67
65	1471
66	67
66	2682
67	543
67	664
67	2711
68	69
68	70
69	1121
69	1139
69	1356
70	71
70	72
70	1647
71	1205
71	1979
72	74
72	2866
73	74
73	1665
74	76
74	2600
75	559
75	1305
75	1468
75	1599
75	2013
75	2994
76	78
76	339
76	386
76	1186
76	2965
77	79
77	812
77	1368
77	1548
78	79
78	101
78	843
78	1461
79	80
79	81
79	648
80	82
80	2736
81	82
81	365
81	575
81	2266
82	84
82	1093
82	1390
82	2488
82	2841
83	84
83	85
83	2184
84	85
84	1538
85	133
85	2555
86	88
86	2416
86	2890
87	88
87	2545
88	90
88	1263
89	90
89	91
89	2412
89	2452
89	2475
90	91
90	92
91	92
91	93
92	93
92	2550
93	94
93	95
93	963
93	2052
93	2484
94	844
94	2526
94	2741
95	97
95	1021
95	1599
96	97
96	1653
96	2406
96	2953
97	99
97	364
98	99
98	2424
99	100
99	101
99	157
99	299
100	2147
100	2811
100	2835
101	536
102	145
102	2071
102	2162
103	104
103	105
104	105
104	591
105	106
105	154
106	107
106	108
107	108
107	2239
108	110
109	111
109	2006
110	112
110	2749
111	112
111	1572
112	114
112	496
113	114
113	115
113	181
114	380
114	1488
114	2325
115	449
115	678
115	1235
116	117
116	605
116	2882
117	118
117	1145
117	2483
117	2792
118	2085
118	2689
118	2828
119	120
119	121
120	121
120	122
120	1267
121	122
121	339
122	123
122	124
123	124
123	125
123	1945
124	126
124	1091
124	1249
125	127
125	1145
125	1754
126	127
126	128
126	2335
127	128
127	997
127	2145
128	129
128	533
128	2166
128	2898
129	130
129	131
129	207
130	131
130	132
131	665
131	1575
132	2308
132	2364
132	2673
132	2762
133	134
133	135
133	251
134	135
134	2736
135	136
135	659
135	2363
136	137
136	138
137	138
137	1105
138	139
138	1910
139	140
139	2538
139	2892
140	141
140	672
140	2420
141	142
141	143
142	143
142	2468
143	145
143	419
143	814
143	2844
144	145
144	146
144	999
144	1162
144	1184
145	146
145	147
146	1205
146	1367
147	149
147	626
147	993
148	150
148	2638
149	151
149	2041
149	2962
150	151
150	152
150	162
150	2675
151	897
151	947
151	1894
152	153
152	154
152	1424
152	1837
153	1335
153	1454
153	1638
154	155
154	156
154	2900
155	156
155	1575
155	2739
155	2771
156	157
156	158
156	2124
157	158
157	357
158	160
158	2443
159	160
159	161
159	2733
160	162
160	1242
160	1379
160	2646
160	2809
161	2080
161	2917
162	2706
162	2888
163	164
163	837
164	165
164	1741
164	2092
164	2278
165	1502
165	2459
166	167
166	168
166	1494
167	169
167	622
168	169
168	170
168	312
169	186
169	1389
169	2888
170	172
170	175
171	172
171	191
171	2053
172	173
172	174
173	174
173	175
174	175
174	176
174	2883
175	176
175	369
176	177
176	1629
176	2079
177	178
177	179
178	180
178	1468
178	2072
179	1604
179	1817
179	2061
180	182
180	408
180	1819
181	182
181	303
182	183
182	184
183	184
183	185
184	185
184	1736
184	2593
185	186
185	193
185	2778
186	187
186	836
187	189
187	2508
188	189
188	190
188	233
188	678
189	190
189	191
190	910
190	2202
191	2896
192	193
192	194
193	194
193	2683
194	195
194	196
194	2895
195	196
195	197
196	198
196	1938
196	2250
197	199
197	1206
197	1366
198	840
198	1651
199	200
199	712
199	1600
200	614
200	878
200	1138
201	202
201	203
201	2008
202	204
202	263
203	205
203	584
203	2488
203	2997
204	205
204	206
204	398
204	1141
205	206
205	660
205	2663
205	2869
206	1920
206	2002
206	2611
207	209
208	209
208	210
209	1290
209	2480
210	211
210	212
211	212
211	213
212	213
212	1516
213	214
213	1411
213	2727
214	215
214	461
214	1290
215	216
215	217
215	2824
216	217
216	218
217	219
217	1397
218	219
218	1837
218	1932
218	2839
219	221
219	1604
219	1964
219	2466
219	2909
220	221
220	222
221	222
221	223
222	223
222	996
222	1800
223	224
223	225
223	334
224	225
224	226
225	226
225	227
226	227
226	228
226	1807
227	229
227	1472
228	230
228	1957
229	231
229	1319
229	1389
230	232
230	2768
230	2928
231	232
231	233
231	2287
231	2791
232	1332
232	2074
232	2244
232	2659
233	234
233	1376
234	1147
234	2065
235	236
235	1156
235	2524
236	237
236	238
236	1669
236	2483
237	238
237	239
238	1003
238	2742
239	240
239	1446
239	2945
240	242
240	867
240	2701
241	1470
241	1561
241	1604
241	2917
242	244
242	2485
242	2640
243	244
243	493
243	580
244	1289
244	1435
244	2107
244	2349
244	2380
245	246
245	247
245	2329
245	2877
246	248
246	583
246	1985
246	2446
246	2593
246	2641
247	248
247	249
248	249
248	250
249	251
249	1198
250	251
250	729
250	1000
250	2852
251	252
252	253
252	254
253	255
253	2958
254	984
254	1118
254	1121
254	2584
255	256
255	1120
255	1970
256	257
256	258
257	258
257	259
258	259
258	459
258	1768
259	524
259	1005
260	261
260	262
261	262
261	263
262	263
262	264
262	2209
263	264
263	265
263	2261
264	265
264	2664
265	267
265	1251
266	267
266	268
267	268
267	1997
268	269
268	270
269	270
269	271
270	272
270	1637
270	2022
271	2446
271	2461
272	274
272	1152
273	1236
273	1823
273	2303
274	276
274	402
275	277
275	1057
275	1298
275	2954
276	341
276	2347
277	279
277	785
278	280
278	1402
278	2350
278	2859
279	280
279	281
280	281
280	282
281	1962
281	2735
281	2775
282	283
282	284
282	2846
283	2345
283	2736
284	929
284	1572
284	1794
285	2311
286	287
286	288
286	811
287	288
287	289
288	289
288	290
288	810
288	1221
289	891
289	2518
290	1605
290	1723
290	1848
290	2032
291	293
291	1075
291	2836
292	293
292	294
292	2869
293	294
293	980
293	1132
293	1295
294	295
294	296
294	954
294	2522
295	301
295	1570
295	1957
295	2924
296	297
296	397
297	299
297	1320
297	2173
297	2299
298	299
298	300
299	301
299	1327
300	301
300	302
301	302
301	2172
302	303
302	304
302	396
302	1200
303	304
304	305
304	2435
304	2948
305	306
305	307
305	644
306	308
306	1657
306	1996
307	945
307	2734
308	310
308	1925
308	2242
309	310
309	706
309	973
310	311
310	312
311	312
311	313
312	1732
313	315
313	1075
314	315
314	316
315	316
315	317
316	317
316	318
317	318
317	319
317	2116
318	319
318	1876
319	320
319	321
319	2708
320	708
320	2744
321	323
321	936
321	2273
322	1047
322	1325
322	1983
322	2694
323	325
323	622
323	1126
323	2076
324	326
324	2205
325	327
325	2139
326	328
326	1003
327	328
327	329
328	329
328	330
328	762
328	2508
329	330
329	331
329	974
329	2662
330	331
330	332
331	1191
331	1654
331	1709
331	2895
332	333
332	334
332	2032
333	335
333	914
333	1130
334	336
335	336
335	337
335	564
335	597
335	782
336	338
336	696
336	2950
337	1198
337	1660
337	2013
338	510
338	608
338	1335
338	1441
338	2113
339	341
339	539
340	515
340	931
341	342
341	2666
342	343
342	344
343	344
343	1916
343	2690
344	345
344	2442
345	346
345	347
345	2661
346	348
346	854
347	349
347	1040
347	1185
348	349
348	350
348	896
348	1709
349	1964
349	2501
350	352
350	2645
351	352
351	353
352	1929
352	1997
352	2698
353	354
353	355
353	2516
353	2908
354	355
354	356
354	2756
355	356
355	1591
355	1837
355	2174
356	357
356	358
357	358
357	2570
358	359
358	1117
358	1243
358	2097
359	360
359	361
360	361
360	362
360	2442
361	362
361	363
361	421
361	699
362	364
362	600
363	364
363	2877
364	365
364	366
365	366
365	367
365	1824
366	367
366	701
367	368
367	394
367	464
368	370
368	2369
369	370
369	371
370	371
370	372
370	1604
371	728
371	904
371	2800
372	373
372	1826
372	2593
373	374
373	375
373	2126
374	375
374	376
375	376
375	377
376	377
376	378
376	806
376	1367
377	379
377	2648
378	379
378	1626
378	1905
379	380
379	702
380	381
380	382
380	1321
380	1873
381	382
381	1750
382	383
382	1390
383	384
383	385
383	2348
383	2510
384	649
385	689
385	1164
385	2171
385	2327
386	388
387	389
387	2324
388	389
388	390
389	391
389	1438
390	391
390	392
390	2061
391	460
391	625
391	665
391	1556
392	393
392	394
392	2860
393	395
393	2459
393	2791
393	2827
394	2011
394	2038
394	2114
395	396
395	397
396	397
396	2491
397	399
397	720
397	1236
397	1538
398	1050
399	400
399	401
399	1772
400	401
400	402
401	402
401	2532
402	403
402	404
403	405
403	2214
404	405
404	846
404	2865
405	406
405	407
406	408
406	852
406	1451
406	1608
407	476
407	1165
407	1886
407	2626
408	643
408	1134
408	1777
409	411
409	2126
410	412
410	1328
411	1383
411	2875
412	413
412	414
412	993
413	2408
413	2739
414	415
414	2918
415	1641
415	1851
416	755
416	1326
416	2827
417	418
417	1276
417	2044
417	2286
418	419
418	1459
418	1904
419	2384
420	421
420	422
421	2878
422	424
422	891
422	1545
422	2054
423	425
423	1122
423	1649
424	425
424	426
424	2758
425	427
425	1333
426	427
426	2964
427	1001
427	1848
427	2299
428	429
428	430
429	431
429	898
429	2171
430	432
430	675
430	1524
431	974
431	1961
432	433
432	973
432	2106
433	435
433	746
433	2738
434	436
434	1388
435	1685
435	2771
436	437
436	2338
436	2375
437	1554
437	1572
438	440
438	1768
438	2970
439	568
439	724
440	442
440	497
440	1755
440	2805
441	442
441	443
441	2779
442	718
442	1578
442	2666
443	445
443	1357
443	2512
444	445
444	446
445	446
445	447
445	613
446	447
446	448
447	839
447	2697
448	449
448	2594
449	450
449	930
450	451
450	490
450	2323
451	816
451	1004
451	1501
451	2306
452	910
452	1370
452	2786
453	783
453	831
454	456
454	2913
455	457
455	1194
456	457
456	458
456	525
456	877
456	1246
457	458
457	459
458	459
458	460
459	531
459	1157
459	2324
460	461
460	1068
461	462
462	748
462	842
462	2224
463	464
463	465
463	732
463	1294
463	1658
464	2707
465	466
465	467
465	1098
466	468
466	1404
466	2864
467	468
467	469
467	2221
468	469
468	1896
468	1970
469	470
469	1519
470	471
470	472
471	472
471	473
471	1430
471	1693
472	1076
472	1807
472	2319
473	474
473	2103
473	2396
474	475
474	1220
475	476
475	477
475	2986
476	477
476	711
476	1851
476	2719
477	478
477	479
478	479
478	1726
479	480
479	2524
480	1299
480	1782
480	2488
481	549
481	1781
481	2769
482	483
482	484
482	705
482	2769
483	485
483	872
483	1285
484	485
484	486
485	487
485	793
485	1863
486	487
486	488
486	2058
487	489
487	1179
487	1692
488	489
488	608
489	491
489	664
489	2020
490	2869
491	492
491	493
492	493
492	494
493	1050
493	1889
494	495
494	851
494	1972
494	2349
495	496
495	1535
495	2878
496	497
496	498
496	957
496	1192
496	2333
497	1787
498	499
498	500
498	571
499	500
499	1282
499	2233
500	1554
500	1971
500	2000
500	2833
501	503
501	2475
502	503
502	504
503	1285
503	2152
504	505
504	506
505	507
505	2411
506	507
506	972
506	2385
507	508
507	509
507	2384
508	510
508	1059
509	510
509	511
510	954
510	1469
511	512
511	513
511	2511
512	514
512	1020
513	514
513	1296
513	1861
514	516
514	1073
514	1735
515	516
515	517
516	517
516	1332
517	518
517	519
517	1895
517	2062
518	519
518	520
519	521
519	979
519	2062
520	522
520	985
520	1282
520	1300
521	522
521	523
521	681
521	2845
522	523
522	1918
522	2323
522	2667
523	524
523	525
523	1085
524	526
524	529
524	1717
524	1961
525	527
526	528
526	1105
527	2016
527	2170
528	529
528	1142
528	2151
529	531
530	531
530	532
530	882
531	533
531	1024
531	1525
532	533
532	534
533	534
534	536
534	1776
535	537
535	2443
536	537
536	538
536	890
537	538
537	539
538	1668
538	2886
539	541
540	541
540	975
540	1883
540	2302
541	890
541	2260
542	544
542	1114
542	2245
542	2368
543	545
543	1990
544	545
544	665
544	1459
544	2059
544	2157
545	546
545	547
546	548
546	1981
546	2596
546	2820
547	548
547	549
548	549
548	2908
549	551
549	891
549	1534
549	2455
550	551
550	552
551	552
551	553
551	2874
552	553
552	1252
553	554
553	555
553	858
554	1664
554	1882
555	1233
555	1754
556	557
556	2320
557	714
557	1790
558	559
558	1990
559	785
560	2293
560	2389
561	563
561	2900
562	563
562	564
562	1613
563	564
563	565
564	566
565	567
565	1230
566	568
566	1683
567	568
567	2885
568	1998
568	2964
569	570
569	571
570	571
570	572
570	1407
570	1495
570	2232
571	715
571	764
571	2158
572	573
572	574
572	1705
573	1842
573	2042
574	575
574	576
575	912
575	976
575	1721
575	2596
576	577
576	578
576	2422
577	579
577	1463
577	2120
578	2057
578	2192
579	1288
579	2859
580	581
581	583
581	932
582	583
582	584
583	1532
583	2537
584	586
584	1361
584	2749
585	586
585	587
585	597
586	587
586	588
587	1508
587	1839
587	1848
588	589
588	2987
589	590
589	591
589	2304
590	591
590	592
590	2689
591	593
591	717
592	593
592	594
592	1603
592	2107
593	594
593	972
594	2661
594	2726
595	597
595	1883
596	628
596	985
596	2054
597	653
598	599
598	1773
598	2249
599	600
599	601
599	2642
600	601
600	2137
601	602
601	603
602	604
602	838
602	2365
603	604
603	605
604	605
604	606
605	606
605	2241
605	2852
606	607
606	971
606	1303
606	2557
607	608
607	609
608	2858
609	611
609	1503
609	2367
610	612
610	1714
611	612
611	613
611	1648
611	2753
611	2804
612	1816
612	2043
612	2214
613	615
613	988
614	1205
615	617
615	2089
616	617
616	618
617	618
617	619
617	1555
617	2877
618	906
618	1893
619	620
619	621
619	2211
620	621
620	622
621	622
621	623
622	624
623	625
623	1949
623	2341
624	678
624	1247
625	627
625	2180
626	1114
627	628
627	629
627	1088
627	2009
627	2823
628	1352
628	1388
629	630
629	631
630	632
630	1380
630	1800
631	632
631	2210
632	633
632	634
632	1528
633	634
633	2559
634	635
634	636
635	636
635	2090
636	1198
636	1839
637	638
637	639
638	640
638	1004
639	640
639	641
639	1835
640	641
640	642
640	2555
640	2687
641	642
641	643
642	644
642	1258
643	644
643	1615
643	2081
644	777
644	2254
645	646
645	647
645	2320
646	647
646	648
646	856
647	648
647	649
647	1185
648	2288
649	650
649	651
649	2942
650	651
650	2638
651	833
651	1814
652	653
652	654
653	655
654	655
654	1069
655	656
655	657
656	657
656	658
657	658
657	659
658	659
658	660
659	661
659	1183
660	662
661	662
661	663
661	785
662	663
662	2549
663	664
663	1655
663	2001
663	2935
664	2444
665	666
665	667
666	667
666	668
667	668
667	1095
668	670
668	2386
669	670
669	671
669	1642
670	915
670	1856
670	2608
671	673
671	773
672	674
672	2391
673	674
673	926
674	675
674	676
675	1070
675	2030
676	677
676	678
677	679
677	1102
678	1821
679	680
679	681
680	681
680	682
681	1071
681	1771
682	683
682	1159
683	684
683	1330
684	686
684	738
684	884
685	686
685	687
686	687
686	1890
687	688
687	689
688	689
688	856
689	691
689	707
689	995
689	1587
689	1630
690	691
690	835
690	1193
691	692
691	693
692	693
692	1039
693	694
693	695
693	700
694	695
694	1384
695	696
695	697
696	697
696	2358
697	1598
697	2407
697	2504
697	2656
698	699
698	700
699	701
700	821
701	2441
701	2796
702	704
702	2092
703	704
703	705
704	705
704	812
704	2895
705	707
705	2018
705	2789
706	707
706	708
707	709
707	907
708	709
708	710
709	711
709	1736
710	711
710	712
711	767
711	1336
712	713
712	2678
713	1412
713	2343
714	715
714	716
716	1260
716	1706
717	718
717	1650
717	1656
717	2274
718	719
718	1657
718	2324
719	720
719	721
720	721
720	722
721	722
721	723
722	724
722	2992
723	725
723	1201
723	2681
723	2994
724	726
724	2855
725	726
725	2709
726	728
726	1308
727	729
727	983
727	1919
728	1739
728	1933
729	730
729	731
730	732
730	1764
731	732
731	1175
731	2392
731	2557
731	2876
732	733
733	735
733	1611
734	844
734	1686
734	2383
735	737
735	1267
736	738
736	844
736	2788
737	738
737	1507
737	1639
738	740
739	740
739	977
740	742
740	2357
741	1421
741	1422
742	743
742	2069
743	1728
743	2881
744	745
744	746
744	1125
745	746
745	747
745	1595
746	747
746	748
747	748
747	925
747	2781
748	749
748	750
748	1520
748	2146
749	1162
749	2359
749	2873
750	751
750	752
750	1230
751	2304
751	2509
752	753
752	1927
752	2305
752	2848
753	754
753	755
753	2280
754	755
754	756
755	756
755	1415
755	2985
756	757
756	758
757	758
757	759
758	760
758	1245
759	760
759	761
760	762
760	1208
761	762
761	816
762	763
763	764
763	1160
763	1818
763	1923
764	765
765	766
765	2248
765	2482
765	2487
766	767
766	768
766	1596
767	769
767	1106
767	1431
768	769
768	1522
769	770
769	771
770	771
770	772
771	773
771	1704
772	773
772	774
772	1579
773	774
773	775
774	775
774	776
775	776
775	1250
775	2166
776	778
776	1206
776	2556
777	778
777	2638
778	780
778	1524
778	1601
779	781
779	2045
780	781
780	1312
781	782
782	783
783	784
783	785
784	785
784	786
785	787
785	1974
785	2682
786	787
786	788
786	2426
787	1701
787	1747
787	2894
788	789
788	1170
789	791
789	896
789	1233
789	2448
790	791
790	792
791	792
791	793
792	793
792	794
792	2569
793	794
793	795
793	2507
794	795
794	796
794	2188
795	796
795	797
795	1560
796	797
796	798
797	798
797	799
797	2795
798	799
798	800
799	1441
799	1838
799	2415
799	2445
800	838
800	2168
800	2334
801	2616
802	803
802	2941
803	804
803	805
804	805
804	806
804	1147
804	2464
805	806
805	2394
806	807
807	809
807	2750
808	810
808	2286
809	1884
809	2668
810	811
810	1098
811	813
813	815
813	860
814	816
815	817
815	2601
816	1335
816	2289
816	2657
817	818
817	819
818	1916
818	2481
818	2487
819	820
819	821
820	821
820	822
821	822
821	823
822	824
822	1481
823	824
823	825
823	2280
824	825
824	826
824	855
825	826
825	827
825	2768
826	827
826	828
826	1887
827	828
827	829
828	829
828	914
828	2910
829	830
829	831
829	1034
830	831
830	832
831	832
831	833
831	2031
831	2241
832	833
832	834
833	834
833	961
833	975
834	836
834	1795
834	2113
835	836
835	1262
836	837
836	838
837	838
837	839
838	840
839	840
839	841
840	842
840	1427
841	842
841	843
841	2246
842	843
842	2476
843	2143
844	845
844	846
845	846
845	847
845	885
846	1684
846	1699
847	849
847	883
847	1552
848	849
848	850
849	851
849	1041
849	1177
849	2671
850	852
850	1552
850	2353
851	853
852	853
852	854
853	898
853	1114
853	2284
853	2429
854	855
854	856
854	1310
855	857
856	858
856	875
856	1789
857	858
857	859
858	859
859	860
859	1604
859	2844
860	861
860	862
861	862
861	1526
861	1735
862	864
862	1421
863	865
863	1991
863	2057
864	865
864	1758
864	2218
865	866
865	867
866	867
866	1888
867	869
867	1862
867	2785
868	870
868	2850
869	871
869	2052
870	871
870	970
871	872
871	2487
872	873
873	874
873	1976
873	2295
873	2868
874	875
874	2799
875	877
876	878
876	1142
876	2229
877	878
877	1876
878	879
878	1269
878	2843
879	880
879	2021
880	881
880	882
880	884
881	882
881	883
882	918
882	2123
883	884
883	1670
884	1896
884	2543
885	1734
885	2446
886	887
886	1431
886	1687
887	888
887	889
887	2297
888	889
888	1513
889	890
889	1067
890	891
890	2591
891	893
892	1306
893	894
893	895
893	2506
894	896
894	1046
894	1329
895	897
895	1215
895	2788
897	898
897	2894
897	2926
898	899
898	900
899	901
899	1173
900	901
900	902
900	1967
901	902
901	2457
902	903
902	1080
902	1113
903	1186
903	1931
903	2749
904	905
904	2535
905	906
905	907
906	907
906	908
907	908
907	1674
908	909
908	910
909	910
909	911
910	912
910	1979
911	912
911	971
912	914
913	1241
913	1258
913	1767
914	916
914	1780
914	1929
915	917
915	1126
915	1739
915	2378
916	917
917	919
918	1285
919	921
919	2442
919	2535
920	922
920	1797
921	923
921	2129
921	2181
922	923
922	924
922	1910
923	2428
924	1703
924	2570
925	926
925	927
925	2636
926	928
926	1046
927	1926
927	2011
928	929
928	930
928	2222
929	930
929	931
930	931
930	1532
930	2294
931	933
931	1145
932	934
932	1646
933	935
933	1543
934	935
934	936
935	937
935	1819
936	938
936	2087
936	2933
937	939
937	1272
937	2872
938	939
938	940
939	940
939	941
940	941
940	2672
940	2735
941	1144
941	1691
941	1978
942	943
942	944
943	944
943	1918
943	2270
944	946
944	1995
944	2640
945	947
946	947
946	948
947	949
947	1686
948	1586
948	1808
948	2615
949	950
949	951
950	951
950	952
950	1915
951	953
951	1047
952	953
952	954
953	955
953	2271
953	2611
954	956
955	957
956	957
956	958
957	1550
958	959
958	960
958	2513
959	960
959	961
959	1309
959	1320
959	2108
960	961
960	962
960	2683
961	962
961	1506
962	963
962	2586
963	964
963	1230
964	965
964	2743
965	966
965	967
965	2008
966	967
966	968
966	2985
967	968
967	969
967	1755
968	2180
968	2411
969	970
969	971
970	972
970	2611
971	973
972	973
972	974
972	1185
972	2563
973	1963
973	2708
973	2840
974	1030
974	2490
975	976
975	1265
976	977
976	978
976	1073
977	978
977	2459
978	979
978	2519
978	2639
979	2639
980	981
980	982
980	2812
981	982
981	983
982	984
982	1245
983	2718
983	2724
984	986
984	2957
985	986
986	987
986	988
987	1654
987	2202
987	2834
988	989
988	1286
989	990
989	991
990	992
990	1149
991	992
991	993
991	1719
991	2337
991	2694
991	2821
992	993
992	994
992	2162
993	994
993	2091
994	1128
994	2233
995	996
995	1762
996	997
996	1628
996	2906
997	998
998	999
998	1606
998	2695
999	1000
1000	1001
1000	2023
1001	1003
1001	2451
1002	2241
1002	2636
1003	1004
1003	1449
1003	1726
1003	2030
1004	1005
1004	1771
1004	2675
1005	1735
1005	2537
1006	1007
1006	1008
1006	2418
1007	1008
1007	1009
1008	1009
1008	1010
1008	1719
1008	1764
1009	1010
1009	1011
1010	1011
1010	1254
1010	1705
1010	2598
1010	2831
1011	1013
1011	1677
1012	1013
1012	1014
1013	1015
1013	1096
1014	1574
1014	2184
1014	2571
1015	1016
1015	1017
1016	1017
1016	1018
1017	1018
1017	1019
1018	1019
1018	1020
1018	1786
1019	1020
1019	2282
1020	1022
1020	1535
1021	1022
1021	1023
1021	1235
1021	2855
1022	2692
1023	1024
1023	1025
1023	1601
1024	1026
1025	1027
1025	2044
1026	1027
1026	1028
1027	1028
1027	2182
1028	1030
1028	1750
1028	2328
1028	2618
1029	1031
1029	1781
1030	1031
1030	2473
1031	1198
1031	1205
1031	2669
1032	1045
1032	1785
1032	2118
1033	1581
1033	1694
1033	2470
1033	2504
1033	2950
1034	1036
1034	1509
1035	1036
1035	1037
1035	1895
1036	1037
1036	1414
1036	1498
1037	1038
1037	1039
1037	1102
1037	2228
1038	1039
1038	1437
1039	1040
1039	1668
1039	1809
1040	1041
1041	1042
1041	1043
1041	2585
1042	1043
1042	1044
1042	1255
1043	1044
1043	1045
1044	1046
1044	1897
1045	1046
1046	1704
1047	1048
1047	1049
1048	1049
1048	1050
1048	1751
1049	1051
1049	1746
1049	1854
1050	1051
1050	1882
1051	1053
1051	1576
1051	1659
1052	1054
1052	1674
1052	1881
1053	1055
1053	2395
1054	1055
1054	1618
1054	2566
1055	1056
1055	1057
1055	1849
1056	1058
1056	1100
1056	2640
1057	1058
1057	1059
1058	1060
1058	1555
1058	2371
1059	1060
1059	1061
1060	1061
1060	1062
1061	1062
1061	1063
1062	1063
1062	1064
1062	2044
1063	1064
1063	1065
1064	1362
1064	1480
1065	1066
1065	1067
1065	2893
1066	1067
1066	1068
1067	1068
1067	1069
1068	2941
1069	1070
1069	1071
1070	1895
1071	1072
1071	1073
1071	1685
1072	1073
1072	1074
1073	1074
1073	2356
1074	1075
1074	1076
1075	1076
1075	1077
1076	1077
1076	2921
1077	1079
1077	1654
1077	1958
1078	1079
1078	1080
1078	1778
1078	2763
1078	2793
1079	1081
1079	2238
1079	2993
1080	1082
1081	1082
1081	1083
1081	1328
1081	2311
1082	2611
1082	2771
1083	1085
1083	1481
1084	1086
1084	1106
1085	1087
1086	1088
1087	1089
1087	1343
1088	1090
1088	1619
1089	1090
1089	1934
1090	1091
1090	1092
1090	1257
1091	1093
1091	2183
1092	1093
1092	1094
1093	1095
1094	1481
1094	1884
1095	1096
1095	1552
1095	2264
1095	2517
1096	1098
1097	1098
1097	1302
1099	1100
1099	2222
1100	1102
1100	1505
1101	1102
1101	1103
1102	1104
1102	2097
1103	1104
1103	2436
1104	1105
1104	1106
1104	2465
1105	1107
1105	1332
1105	2859
1106	1107
1106	1713
1107	1108
1107	1109
1108	1109
1108	1110
1109	2018
1109	2792
1110	1111
1110	1112
1110	2482
1111	1112
1111	1113
1111	1442
1112	1113
1112	1114
1112	1936
1113	1114
1113	1115
1114	2068
1115	1116
1115	1117
1116	2126
1116	2326
1116	2534
1117	1118
1118	1617
1118	2225
1119	1120
1119	1121
1119	2850
1120	1121
1120	2606
1121	1467
1122	1123
1122	2910
1123	1124
1123	1125
1123	2945
1124	1125
1124	1299
1124	2528
1125	1127
1125	2489
1126	1127
1127	1128
1127	1510
1128	1129
1128	1130
1129	1131
1129	1933
1129	2511
1130	2436
1131	1133
1131	2634
1131	2790
1132	2775
1133	1135
1133	2906
1134	1135
1135	1136
1135	1137
1136	1137
1136	1138
1136	1186
1136	1446
1137	1138
1137	1139
1138	1139
1138	1140
1138	2351
1139	1983
1139	2118
1139	2326
1140	1141
1140	1420
1140	1959
1141	1142
1141	1440
1141	1665
1141	2632
1142	1729
1143	1145
1143	2932
1144	1145
1144	1146
1144	2338
1145	1147
1146	1147
1146	1148
1146	1395
1146	2020
1147	1148
1148	1149
1148	1150
1149	1150
1149	1151
1149	1816
1149	2433
1150	1151
1150	1152
1151	1152
1151	2769
1152	1153
1152	1154
1152	1165
1153	1154
1153	1155
1153	2680
1154	1156
1154	2372
1155	1156
1155	1157
1155	1814
1156	2468
1157	1158
1158	1649
1158	2350
1158	2793
1159	1160
1159	1293
1159	2438
1160	1162
1161	1162
1161	1163
1163	1164
1163	1165
1164	1165
1164	2015
1165	1166
1165	2421
1165	2716
1166	1167
1166	1168
1166	2192
1166	2400
1167	1168
1167	1169
1167	2029
1168	1169
1168	2257
1168	2832
1169	1171
1169	1289
1169	2094
1169	2208
1170	1171
1170	1172
1171	1173
1171	2199
1172	1173
1172	1174
1173	1174
1173	1175
1174	1175
1174	1176
1175	2301
1176	1178
1176	1737
1176	2276
1177	1178
1177	1758
1178	1180
1178	2513
1179	2690
1180	1181
1180	1182
1181	1183
1181	2522
1182	1184
1182	2895
1183	1185
1184	1185
1186	1188
1187	1188
1187	1788
1187	2174
1188	1189
1188	1190
1188	2775
1189	1191
1189	1631
1189	1648
1190	1191
1190	1192
1191	2262
1191	2989
1192	1194
1192	2031
1193	1195
1193	2415
1194	1196
1194	1892
1195	1196
1195	2235
1195	2587
1196	1198
1196	2593
1197	1198
1197	2122
1197	2963
1198	1199
1199	1868
1200	1201
1201	1202
1201	1397
1202	1203
1202	2556
1203	1204
1203	2532
1204	1206
1204	1458
1204	2180
1204	2213
1205	2842
1206	1208
1207	1208
1207	1209
1207	1524
1208	1210
1209	1210
1209	1211
1209	2022
1210	1211
1210	1212
1211	1993
1211	2166
1212	1213
1212	1214
1212	2677
1213	1214
1213	1700
1214	2494
1214	2919
1214	2982
1215	1216
1215	1217
1216	1217
1216	1218
1217	1684
1217	1688
1217	2749
1217	2784
1218	1220
1218	1981
1219	1220
1219	1221
1219	1736
1220	1221
1220	1222
1221	1223
1222	1223
1222	1224
1223	1224
1223	1225
1224	1226
1224	2148
1225	1226
1225	1227
1226	1227
1226	1609
1227	1228
1227	1229
1227	2471
1228	1229
1228	1230
1229	1230
1229	1231
1230	2104
1231	1232
1231	1233
1231	2405
1232	1233
1232	1234
1233	1234
1233	1686
1234	1235
1234	1236
1235	1237
1236	2255
1237	1239
1237	2057
1237	2525
1238	1239
1238	1240
1239	1241
1239	2289
1240	1242
1240	2628
1241	1242
1241	1407
1242	1244
1242	2123
1242	2676
1243	1728
1244	1245
1244	1246
1244	1402
1245	1246
1245	1247
1245	2288
1245	2648
1246	1248
1246	2567
1247	1248
1247	1249
1248	1250
1248	2121
1249	1251
1249	2526
1250	1252
1251	1252
1251	1253
1252	1254
1252	2638
1253	1255
1253	1422
1254	2566
1255	2675
1255	2873
1255	2957
1256	1257
1256	1258
1257	1258
1257	1405
1258	1259
1258	1260
1259	1260
1259	1297
1259	1833
1260	1261
1260	1702
1261	1262
1261	1263
1262	2102
1263	1264
1263	2357
1264	1266
1264	2422
1265	1266
1265	1267
1266	1267
1266	2191
1267	1269
1268	1269
1268	1270
1269	1448
1269	2286
1269	2378
1270	1272
1270	1665
1271	1272
1271	1273
1271	1546
1271	2248
1272	1274
1272	1316
1272	2127
1273	1274
1273	1275
1274	1276
1274	2492
1275	1276
1275	1277
1275	2681
1276	1277
1276	1696
1277	1278
1277	1279
1278	1279
1278	1598
1278	2276
1279	1280
1279	1281
1280	1281
1280	1282
1281	1282
1281	1283
1281	1857
1281	2262
1282	1484
1283	1284
1283	1285
1283	1909
1284	1285
1284	1744
1284	2126
1285	1287
1285	1587
1286	1839
1286	2077
1286	2427
1287	1288
1287	1289
1288	1289
1288	1311
1289	1291
1290	1291
1290	1292
1291	1292
1291	1293
1291	2446
1291	2646
1292	1293
1292	1305
1292	1306
1292	2771
1293	1294
1293	1295
1293	1711
1294	1296
1295	1297
1296	1297
1296	1298
1297	1298
1297	1299
1298	1299
1298	2519
1299	1300
1299	1907
1299	2670
1300	1302
1300	2117
1301	1302
1301	1358
1302	1303
1302	1679
1302	1813
1303	1305
1303	1362
1303	1427
1303	1960
1303	2944
1304	1305
1304	1306
1305	1738
1305	2163
1305	2807
1306	1308
1307	1308
1307	1309
1308	1309
1308	1310
1308	1383
1308	2172
1308	2321
1309	1311
1310	2597
1310	2699
1311	1313
1311	1655
1311	2826
1311	2991
1312	1313
1312	1859
1313	1314
1313	1315
1314	1625
1314	2808
1315	1316
1315	1317
1316	1317
1316	1318
1317	1318
1317	1319
1318	1319
1318	1320
1318	2194
1318	2621
1319	1320
1319	2725
1320	1321
1321	1322
1321	1660
1321	2643
1322	1323
1322	1324
1323	1324
1323	1512
1324	1325
1324	1326
1325	1326
1326	1453
1326	2181
1326	2834
1327	1328
1328	1329
1329	1330
1329	1331
1329	2697
1330	1331
1330	1332
1330	2656
1331	1332
1331	1333
1331	2780
1332	2441
1333	1334
1333	1335
1333	2799
1334	1335
1334	1336
1335	1337
1336	1338
1337	1338
1337	1339
1338	1339
1338	1340
1339	1340
1339	1341
1340	2091
1340	2356
1341	1343
1341	2434
1341	2662
1342	1343
1342	1344
1343	1344
1343	1345
1344	1345
1344	1346
1345	1347
1345	2894
1346	1348
1346	2037
1347	1348
1347	1349
1348	1349
1348	1350
1348	1808
1349	2584
1349	2598
1350	1351
1350	1352
1351	1352
1351	1353
1351	2208
1352	1354
1352	2725
1353	1354
1353	1355
1353	2231
1354	1355
1354	1356
1355	1357
1355	2873
1356	1358
1356	2931
1357	2581
1358	1360
1358	2469
1359	2575
1359	2947
1360	1361
1360	1738
1361	1362
1361	2075
1362	2748
1362	2903
1363	1364
1363	1365
1363	1535
1363	1723
1364	1365
1364	1366
1365	1367
1365	2367
1366	1368
1366	2080
1367	2007
1368	1370
1369	2222
1369	2560
1370	1371
1370	1372
1370	1704
1371	1373
1371	2294
1372	1374
1372	2277
1372	2465
1373	1374
1373	1375
1373	2715
1374	1375
1374	2496
1375	1377
1375	1708
1376	1991
1377	1378
1377	1965
1378	1380
1378	1562
1378	1829
1379	1381
1379	1673
1379	2301
1380	1381
1380	1382
1381	1382
1381	1383
1382	2504
1382	2999
1383	1385
1383	1942
1384	1385
1384	1386
1385	1812
1385	2274
1385	2923
1386	1387
1386	1388
1386	2590
1387	1388
1387	1389
1387	2251
1388	1389
1388	1390
1389	1390
1389	2544
1390	1392
1391	1393
1391	2855
1392	1393
1392	1394
1393	1394
1393	1395
1393	2083
1394	1395
1394	1396
1395	1396
1396	1398
1396	1646
1397	1399
1397	1519
1398	1399
1398	2023
1399	1400
1399	2169
1400	1401
1400	1402
1401	1403
1401	1487
1401	1890
1402	2395
1403	1404
1403	1932
1404	1406
1404	2441
1405	1406
1406	1407
1406	1408
1406	1782
1407	1408
1408	1410
1408	2772
1409	1410
1409	1411
1410	1412
1410	2764
1410	2883
1411	1566
1412	1413
1412	1414
1413	1414
1413	1492
1413	2752
1414	1415
1415	1417
1416	1417
1416	1418
1416	1639
1417	1419
1417	2193
1418	1419
1418	1420
1418	2067
1418	2520
1419	1421
1419	2469
1420	1421
1420	2672
1421	1947
1421	2138
1421	2388
1421	2882
1422	1423
1422	1424
1423	1425
1423	1593
1423	2684
1424	1425
1425	2100
1425	2868
1426	1427
1426	2779
1426	2964
1427	1546
1428	1429
1428	1430
1428	1927
1429	1430
1430	1432
1431	1646
1432	1433
1432	1434
1433	1434
1433	1435
1433	2740
1434	1435
1434	1436
1435	1649
1436	1437
1436	1438
1436	2603
1437	1438
1437	1439
1437	1765
1438	1439
1438	1569
1439	1440
1439	1441
1440	1442
1440	2494
1441	1443
1442	1523
1442	2000
1442	2493
1443	1444
1443	1445
1444	1445
1444	1446
1445	1446
1445	1447
1446	2734
1446	2854
1447	1448
1447	1636
1447	2953
1448	1449
1448	2140
1449	1450
1449	1451
1450	1452
1450	2457
1451	2454
1452	1453
1452	1454
1452	1548
1453	1454
1453	1455
1454	1455
1455	1456
1455	2209
1456	1457
1456	1458
1457	1458
1457	1459
1458	1734
1458	1954
1460	1461
1460	1462
1460	2268
1461	1462
1461	1463
1461	2160
1462	1464
1462	2671
1463	1464
1463	1499
1464	1465
1464	1466
1465	1466
1465	1467
1465	2905
1466	1468
1466	1652
1466	2857
1467	2410
1467	2463
1468	2457
1469	1471
1470	1869
1470	2305
1471	2746
1472	1474
1472	2377
1473	1474
1473	2134
1473	2374
1474	1475
1474	1476
1475	1476
1475	1477
1475	1723
1476	1478
1476	1981
1476	2730
1477	1478
1477	1614
1478	1479
1478	1480
1479	1480
1479	1481
1479	2700
1480	1481
1480	1482
1480	2403
1481	1482
1481	1483
1482	1483
1482	2200
1482	2360
1483	1485
1483	2897
1484	1486
1484	2889
1485	1486
1485	1487
1485	2988
1486	1487
1486	1488
1487	1488
1487	1489
1487	2343
1487	2702
1488	1490
1488	2206
1489	1490
1489	1845
1489	2281
1490	1491
1490	1492
1491	1492
1491	1493
1492	1493
1493	1494
1493	1618
1493	1995
1493	2059
1494	1495
1495	1497
1496	1498
1496	2010
1496	2830
1497	2221
1497	2696
1498	1500
1498	2007
1499	1501
1499	2396
1500	1502
1501	1502
1502	1503
1502	1616
1503	1504
1503	1505
1504	1505
1504	2907
1505	1507
1506	1508
1507	2156
1507	2225
1508	1510
1508	2595
1509	2740
1510	1511
1510	1512
1511	1512
1511	2959
1512	1513
1512	1514
1512	1630
1512	1704
1513	1514
1513	1951
1514	1516
1514	2432
1515	1516
1515	2618
1516	1518
1517	1518
1517	1519
1518	1520
1518	1731
1519	1520
1519	1521
1520	1522
1521	1522
1521	1523
1521	1978
1522	1523
1522	1524
1523	1903
1525	1526
1526	1527
1526	1686
1527	1528
1527	1529
1527	2646
1528	1530
1529	1530
1529	2967
1530	1531
1530	1532
1530	1885
1531	1532
1531	1533
1532	1533
1532	2763
1533	1535
1533	2312
1534	1536
1535	1537
1536	1537
1536	2927
1537	1538
1537	1539
1537	2197
1537	2614
1538	1712
1538	2665
1539	1540
1539	2600
1540	1541
1540	1542
1541	1709
1541	2137
1542	1543
1542	2588
1543	1545
1543	1599
1544	1546
1544	2974
1545	1546
1545	2737
1546	1548
1546	2728
1547	1548
1547	2198
1548	1550
1549	1550
1549	1551
1550	1551
1550	1552
1551	1552
1551	1553
1553	1554
1553	1555
1553	2711
1554	1556
1554	2062
1555	1557
1555	2725
1556	1557
1556	2873
1557	1558
1557	1559
1558	1560
1558	1864
1559	1560
1559	2195
1560	1561
1561	1562
1561	2596
1562	1563
1562	2899
1563	1564
1563	1565
1564	1566
1564	1614
1564	1623
1565	1567
1565	2197
1566	1567
1566	1568
1566	1651
1567	1569
1567	2811
1568	1570
1568	2061
1568	2500
1569	1570
1569	1571
1570	1571
1570	1900
1571	1573
1571	2796
1572	1574
1573	1574
1573	2654
1574	1575
1574	1576
1574	1595
1574	2632
1575	1577
1575	1923
1576	2350
1577	1578
1577	1579
1578	1926
1579	1581
1579	2466
1579	2578
1580	1581
1580	1582
1580	2256
1581	1582
1582	1583
1582	1584
1582	1740
1582	2191
1583	1584
1583	1585
1584	1585
1584	1881
1585	1586
1585	2999
1586	2592
1587	1699
1588	1589
1588	1590
1589	1590
1589	2522
1590	1592
1590	2277
1590	2812
1591	2271
1592	1593
1592	1594
1592	2386
1593	2772
1594	1596
1594	1672
1594	2843
1596	1598
1596	2944
1597	1598
1597	2133
1598	1599
1598	2198
1600	1601
1600	1602
1600	1639
1601	1602
1601	2698
1602	1603
1602	2558
1602	2738
1603	1605
1603	1836
1605	2128
1606	1607
1606	1608
1607	1609
1607	1809
1607	2622
1608	1609
1608	2258
1609	1610
1609	1611
1610	1611
1610	1612
1611	1612
1611	1915
1611	1921
1611	2271
1612	1613
1612	1614
1612	2492
1613	1614
1613	2056
1614	1615
1614	1616
1614	1730
1615	1617
1616	1617
1616	1618
1617	1619
1617	2230
1618	1619
1618	1620
1619	2904
1620	1621
1620	2806
1621	1622
1621	1623
1622	1623
1622	2159
1623	1625
1624	1625
1624	2874
1625	1626
1625	2326
1625	2886
1626	1627
1626	2023
1627	1629
1627	2438
1628	1629
1628	1630
1629	1630
1629	1631
1631	1632
1631	1853
1632	1633
1632	1634
1633	1634
1633	1635
1634	1635
1634	1636
1634	1785
1635	1636
1635	1637
1635	1838
1636	1638
1637	1639
1637	2822
1638	1693
1638	1912
1640	1641
1640	2434
1640	2538
1641	1642
1641	1643
1642	2014
1642	2903
1643	1644
1643	1645
1644	1645
1644	1646
1644	2572
1645	1646
1645	2650
1645	2990
1646	2678
1647	1648
1647	1715
1648	1650
1649	1651
1649	2215
1649	2405
1649	2773
1650	1651
1650	1652
1651	1652
1651	2828
1652	2529
1653	1654
1653	2143
1654	1672
1656	1658
1658	1659
1659	2779
1659	2826
1660	1661
1661	1662
1661	1663
1662	1663
1662	1902
1663	1664
1663	1665
1664	1665
1664	1666
1665	1666
1666	1667
1666	2749
1667	1668
1667	1669
1668	1670
1668	2095
1668	2115
1669	1894
1670	1671
1670	1672
1671	1672
1671	1673
1671	2736
1673	1674
1673	2394
1674	1676
1675	1676
1675	1677
1676	1677
1676	1678
1677	1678
1677	2671
1677	2997
1678	1679
1678	1680
1679	1680
1679	1681
1680	2545
1680	2615
1681	1683
1681	2831
1682	1683
1682	1684
1682	1923
1683	1684
1683	2142
1683	2595
1683	2948
1685	1687
1685	2315
1687	1689
1687	1930
1688	1689
1688	2292
1689	1690
1689	1691
1689	1774
1690	1692
1690	2854
1691	1693
1692	1694
1692	1865
1694	1696
1695	1696
1695	1697
1696	2706
1697	1698
1697	1699
1698	1699
1698	1700
1698	1994
1699	1700
1700	1701
1700	1702
1701	1702
1701	1703
1702	1704
1702	1749
1703	1704
1703	1895
1705	1707
1705	2838
1706	1707
1706	2516
1707	1709
1707	2500
1707	3000
1708	1709
1708	1710
1708	2626
1710	1711
1710	1712
1711	1713
1712	1713
1712	2263
1713	1714
1713	1715
1713	2127
1714	1715
1714	1716
1715	1716
1715	2583
1716	1717
1716	2821
1717	1718
1717	1719
1717	1864
1718	1719
1718	2191
1719	2735
1720	1721
1720	1722
1721	2404
1721	2890
1722	1723
1722	1724
1724	1725
1724	1726
1724	2110
1725	1726
1725	1727
1726	1728
1727	1728
1727	1729
1727	1999
1727	2652
1728	1729
1728	2869
1729	1730
1730	1732
1731	1732
1731	1733
1732	1734
1732	2827
1733	1734
1733	1735
1734	1736
1737	2357
1737	2464
1738	1739
1739	1740
1740	1742
1741	1742
1742	1743
1742	1744
1743	1744
1743	2369
1744	1746
1744	2755
1745	1746
1745	1747
1746	1747
1747	1749
1748	2743
1748	2758
1749	1751
1749	2686
1750	1751
1750	1752
1751	2387
1752	1753
1752	1754
1753	1754
1753	1755
1753	2584
1754	1755
1755	1756
1755	2541
1756	1758
1756	1861
1756	2553
1757	1758
1757	1759
1758	1759
1759	1760
1759	2031
1760	1762
1760	2831
1761	1762
1761	1763
1762	1763
1763	1764
1763	1765
1764	1766
1765	1767
1766	1767
1766	1768
1767	2728
1768	1769
1769	1770
1769	1771
1769	1987
1770	1771
1770	1772
1773	1774
1773	1775
1774	1776
1774	2087
1774	2858
1775	2173
1775	2334
1776	1777
1776	1778
1777	1778
1777	1779
1778	1779
1778	2375
1779	1781
1779	2737
1780	1781
1780	1782
1780	2456
1781	1782
1781	1829
1781	2339
1782	2703
1783	1784
1783	2315
1784	1785
1784	1786
1785	1787
1786	1788
1787	1788
1787	1789
1787	1867
1788	1789
1789	1790
1789	2789
1790	1791
1790	1792
1790	2741
1791	1792
1791	1913
1791	2005
1792	1793
1792	1794
1792	1955
1793	1795
1793	2058
1794	1795
1794	1796
1795	1796
1796	1798
1796	1941
1797	1799
1797	2575
1798	1799
1798	1800
1799	1800
1799	1801
1799	2032
1801	1802
1801	1847
1802	1803
1802	1804
1803	1804
1803	1805
1804	1805
1804	1806
1805	1806
1805	1807
1806	1808
1806	2712
1807	1808
1808	1809
1808	2193
1808	2298
1808	2329
1809	1810
1810	1811
1810	2957
1811	1813
1811	2326
1812	1813
1812	1814
1813	1815
1814	1816
1815	1816
1815	1817
1816	2384
1817	1818
1819	1820
1819	1821
1820	1822
1820	2093
1820	2513
1820	2966
1821	1823
1821	2410
1822	2435
1822	2687
1823	1824
1823	2776
1824	1825
1825	1826
1825	2187
1826	2857
1827	1828
1827	1829
1828	1829
1828	2448
1829	1831
1830	1831
1830	1832
1831	1832
1831	1833
1832	1833
1832	2604
1833	1834
1834	1835
1834	2493
1835	1836
1836	1838
1837	1839
1838	1840
1839	1840
1839	2561
1840	1841
1840	1863
1841	1842
1841	1843
1842	1843
1842	1844
1842	2381
1843	1844
1843	1845
1844	2745
1845	1846
1845	1847
1845	2663
1846	1847
1846	1848
1847	1848
1847	1849
1847	1908
1848	2239
1848	2736
1849	1851
1850	1851
1850	1869
1850	2495
1851	1852
1851	2397
1851	2755
1852	1854
1852	2413
1853	1855
1854	1855
1854	1856
1854	1891
1855	1856
1855	1857
1855	2378
1856	1858
1857	1858
1857	2772
1858	1925
1858	2115
1859	1860
1859	1861
1859	2624
1860	1861
1860	1862
1861	1863
1861	2236
1862	1863
1862	1864
1863	1865
1863	2029
1864	2671
1865	1866
1865	1867
1866	1868
1866	1941
1866	2009
1867	1869
1868	1869
1868	1870
1869	1870
1870	1871
1870	1872
1871	1872
1871	1873
1872	1874
1872	2141
1873	1874
1874	1876
1874	2634
1875	1876
1875	1877
1876	1878
1876	2524
1877	1878
1877	1879
1877	1964
1878	1879
1878	1880
1879	1880
1879	1881
1880	1881
1880	1882
1881	1882
1882	1883
1882	1975
1882	2426
1883	1884
1884	1885
1884	1886
1884	2006
1885	1886
1886	1888
1887	1889
1888	1889
1888	2454
1889	1890
1889	1891
1890	1891
1891	1893
1892	1893
1892	2971
1893	1895
1893	2095
1894	1895
1894	2541
1896	2343
1897	1898
1897	1899
1897	2727
1898	1899
1898	1900
1898	1948
1899	1900
1899	2876
1900	1902
1900	2010
1900	2817
1901	1902
1901	2121
1901	2287
1902	1904
1902	2238
1903	1904
1903	2869
1904	1905
1904	1906
1905	1907
1906	1908
1906	2487
1906	2659
1907	1909
1907	2190
1907	2569
1908	1909
1909	1911
1910	1911
1910	2273
1911	1912
1911	1913
1911	2680
1912	1913
1912	1914
1913	1914
1913	1915
1914	1915
1914	2534
1916	2427
1917	1918
1917	1919
1917	2698
1918	1920
1919	1920
1919	2076
1919	2275
1920	1921
1920	1922
1921	1923
1922	1923
1922	1924
1923	2142
1924	1925
1924	1926
1925	1927
1925	2663
1926	1928
1926	2527
1928	1929
1928	1930
1929	2644
1929	2890
1930	1931
1930	1932
1931	1932
1932	1933
1933	1934
1933	1935
1934	1935
1934	1938
1934	2806
1935	1936
1935	1937
1936	1937
1936	2539
1937	1938
1937	1939
1938	1940
1938	1977
1939	1940
1939	1941
1939	2505
1939	2615
1940	1942
1940	2881
1941	1943
1942	2569
1943	1944
1943	1945
1944	1945
1944	2812
1945	1947
1946	1947
1946	1948
1947	2708
1948	1949
1948	2806
1949	2486
1950	2560
1950	2714
1951	1952
1951	1953
1951	2408
1952	1953
1952	1954
1953	1954
1953	1955
1953	2778
1954	2607
1955	2284
1956	1957
1956	1958
1957	1959
1957	2567
1958	1959
1958	1960
1959	1960
1959	1961
1960	1961
1961	2492
1962	1963
1962	2524
1963	1964
1963	1965
1965	1966
1965	2590
1966	1967
1966	2817
1967	1968
1968	1986
1968	2723
1969	1970
1969	1971
1970	1971
1970	2794
1971	1972
1971	1999
1972	1973
1972	1974
1973	1974
1973	2888
1974	1975
1975	1976
1975	1977
1976	1977
1976	1978
1977	1978
1977	2357
1978	1980
1979	1980
1979	1981
1980	2086
1980	2910
1981	1982
1982	1984
1982	2402
1983	1984
1984	1985
1984	1986
1985	2814
1986	1988
1986	2317
1987	1989
1987	2113
1987	2421
1988	1990
1988	2288
1988	2650
1989	2366
1989	2381
1990	1991
1990	1992
1991	1992
1992	1993
1992	1994
1993	1994
1994	1995
1995	1996
1996	1997
1996	1998
1997	1999
1997	2177
1998	1999
1998	2000
2000	2085
2001	2002
2001	2003
2001	2142
2002	2004
2003	2004
2003	2005
2004	2092
2004	2270
2004	2847
2005	2007
2006	2008
2006	2761
2007	2009
2007	2847
2009	2010
2010	2012
2011	2359
2011	2610
2012	2013
2012	2014
2013	2014
2014	2015
2014	2795
2015	2017
2016	2017
2017	2018
2017	2102
2018	2019
2019	2507
2019	2905
2020	2021
2021	2022
2021	2023
2023	2025
2023	2416
2024	2025
2024	2608
2025	2027
2025	2602
2026	2027
2026	2710
2027	2028
2027	2029
2028	2030
2028	2206
2028	2648
2030	2032
2033	2034
2033	2035
2034	2035
2034	2036
2035	2036
2035	2037
2036	2037
2036	2038
2037	2038
2037	2039
2038	2039
2038	2040
2038	2487
2038	2601
2038	2939
2039	2040
2039	2041
2040	2041
2040	2042
2041	2042
2041	2344
2042	2043
2042	2044
2043	2045
2045	2046
2045	2047
2046	2047
2046	2048
2047	2049
2047	2864
2048	2049
2048	2050
2049	2050
2049	2111
2049	2379
2050	2268
2050	2710
2051	2052
2051	2384
2052	2053
2053	2054
2053	2483
2054	2055
2054	2974
2055	2056
2055	2057
2056	2137
2056	2744
2057	2058
2058	2060
2059	2497
2060	2061
2060	2062
2060	2259
2062	2064
2063	2065
2063	2760
2064	2066
2064	2724
2065	2066
2065	2067
2065	2243
2066	2067
2066	2068
2067	2068
2068	2069
2068	2729
2069	2071
2069	2162
2069	2760
2070	2071
2070	2072
2071	2073
2071	2721
2072	2073
2072	2750
2073	2074
2073	2075
2074	2076
2075	2077
2076	2145
2077	2079
2078	2079
2078	2080
2079	2471
2080	2081
2080	2082
2081	2082
2081	2738
2082	2084
2082	2178
2082	2209
2083	2085
2084	2085
2084	2086
2085	2086
2086	2087
2086	2088
2087	2089
2088	2089
2088	2090
2089	2090
2089	2091
2090	2091
2090	2092
2090	2956
2091	2092
2092	2094
2092	2466
2092	2491
2093	2094
2094	2095
2095	2096
2095	2097
2095	2334
2096	2097
2096	2098
2097	2099
2097	2607
2098	2099
2098	2100
2099	2100
2099	2101
2099	2300
2100	2101
2100	2102
2101	2102
2101	2103
2102	2103
2102	2399
2102	2443
2103	2104
2103	2105
2103	2525
2104	2106
2105	2106
2105	2107
2106	2423
2107	2108
2108	2109
2109	2110
2109	2447
2109	2555
2110	2112
2110	2151
2110	2176
2111	2112
2111	2979
2112	2113
2112	2114
2113	2115
2114	2116
2114	2427
2115	2919
2116	2117
2116	2634
2117	2119
2118	2120
2119	2120
2119	2121
2120	2121
2120	2122
2121	2267
2121	2699
2122	2123
2123	2125
2124	2714
2124	2797
2125	2126
2125	2127
2126	2128
2128	2129
2128	2130
2129	2130
2129	2131
2130	2131
2130	2132
2130	2847
2131	2132
2131	2133
2132	2134
2132	2445
2132	2729
2133	2135
2133	2159
2134	2300
2135	2136
2135	2137
2136	2137
2136	2138
2137	2138
2138	2139
2138	2140
2138	2153
2139	2140
2139	2382
2139	2589
2140	2142
2140	2467
2141	2142
2141	2143
2143	2144
2144	2146
2144	2832
2145	2146
2145	2147
2146	2148
2147	2148
2147	2929
2148	2149
2148	2150
2148	2453
2149	2150
2149	2151
2150	2151
2150	2152
2151	2153
2152	2153
2152	2517
2153	2155
2154	2155
2154	2259
2154	2859
2155	2156
2155	2157
2156	2158
2156	2308
2157	2159
2158	2160
2158	2364
2159	2160
2160	2162
2160	2238
2161	2162
2161	2163
2161	2196
2162	2163
2163	2164
2163	2165
2163	2306
2164	2166
2165	2167
2165	2495
2166	2167
2166	2168
2167	2168
2167	2169
2168	2169
2168	2384
2168	2931
2169	2170
2169	2171
2170	2171
2170	2172
2171	2172
2173	2175
2174	2175
2175	2177
2175	2571
2176	2177
2177	2178
2178	2787
2179	2777
2179	2916
2180	2181
2181	2692
2182	2183
2182	2184
2183	2892
2185	2187
2186	2187
2186	2188
2186	2314
2187	2188
2187	2189
2188	2190
2189	2190
2189	2191
2190	2192
2190	2489
2191	2841
2192	2194
2193	2194
2194	2716
2195	2196
2195	2197
2195	2350
2196	2198
2197	2198
2198	2199
2199	2200
2199	2201
2200	2201
2200	2236
2201	2202
2201	2499
2202	2203
2203	2204
2203	2205
2203	2652
2204	2205
2204	2847
2204	2985
2205	2206
2205	2207
2206	2207
2207	2208
2207	2209
2207	2754
2208	2210
2209	2211
2210	2211
2210	2212
2211	2215
2211	2592
2212	2213
2212	2214
2212	2400
2213	2214
2213	2215
2213	2808
2214	2215
2214	2958
2215	2968
2216	2217
2216	2218
2217	2218
2217	2219
2219	2221
2219	2990
2220	2221
2220	2322
2221	2222
2222	2224
2223	2224
2223	2225
2224	2225
2224	2226
2225	2226
2226	2541
2226	2564
2226	2694
2226	2844
2227	2228
2227	2229
2227	2882
2228	2230
2228	2829
2229	2231
2229	2995
2230	2232
2231	2232
2232	2233
2232	2558
2233	2234
2233	2235
2234	2235
2234	2236
2235	2237
2236	2237
2237	2238
2237	2239
2239	2240
2239	2241
2240	2241
2240	2242
2242	2243
2242	2244
2242	2374
2243	2245
2244	2246
2245	2246
2245	2247
2246	2248
2247	2248
2247	2249
2249	2251
2250	2252
2251	2253
2252	2253
2252	2254
2253	2254
2253	2255
2254	2255
2254	2256
2255	2256
2255	2257
2255	2897
2256	2763
2257	2258
2257	2259
2258	2260
2260	2261
2260	2803
2260	2959
2261	2262
2262	2263
2262	2337
2263	2264
2263	2265
2264	2265
2264	2336
2265	2266
2265	2267
2266	2268
2267	2268
2267	2269
2268	2269
2269	2271
2271	2272
2271	2273
2271	2744
2272	2273
2272	2274
2274	2276
2275	2276
2276	2311
2277	2278
2277	2848
2278	2279
2278	2720
2279	2280
2279	2281
2281	2282
2282	2283
2282	2284
2283	2284
2283	2285
2284	2285
2284	2286
2285	2286
2285	2363
2286	2287
2286	2288
2288	2290
2289	2290
2289	2291
2290	2291
2290	2292
2291	2292
2291	2293
2292	2294
2292	2341
2293	2294
2293	2295
2294	2295
2294	2497
2294	2929
2295	2296
2296	2298
2296	2459
2297	2298
2298	2299
2300	2301
2301	2303
2302	2304
2303	2304
2304	2305
2305	2307
2305	2778
2306	2307
2307	2308
2307	2309
2308	2309
2309	2310
2309	2311
2310	2311
2310	2312
2311	2312
2312	2313
2312	2314
2313	2314
2313	2315
2314	2316
2315	2317
2316	2317
2316	2318
2317	2318
2317	2319
2318	2319
2318	2320
2319	2320
2319	2961
2320	2321
2321	2673
2321	2836
2322	2323
2322	2324
2322	2835
2323	2324
2323	2325
2324	2325
2324	2326
2325	2326
2327	2328
2327	2329
2328	2448
2330	2331
2330	2332
2331	2332
2331	2333
2332	2333
2332	2374
2333	2335
2334	2335
2334	2826
2336	2337
2339	2341
2340	2342
2340	2746
2341	2915
2342	2343
2342	2344
2343	2344
2344	2345
2344	2346
2345	2346
2345	2347
2346	2449
2346	2751
2347	2348
2347	2349
2348	2350
2351	2353
2352	2353
2352	2354
2353	2354
2354	2355
2354	2356
2355	2356
2355	2357
2356	2357
2357	2358
2357	2359
2358	2360
2359	2360
2359	2361
2360	2964
2361	2362
2361	2363
2362	2363
2362	2364
2363	2810
2364	2365
2364	2366
2365	2367
2366	2367
2366	2368
2367	2541
2368	2370
2369	2370
2369	2371
2369	2833
2370	2371
2370	2907
2371	2720
2372	2373
2372	2374
2373	2374
2373	2375
2374	2376
2375	2376
2376	2378
2376	2816
2377	2378
2377	2529
2379	2971
2380	2382
2381	2382
2382	2384
2383	2384
2383	2385
2384	2436
2385	2387
2385	2810
2386	2387
2387	2388
2387	2389
2388	2390
2389	2390
2389	2967
2390	2391
2390	2392
2391	2392
2391	2393
2392	2394
2393	2394
2393	2395
2394	2495
2395	2397
2395	2838
2395	2928
2397	2398
2398	2399
2398	2400
2399	2400
2399	2401
2399	2530
2401	2402
2401	2403
2402	2403
2402	2404
2403	2404
2404	2406
2404	2451
2406	2408
2407	2409
2408	2801
2409	2410
2409	2411
2410	2412
2411	2413
2411	2440
2412	2413
2413	2414
2413	2589
2414	2415
2414	2416
2415	2737
2415	2996
2416	2417
2417	2418
2417	2419
2417	2423
2418	2419
2419	2420
2419	2421
2420	2421
2422	2423
2423	2424
2424	2425
2424	2426
2425	2426
2425	2427
2425	2924
2428	2429
2428	2430
2429	2430
2429	2443
2430	2431
2430	2432
2431	2432
2431	2433
2431	2885
2432	2433
2432	2434
2433	2881
2434	2507
2435	2928
2436	2438
2437	2438
2437	2439
2438	2439
2439	2441
2439	2695
2440	2442
2440	2756
2440	2801
2441	2651
2442	2444
2444	2445
2445	2446
2446	2448
2447	2448
2447	2449
2448	2450
2449	2450
2449	2451
2449	2649
2450	2451
2450	2452
2451	2452
2451	2453
2452	2453
2453	2825
2454	2455
2455	2457
2456	2458
2456	2537
2457	2458
2457	2459
2457	2954
2458	2459
2458	2608
2458	2923
2459	2460
2460	2461
2460	2462
2461	2462
2461	2554
2462	2463
2462	2464
2463	2464
2463	2503
2464	2466
2465	2467
2466	2730
2467	2469
2468	2739
2468	2957
2469	2470
2469	2619
2470	2471
2470	2858
2471	2473
2472	2473
2472	2699
2473	2474
2474	2475
2474	2476
2475	2782
2476	2477
2477	2478
2477	2504
2477	2704
2478	2479
2478	2480
2479	2480
2479	2481
2479	2660
2480	2481
2480	2482
2481	2483
2481	2657
2482	2813
2484	2485
2485	2487
2486	2487
2486	2488
2486	2911
2488	2490
2489	2914
2490	2491
2490	2738
2491	2937
2492	2494
2493	2495
2494	2496
2495	2496
2496	2497
2496	2498
2496	2604
2497	2589
2498	2500
2498	2788
2499	2500
2499	2501
2500	2501
2501	2502
2501	2503
2501	2627
2502	2504
2502	2788
2503	2504
2503	2505
2504	2505
2505	2506
2506	2508
2506	2856
2508	2510
2509	2510
2509	2511
2510	2511
2512	2513
2512	2514
2513	2956
2514	2516
2514	2607
2515	2516
2515	2517
2516	2916
2517	2518
2517	2519
2518	2519
2518	2635
2520	2521
2521	2522
2521	2523
2522	2524
2522	2955
2523	2524
2523	2525
2524	2526
2525	2526
2526	2527
2527	2528
2527	2529
2528	2529
2528	2955
2529	2530
2529	2531
2530	2940
2531	2532
2531	2533
2532	2533
2532	2534
2533	2534
2533	2535
2534	2535
2534	2536
2536	2537
2536	2538
2538	2540
2539	2541
2540	2541
2540	2542
2541	2543
2542	2543
2542	2544
2543	2545
2544	2546
2545	2546
2546	2547
2546	2548
2547	2831
2548	2549
2548	2550
2549	2550
2549	2551
2550	2551
2550	2552
2551	2552
2551	2593
2552	2554
2552	2641
2553	2555
2554	2555
2554	2556
2556	2557
2559	2560
2559	2561
2560	2561
2560	2562
2561	2563
2562	2563
2562	2564
2563	2565
2564	2566
2565	2567
2565	2653
2565	2926
2566	2793
2567	2568
2568	2569
2568	2570
2570	2571
2571	2572
2571	2573
2572	2574
2573	2574
2573	2575
2574	2575
2574	2576
2575	2576
2575	2577
2576	2577
2576	2578
2576	2685
2577	2578
2577	2579
2579	2580
2579	2581
2580	2582
2580	2944
2581	2582
2581	2583
2582	2583
2582	2584
2583	2585
2585	2586
2586	2631
2586	2707
2587	2588
2587	2589
2588	2589
2588	2590
2589	2714
2590	2591
2590	2922
2591	2593
2592	2593
2592	2982
2593	2594
2594	2595
2594	2596
2595	2596
2597	2598
2597	2752
2598	2599
2599	2600
2599	2601
2599	2690
2600	2601
2600	2602
2601	2602
2602	2603
2602	2604
2603	2605
2604	2605
2605	2606
2605	2607
2605	2666
2606	2608
2607	2608
2609	2610
2609	2611
2610	2611
2611	2612
2612	2613
2612	2614
2612	2858
2613	2614
2613	2615
2614	2616
2615	2617
2616	2617
2616	2618
2617	2618
2617	2619
2619	2620
2619	2621
2620	2621
2620	2622
2621	2622
2622	2624
2623	2624
2623	2704
2624	2625
2625	2626
2625	2627
2627	2628
2628	2629
2628	2630
2629	2630
2629	2783
2630	2631
2630	2632
2631	2632
2631	2633
2633	2634
2633	2635
2634	2635
2635	2636
2635	2637
2636	2638
2637	2638
2637	2639
2638	2639
2638	2989
2639	2640
2639	2641
2640	2641
2641	2642
2642	2765
2643	2644
2644	2646
2645	2726
2645	2754
2645	2962
2647	2648
2647	2649
2648	2650
2649	2650
2650	2651
2651	2652
2653	2655
2654	2655
2654	2656
2655	2657
2655	2793
2657	2658
2658	2659
2658	2660
2659	2893
2660	2661
2661	2663
2662	2663
2664	2665
2664	2666
2665	2666
2666	2667
2666	2837
2667	2669
2668	2669
2668	2670
2669	2670
2669	2671
2670	2671
2671	2672
2673	2674
2674	2675
2674	2676
2676	2677
2677	2679
2678	2680
2679	2680
2679	2681
2682	2684
2683	2684
2684	2685
2685	2686
2686	2687
2686	2688
2687	2689
2688	2689
2688	2690
2689	2691
2690	2692
2691	2692
2691	2693
2692	2693
2692	2694
2693	2694
2693	2847
2695	2697
2696	2697
2696	2698
2697	2699
2699	2706
2700	2702
2701	2703
2702	2704
2703	2704
2704	2705
2704	2706
2705	2706
2705	2707
2706	2708
2707	2708
2707	2709
2709	2710
2709	2711
2710	2711
2710	2712
2711	2712
2712	2713
2712	2714
2712	2891
2713	2714
2713	2715
2714	2715
2714	2716
2715	2716
2716	2718
2717	2718
2717	2719
2718	2719
2719	2721
2720	2721
2721	2722
2722	2724
2722	2744
2723	2724
2723	2725
2724	2725
2724	2726
2726	2727
2726	2728
2726	2770
2727	2729
2728	2729
2730	2732
2731	2733
2731	2896
2732	2733
2732	2734
2733	2735
2734	2735
2735	2737
2737	2738
2737	2784
2739	2741
2740	2797
2741	2742
2742	2744
2742	2836
2743	2745
2743	2753
2744	2745
2745	2746
2745	2747
2746	2747
2746	2748
2747	2748
2747	2749
2748	2749
2749	2751
2750	2752
2751	2752
2751	2753
2751	2978
2752	2753
2752	2754
2752	2794
2753	2754
2754	2755
2755	2757
2756	2758
2757	2758
2757	2759
2758	2759
2759	2760
2759	2761
2760	2762
2761	2763
2762	2942
2763	2799
2763	2915
2764	2765
2764	2982
2765	2767
2765	2937
2766	2767
2766	2969
2767	2768
2767	2769
2768	2769
2769	2771
2770	2772
2771	2936
2772	2774
2772	2804
2773	2774
2774	2775
2774	2776
2776	2777
2776	2778
2777	2778
2777	2779
2779	2781
2780	2781
2781	2783
2782	2783
2782	2784
2783	2784
2783	2785
2784	2786
2785	2786
2786	2788
2787	2788
2787	2789
2790	2791
2791	2793
2792	2793
2792	2794
2793	2795
2794	2796
2795	2796
2795	2960
2796	2797
2796	2798
2797	2799
2798	2799
2798	2800
2800	2801
2800	2802
2801	2802
2802	2804
2802	2950
2803	2805
2805	2806
2807	2808
2807	2809
2808	2809
2809	2811
2810	2811
2811	2812
2813	2814
2813	2815
2814	2815
2814	2816
2815	2816
2815	2817
2816	2817
2816	2818
2817	2819
2818	2820
2819	2820
2819	2821
2820	2822
2821	2822
2822	2823
2822	2824
2823	2824
2824	2825
2825	2826
2825	2827
2826	2827
2826	2861
2828	2958
2829	2899
2830	2832
2830	2930
2831	2833
2832	2875
2832	2963
2833	2834
2834	2836
2835	2836
2836	2837
2837	2896
2839	2841
2840	2841
2841	2842
2842	2843
2842	2844
2843	2845
2844	2845
2845	2847
2846	2847
2847	2849
2849	2850
2849	2903
2850	2851
2851	2852
2851	2853
2852	2854
2853	2854
2853	2855
2854	2855
2854	2856
2855	2857
2856	2858
2857	2858
2857	2859
2859	2860
2860	2861
2861	2862
2862	2863
2862	2864
2863	2864
2863	2865
2864	2865
2864	2866
2865	2866
2865	2867
2866	2867
2866	2868
2867	2868
2867	2869
2868	2869
2870	2871
2870	2872
2871	2872
2871	2873
2872	2873
2874	2875
2875	2876
2875	2877
2876	2877
2876	2878
2878	2880
2879	2881
2880	2881
2880	2882
2881	2882
2881	2883
2884	2885
2884	2886
2885	2886
2886	2887
2886	2888
2887	2888
2887	2889
2888	2890
2889	2890
2891	2893
2892	2893
2892	2894
2893	2894
2894	2895
2895	2896
2896	2897
2896	2898
2897	2899
2898	2899
2899	2901
2901	2902
2901	2903
2902	2903
2902	2941
2903	2904
2904	2905
2904	2906
2905	2907
2906	2907
2906	2931
2907	2908
2908	2910
2909	2911
2911	2912
2912	2913
2912	2914
2913	2914
2913	2915
2914	2915
2915	2916
2915	2917
2916	2917
2916	2918
2917	2918
2918	2919
2918	2920
2919	2920
2919	2921
2920	2921
2920	2922
2920	2979
2921	2923
2922	2923
2923	2925
2924	2926
2925	2926
2925	2927
2926	2928
2927	2928
2927	2929
2929	2930
2930	2932
2932	2933
2932	2934
2933	2934
2934	2935
2934	2936
2935	2936
2936	2937
2937	2938
2937	2939
2938	2939
2938	2940
2939	2941
2940	2941
2940	2942
2941	2942
2941	2943
2942	2944
2943	2944
2943	2945
2944	2946
2946	2947
2946	2948
2948	2949
2948	2950
2949	2950
2949	2951
2950	2952
2951	2952
2951	2953
2952	2953
2952	2954
2953	2954
2953	2955
2955	2957
2956	2957
2957	2958
2957	2959
2958	2959
2959	2960
2959	2961
2960	2962
2961	2962
2961	2963
2963	2965
2964	2965
2965	2966
2966	2974
2967	2968
2967	2969
2968	2969
2968	2970
2969	2970
2969	2971
2970	2971
2970	2972
2971	2972
2971	2973
2972	2973
2972	2974
2973	2974
2973	2975
2974	2976
2975	2976
2975	2977
2976	2977
2976	2978
2977	2978
2977	2979
2978	2979
2979	2980
2980	2981
2980	2982
2981	2982
2981	2983
2982	2983
2983	2984
2983	2985
2984	2985
2984	2986
2986	2988
2987	2988
2987	2989
2988	2990
2989	2991
2990	2992
2991	2992
2992	2993
2992	2994
2993	2994
2993	2995
2994	2996
2995	2996
2995	2997
2996	2997
2996	2998
2998	2999
2998	3000
2999	3000
