1	2
1	499
1	2213
1	3405
2	1093
2	1840
2	2732
2	3500
3	5
3	1406
3	2384
3	2581
4	6
4	2020
4	2377
5	6
5	118
5	1437
5	2303
6	7
6	8
6	546
6	2322
7	1287
7	1634
7	2784
8	353
8	479
8	1115
8	1802
8	2068
8	3427
9	1238
9	3044
10	12
10	211
10	3435
11	1495
11	2027
12	30
12	93
12	113
12	143
12	2274
12	2650
12	2916
13	15
13	2165
13	2284
14	234
14	1554
15	24
15	204
15	251
16	18
16	653
16	1215
16	1852
17	246
17	1523
17	1801
18	3380
18	3449
19	20
19	2350
19	2670
20	1981
20	3463
21	2279
21	2343
21	2834
21	2972
22	328
22	429
22	774
22	914
22	1377
22	2199
23	24
23	1144
23	1263
23	2437
24	25
24	26
24	36
24	840
24	3193
25	26
25	27
25	319
25	765
26	1294
26	2134
26	3279
27	525
27	1046
27	1397
28	157
28	2713
29	31
29	1554
29	2101
29	2180
30	32
30	2404
30	3161
31	1137
31	1243
31	1655
31	1751
31	1795
32	412
32	540
32	2159
32	2717
32	2847
33	1172
33	1210
33	1877
33	2003
33	2425
34	139
34	2903
34	3302
35	37
35	659
35	758
35	1460
35	2004
35	3334
36	678
36	1201
36	1249
37	1759
37	2455
38	356
38	851
38	2109
38	2653
39	1204
39	2887
39	3025
40	916
40	1207
40	2371
40	2901
41	688
41	2864
42	43
42	84
42	2015
42	2307
43	969
43	1065
43	2162
44	45
44	1210
44	1576
44	1933
44	2024
44	3012
45	567
45	1323
45	3140
46	1307
46	1365
46	2050
46	2225
46	2863
47	98
47	1055
47	1505
47	1767
48	2954
48	2973
49	50
49	949
49	1083
49	2638
50	135
50	595
50	2258
51	173
51	195
51	475
51	3070
52	651
52	2253
53	54
53	381
53	1695
54	127
54	1655
54	2399
54	2709
54	3027
55	2029
55	2463
55	2899
56	57
56	504
56	2716
56	3269
57	59
57	710
57	1939
57	2843
58	59
58	1079
58	2529
59	60
59	542
59	2141
60	424
60	963
60	2205
60	2887
61	1185
61	2245
62	64
62	2388
63	2756
63	3208
63	3262
64	1829
64	2469
64	2869
65	66
65	974
65	1848
66	67
66	68
66	670
67	205
67	598
67	1095
67	1912
67	1991
68	541
68	582
68	3380
69	70
69	3426
70	71
70	472
71	73
71	1921
72	1595
72	2771
72	3448
73	1732
73	1816
74	666
74	1173
74	1532
74	2383
75	87
75	2064
75	2411
75	2955
75	3077
76	1199
76	1772
76	3451
77	235
77	1877
77	3181
77	3444
78	79
78	1861
78	2284
79	81
79	1157
79	1256
80	81
80	82
80	1675
81	473
81	1175
81	1336
81	2779
81	3303
82	84
82	236
82	1904
82	2917
82	3483
83	1104
83	1223
83	2598
83	3262
84	1708
84	3499
85	1322
85	2073
86	445
86	1168
86	2499
86	2738
86	3110
87	734
87	1802
87	2292
88	965
88	1586
88	3288
89	316
89	498
89	771
89	1441
89	1442
90	233
90	261
90	860
90	1255
91	1995
91	3164
91	3267
92	94
92	777
92	1003
92	2472
93	1299
93	2863
93	3104
94	96
94	800
94	1622
94	1762
95	1236
95	1982
95	2710
95	3179
96	816
96	1608
96	2959
96	3472
97	640
97	1177
97	1901
98	2086
98	2476
99	639
99	2853
100	1115
100	1637
100	2347
100	2612
100	3420
101	125
101	752
101	1866
101	2391
101	3085
102	991
102	1580
102	2967
103	104
103	1386
103	1804
104	2174
104	3393
105	106
105	2545
105	2671
106	801
106	1434
106	2292
107	321
107	1005
107	1745
107	2483
107	3353
108	109
108	110
109	422
109	878
109	1133
109	1218
109	2546
110	111
110	1617
110	2561
110	2968
111	1853
111	2239
112	113
112	621
112	714
112	1289
112	1996
112	3169
113	865
113	1045
113	1222
113	2754
113	2763
114	2091
114	3239
114	3431
115	2404
115	2710
115	3416
116	685
116	2956
117	902
117	1250
117	3112
118	119
118	512
118	2089
118	3081
119	1962
119	3068
120	121
120	1871
120	2683
121	331
121	1167
121	2213
121	2307
121	2580
121	2970
122	616
122	915
123	133
123	402
123	2280
123	3001
124	824
124	1278
124	2057
124	2061
125	1884
125	3143
126	1486
126	3314
127	1328
127	1348
128	1143
128	2184
129	549
129	998
129	1398
129	3261
129	3450
130	132
130	1706
130	2570
130	2877
131	581
131	926
131	1618
131	2016
131	2945
131	3261
132	133
132	355
133	3013
134	135
134	1135
134	1409
134	1834
135	184
135	2622
136	1035
136	1392
136	2425
136	2812
136	2879
136	3475
137	139
137	210
137	2152
138	2257
138	2691
138	2987
139	1082
139	1285
140	941
140	1228
140	2806
141	815
141	2438
141	2796
142	1626
142	1854
142	3317
142	3333
143	385
143	854
143	1461
143	2324
143	3490
144	298
144	1053
144	3098
145	147
145	1311
145	1616
145	1710
145	2228
146	596
146	2532
146	3434
147	771
147	1234
147	2322
147	3345
147	3492
148	185
148	1078
148	1724
148	2428
149	878
149	3224
149	3269
150	152
150	273
150	692
151	1051
151	1074
152	292
152	2063
152	2379
153	1077
153	1549
153	1802
154	155
154	699
154	1154
154	2353
155	963
155	1321
155	1920
156	1596
156	1911
156	3017
157	324
157	345
157	605
157	3370
158	2087
158	2881
159	485
159	1108
159	2495
159	2504
159	3358
160	161
160	2120
161	163
161	1318
161	2045
162	164
162	793
162	1399
162	2940
163	1685
163	2391
163	3170
164	1891
164	3247
165	166
165	637
165	2172
165	3050
166	178
166	1317
166	1560
167	168
167	2505
167	3118
168	2354
168	3030
169	3063
169	3456
170	1589
170	1724
170	2902
170	3147
171	861
171	3161
172	2095
172	2643
173	549
173	807
174	1343
174	1496
174	1690
174	2608
174	2772
174	3149
175	634
175	1201
175	1882
175	1952
175	2542
175	2774
176	467
176	2633
177	178
177	249
177	682
177	1941
178	179
178	2392
178	3037
179	180
179	3164
180	295
180	1602
180	1736
180	2248
180	3066
181	1075
181	3068
182	1736
182	1899
183	279
183	687
183	732
183	1613
183	1791
183	2583
184	186
184	1606
184	3320
185	186
185	206
185	629
185	845
185	2793
185	3133
186	231
186	1467
186	1934
186	2416
186	2733
187	752
187	1073
187	1318
187	2192
187	3090
188	190
188	751
188	2382
189	191
189	1504
189	2932
190	1549
190	1778
190	2971
191	541
191	1566
191	2801
192	193
192	2410
192	3228
193	194
193	954
193	977
193	3033
193	3387
194	897
194	924
194	2279
195	197
195	3039
196	197
196	404
196	1078
196	1237
196	1356
197	1261
197	2639
198	1581
198	1947
198	2825
199	2342
199	3218
200	201
200	384
200	416
200	2631
200	2737
200	3446
201	2536
201	3147
202	2150
202	2290
202	2580
203	205
203	1097
204	824
205	207
205	995
205	2167
206	1637
206	2187
206	2456
207	208
207	209
207	1536
207	2604
208	886
208	3380
209	612
209	787
209	2886
210	2568
210	3131
211	213
212	636
212	2952
213	531
213	644
213	749
213	2049
213	3272
214	215
214	1889
215	1392
215	1563
215	2261
216	217
216	466
216	484
216	2147
216	2705
216	3492
217	218
217	393
217	1163
217	2663
217	3144
218	898
218	2250
218	2279
218	2293
219	241
219	926
219	3353
220	501
220	820
221	263
221	1095
221	1274
221	2034
221	2578
221	2730
221	3334
222	687
222	2022
222	3213
222	3428
223	583
223	1504
223	2808
223	2820
224	225
224	564
224	930
224	1361
224	2298
225	226
225	227
225	315
225	836
225	1568
226	637
226	1013
226	1105
226	1769
226	2239
227	229
227	3150
228	429
228	568
228	1550
228	2023
229	1486
229	2938
230	527
230	798
230	2193
231	400
232	460
232	719
232	1322
232	2653
232	3209
233	1634
233	1993
233	2362
234	1613
234	2244
234	2246
234	2319
235	2129
235	2200
236	1185
236	1750
236	2736
236	3088
237	238
237	3087
238	1044
238	2506
238	2553
238	2771
239	469
239	3203
240	242
240	582
240	1698
240	2274
241	1561
241	1847
241	2017
242	728
242	817
242	1797
242	1848
243	1874
243	2150
244	245
244	339
244	1148
245	1139
245	1517
246	552
246	642
246	754
246	2206
246	2486
247	1018
247	1463
247	1465
247	2405
248	250
248	1754
248	2602
249	499
249	1856
249	2330
249	2533
249	2836
249	3347
250	731
250	850
250	3424
251	1185
251	1606
251	1862
251	3132
252	253
252	380
252	457
252	1429
252	1623
252	2469
253	421
253	838
253	2040
253	2294
254	255
254	1028
254	3065
255	995
255	1617
255	2161
256	1536
256	1961
256	2109
256	2866
257	259
257	319
257	529
257	1983
257	2008
258	624
258	3317
259	1806
259	3303
260	262
260	408
260	539
261	262
261	996
262	263
262	264
263	3334
264	266
264	2306
264	3120
265	627
265	1760
265	2934
266	267
266	268
266	928
266	1323
267	1542
267	2383
267	3155
268	269
268	1543
269	1117
269	1295
269	3415
270	1623
270	1729
271	1023
271	2497
271	2559
272	274
272	603
272	902
272	2326
273	1414
273	3246
273	3331
274	275
274	276
275	1139
275	1912
276	2518
276	2640
277	279
277	887
277	1734
278	634
278	1126
278	2249
278	2302
278	2328
278	3139
279	893
279	2195
280	2153
280	2691
280	2984
280	3144
280	3251
281	927
281	1143
281	1278
281	1452
281	1986
281	2299
282	284
282	1831
282	2882
283	285
283	1352
283	1902
283	2044
284	285
284	1934
285	409
285	1078
285	2477
285	2856
285	2980
286	1628
286	2997
287	289
287	1374
288	540
288	820
289	574
289	993
289	1850
289	2238
290	1809
290	1935
290	3250
291	293
291	309
291	785
291	1048
291	3281
291	3399
291	3473
292	677
292	2731
292	2885
292	3402
293	294
293	1587
293	2746
293	3172
294	796
294	1499
294	1806
294	2169
294	2374
294	2410
295	426
295	1391
295	1789
296	1302
296	2941
297	1584
297	1760
297	2786
298	1302
298	2025
299	691
299	932
299	1495
299	2566
299	2876
300	302
300	862
301	302
301	2006
301	3133
301	3353
302	401
302	837
302	1925
303	496
303	730
303	1721
303	2673
303	2720
303	2868
304	955
304	1160
304	1623
304	3073
304	3435
305	306
305	307
306	307
306	317
306	593
306	2455
306	2990
307	309
307	1277
307	1451
307	3286
308	309
308	310
308	1713
309	771
310	901
310	1283
310	3043
311	312
311	313
312	314
312	507
312	1656
312	2070
312	2177
313	1694
313	3446
314	333
314	1054
314	2908
315	3358
316	317
316	1158
316	1204
317	544
317	871
317	2157
317	3077
318	2363
318	2617
318	3175
319	431
319	922
319	1454
319	3086
320	321
320	1076
320	2260
321	656
321	1248
322	324
322	3005
322	3200
323	1808
323	2003
323	2308
324	401
324	1276
324	1394
325	326
325	1703
325	1818
326	327
326	380
326	443
327	328
327	707
327	2111
327	3332
328	903
328	1871
329	330
329	1764
330	332
330	888
330	1272
330	1406
330	2723
331	1933
331	2421
332	375
332	1424
332	1599
332	1666
332	1748
333	335
333	3001
333	3131
333	3188
334	1155
334	1324
334	1467
334	3484
335	336
335	337
335	1142
336	337
336	718
336	739
336	882
337	338
337	1391
338	592
338	1516
338	1676
338	1997
339	1344
339	2637
340	2815
340	3069
341	343
341	2900
341	3357
341	3484
342	555
342	1357
342	2126
342	2355
342	2613
342	3060
342	3211
343	1276
343	1307
343	2115
343	3469
344	514
344	1595
344	1858
345	347
345	1494
345	1765
346	347
346	348
346	1801
347	349
347	601
347	880
347	910
347	1076
348	349
348	1147
348	1787
349	657
349	1378
349	2188
350	2353
350	3320
351	352
351	3167
351	3452
352	853
352	1844
353	1860
353	1951
353	2868
354	355
354	2104
355	357
355	937
355	1827
356	358
357	359
357	469
357	1905
357	3319
358	1259
358	1671
358	1698
359	360
359	931
360	362
360	1186
361	703
361	2684
361	2761
361	3277
362	1128
362	2056
363	364
363	1661
363	1719
363	1780
363	2702
363	3486
364	981
364	1352
364	1790
364	3213
365	2332
365	2449
366	2097
366	2220
366	2473
366	2793
367	820
367	2753
367	2889
368	387
368	443
368	1670
368	1752
368	1842
368	2633
368	3291
368	3343
369	993
369	1100
370	372
370	812
370	1046
370	1675
370	2439
370	2759
370	3428
371	1581
371	3236
371	3388
372	373
372	600
372	2138
372	2537
373	522
373	574
373	1607
373	2144
373	2162
373	2948
374	1138
374	2470
374	2886
375	1068
375	1341
375	1649
376	1235
376	1403
376	2121
377	379
377	1632
377	2662
377	3009
377	3038
378	636
378	3203
378	3427
379	1905
379	2688
380	1198
380	2186
380	2324
380	3030
381	905
381	3306
382	384
382	1630
382	1950
382	2838
382	3014
383	384
383	2069
384	2114
384	2305
385	394
385	994
385	2617
386	1372
386	1438
386	2211
386	2737
387	577
387	2346
388	389
388	1458
388	1943
388	3133
389	1090
389	1250
389	1479
389	2330
389	3070
390	1098
390	1383
390	2725
391	392
391	393
391	781
392	1027
392	1297
392	1321
392	1792
392	3413
393	1020
393	1255
394	395
395	396
395	696
395	1443
395	1776
395	2116
395	3414
396	522
396	1262
397	398
397	399
397	2198
398	774
398	1311
398	1475
398	1658
399	400
399	2229
399	2949
399	3354
400	803
400	1021
400	1522
400	2253
400	2435
400	2760
401	594
401	760
401	2499
401	2705
401	2988
402	2222
402	2788
403	1431
403	2141
403	2996
404	693
404	2104
405	406
405	859
405	2322
406	475
406	1229
406	3084
407	1076
407	1114
407	1537
407	2067
407	2244
408	409
408	2513
409	499
409	1074
410	411
410	2242
410	2268
410	2742
411	1612
411	2894
411	3335
412	1151
412	1928
413	414
413	415
413	3135
414	2760
414	2925
414	3028
415	417
415	1002
416	1741
416	2661
416	3422
417	418
417	1160
418	419
418	1598
418	1932
419	751
419	2738
419	3478
420	849
420	1001
420	1952
421	423
422	1087
422	2056
422	2277
423	2649
423	2740
423	3062
423	3462
424	468
424	2641
425	741
425	1978
426	428
427	2597
427	3419
427	3467
428	603
428	1779
428	2191
428	2852
428	3244
429	732
429	1230
430	431
430	1898
430	2554
431	766
431	851
431	1011
432	516
432	655
432	1145
432	1445
432	2076
432	2627
433	508
433	970
433	1252
434	436
434	3451
435	1803
435	2543
435	3256
436	701
436	1100
436	2847
437	439
437	1628
438	439
438	440
438	3090
439	645
439	818
439	1013
439	2398
440	1655
440	1691
440	2632
441	721
441	1181
441	2485
441	2799
441	3017
442	1770
442	2749
443	3315
444	445
444	2139
445	446
445	1249
445	2422
445	2497
445	2588
446	448
446	689
446	1482
446	1877
446	2081
446	2227
446	2832
446	3168
446	3284
447	707
447	721
447	1658
448	1672
448	3358
448	3408
449	1944
449	3343
450	1898
450	3091
451	1449
451	2380
452	454
452	2246
453	454
453	1302
454	456
454	1327
454	1429
454	1604
454	1658
454	1893
455	727
455	1019
455	1569
455	2312
456	2682
456	2695
457	474
457	622
457	724
457	1350
458	703
458	1511
458	1689
458	2523
459	460
459	461
459	853
459	2732
460	1751
460	2248
460	2861
460	3500
461	907
461	1633
461	3103
462	464
462	778
462	1099
462	2196
462	2420
463	1553
463	1654
463	3298
464	2787
464	2939
464	2949
465	2491
465	2614
465	3137
466	1368
466	1660
466	1934
467	737
467	1428
467	1813
467	2296
467	3100
468	470
468	600
468	1688
468	3251
469	1917
469	2440
470	487
470	3434
471	717
471	1619
471	3128
471	3296
472	653
472	1628
472	2744
473	1638
473	2381
474	617
474	2105
474	3405
474	3474
475	1602
475	1723
476	477
476	1924
477	478
477	3097
478	571
478	2404
479	783
479	919
479	1335
479	2744
480	559
480	818
480	2185
480	2395
480	2871
481	1509
481	1839
482	483
482	484
482	625
482	2822
483	685
483	1277
483	1405
483	2220
483	2820
484	844
484	2489
484	2611
484	2740
484	3244
485	1928
485	2127
486	1662
486	1665
486	1700
486	2696
487	2909
487	2924
487	2954
487	3160
488	2023
488	2599
488	2695
488	3002
489	490
489	1701
489	2418
489	3126
490	2227
490	3063
490	3354
491	492
491	2310
491	3074
491	3203
492	835
492	1525
492	1883
492	2213
492	2852
493	1421
493	1512
494	495
494	575
494	948
494	1755
495	894
495	2591
495	2611
496	1163
496	1538
496	2388
497	499
497	1044
497	2653
498	1055
498	3010
498	3263
499	3051
500	1367
500	1527
500	2481
500	3307
500	3369
501	1069
501	2006
501	2680
502	1332
502	2673
503	886
503	2398
504	572
504	2053
504	2474
504	2935
505	531
505	2630
506	1992
506	3247
506	3405
507	1006
507	1399
507	1603
507	2032
508	509
508	1301
509	573
509	1124
509	1569
509	2265
509	2392
509	2529
509	2853
509	3493
510	512
510	649
510	1519
510	2110
510	2879
511	512
511	2797
511	2881
511	3365
512	2630
513	547
513	1568
513	2320
514	516
514	1776
515	1023
515	1167
515	1445
515	2205
516	1300
517	1502
517	2054
518	519
518	1682
519	1722
519	2712
519	3359
520	522
520	1590
521	523
521	1111
521	1950
522	2235
522	2928
523	1985
523	2676
524	1902
524	2320
524	3368
525	2572
526	528
526	861
526	2902
527	1591
527	2982
528	529
528	2260
528	2318
528	2464
528	2939
529	569
529	839
529	1066
529	2362
529	2429
529	2726
530	1734
530	2016
530	2688
531	799
531	1490
531	1702
531	3419
532	533
532	591
532	1304
533	535
533	3146
533	3236
534	570
534	622
534	1954
534	2307
535	677
535	3445
536	538
536	2032
536	2952
537	538
537	780
537	3152
537	3242
538	697
538	2930
538	3073
539	833
539	1713
540	1086
540	2272
540	2787
541	1838
541	2902
542	2574
542	3092
543	1109
543	1699
543	2002
544	635
544	713
544	3245
545	1559
545	3216
545	3309
545	3324
546	929
547	548
547	1830
547	2435
548	549
548	626
548	1259
548	2090
549	2876
549	2892
549	2959
550	551
550	1549
551	924
551	1453
551	2765
551	3215
552	1494
552	2757
552	2826
552	3465
553	754
553	1403
553	1541
553	2363
553	3355
554	1906
554	2424
555	1408
556	558
556	629
556	682
556	2240
556	2493
557	885
557	984
557	1786
557	2101
557	3333
558	560
558	1742
559	560
559	864
559	1948
560	699
560	1619
560	3305
561	562
561	563
561	1264
561	1513
561	1774
562	563
562	1121
562	1293
562	1351
562	2977
563	1890
563	2574
563	2793
563	2797
564	566
564	2297
564	2726
565	689
565	1403
565	1627
565	1999
565	2686
565	3157
566	567
566	1107
566	2171
567	568
567	2554
567	2799
567	3299
568	570
568	759
568	1645
569	2255
569	2366
570	2846
570	3123
570	3449
571	572
571	1887
572	1396
572	2559
573	1860
573	2009
573	2904
574	575
574	576
574	876
574	2481
575	1935
575	2780
576	578
576	1314
576	1498
576	2694
577	1036
577	2893
577	2914
577	3292
578	700
578	1529
579	619
579	3309
580	811
580	1104
580	3159
581	583
581	1132
581	2603
582	587
583	585
583	921
583	1197
583	1840
584	874
584	958
584	2270
585	1621
585	1821
585	1824
585	2691
585	3488
586	1968
586	2405
586	2810
587	588
588	1121
588	1559
588	3383
589	1471
589	2529
589	2881
590	2067
590	2446
591	1063
591	2301
591	3262
592	2057
592	2687
592	2768
592	3305
593	1447
593	2340
593	3185
593	3193
594	2201
595	596
596	1043
596	3330
597	598
597	1233
597	2485
598	2656
599	1999
599	2452
599	2767
600	3175
600	3273
601	661
601	1100
601	1552
601	2593
601	2715
601	3208
602	1826
602	3243
603	1280
603	1509
603	3075
604	1897
604	2688
604	2750
604	2822
604	2922
605	841
605	944
605	1146
606	607
606	2494
606	2655
607	608
607	1141
607	1327
607	1900
608	933
608	3450
609	1223
609	1595
609	1695
609	2762
609	2946
610	611
610	888
610	1282
610	2577
611	1318
611	1825
611	2732
612	1382
612	1905
612	3135
613	1072
613	1869
613	2878
614	615
614	973
614	2566
615	1633
615	1639
615	2098
615	3400
616	732
616	2772
616	2783
617	777
617	925
617	3470
618	620
618	2622
618	2758
618	2898
619	620
619	825
619	1121
619	3473
619	3479
620	773
620	2082
620	3475
621	811
621	1140
621	1400
621	2984
623	625
623	633
623	738
623	1198
623	1201
623	2371
624	822
624	1615
624	2287
625	1049
626	649
626	981
627	691
627	1591
627	1836
627	3338
628	629
628	923
628	2978
628	3499
629	2995
630	2257
630	2806
631	1030
631	1516
631	2373
631	3035
632	634
632	1534
632	2734
632	3171
633	897
633	1856
634	1504
634	3282
634	3491
635	636
635	1035
635	3356
636	637
636	700
637	3129
638	639
638	1316
639	641
639	1330
639	2369
639	2757
639	3250
640	641
640	642
640	664
640	2491
641	1904
641	1962
641	2807
641	2810
641	3237
642	2150
642	3419
643	644
643	2036
643	2531
643	3282
644	2517
645	1329
645	1999
645	3425
646	1174
646	2798
646	2959
647	649
647	1842
647	1901
648	761
648	2359
648	2681
648	3427
649	1008
650	837
650	1173
650	1485
650	2118
650	2697
650	3369
650	3384
651	1231
651	2616
652	653
652	654
652	1348
652	2502
653	3139
653	3220
654	655
654	847
654	1884
654	2389
654	2493
654	3127
655	656
655	2166
655	3199
656	738
656	2217
656	3107
657	1642
657	2042
658	958
658	1066
658	1371
658	2361
659	2696
660	2291
660	2733
660	2906
660	3069
661	1556
661	2289
661	2312
662	664
662	1074
663	664
663	3349
664	665
665	1336
665	1823
665	2208
665	2548
666	667
666	1195
666	1974
666	3329
667	1072
667	2408
667	2968
667	3081
668	670
668	1543
668	3047
669	671
669	2124
669	2365
669	2703
670	832
670	2309
671	1015
671	1108
671	1733
671	1814
672	793
672	1140
672	3455
673	1457
673	2064
673	2569
674	1335
674	1716
674	1863
674	2102
675	677
675	1774
675	2361
676	678
676	1889
677	1810
677	1839
678	2237
678	2653
678	3392
679	680
679	980
679	1103
679	2701
679	3481
680	725
680	1858
681	682
681	1486
681	1608
681	2970
682	1222
682	1913
682	1949
682	2666
683	685
683	1478
684	1048
684	1123
684	1869
684	2015
684	3309
685	686
685	687
685	2589
686	687
686	1687
686	1814
687	688
688	1112
688	1795
688	3440
689	2008
689	2363
690	735
690	995
690	3249
692	1514
692	3368
693	1255
693	2643
693	2652
693	3003
694	2242
694	2496
695	721
695	1738
695	2151
695	2530
696	2001
696	2022
696	2739
697	699
697	2344
697	3410
698	2282
698	3133
699	942
699	1390
699	3223
700	702
700	987
700	1017
701	3102
701	3311
702	703
702	1906
702	2698
703	1337
703	2895
704	2198
704	2386
704	2545
704	3477
705	849
705	1288
705	1666
706	707
706	708
706	1963
707	709
707	1020
707	2110
708	709
708	710
708	3385
709	711
709	2832
709	3259
709	3355
710	891
710	1480
710	1654
710	1804
710	2029
710	3438
711	713
711	1108
711	1499
711	1830
712	713
712	714
712	3265
713	714
713	2553
714	849
714	1004
714	1708
714	1734
714	2035
715	717
715	1785
715	1934
715	2403
715	3222
716	1519
716	2405
716	3483
717	2699
717	3053
717	3112
718	740
718	1212
719	2841
719	2984
720	2259
720	2559
720	2710
720	2959
721	734
721	3063
722	723
722	1054
722	1730
723	845
723	2218
723	2506
723	2727
724	1557
724	2289
725	1183
725	2578
725	2958
726	1525
726	2168
726	2850
726	2916
726	2951
726	3452
727	1020
727	1550
727	1647
727	2330
727	3456
728	730
728	913
729	731
729	1646
729	2918
729	3134
730	1423
730	2670
730	3173
730	3487
731	1730
731	2888
732	1216
733	1135
733	3241
734	735
734	736
734	1811
735	737
735	3119
735	3402
736	986
736	1256
736	2879
737	739
737	1891
737	2911
737	3208
738	1291
738	1873
738	1947
739	882
739	1607
740	741
740	2216
740	2635
741	742
741	986
741	3366
742	974
742	1490
742	2290
742	2962
743	744
743	1824
743	2385
743	3221
744	745
744	1328
744	2713
745	1628
745	1695
745	1810
745	1828
745	2806
746	1999
746	2549
746	2963
747	748
747	1434
747	1766
747	2930
748	750
748	2880
749	750
749	2190
749	2370
750	997
750	2854
751	1243
751	1835
751	2059
751	2349
751	2605
751	3024
752	754
753	2662
753	3018
753	3028
753	3398
754	755
754	1690
754	2256
754	3287
755	1391
755	1436
755	3024
756	786
756	1621
757	1513
757	2345
757	2563
757	3243
758	1815
758	2471
758	3046
759	982
759	1757
759	2386
760	895
760	2966
760	3430
761	762
761	1547
761	2225
761	3445
762	764
762	1079
762	1101
762	2633
763	1483
763	2430
764	2156
764	2725
765	810
765	964
765	1194
765	1776
766	1883
766	2933
767	769
767	1041
767	3135
767	3203
768	1176
768	1732
768	2277
768	2928
768	3461
769	1558
769	1838
769	2693
769	2721
770	771
770	772
770	901
770	3226
771	772
771	1460
772	1089
772	1955
772	3232
773	899
773	1709
773	1742
773	3109
774	2581
774	3489
775	777
775	976
775	2972
775	3132
776	1847
776	2958
777	3024
777	3409
778	779
778	1146
778	1965
778	2776
779	2220
779	2698
779	3243
780	1179
780	1530
780	2322
780	2650
780	3130
781	783
781	980
782	784
782	3308
783	1325
783	2467
784	785
784	1758
784	2632
785	2485
786	788
786	818
786	2347
787	800
787	1500
787	2096
788	1273
788	1921
788	2771
788	3026
788	3456
789	790
789	1119
789	1886
789	2837
790	791
790	1938
790	2246
790	3344
791	792
791	855
792	793
792	2760
792	2894
793	970
793	2031
793	2388
794	795
794	796
795	797
795	1389
795	1998
795	2219
796	1027
796	2718
796	3441
797	1099
797	1136
797	1173
797	1521
797	1583
797	1843
797	2338
798	2249
798	2951
798	3293
799	801
799	2357
799	3437
800	945
800	2102
800	2387
801	805
801	1326
802	804
802	1484
802	2406
802	2786
803	805
803	2933
804	805
804	806
805	853
806	1514
806	1967
807	808
807	2688
807	3259
808	1016
808	3429
809	1253
809	3055
810	3017
811	1243
811	2401
812	2429
812	3394
813	2318
813	3142
814	2010
814	2727
814	2918
815	1390
815	3352
816	818
816	1187
816	2690
816	2931
817	1257
818	912
818	1410
818	2510
819	1439
819	1483
819	1550
819	2289
819	3170
820	2201
820	3462
821	823
821	1728
822	2812
822	2908
822	3008
822	3145
823	2378
823	2548
824	2931
824	3023
824	3182
824	3484
825	1937
825	2430
825	2582
826	1206
826	2933
826	3048
827	828
827	1575
827	2258
828	1235
828	1660
828	1917
829	1849
829	2246
829	2336
829	2962
830	1996
830	2218
831	852
831	1967
831	2026
832	1278
832	2428
832	2483
832	3414
833	973
833	2336
834	2389
834	3387
834	3404
835	1888
835	3111
836	838
836	1311
837	838
837	1125
837	3331
838	840
838	1252
838	1416
838	1572
839	2345
840	2739
840	3318
841	940
841	1596
841	2894
842	843
842	1964
842	2218
842	2301
842	2517
842	2835
843	845
843	1626
843	2842
844	3134
845	2982
846	1253
846	1429
846	2418
847	1191
848	849
848	850
848	1160
848	1360
848	3206
849	1944
849	2630
850	1594
850	1670
851	1521
852	1240
852	2185
853	956
853	1430
853	2335
853	2419
854	855
854	856
854	1130
855	1736
855	1786
855	2649
855	2669
855	2670
856	1407
856	1448
856	2153
856	2541
856	2766
857	1366
857	2952
858	859
858	860
858	1754
859	860
859	968
860	861
861	2891
861	3347
861	3464
862	2419
862	3486
863	1298
863	1327
863	2176
863	2665
864	865
864	1127
864	2870
865	867
866	1995
866	2309
866	2332
866	2843
867	869
867	3121
868	920
868	1671
868	2038
868	2596
869	870
869	913
869	2230
869	2399
870	872
870	979
870	1642
871	1209
871	2401
871	3207
871	3271
872	1435
872	1966
872	2084
872	2476
872	2498
873	2147
873	2220
873	2795
874	2427
874	2631
875	1817
875	2394
875	3222
876	1395
876	1640
877	879
877	1109
877	1136
877	1949
878	1207
878	1673
878	2769
878	2980
879	1306
879	1449
880	1707
880	1913
881	882
881	1887
882	1105
882	1135
883	1470
883	1963
883	3407
884	885
884	2778
884	3427
885	886
885	1847
885	2363
886	941
886	2055
886	2389
887	2158
887	3329
888	1777
888	1884
888	2790
889	890
889	2496
889	3218
890	1063
890	1138
890	1248
890	2171
890	2180
891	893
892	894
892	1545
892	3383
893	894
893	895
893	1633
893	1756
893	1936
893	2914
894	1381
894	1683
895	1380
895	2176
895	2559
895	3393
895	3415
896	1384
896	2700
896	3055
897	1448
897	1757
897	1827
897	2448
897	2854
898	1810
898	2692
898	3127
899	1643
899	2818
899	3248
899	3430
900	2196
900	2314
900	2837
901	3367
902	2130
902	2712
903	1462
903	1748
903	2647
904	2841
904	3003
905	1094
905	2541
905	2917
905	3330
906	908
906	1370
907	2039
907	2727
908	1182
908	1370
908	3064
908	3284
909	983
909	2304
910	1235
910	1422
910	2965
911	1566
911	1841
911	3121
912	913
913	914
914	916
914	1251
914	2156
914	2988
915	1280
915	1448
915	1663
916	1366
916	3440
917	1070
917	2284
917	2683
918	2466
918	3008
918	3415
919	3173
920	921
920	2425
921	922
922	923
922	3227
922	3475
923	925
923	3137
924	926
924	1632
924	1924
925	1706
925	2094
925	2671
925	2742
926	2518
926	2562
926	3131
927	928
927	1360
927	2333
927	2810
928	929
928	3495
929	2960
929	3145
929	3247
930	2461
930	3099
931	932
931	933
931	1942
932	1901
933	935
933	1325
933	2578
933	3137
934	994
934	1197
934	2835
935	1655
935	2182
935	2821
935	3421
936	2339
936	2722
937	938
937	1313
938	940
938	1501
938	1783
938	3448
939	940
939	2507
939	3311
940	1728
940	2095
940	2721
941	988
941	2735
941	2857
942	1452
942	3480
943	1961
943	3265
943	3325
944	946
944	2687
945	946
946	1194
946	1429
946	2171
946	2485
946	2667
946	2739
946	3197
947	948
947	3040
948	2222
949	951
949	1468
950	952
950	2088
950	2287
950	2592
951	953
951	2591
952	1815
952	2658
952	3304
953	1014
953	1679
953	2911
954	1613
954	1934
955	1306
955	2046
955	2422
955	2660
956	957
956	2432
957	958
957	2332
958	1157
959	961
959	2360
959	2806
959	3230
960	1007
960	1026
960	1362
960	2337
961	962
961	963
962	964
962	1132
962	2129
962	2808
963	1961
963	3158
964	1828
964	2177
964	2257
965	966
965	1528
965	1898
966	2543
966	2874
966	3464
967	1888
967	2311
967	2501
968	969
968	2609
968	2809
969	971
969	1292
970	971
971	1464
971	3409
972	1282
972	1331
972	2683
972	2886
972	3306
972	3362
972	3418
972	3459
973	1390
973	1486
973	1839
973	3195
974	1045
974	1897
975	977
975	2916
975	3005
976	1560
976	2268
976	2351
977	979
977	3293
978	1170
978	2618
978	3201
979	1157
979	2103
981	2019
982	983
982	1716
982	2549
983	2032
983	3417
984	1431
985	1211
985	2220
985	2484
986	987
986	1037
986	3204
986	3301
987	2698
988	2008
988	2336
989	990
989	1830
989	1996
989	2876
990	1198
990	1488
990	2781
991	993
991	1056
991	1354
991	3480
992	993
992	994
992	1031
993	994
993	995
994	1048
994	1464
995	2393
996	1192
996	1532
996	2271
996	3074
996	3177
997	999
997	1915
997	2264
998	1327
998	2314
998	3453
999	1001
999	1358
1000	1208
1000	2222
1001	1002
1001	1992
1002	1859
1002	2047
1003	1148
1003	3049
1004	1021
1004	1220
1004	2868
1005	2172
1005	2231
1005	2634
1005	2711
1006	1070
1006	2132
1007	1008
1007	1009
1008	1956
1008	3091
1008	3096
1009	1011
1009	1351
1009	3042
1010	1011
1010	1886
1010	2108
1010	2465
1011	1012
1011	1614
1011	2080
1011	2433
1012	1014
1012	1687
1012	1898
1012	2979
1012	3395
1013	1227
1013	1954
1014	1016
1015	2871
1016	2117
1016	3038
1016	3284
1016	3303
1017	1019
1018	1020
1019	2011
1019	2791
1020	1022
1020	2000
1020	2733
1021	3013
1022	1023
1022	1492
1022	3249
1023	1025
1023	2296
1024	1025
1024	1519
1024	2894
1025	1026
1025	1077
1025	1345
1025	3267
1026	1028
1027	1980
1028	1029
1028	1430
1028	1487
1028	1906
1029	1030
1029	1031
1029	1414
1029	2345
1029	3013
1030	2615
1031	1542
1031	1744
1032	2502
1032	2873
1032	3102
1033	1464
1033	2385
1033	2892
1034	1300
1034	1752
1034	3444
1035	1088
1035	1656
1035	2614
1035	3038
1036	1369
1036	1544
1037	1485
1037	1597
1037	2087
1037	2243
1037	2984
1038	2047
1038	2975
1039	1170
1039	1659
1039	1842
1039	2892
1039	3252
1040	1041
1040	1565
1040	2303
1040	3315
1041	1043
1041	1562
1041	2261
1041	2830
1042	2183
1042	2415
1043	1098
1043	1549
1043	3356
1044	1094
1044	1174
1044	1182
1044	2352
1044	2373
1045	2414
1046	2118
1047	1227
1047	3245
1048	1283
1048	3447
1049	1119
1049	1414
1049	1592
1049	2888
1049	3416
1050	1307
1050	1737
1050	1811
1051	1053
1051	3029
1052	2713
1052	3003
1053	2953
1053	3231
1053	3391
1054	1055
1054	1056
1054	1818
1054	1868
1054	2407
1054	2873
1055	1693
1056	2931
1056	3430
1056	3490
1057	1141
1057	1527
1057	2547
1057	2659
1057	2932
1058	1059
1058	1060
1059	1122
1059	1505
1060	1062
1060	1094
1060	2161
1061	1134
1061	1304
1061	1839
1062	1063
1062	1533
1062	1737
1062	2675
1063	1761
1063	3111
1064	1116
1064	1562
1065	1067
1065	1093
1065	1481
1066	1772
1067	2147
1067	2897
1067	2906
1067	3497
1068	2733
1069	1071
1069	2915
1070	1072
1070	1478
1071	1328
1071	3291
1072	1109
1072	2259
1073	1075
1073	1773
1073	3324
1074	2316
1074	2942
1075	1170
1075	1574
1076	1077
1076	1144
1077	1078
1077	2739
1078	1079
1078	2211
1079	1116
1080	2570
1080	3221
1081	1481
1081	2501
1081	2964
1082	1208
1082	1709
1082	3495
1083	2228
1084	1086
1084	1474
1084	1870
1085	1332
1085	2263
1085	2624
1085	3031
1086	1721
1086	2029
1086	2875
1086	3067
1087	2226
1088	1635
1088	3131
1089	1091
1089	1375
1089	1801
1089	2449
1090	2072
1090	3488
1091	1092
1091	1093
1092	1093
1092	1094
1093	1822
1094	2503
1094	3306
1095	1501
1096	1863
1096	2009
1096	2381
1097	1098
1097	2484
1097	2780
1097	3145
1098	2012
1098	2500
1098	3461
1099	1508
1100	2585
1100	2621
1100	2678
1101	2279
1101	2752
1101	3187
1102	1524
1102	1764
1102	2296
1102	3012
1103	1157
1103	2348
1103	2730
1104	1106
1104	1131
1104	2625
1106	1107
1106	1140
1106	1571
1107	2283
1107	2891
1108	3040
1110	1510
1110	2715
1111	1403
1111	2489
1112	1570
1112	1941
1112	3051
1112	3178
1113	1115
1113	1200
1113	1706
1113	2519
1113	3388
1114	1330
1114	2542
1114	2631
1115	1510
1115	1843
1115	2993
1115	2995
1116	1117
1116	2218
1116	2343
1116	2708
1117	1471
1117	2904
1118	1119
1118	1120
1118	2162
1119	1331
1119	2757
1120	1121
1120	2125
1121	1123
1121	1881
1122	1947
1122	3484
1123	1278
1123	1400
1124	1126
1124	2038
1125	1335
1125	2655
1126	1127
1126	1238
1127	2514
1127	3138
1128	1129
1128	2468
1128	3080
1129	1130
1129	2384
1129	2653
1130	1546
1130	2472
1131	1132
1131	3427
1132	1321
1133	1913
1133	2189
1134	2303
1134	2961
1135	1911
1136	1266
1136	1741
1136	2223
1137	1138
1137	1630
1137	2154
1137	3225
1138	3272
1139	1140
1139	1588
1139	2279
1139	2532
1140	1480
1140	3452
1141	2157
1142	1144
1142	2150
1142	3171
1143	3375
1144	3354
1145	1147
1145	2033
1146	1148
1146	1425
1146	2161
1147	1320
1148	2009
1148	2249
1149	1151
1149	1202
1149	2327
1149	3389
1150	1151
1150	2977
1150	3253
1151	1280
1151	1300
1151	1838
1151	2103
1151	2858
1152	1153
1152	1709
1152	2754
1153	1154
1153	1155
1153	2646
1154	1334
1154	1441
1154	1913
1155	1156
1155	1618
1156	2121
1156	3380
1157	1978
1158	3207
1159	2925
1159	3410
1160	3039
1161	1162
1161	1765
1161	2846
1162	1163
1162	2101
1163	1315
1163	1545
1164	1498
1164	1926
1164	2136
1164	3039
1165	1869
1165	2530
1166	1168
1166	1855
1166	2143
1167	2848
1167	3222
1168	2127
1169	1171
1169	1807
1170	1171
1171	1309
1171	1504
1171	2887
1172	2189
1172	2438
1173	2595
1174	1761
1175	1177
1175	2793
1176	1178
1176	1902
1176	2197
1176	2704
1176	2891
1177	2124
1177	2403
1178	1179
1178	1863
1178	2681
1179	1180
1179	1391
1180	3295
1180	3363
1181	1183
1181	2108
1181	3029
1182	1369
1182	1990
1182	2753
1183	1298
1183	1743
1183	2324
1183	2579
1184	2373
1184	2625
1185	3098
1185	3451
1186	1187
1186	1865
1186	2731
1186	2860
1187	1212
1187	1605
1187	1922
1188	2454
1188	3293
1189	1191
1189	2116
1189	3065
1190	2720
1190	2806
1190	3348
1191	2792
1191	2833
1191	3295
1192	1311
1192	2347
1192	3072
1193	1610
1193	1927
1193	2246
1193	2364
1193	2561
1193	2854
1193	2938
1194	1854
1195	1749
1195	3358
1196	1197
1196	2269
1197	1199
1197	1600
1197	1858
1198	2672
1198	3481
1199	3300
1200	1228
1200	2384
1201	1671
1202	1379
1202	2077
1202	2094
1203	1204
1203	1205
1204	1220
1204	2371
1205	1582
1205	3182
1205	3364
1206	1364
1206	2503
1207	1209
1207	1216
1208	1387
1209	1677
1209	1988
1209	2033
1209	2142
1209	3073
1210	2177
1210	2713
1211	2805
1212	1213
1212	1260
1213	1214
1213	1433
1214	1232
1214	1570
1214	2405
1214	3110
1215	1650
1215	3229
1216	2223
1217	1819
1217	2325
1217	2948
1217	3184
1218	1436
1218	2086
1218	2183
1218	2991
1219	1220
1219	1221
1220	3400
1221	1223
1221	1508
1221	2983
1222	2267
1222	2288
1222	3235
1223	1924
1224	1454
1224	2557
1225	1226
1225	1440
1225	1998
1225	2414
1226	1228
1226	1961
1226	2455
1227	2130
1227	2546
1228	1230
1229	1684
1229	1902
1229	3180
1230	1559
1230	2619
1230	3496
1231	1692
1231	1771
1231	2175
1232	2015
1232	3220
1233	1452
1233	2675
1234	2402
1234	2804
1235	1828
1235	3310
1236	2707
1236	3201
1237	1239
1238	2212
1239	1240
1239	1241
1239	1931
1239	1961
1240	1621
1240	1805
1240	2232
1240	3029
1241	1691
1241	1942
1241	3146
1242	2714
1242	3048
1242	3292
1244	2271
1244	2371
1244	2627
1245	1847
1245	2499
1246	1248
1246	3120
1247	1249
1247	1910
1247	3016
1248	1561
1249	3407
1250	1251
1250	3285
1251	1253
1251	2907
1252	2046
1253	1255
1253	1903
1254	1255
1254	1350
1256	1822
1257	2873
1257	2948
1257	3159
1257	3411
1258	1259
1258	1260
1259	1260
1259	3151
1260	1262
1260	1466
1260	3236
1261	1806
1261	2912
1262	1897
1262	2498
1262	2763
1262	2987
1263	1265
1263	1404
1263	2415
1263	2467
1264	1265
1264	2094
1265	2880
1265	3112
1266	2112
1266	3252
1267	1268
1267	1269
1267	1528
1267	2752
1268	1269
1268	1305
1268	1680
1269	1270
1269	1271
1269	2800
1270	1271
1270	1506
1271	1970
1271	2827
1271	2856
1271	2858
1272	1274
1272	2110
1273	2847
1273	2873
1274	1275
1275	1277
1275	3002
1276	2564
1276	3419
1277	2612
1277	3107
1278	1329
1278	1701
1278	2221
1279	2363
1279	2807
1279	2834
1280	2785
1280	2807
1281	1282
1281	1283
1281	2495
1282	3350
1283	2495
1283	3403
1283	3467
1284	1535
1284	1549
1284	1837
1285	2666
1285	3473
1286	1851
1286	2624
1286	3096
1287	1288
1287	1897
1288	1289
1288	2324
1288	2715
1288	3248
1288	3386
1288	3416
1289	1290
1289	3387
1290	1292
1290	1709
1291	1905
1291	3259
1291	3434
1292	2941
1293	3479
1294	2092
1294	3104
1295	1532
1295	3351
1296	1298
1296	2449
1297	1750
1297	2493
1297	3069
1298	1300
1298	1686
1299	2334
1299	3311
1300	2844
1300	3200
1300	3209
1300	3375
1301	2799
1301	2930
1302	1303
1302	1695
1302	1975
1303	2007
1303	2450
1303	3281
1304	1496
1304	1709
1305	1306
1305	1307
1305	1426
1306	3500
1307	2226
1308	1437
1308	1884
1308	2373
1309	1310
1309	2171
1310	2954
1310	3301
1311	1635
1312	1751
1312	2716
1313	2079
1313	2970
1313	3455
1314	1350
1314	2869
1315	1488
1315	3348
1316	1703
1316	2766
1316	2883
1317	2336
1317	2781
1319	1321
1319	1604
1319	1992
1319	2532
1320	1322
1320	3160
1321	2711
1321	2759
1322	1324
1322	1385
1322	1616
1323	1948
1323	3484
1324	2637
1324	2659
1324	2803
1324	2866
1324	3235
1325	1716
1325	1818
1325	2946
1326	1328
1326	1783
1327	2466
1328	1330
1328	1473
1328	1918
1328	2397
1329	2273
1330	3038
1330	3487
1331	1332
1331	2396
1331	2418
1332	1881
1332	2377
1333	1642
1333	1849
1333	2919
1334	2291
1334	2356
1334	2738
1334	3316
1336	1413
1336	1909
1336	2289
1336	2962
1337	1339
1337	3434
1338	1457
1338	1590
1338	2391
1338	2428
1338	3482
1339	1340
1339	2338
1339	3151
1340	1341
1340	2076
1341	1342
1341	1698
1341	3396
1342	1770
1342	1946
1342	2366
1343	1345
1343	2510
1344	2591
1344	3108
1345	1700
1346	1348
1346	1584
1346	2179
1346	3116
1347	1703
1347	3429
1349	1576
1349	1862
1349	2377
1349	2687
1349	2901
1350	2520
1351	1401
1351	2245
1351	2815
1351	3338
1351	3476
1352	1976
1352	2104
1352	2406
1353	2241
1353	3098
1354	2962
1355	1733
1355	2545
1355	2665
1356	1406
1356	2453
1357	3139
1357	3436
1358	2005
1358	2685
1359	2913
1359	3029
1360	2938
1361	1363
1361	2136
1361	2456
1362	1364
1362	3140
1363	1514
1363	1994
1363	3361
1364	2012
1364	2096
1364	2584
1364	2844
1364	3466
1365	1366
1365	1367
1365	2143
1365	3273
1366	1368
1366	1702
1367	1390
1368	2159
1368	3216
1369	1370
1369	3231
1370	3370
1371	1373
1371	2757
1372	2270
1373	2305
1373	2600
1373	2776
1373	3015
1373	3106
1374	1376
1374	1805
1374	2754
1374	2907
1375	1376
1375	2435
1376	1377
1376	1656
1376	2247
1377	1379
1377	1755
1378	1379
1378	1586
1378	1791
1378	2895
1379	2078
1379	2966
1379	2992
1380	2066
1380	2612
1381	1382
1381	2003
1381	2284
1381	2834
1381	3011
1382	2760
1382	3379
1382	3494
1383	1385
1383	2724
1383	3471
1384	1385
1384	2211
1384	2363
1384	2794
1385	1386
1385	3034
1386	1620
1387	1388
1387	1743
1387	3110
1388	2053
1388	2482
1388	2589
1389	1390
1389	1859
1389	3012
1389	3483
1390	1391
1390	2318
1390	2661
1390	3295
1391	1672
1391	2877
1393	1394
1393	2501
1393	2654
1394	1396
1394	2062
1395	3162
1396	1397
1396	2982
1397	1399
1397	1632
1397	1800
1398	2071
1399	2848
1400	2082
1400	2106
1400	2474
1401	1934
1401	2339
1402	1404
1402	2141
1402	2172
1402	3293
1403	2928
1404	1689
1404	1885
1404	2470
1405	1677
1405	2174
1406	3422
1407	2026
1407	2165
1407	2365
1407	2819
1408	1629
1408	2293
1408	3046
1409	1411
1409	2870
1409	3201
1410	1512
1411	1412
1411	1413
1411	1784
1412	1413
1412	2009
1412	2454
1413	2299
1414	2253
1415	1588
1415	2107
1415	2889
1415	3155
1416	1618
1417	2204
1417	2966
1417	3016
1418	1420
1418	2328
1418	2590
1418	3192
1419	1421
1419	1725
1420	1421
1420	1422
1420	2157
1421	2429
1421	3184
1422	2074
1422	3163
1422	3348
1422	3398
1423	1632
1424	3132
1424	3220
1425	1902
1425	2741
1425	3261
1426	1566
1426	2828
1427	2142
1427	2179
1427	2510
1427	3174
1428	1429
1428	1430
1429	1864
1431	2514
1432	1433
1432	2167
1433	1434
1433	1511
1433	2599
1433	2635
1434	1607
1434	2929
1435	1437
1435	3317
1436	1437
1436	2059
1437	2803
1438	2064
1438	2109
1438	2690
1439	1441
1440	1665
1440	1712
1440	2737
1440	2947
1440	3076
1441	2382
1442	2601
1443	1445
1443	2590
1443	3141
1443	3212
1444	2062
1444	2195
1445	1446
1445	3148
1446	1478
1446	2267
1447	3454
1448	1450
1448	1717
1449	1534
1449	1829
1449	3478
1450	1451
1450	1452
1451	1884
1451	1907
1451	1974
1453	1454
1453	2865
1454	1525
1454	2295
1454	2755
1455	1457
1455	1905
1455	2153
1455	2512
1456	1457
1456	2069
1456	2130
1456	2532
1457	2315
1457	3004
1457	3145
1458	1459
1458	2300
1459	1461
1459	1549
1460	2411
1460	2481
1461	1462
1461	2430
1462	1464
1462	2217
1463	2017
1463	2290
1463	3319
1464	1466
1464	2961
1465	1713
1466	1467
1468	2122
1468	2443
1468	2965
1469	2308
1469	2843
1469	3150
1470	1472
1470	3028
1470	3450
1471	1877
1472	2259
1472	2726
1472	3219
1472	3388
1473	1653
1473	2003
1473	2823
1474	1475
1474	2342
1474	2441
1474	3477
1475	1927
1476	1478
1476	2812
1477	1478
1477	2123
1477	2207
1477	2522
1477	3326
1478	2075
1479	2342
1479	2947
1479	3338
1480	3095
1481	2890
1482	2322
1482	2674
1483	1636
1483	2085
1483	2412
1483	2688
1484	2722
1485	1487
1485	2747
1485	3216
1486	1487
1487	2457
1488	1490
1488	1692
1488	3005
1488	3474
1489	2443
1489	2897
1490	1492
1490	2340
1491	1676
1491	3381
1491	3398
1492	2450
1492	2651
1492	3144
1493	2756
1493	2900
1494	2114
1494	3014
1495	1804
1496	1938
1496	2137
1496	2332
1497	1499
1497	3379
1498	2180
1498	2534
1499	1940
1500	2100
1500	2180
1501	1867
1501	3478
1502	1503
1502	2258
1503	2438
1503	2506
1503	3160
1503	3264
1505	1590
1505	1715
1505	1834
1505	2727
1506	2096
1506	2773
1507	1509
1507	2983
1507	3111
1507	3186
1508	1509
1508	2342
1508	3375
1509	3329
1510	2552
1510	3227
1511	1513
1512	1739
1512	1926
1512	2006
1512	2648
1514	2046
1514	2266
1514	2288
1515	1530
1515	2533
1515	3215
1516	1518
1516	2268
1516	2295
1516	3165
1516	3373
1517	2089
1517	2591
1517	3451
1518	1519
1518	3341
1519	2553
1520	1634
1520	1936
1520	2764
1521	2936
1522	1524
1522	2044
1522	2494
1523	1524
1523	1525
1523	1844
1523	2250
1523	2673
1523	3400
1524	3095
1525	2934
1526	1528
1526	2666
1527	2033
1527	2389
1527	3278
1528	2057
1528	2440
1528	2829
1529	1531
1529	2844
1530	2609
1531	1532
1531	2693
1532	2451
1532	2943
1532	3162
1533	1534
1534	3007
1535	1537
1535	3305
1537	1741
1537	2304
1537	2404
1538	1540
1538	1542
1538	2518
1538	2774
1538	3013
1539	1540
1539	2691
1540	1542
1540	1981
1540	2440
1541	3456
1542	1544
1543	1544
1543	2792
1544	1545
1544	1561
1545	1546
1545	2117
1546	1547
1546	3061
1547	1548
1547	1757
1548	1549
1548	1550
1549	2197
1549	3142
1549	3159
1550	2078
1551	1572
1551	3000
1551	3120
1552	1554
1552	1763
1553	1555
1553	2947
1554	1555
1554	1995
1555	2772
1555	3334
1556	1783
1556	1950
1557	1559
1557	3061
1558	1559
1558	1560
1558	2699
1559	1560
1559	2976
1559	3241
1560	1561
1560	1562
1562	1564
1563	1565
1563	2314
1563	2709
1563	3003
1564	1566
1564	2629
1564	2691
1564	3156
1565	1671
1566	2569
1566	3137
1567	1568
1567	3206
1568	1993
1568	2040
1569	1571
1570	2889
1571	1718
1571	2505
1571	2749
1572	2878
1573	1575
1573	2684
1574	1575
1574	1576
1574	2566
1575	2984
1577	1940
1577	2102
1577	2591
1578	2325
1578	2879
1578	3346
1579	1580
1579	2868
1580	1581
1580	1582
1581	1582
1582	1584
1582	1923
1582	2217
1582	2383
1582	2645
1582	2775
1582	3173
1583	1587
1584	1911
1584	3257
1584	3431
1585	2420
1585	3240
1585	3411
1586	2035
1586	2395
1586	2412
1586	3291
1587	3130
1588	3258
1589	2182
1589	2212
1589	2355
1590	1591
1590	1811
1590	2644
1591	2212
1591	2449
1591	2524
1591	2607
1592	1713
1592	3329
1593	1594
1593	2984
1593	3030
1594	2408
1594	3045
1595	2943
1595	2979
1596	3347
1596	3460
1597	2820
1598	1599
1598	1611
1599	1807
1599	2093
1600	3106
1600	3220
1601	1603
1601	2083
1601	2275
1602	1603
1603	1664
1603	1912
1603	3156
1605	2077
1605	2179
1605	2860
1606	2054
1606	3224
1606	3498
1607	2158
1608	2305
1609	1610
1609	1611
1610	2131
1610	2861
1611	1801
1611	2170
1611	2947
1612	1613
1612	1614
1612	2847
1614	1616
1615	2940
1616	1618
1617	2049
1618	2889
1618	3011
1619	1620
1619	1932
1620	1622
1620	3095
1621	2842
1622	2447
1623	2106
1624	1702
1624	2004
1624	2214
1624	2315
1625	1670
1625	1821
1625	2413
1625	3244
1625	3263
1626	2789
1626	3252
1627	2874
1627	3175
1629	2746
1629	2823
1630	1938
1630	2774
1630	3469
1631	1860
1631	2746
1632	1738
1632	1878
1632	2919
1632	3343
1634	3459
1635	3119
1635	3340
1636	2838
1637	1639
1637	2954
1637	3467
1638	2308
1638	2608
1639	2954
1639	3051
1640	1641
1640	1642
1640	3465
1641	1925
1641	2397
1641	3136
1641	3262
1642	1644
1642	3192
1643	2836
1643	3459
1644	2227
1644	2928
1645	1647
1646	2486
1646	3228
1647	1648
1648	1730
1648	3111
1649	1936
1649	2677
1650	2234
1650	3151
1650	3412
1651	1847
1651	1877
1651	3234
1652	1654
1652	2089
1652	2417
1652	3101
1653	2365
1654	1655
1654	2483
1655	3319
1656	3024
1657	1658
1657	2469
1657	3453
1659	2301
1660	1744
1660	2251
1661	1663
1661	2102
1661	2471
1662	2912
1662	3443
1663	1862
1663	1945
1664	1666
1664	3451
1665	1666
1665	1667
1666	2764
1667	3015
1667	3032
1668	1670
1668	1733
1668	1789
1668	1933
1669	2304
1669	2499
1669	2698
1670	2808
1670	3243
1672	2037
1673	1963
1673	2451
1673	2803
1673	2999
1674	1675
1674	1676
1674	2214
1675	1796
1675	3364
1676	1678
1676	2863
1677	1679
1677	2086
1678	3124
1678	3157
1679	1680
1679	2552
1679	3037
1679	3192
1680	2759
1680	3399
1680	3418
1681	1893
1681	2155
1682	1683
1682	2072
1682	2330
1683	1685
1683	2842
1684	1686
1684	2370
1685	2343
1685	2829
1685	2880
1685	3317
1686	1687
1686	1813
1686	2530
1686	2708
1686	3460
1687	2681
1688	1800
1688	2755
1689	3370
1689	3467
1690	2187
1690	2886
1691	2267
1691	2553
1692	1693
1693	1694
1693	1695
1693	2071
1693	3000
1694	2738
1694	3072
1695	1763
1695	2539
1696	1698
1696	2604
1697	1698
1697	2219
1698	2069
1698	2562
1699	1853
1699	2080
1700	1701
1700	2040
1701	2202
1701	2534
1701	3363
1702	2215
1703	1704
1703	2999
1703	3436
1704	1705
1704	1985
1705	3005
1705	3042
1705	3374
1707	2138
1707	2647
1708	2810
1708	3330
1709	1710
1709	2571
1709	2965
1710	1925
1710	2283
1710	3130
1711	1712
1711	1713
1711	2396
1712	1713
1712	2191
1712	2345
1713	2052
1714	2497
1714	2608
1714	2660
1714	2821
1714	3341
1715	1717
1715	3151
1716	2252
1717	2048
1717	2992
1717	3114
1717	3331
1718	2331
1718	3325
1719	1721
1719	1750
1719	2709
1720	1722
1720	2539
1720	2872
1721	1722
1721	3267
1722	1954
1722	2574
1722	3173
1723	2246
1724	1805
1724	2010
1724	2254
1724	2256
1725	1906
1725	3273
1726	1727
1726	1728
1727	2008
1727	3101
1728	1730
1728	3060
1728	3455
1729	1730
1729	2842
1730	2041
1730	3089
1731	1732
1731	1972
1731	2120
1731	3458
1732	1921
1732	3225
1733	1792
1733	1949
1733	2926
1733	3397
1734	1988
1734	2200
1734	2203
1734	2722
1735	2051
1735	2909
1736	2347
1736	2492
1736	2795
1736	3371
1737	1887
1737	2105
1737	2251
1737	2518
1738	2612
1738	2805
1739	2450
1739	2824
1740	1759
1740	1892
1741	1743
1741	2278
1742	3111
1744	2058
1745	1746
1745	2985
1746	2493
1746	3425
1747	1748
1747	2541
1748	3169
1749	1751
1749	2615
1752	3170
1753	1754
1753	1817
1753	2731
1754	2266
1755	2484
1756	1757
1756	2557
1758	1893
1758	2226
1759	1761
1759	1874
1759	2677
1760	1761
1760	3227
1760	3389
1761	1762
1761	3074
1762	1764
1762	2506
1762	3361
1762	3443
1763	2178
1764	2109
1765	1777
1765	3095
1766	1767
1766	2326
1767	1769
1767	1947
1768	1769
1768	1770
1769	1771
1769	3480
1770	2973
1771	2093
1771	2176
1771	2690
1772	1773
1772	2327
1772	2372
1773	1774
1775	3139
1775	3429
1776	2580
1777	2120
1777	2523
1778	1779
1778	3169
1779	1991
1779	2558
1779	2675
1780	1957
1780	2538
1780	2595
1780	3400
1781	2136
1781	2507
1782	2164
1782	2602
1782	2671
1783	1785
1783	1951
1783	3393
1784	1785
1784	2173
1785	2629
1785	2877
1785	3133
1785	3237
1786	3068
1787	1788
1787	1789
1787	2276
1787	3222
1788	1789
1788	1804
1789	1790
1789	1791
1789	1934
1789	2005
1789	2598
1789	3071
1790	1791
1791	1793
1792	1794
1792	2040
1793	1963
1793	2655
1793	3045
1794	1903
1794	2234
1794	2592
1796	1798
1797	1798
1797	1890
1797	2069
1797	2861
1798	2506
1798	2849
1798	3304
1799	2256
1799	3413
1800	2267
1801	3301
1802	1899
1802	2068
1803	1805
1803	3351
1804	1805
1806	1807
1806	3058
1807	2349
1808	3031
1808	3428
1809	1810
1809	2001
1810	1812
1810	2216
1810	2811
1810	2885
1812	1813
1812	1814
1814	1816
1815	1817
1815	1825
1815	2415
1816	1817
1816	2372
1819	1820
1819	2394
1820	1821
1820	1822
1820	2195
1820	2202
1820	2451
1821	1823
1821	3070
1822	1823
1822	1824
1823	1825
1823	2089
1824	2327
1826	1827
1826	2009
1826	2103
1826	2905
1827	2081
1828	1920
1828	2642
1828	3290
1829	1858
1831	2320
1831	2547
1831	3328
1832	2675
1832	2975
1832	3062
1833	1834
1833	1985
1833	2299
1833	2446
1834	1878
1835	1837
1835	2018
1836	2095
1836	2869
1836	3260
1836	3454
1837	1941
1838	2049
1838	2502
1838	3413
1839	3154
1840	1842
1840	2160
1840	2581
1841	2578
1841	3094
1842	2967
1842	3082
1842	3481
1843	1887
1843	2031
1844	1846
1845	1904
1845	2063
1845	3117
1846	1848
1846	2469
1847	1959
1847	2175
1847	2994
1849	1851
1849	2837
1849	3078
1849	3367
1850	1852
1850	2597
1850	2758
1850	2823
1851	2408
1851	3352
1852	2164
1853	2196
1853	2841
1854	2281
1854	2939
1854	3085
1855	1856
1855	3277
1856	1857
1856	2017
1856	3352
1857	1985
1857	2118
1857	3154
1858	1859
1859	2118
1860	1950
1861	2295
1862	2270
1863	2090
1864	1866
1865	2037
1865	2127
1865	2183
1865	2212
1865	2300
1866	1868
1866	2348
1867	1868
1867	3148
1868	2346
1870	3386
1871	2913
1872	1874
1872	3387
1873	3303
1874	1876
1874	3317
1875	1876
1875	1877
1876	1877
1876	3321
1876	3494
1878	2814
1878	2823
1878	2864
1879	1919
1879	2200
1880	1882
1880	1958
1880	2971
1881	2820
1882	2121
1882	3112
1883	1884
1883	3404
1884	1886
1884	3289
1885	1886
1885	2464
1885	2595
1885	3218
1886	2969
1887	2358
1888	1889
1888	1890
1889	2532
1889	3253
1890	2244
1891	1893
1891	3298
1892	1893
1892	3151
1892	3168
1893	1895
1894	1895
1894	1896
1895	2104
1895	2487
1895	3223
1896	1898
1896	3024
1896	3430
1897	1899
1897	2865
1898	2249
1898	2283
1899	1900
1900	2081
1900	3120
1901	1902
1901	2868
1901	3438
1903	2004
1903	3330
1903	3469
1904	1905
1905	2561
1905	2656
1906	2662
1907	2945
1908	1909
1908	2107
1908	2192
1908	2323
1908	2748
1909	3223
1909	3413
1909	3415
1910	2378
1910	3290
1911	2336
1911	2860
1912	1914
1912	2278
1913	2209
1914	1916
1914	2379
1914	2449
1914	2526
1915	2787
1915	3264
1916	2140
1916	2958
1917	2954
1917	3245
1918	1920
1918	3376
1919	1967
1919	2107
1919	2349
1920	1922
1922	1924
1923	1925
1923	2427
1923	2506
1924	2309
1924	3251
1926	1927
1926	2656
1927	1929
1927	2569
1928	2265
1928	3146
1929	3003
1929	3031
1929	3479
1930	1932
1930	2345
1930	3060
1931	3113
1931	3439
1932	3128
1933	1935
1933	2021
1934	2926
1935	2260
1936	2240
1936	2922
1937	1939
1937	3150
1938	2989
1938	3478
1939	1940
1939	3009
1940	2400
1940	2665
1940	3229
1941	2895
1943	1945
1944	1945
1944	1946
1944	2378
1944	2889
1945	3285
1946	1947
1946	2627
1946	2667
1946	2707
1947	1949
1947	2606
1948	2895
1950	2029
1950	2114
1950	2848
1951	2038
1951	2304
1951	2740
1951	3124
1952	1953
1952	2358
1953	2522
1953	2527
1953	2724
1953	3323
1954	2397
1954	2516
1955	2346
1955	3198
1956	3076
1956	3463
1957	1959
1957	2329
1958	1959
1958	2409
1959	2111
1959	2815
1959	2890
1959	3131
1960	1962
1960	2571
1960	3177
1962	2549
1962	3336
1963	2349
1963	2368
1964	2328
1964	2955
1964	3194
1965	2526
1965	3220
1966	1967
1966	2839
1967	2148
1968	1969
1968	2565
1968	3095
1969	1970
1969	1971
1970	2717
1970	3443
1971	2859
1971	3121
1972	2370
1972	2837
1973	2240
1973	2433
1975	2227
1975	3179
1976	2824
1977	1978
1977	1979
1978	1980
1979	1980
1979	3206
1980	2159
1981	1982
1981	3461
1982	1984
1982	2877
1983	1984
1983	3497
1984	1985
1984	1986
1985	2621
1985	3161
1986	1988
1987	2314
1987	2619
1987	3466
1989	3083
1989	3315
1990	3368
1991	2132
1991	3343
1993	1994
1993	1995
1994	2794
1994	2964
1995	3283
1995	3371
1996	2581
1997	1998
1997	3268
1997	3322
2000	2039
2001	2046
2001	2274
2001	2690
2001	2885
2002	2461
2002	2503
2003	2004
2003	2729
2003	2771
2004	2163
2004	3098
2004	3308
2005	3176
2006	2008
2007	2008
2007	2846
2007	2849
2007	2957
2008	2010
2009	2037
2011	2661
2011	3432
2012	2060
2012	2669
2012	3271
2013	2427
2013	3338
2014	2177
2014	2477
2014	3282
2015	2662
2016	2124
2017	2768
2018	2593
2019	2020
2019	2021
2020	2022
2021	2745
2021	2910
2021	3142
2021	3215
2022	3314
2023	2025
2023	3423
2024	2025
2025	2222
2025	2615
2026	2028
2026	2716
2026	2752
2027	2028
2027	2953
2027	2994
2028	2029
2028	2030
2028	3365
2030	2890
2030	3123
2030	3161
2032	2184
2032	2270
2033	3291
2034	2475
2035	2245
2035	2348
2035	3124
2036	2037
2036	2285
2036	2447
2036	3000
2036	3378
2037	2344
2037	2453
2037	3247
2037	3279
2037	3429
2038	2039
2039	2040
2039	2041
2039	2978
2040	3101
2040	3257
2041	2062
2041	2214
2042	2044
2042	2068
2042	3147
2042	3394
2043	2044
2043	2129
2044	3032
2044	3202
2044	3464
2045	2047
2045	2535
2045	2559
2045	3032
2047	2048
2047	2726
2048	2071
2048	2981
2049	2053
2050	2052
2051	2052
2051	2125
2051	3316
2052	2054
2052	2225
2052	3156
2052	3166
2053	2054
2054	2055
2054	2385
2054	3093
2055	2056
2056	2057
2056	2810
2057	2058
2057	2192
2057	2896
2058	2060
2058	2367
2059	2281
2060	3232
2061	2219
2062	2167
2063	2110
2063	3238
2064	3289
2065	2752
2065	2817
2065	3377
2066	2968
2067	2385
2069	2070
2069	3219
2070	2282
2070	3320
2071	3367
2073	2074
2073	2398
2073	2885
2074	2998
2074	3147
2075	2076
2075	2956
2075	3371
2076	2078
2077	2844
2077	2950
2079	2080
2079	2081
2079	2285
2080	2082
2081	2120
2081	3087
2081	3098
2082	2083
2083	2667
2084	2086
2084	2174
2084	2444
2084	3458
2085	2477
2085	2662
2086	3412
2087	2089
2088	2090
2089	2091
2089	2119
2090	3177
2091	3001
2091	3327
2092	2094
2092	3022
2092	3344
2093	2094
2093	2095
2093	2764
2095	2097
2095	3405
2096	2424
2097	2099
2098	2506
2099	2100
2099	2720
2099	3221
2099	3389
2100	2466
2100	3003
2101	2583
2101	2923
2102	2103
2102	2366
2103	2638
2103	2698
2103	3500
2104	2106
2104	2121
2104	2238
2104	2640
2105	2904
2106	2994
2106	3296
2107	2108
2108	2515
2109	2970
2109	3061
2109	3451
2110	2582
2111	2680
2112	2771
2112	2851
2113	2503
2113	2914
2115	2116
2115	2117
2116	2530
2116	2927
2116	3488
2117	2118
2117	2315
2117	2718
2118	2119
2119	2121
2120	2990
2122	2587
2123	2124
2123	2125
2124	2125
2124	2831
2125	2126
2125	3111
2125	3311
2126	2302
2126	3045
2126	3349
2127	2129
2128	2129
2128	2130
2128	2208
2128	3033
2129	2131
2130	2131
2131	2132
2132	2134
2133	2134
2133	3177
2133	3260
2134	2402
2134	2458
2135	2137
2135	2278
2136	3145
2137	2138
2138	3297
2139	2141
2139	2706
2139	3138
2140	2141
2140	2142
2140	2832
2141	2142
2142	2149
2143	2144
2144	2367
2144	3020
2144	3339
2144	3438
2145	2600
2145	3167
2146	3084
2146	3276
2147	2148
2147	2183
2148	2149
2148	2849
2149	2151
2149	2591
2149	2964
2151	2153
2151	2430
2151	2617
2151	2639
2152	2153
2152	2640
2153	2428
2153	3422
2154	3053
2155	2157
2155	2307
2156	2157
2157	2159
2158	2764
2159	2161
2159	3404
2160	2297
2162	3255
2163	3137
2164	2165
2165	2280
2166	2829
2166	3221
2167	2899
2167	3104
2167	3390
2168	3227
2169	2170
2170	3241
2170	3285
2171	3494
2172	2426
2172	2813
2172	3011
2173	2174
2173	2795
2173	2898
2173	3468
2174	2176
2174	2937
2175	2341
2175	2658
2176	2178
2176	3164
2178	3365
2180	2218
2181	2183
2181	3250
2182	2183
2184	3019
2184	3450
2185	2689
2185	3041
2186	3476
2187	2477
2188	2629
2188	3056
2188	3262
2190	3085
2192	2316
2193	2270
2193	2307
2193	3247
2194	2195
2194	2692
2195	3320
2196	3055
2196	3476
2197	2198
2197	2199
2198	2240
2199	2201
2200	2594
2200	3284
2200	3355
2201	2605
2202	2203
2203	3495
2204	2205
2204	2206
2205	3018
2206	2207
2206	2380
2207	3426
2208	2210
2208	2374
2209	2480
2209	3390
2210	2212
2210	3315
2213	2237
2213	3479
2215	2217
2217	3275
2219	2236
2219	3457
2220	2222
2220	2816
2221	2956
2221	3292
2222	2223
2222	2759
2222	3390
2223	2225
2223	2766
2224	2225
2224	2226
2226	2260
2227	2707
2228	2229
2228	2558
2228	3079
2229	2231
2229	3113
2230	2952
2230	3067
2231	2455
2231	3179
2232	2234
2233	2346
2233	2641
2233	2876
2234	3056
2234	3296
2234	3361
2235	2236
2235	2599
2236	2238
2236	2873
2237	2239
2237	3002
2238	3058
2238	3411
2239	3256
2241	2242
2241	2670
2242	2927
2242	3266
2243	2463
2243	3063
2245	2246
2245	2796
2245	2913
2245	3214
2247	2586
2248	2352
2251	3218
2252	2253
2252	2495
2254	2866
2255	2361
2255	2968
2255	3345
2256	2258
2257	2294
2258	2260
2258	2403
2258	3266
2258	3453
2259	2261
2259	2272
2259	3435
2261	2262
2261	2656
2262	2263
2262	2264
2263	2356
2264	2478
2265	2267
2266	2399
2267	2269
2267	2604
2269	2323
2269	2551
2269	3482
2271	2804
2271	3138
2272	2577
2273	2275
2273	2295
2275	2276
2275	2277
2276	2277
2276	3230
2277	2278
2277	2601
2277	3048
2280	2306
2282	2283
2283	2725
2284	2285
2286	2287
2286	3316
2287	2441
2287	3021
2288	2290
2289	2290
2289	3324
2290	2291
2290	2442
2290	2631
2291	2293
2292	2293
2294	2295
2297	2988
2298	2299
2299	2300
2299	2670
2300	2801
2301	2422
2302	2747
2302	2827
2303	3217
2303	3281
2304	3110
2306	3200
2307	2308
2308	2350
2308	2748
2309	2311
2310	2622
2311	2437
2311	2646
2312	2825
2313	2381
2313	2478
2313	2535
2314	2607
2315	2943
2316	2938
2317	2319
2317	3036
2319	2349
2319	2837
2319	3136
2320	2322
2321	2322
2321	2323
2321	2882
2322	2788
2322	2834
2323	2324
2325	2326
2325	2634
2325	3027
2325	3099
2329	2911
2331	2332
2331	3255
2332	2504
2332	2692
2333	2436
2334	3285
2335	2366
2336	2337
2337	2362
2337	2490
2339	2341
2341	2445
2341	2758
2342	3300
2343	2345
2343	3005
2345	2616
2346	3426
2349	2429
2350	2352
2351	2841
2351	2872
2353	2399
2353	2451
2354	2355
2354	2356
2355	3416
2356	2500
2356	3450
2357	2358
2358	2360
2358	2640
2359	2361
2359	2413
2360	2361
2360	2910
2360	3121
2361	2736
2362	2363
2363	3071
2363	3270
2364	2365
2364	2366
2366	3390
2367	2368
2367	2524
2368	2794
2368	3366
2368	3489
2369	3043
2369	3128
2370	3191
2370	3339
2372	2441
2373	2375
2373	2395
2373	3024
2374	2409
2375	2376
2375	2377
2375	2838
2376	2378
2376	2508
2377	2592
2377	2628
2377	3347
2378	3430
2379	2381
2380	2745
2381	2383
2381	3436
2383	2636
2383	3093
2384	3367
2385	2510
2385	2546
2386	2850
2387	2389
2388	2389
2388	2812
2388	2821
2389	2642
2390	2391
2390	2392
2392	2817
2392	3441
2393	2777
2393	2974
2394	2396
2394	2824
2398	2400
2398	2657
2398	2718
2398	3113
2399	2400
2400	2514
2400	3102
2401	3345
2401	3465
2402	2627
2403	2685
2404	2620
2407	2488
2408	2448
2408	2841
2408	3153
2409	2411
2410	2411
2411	2413
2412	2414
2412	2512
2414	3087
2416	2719
2416	3211
2417	2751
2417	2889
2419	2464
2420	3131
2421	2856
2422	2424
2422	3294
2423	2425
2423	2909
2424	2841
2424	2844
2425	2426
2426	2428
2426	2648
2427	3313
2428	3463
2429	2627
2429	3440
2431	2440
2431	3350
2432	2433
2432	3439
2433	2435
2433	3268
2434	2531
2434	2642
2436	2438
2436	2505
2436	2693
2437	2439
2437	2476
2437	2921
2438	3382
2439	2440
2439	2618
2440	2574
2441	3370
2442	2527
2442	2556
2443	2444
2444	2465
2444	3117
2445	2473
2446	3027
2447	2448
2447	3058
2448	2449
2450	3027
2452	2768
2452	3150
2453	2455
2453	3327
2454	2455
2455	2769
2455	2995
2456	2674
2457	2458
2457	2459
2457	2859
2457	3335
2458	2460
2458	3321
2459	2578
2459	2942
2460	2461
2460	2746
2460	3474
2461	2804
2461	3469
2462	2463
2462	3224
2464	2465
2465	2604
2466	3359
2467	3368
2468	2469
2468	2896
2469	2470
2470	2471
2470	3213
2472	3392
2473	2475
2474	2476
2474	3025
2475	2476
2475	3335
2478	2877
2479	2480
2479	2481
2479	3139
2480	2481
2480	2482
2482	2977
2482	3080
2485	2883
2486	2958
2487	2488
2487	2647
2487	3357
2488	2584
2488	2887
2488	3082
2488	3105
2489	2491
2489	3217
2490	2491
2491	2492
2491	2586
2492	2494
2493	3427
2494	2496
2494	2659
2494	3036
2495	2556
2496	2805
2498	2500
2498	3199
2500	3416
2501	2595
2502	3183
2503	3308
2504	2505
2504	3310
2505	2506
2505	2968
2505	3050
2507	2540
2507	2686
2508	2509
2508	2581
2509	2511
2509	2943
2510	2961
2511	2617
2511	3346
2511	3426
2512	2619
2512	2791
2512	3458
2513	2515
2514	3290
2514	3301
2515	2668
2515	3215
2516	3300
2517	3498
2519	2741
2520	2749
2520	2855
2521	2546
2521	3241
2522	2725
2523	2524
2523	2940
2524	2525
2525	2729
2525	2997
2525	3453
2526	3069
2527	2528
2527	3250
2528	2968
2528	3311
2528	3321
2529	2830
2530	2660
2530	2676
2531	2533
2531	3407
2533	2534
2533	3109
2534	2535
2534	2784
2534	3362
2535	2695
2535	2881
2535	3238
2535	3321
2536	2538
2536	3274
2536	3477
2537	3283
2538	3189
2539	2824
2540	2541
2543	2544
2543	2770
2543	3318
2544	2545
2544	2546
2544	2596
2545	2546
2545	2714
2546	2548
2548	2549
2548	2555
2549	3354
2550	2551
2550	2552
2551	3129
2551	3360
2552	3095
2552	3379
2553	2786
2554	2943
2555	3462
2557	2558
2560	2562
2560	2714
2561	2818
2562	2563
2563	2564
2563	2843
2564	3153
2564	3187
2564	3436
2565	2566
2566	3057
2567	2568
2567	2921
2567	3092
2567	3228
2568	2588
2568	2626
2568	2863
2570	2572
2570	3152
2572	2573
2572	2574
2573	2769
2573	3120
2573	3121
2574	2767
2574	2993
2575	2577
2575	3080
2576	2577
2576	2578
2576	2881
2579	2770
2582	2675
2583	2584
2584	2585
2585	2926
2586	2588
2586	2682
2587	2675
2587	3193
2588	2734
2588	2783
2589	3114
2590	2815
2591	2882
2592	2593
2592	2594
2593	2595
2594	2596
2598	3364
2600	2602
2600	2648
2601	2603
2601	3395
2602	2604
2603	3069
2603	3165
2603	3424
2605	2606
2605	2607
2606	2607
2609	3046
2610	2692
2610	2779
2610	3238
2611	3437
2613	2614
2613	3194
2615	2617
2616	2618
2616	3067
2617	3199
2618	2685
2618	3439
2620	3462
2621	2622
2621	3126
2622	2945
2622	3414
2623	2932
2623	3487
2624	2951
2624	3175
2625	3320
2626	2814
2628	2630
2630	2632
2632	2669
2633	3222
2636	2637
2636	3063
2637	2756
2637	3345
2638	2639
2639	2856
2640	2702
2640	2809
2641	2890
2642	2844
2642	3165
2643	3326
2644	3086
2644	3368
2645	3457
2646	3350
2647	2648
2647	2649
2647	2720
2648	2986
2649	2650
2651	2653
2652	2654
2653	3227
2654	2655
2654	2727
2655	2657
2657	2677
2658	2960
2659	2660
2660	2661
2660	3015
2662	2669
2663	2664
2663	2706
2663	2826
2664	2666
2664	3017
2664	3067
2665	3430
2666	2668
2667	2950
2668	2669
2668	3132
2670	3447
2672	2673
2672	2848
2673	2674
2676	2677
2676	3172
2677	3012
2678	2679
2678	2680
2678	2851
2679	2680
2679	2878
2679	3143
2679	3499
2680	2682
2680	2903
2682	2684
2684	2685
2684	2918
2684	3075
2686	3133
2687	2843
2688	2690
2689	2811
2689	3493
2692	2751
2693	2800
2694	2695
2694	3206
2695	3055
2695	3254
2696	3459
2697	2698
2698	2753
2699	2701
2700	2701
2700	2833
2701	2703
2702	3160
2703	2828
2704	2934
2704	3196
2705	3016
2707	2738
2707	3209
2708	2813
2709	2799
2709	3359
2711	2713
2712	2714
2713	3084
2714	3476
2717	2719
2718	2719
2718	3243
2719	2721
2719	3066
2719	3465
2722	3309
2723	2725
2723	3136
2724	2725
2724	2726
2728	2748
2728	3015
2728	3058
2728	3145
2729	2731
2730	2975
2731	3117
2734	3060
2735	2737
2735	2911
2736	3082
2737	3082
2739	3180
2740	3350
2741	3014
2742	2884
2743	2745
2743	3020
2744	2833
2744	2947
2744	3098
2745	2746
2746	2775
2747	2748
2749	2750
2750	3311
2753	2754
2753	3157
2754	2968
2754	3234
2756	2963
2756	2971
2758	2759
2758	2839
2761	3138
2762	2789
2762	2971
2763	3441
2765	2961
2767	3233
2769	2776
2770	2855
2772	2773
2773	2805
2773	3202
2775	3106
2777	2778
2777	3344
2778	2914
2778	3133
2780	3237
2782	2784
2782	3021
2782	3092
2783	2785
2785	2787
2786	2788
2787	2788
2788	2789
2789	2790
2789	2791
2789	3428
2790	3201
2791	2793
2792	3268
2792	3287
2793	3090
2794	3074
2794	3093
2795	2797
2796	3175
2797	3066
2797	3325
2798	3399
2800	3147
2800	3243
2801	2802
2802	2804
2802	3175
2802	3316
2803	3057
2803	3083
2804	2805
2805	2806
2805	3328
2806	2965
2807	3065
2807	3419
2808	3398
2809	2811
2810	3297
2811	3060
2813	3321
2814	2816
2814	3130
2816	2818
2817	2819
2817	3266
2819	2821
2819	2975
2819	3120
2820	3268
2821	3026
2824	2825
2824	3359
2825	3278
2827	2872
2828	2829
2828	3348
2829	2830
2831	3210
2833	3465
2837	2839
2837	3133
2840	3112
2840	3341
2840	3442
2841	3400
2842	2844
2845	2846
2845	2847
2850	2851
2850	3249
2853	3334
2854	2915
2854	3007
2855	2857
2857	2859
2858	2875
2858	3186
2858	3381
2859	3059
2862	2863
2862	3242
2862	3359
2863	2864
2864	2865
2865	3190
2866	2868
2867	2869
2867	2909
2867	3350
2868	3386
2869	2871
2871	3428
2874	3421
2875	2876
2876	2877
2878	2880
2878	3482
2879	2881
2880	2882
2882	3046
2883	2884
2884	2885
2884	2886
2885	2973
2886	3006
2888	3181
2888	3206
2888	3441
2891	3212
2892	2894
2893	2895
2894	3052
2896	2898
2897	3092
2899	2982
2900	2901
2901	2902
2902	3479
2903	2905
2905	2907
2906	3236
2909	2959
2909	3006
2909	3155
2911	2912
2911	3279
2912	2913
2912	3238
2913	3242
2914	3360
2916	2918
2916	3470
2917	3048
2918	2920
2920	2921
2920	2922
2921	2923
2922	2923
2923	2925
2923	3439
2924	2926
2925	3205
2925	3374
2926	2928
2927	2929
2929	3039
2934	2936
2935	2937
2935	2985
2936	3260
2937	2939
2940	3022
2941	2942
2941	2943
2941	3141
2942	2943
2942	2944
2943	3240
2944	3138
2944	3263
2949	2951
2951	3472
2952	2953
2953	2955
2957	3346
2958	2959
2958	3376
2959	3053
2960	3404
2960	3456
2961	2973
2961	3360
2962	3357
2963	3155
2964	2965
2965	3248
2967	3080
2968	3189
2969	2971
2972	2974
2973	3008
2974	3457
2976	3100
2976	3237
2977	3414
2979	2980
2981	2982
2981	2983
2981	3488
2982	3249
2982	3271
2983	2985
2984	3417
2985	3416
2986	2988
2986	3423
2987	3059
2988	2990
2989	2991
2991	2992
2995	3223
2996	2997
2996	2998
2997	2999
2998	3000
2998	3336
3000	3002
3000	3159
3001	3137
3004	3349
3006	3008
3007	3008
3010	3012
3010	3083
3011	3482
3014	3388
3016	3190
3018	3191
3018	3443
3019	3020
3019	3021
3019	3336
3020	3021
3020	3384
3023	3188
3026	3028
3027	3254
3028	3029
3029	3102
3032	3184
3032	3483
3034	3141
3035	3036
3035	3283
3036	3037
3037	3437
3040	3047
3040	3073
3041	3164
3042	3329
3044	3045
3044	3046
3045	3401
3046	3302
3047	3234
3049	3050
3049	3051
3051	3053
3052	3053
3053	3396
3054	3056
3054	3298
3055	3057
3056	3058
3057	3059
3058	3348
3059	3060
3059	3061
3059	3431
3060	3205
3062	3064
3064	3066
3066	3068
3068	3098
3068	3106
3069	3096
3071	3225
3071	3239
3071	3372
3072	3074
3073	3260
3074	3121
3075	3077
3076	3078
3077	3340
3078	3106
3079	3081
3079	3280
3081	3083
3082	3295
3082	3435
3083	3084
3085	3086
3085	3087
3087	3113
3087	3274
3087	3425
3088	3089
3088	3090
3089	3115
3090	3091
3091	3452
3094	3096
3094	3300
3096	3097
3096	3098
3097	3098
3097	3099
3099	3101
3100	3101
3100	3471
3101	3125
3101	3216
3101	3342
3102	3368
3103	3104
3103	3360
3104	3106
3104	3146
3105	3116
3106	3108
3107	3131
3108	3361
3109	3110
3109	3209
3110	3111
3111	3329
3112	3114
3115	3116
3115	3117
3116	3118
3117	3118
3118	3120
3119	3368
3121	3122
3121	3210
3122	3123
3122	3124
3123	3377
3124	3125
3125	3127
3127	3129
3128	3356
3130	3131
3134	3312
3137	3393
3138	3494
3140	3141
3142	3378
3143	3144
3146	3308
3146	3463
3148	3150
3149	3150
3150	3151
3151	3152
3154	3155
3156	3158
3156	3402
3158	3160
3159	3232
3160	3162
3162	3164
3163	3164
3166	3168
3167	3168
3170	3171
3172	3432
3173	3226
3174	3176
3174	3310
3176	3177
3176	3463
3177	3377
3178	3180
3179	3181
3180	3182
3182	3184
3183	3184
3184	3239
3185	3187
3186	3187
3188	3190
3189	3190
3190	3192
3193	3195
3194	3409
3195	3197
3196	3198
3197	3199
3198	3200
3198	3417
3199	3433
3201	3202
3202	3203
3204	3206
3205	3299
3206	3245
3206	3498
3207	3208
3210	3211
3211	3360
3212	3213
3214	3456
3218	3396
3227	3228
3231	3232
3232	3234
3233	3234
3233	3235
3233	3445
3234	3235
3234	3442
3236	3283
3238	3240
3240	3242
3241	3416
3242	3279
3242	3426
3246	3248
3247	3322
3248	3351
3250	3351
3253	3254
3255	3257
3256	3390
3256	3480
3257	3259
3258	3259
3260	3262
3264	3265
3269	3271
3270	3272
3270	3454
3273	3357
3274	3275
3275	3277
3276	3277
3276	3278
3277	3279
3278	3279
3279	3394
3280	3282
3281	3454
3283	3285
3286	3492
3288	3290
3290	3328
3294	3296
3296	3298
3297	3380
3299	3301
3304	3305
3307	3386
3308	3309
3310	3311
3310	3312
3312	3314
3312	3377
3313	3315
3314	3434
3319	3320
3321	3340
3323	3324
3324	3408
3326	3327
3331	3332
3332	3333
3334	3336
3337	3339
3337	3422
3339	3341
3342	3343
3346	3348
3349	3350
3349	3351
3349	3423
3350	3351
3352	3353
3352	3354
3354	3356
3359	3360
3363	3365
3364	3366
3365	3410
3370	3371
3370	3482
3371	3372
3372	3461
3373	3375
3376	3377
3380	3382
3381	3382
3382	3383
3382	3384
3385	3387
3391	3393
3392	3394
3393	3432
3397	3398
3401	3402
3403	3404
3404	3423
3406	3407
3406	3408
3408	3409
3410	3412
3412	3468
3412	3492
3416	3418
3416	3457
3417	3418
3419	3420
3420	3421
3421	3422
3421	3423
3424	3425
3424	3440
3429	3430
3433	3434
3441	3444
3442	3444
3446	3448
3447	3449
3449	3450
3449	3451
3452	3454
3455	3457
3459	3460
3462	3464
3472	3474
3476	3477
3477	3479
3485	3486
3485	3487
3486	3488
3488	3489
3491	3493
3495	3497
3496	3497
3496	3498
3497	3499
3499	3500
