1	3
1	4
1	2216
1	2998
1	3000
2	4
2	5
2	1534
2	2308
2	2715
2	2861
2	3000
3	5
3	6
3	1785
3	2192
3	2615
4	6
4	7
4	1142
4	2457
5	262
5	568
5	955
5	1293
6	7
6	9
6	571
6	1736
6	1942
7	366
7	463
7	1990
8	10
8	350
8	621
8	1534
8	2948
9	10
9	12
9	198
9	672
10	12
10	1055
10	2248
10	2692
11	14
11	1834
11	2097
12	1374
12	1551
12	1560
12	1703
12	2210
12	2739
13	857
13	1067
13	2669
13	2742
13	2832
14	109
14	454
14	545
14	1041
14	1349
15	17
15	1513
15	2251
16	17
16	18
16	1859
17	19
17	943
17	1590
17	1876
18	19
18	21
18	2731
19	21
19	66
19	1139
19	1272
19	2590
20	21
20	22
20	23
20	1927
20	2291
21	22
21	24
21	505
21	676
21	2609
21	2612
21	2661
22	23
22	25
22	79
22	2466
23	24
23	25
23	179
23	2615
24	632
24	1027
24	1130
24	1500
25	27
25	2165
25	2362
25	2486
26	28
26	29
26	453
26	1502
26	1715
27	28
27	485
27	752
27	1841
27	2093
28	31
28	531
28	1548
28	2763
29	32
29	211
29	910
29	1240
29	1686
29	2217
29	2652
30	32
30	1221
30	1399
30	2498
31	32
31	33
31	34
31	645
31	2874
32	33
32	1279
32	1436
32	1492
32	1504
32	2191
32	2577
32	2955
33	34
33	1034
33	1273
34	36
34	498
34	535
34	631
34	1846
35	37
35	378
35	1839
36	37
36	657
36	1035
36	1234
36	1254
36	2002
37	761
37	1182
37	1470
37	1581
37	1739
37	2877
38	39
38	41
38	273
38	858
38	1941
39	874
39	1608
39	2329
39	2639
40	41
40	42
40	43
40	475
40	516
40	1184
40	2323
41	43
41	728
41	2830
41	2960
42	43
42	44
42	45
42	281
43	44
43	46
43	472
43	2289
44	47
44	222
44	2210
44	2974
45	48
45	157
45	452
45	1174
45	1315
45	2190
46	48
46	312
46	1433
46	2970
47	48
47	124
47	330
47	545
47	966
47	1508
47	2131
47	2361
48	381
48	1277
48	1337
48	1994
49	51
49	52
49	2407
50	52
50	261
50	841
50	1984
50	2236
51	52
51	53
51	54
51	253
52	53
52	496
52	2948
53	55
53	56
53	1252
53	2912
54	55
54	57
54	202
54	1158
54	1425
54	2995
55	57
55	1059
55	1158
55	2548
56	57
56	59
56	773
56	1450
56	1574
57	58
57	59
57	1777
57	2255
57	2715
58	68
58	418
58	762
58	2651
59	60
59	1005
59	1354
59	1761
60	63
60	137
60	1779
60	2430
61	62
61	2143
61	2394
61	2454
61	2874
62	63
62	377
62	716
62	2028
63	65
63	1006
63	1090
63	2163
64	1855
64	2034
64	2523
64	2779
65	68
65	343
65	681
65	1130
65	1807
65	2112
65	2402
66	69
66	990
66	2495
67	70
67	491
67	2395
68	71
68	181
68	2136
69	70
69	71
69	72
69	1222
69	1880
70	846
70	1525
70	1844
70	1906
70	2971
71	522
71	587
71	804
71	928
71	1867
71	2919
72	74
72	961
72	1382
72	1416
72	1555
72	2195
72	2692
73	76
73	2107
73	2548
74	76
74	127
74	2353
74	2772
75	386
75	1347
75	2352
76	78
76	79
76	555
76	1172
76	1300
76	2643
76	2911
77	78
77	79
77	1774
77	2262
78	81
78	2040
78	2792
79	80
79	82
79	569
80	81
80	83
80	430
80	1525
80	1587
80	1972
80	2452
81	90
81	114
81	1599
81	2842
82	83
82	559
82	637
82	1966
82	2005
82	2516
82	2672
82	2884
83	84
83	85
83	759
83	947
83	1050
83	2134
83	2996
84	85
84	86
84	87
84	2155
85	812
85	909
85	1137
85	1700
85	2467
86	87
86	1450
86	1708
86	2266
87	89
87	90
87	2812
88	89
88	90
88	1657
88	2364
89	90
89	92
89	984
89	1424
90	289
90	769
90	2126
91	92
91	93
91	94
91	1824
92	94
92	987
92	2386
92	2483
92	2888
93	95
93	229
93	236
93	963
93	1357
94	96
94	147
94	176
94	236
94	1289
94	1494
94	1563
94	2769
95	987
95	1515
95	2133
96	97
96	98
96	99
96	539
96	896
96	2359
97	98
97	99
97	991
98	99
98	100
98	2161
98	2219
99	616
99	862
99	2409
100	1016
100	1497
100	1924
101	373
101	954
101	1843
101	2525
101	2842
102	394
102	749
102	2554
103	105
103	106
103	2106
103	2446
104	106
104	107
104	675
104	2488
105	107
105	108
105	2044
105	2717
105	2988
106	108
106	109
106	2251
107	548
107	1208
107	2179
108	109
108	340
108	943
108	1084
109	112
109	242
109	395
109	591
109	1519
110	112
110	257
110	320
110	1417
111	114
111	890
111	1213
111	2864
112	179
112	407
112	1284
112	2355
112	2405
112	2985
113	388
113	911
113	1190
113	2649
114	116
114	117
114	2024
114	2860
114	2937
115	116
115	882
115	1811
115	2324
115	2390
116	117
116	118
116	119
116	1860
116	1985
117	118
117	120
117	2464
118	119
118	120
118	2962
119	900
119	1884
119	2272
119	2443
119	2647
119	2653
120	468
120	594
120	1543
120	1861
120	2819
121	123
121	124
121	1474
121	1511
121	2259
121	2573
121	2744
122	978
122	1027
122	1501
122	2926
123	124
123	125
123	927
124	125
124	126
124	2944
125	128
125	618
125	931
126	127
126	128
126	129
127	128
127	129
127	130
127	1552
127	2044
128	130
128	216
128	568
128	2281
128	2616
129	130
129	131
129	1472
129	2479
129	2622
130	133
130	450
130	2169
130	2331
131	132
131	134
131	135
131	1339
132	599
132	1234
132	1729
132	2181
132	2665
132	2711
133	468
133	482
133	2135
133	2373
133	2529
134	136
134	770
134	816
134	2547
135	137
135	431
135	659
135	689
135	1851
135	2410
136	137
136	282
136	1144
136	2146
136	2414
137	1396
137	2730
137	2869
138	141
138	537
138	1610
138	2107
138	2206
138	2721
139	142
139	1427
139	2384
140	142
140	143
140	1374
140	2467
140	2938
141	144
141	207
141	2171
141	2469
141	2770
142	378
142	607
142	1287
142	2499
143	145
143	1265
143	1357
143	1825
144	145
144	146
144	147
145	146
145	147
145	1308
145	1816
146	148
146	1900
146	2081
147	148
147	1047
147	1058
148	150
148	151
148	1168
148	2138
149	151
149	801
149	893
149	1636
149	1758
149	2488
149	2927
150	151
150	152
150	153
151	152
151	153
151	154
151	373
151	1274
151	1871
151	2914
152	519
152	1541
152	2384
152	2691
152	2838
153	155
153	434
153	903
154	155
154	156
154	254
154	296
155	158
155	851
155	1264
155	1389
155	2279
156	401
156	624
156	1542
156	2202
157	887
157	2902
158	159
158	160
158	458
158	2225
159	160
159	924
159	2182
159	2963
160	1388
160	1464
160	1564
161	163
161	164
161	1587
161	2975
161	2980
162	165
162	919
162	1112
162	2551
163	165
163	893
163	1344
163	2218
163	2679
164	167
164	401
164	578
164	1320
164	2979
165	166
165	1264
165	1509
165	1934
166	168
166	1114
166	1365
166	1370
166	1924
166	1991
167	428
167	628
167	1572
167	1852
167	2498
168	170
168	2115
168	2707
168	2771
169	170
169	171
169	368
169	978
170	172
170	508
170	614
170	1993
170	2046
170	2513
170	2515
170	2880
171	173
171	1126
171	2051
171	2985
172	174
172	175
172	843
172	1779
173	174
173	175
173	176
173	2976
174	175
174	431
174	2107
174	2558
175	176
175	178
175	1438
175	1872
175	1966
176	178
176	277
176	960
176	1016
176	1264
176	1266
177	179
177	215
177	1967
178	180
178	181
178	379
179	181
179	182
179	1197
179	1471
179	1541
180	181
180	2733
180	2797
180	2875
181	182
181	184
181	1041
181	1296
181	2445
182	184
182	1514
182	1998
182	2336
183	186
183	621
183	1126
183	1649
183	2386
183	2803
184	187
184	384
184	776
184	1217
184	2556
184	2762
185	186
185	187
185	188
185	1420
186	189
186	329
186	559
186	2612
187	861
187	873
187	977
187	2494
187	2499
187	2592
188	189
188	190
188	191
189	190
189	191
189	624
189	822
189	2854
190	191
190	1435
190	1864
191	193
191	194
191	1476
191	1993
191	2180
192	193
192	194
192	195
192	2354
193	194
193	196
193	376
193	1069
193	2092
194	196
194	1350
194	2512
194	2877
195	196
195	197
195	719
195	2321
196	198
196	199
196	1522
197	198
197	579
197	669
197	1311
197	2109
197	2625
198	200
198	201
198	1310
198	2398
198	2741
198	2931
199	200
199	201
199	1305
199	1767
199	2690
199	2752
199	2771
200	202
200	669
200	1158
200	1452
200	2153
200	2970
201	204
201	953
201	1363
201	2072
201	2382
201	2601
202	204
202	205
202	371
202	1203
202	2901
203	204
203	205
203	1258
203	2621
204	205
204	2066
204	2480
205	787
205	947
205	1028
205	1152
205	1276
205	2089
205	2106
205	2619
206	207
206	209
206	264
206	490
206	1162
206	2112
207	208
207	210
207	779
208	209
208	211
208	1003
208	1238
208	2276
209	210
209	212
209	726
209	1621
209	2813
210	211
210	212
210	213
211	212
211	1371
211	1920
211	2403
211	2451
212	213
212	215
212	642
212	1763
212	2656
213	214
213	441
213	806
213	2484
214	215
214	217
214	815
214	2201
214	2877
214	2889
215	217
215	450
215	1883
215	2625
215	2702
216	218
216	560
217	218
217	527
217	965
217	1274
217	1387
217	2821
218	543
218	582
218	1571
218	2370
218	2799
218	2938
219	221
219	441
219	700
219	1645
219	2089
219	2783
220	372
220	417
220	596
220	1901
220	2152
221	222
221	224
221	803
221	872
221	1529
221	1667
221	2801
222	224
222	225
222	483
222	955
223	381
223	1185
223	1730
223	2772
224	225
224	226
224	227
224	1608
224	2332
225	703
225	774
225	791
225	1261
225	1979
225	2613
226	227
226	1390
226	2641
226	2880
227	229
227	325
227	1011
227	2373
228	230
228	262
228	318
228	676
228	1686
229	230
229	231
229	2798
230	232
230	655
230	792
230	1267
230	1482
230	1551
230	1703
230	1717
231	232
231	913
231	1548
231	1608
232	233
232	234
232	235
232	1418
232	1887
233	234
233	274
233	770
233	2784
234	235
234	237
234	258
234	535
234	1164
234	1420
234	2953
235	2545
235	2581
235	2724
236	237
236	548
236	1310
237	240
237	684
237	1062
237	1993
237	2364
238	269
238	277
238	521
238	1017
238	1710
239	240
239	242
239	257
239	1252
239	2669
240	241
240	1951
240	2297
240	2586
241	242
241	422
241	1210
242	244
242	245
242	602
242	1884
243	244
243	721
243	953
244	245
244	246
244	1246
244	2036
245	247
245	493
245	940
245	1292
245	2081
246	247
246	248
246	1570
246	1818
246	2433
246	2522
247	249
247	851
247	1817
247	2936
248	251
248	1001
248	2555
249	250
249	252
249	599
249	699
249	791
249	1290
250	401
250	691
250	1861
250	2108
250	2569
251	252
251	253
251	1135
252	1007
252	1372
252	2298
252	2302
252	2621
252	2696
253	256
253	1865
253	2312
253	2448
254	255
254	256
254	1123
254	1737
254	2432
255	713
255	1838
255	2523
255	2704
256	258
256	259
256	829
256	2097
256	2672
257	260
257	782
257	2619
257	2930
258	259
258	482
258	2752
259	260
259	262
259	572
259	625
259	657
260	261
260	1271
260	1752
260	2947
261	262
261	264
262	263
262	264
262	265
262	1849
262	1889
262	2805
263	457
263	1013
263	1067
263	2022
263	2185
263	2896
264	265
264	411
264	694
264	1219
264	1296
265	267
265	268
265	648
265	1233
265	2927
266	267
266	269
266	1703
266	2319
267	268
267	269
267	332
267	1042
267	1443
267	1581
267	1644
267	2061
267	2906
268	269
268	271
268	360
268	447
269	270
269	272
269	784
269	1263
270	271
270	273
270	2153
270	2764
271	274
271	1671
271	1906
271	1947
271	2479
272	274
272	640
272	1781
272	2853
272	2905
273	276
273	589
273	1625
273	2397
273	2792
274	275
274	276
274	357
274	508
274	1328
274	2435
275	1413
275	2313
275	2401
275	2631
275	2661
276	350
276	1667
276	1837
276	2405
276	2835
277	278
277	503
277	780
277	829
277	1135
277	1626
277	1637
277	1765
277	2141
277	2480
277	2693
278	280
278	281
278	2757
278	2883
279	1138
279	2756
279	2823
279	2949
280	434
280	718
280	785
280	820
280	1166
280	1309
280	1569
280	2021
280	2442
280	2696
280	2827
280	2890
281	282
281	283
282	965
282	1459
282	1735
283	286
283	647
283	1301
283	1628
283	1969
283	2739
284	285
284	746
284	1167
284	1278
284	1467
284	1616
285	288
285	648
285	1052
285	1333
285	1766
285	2251
285	2721
285	2876
286	287
286	288
286	372
286	1255
286	2951
287	289
287	290
287	930
287	1895
287	2243
287	2351
288	289
288	290
288	291
288	1903
289	2016
289	2043
289	2215
290	291
290	293
290	693
291	293
291	2167
291	2299
291	2376
291	2408
292	293
292	515
292	1467
292	1797
292	2654
293	296
293	1700
293	1970
293	2748
294	890
294	910
294	1131
294	1400
294	1866
294	1880
294	2102
295	296
295	298
295	2977
296	297
296	1011
296	1076
296	1907
297	298
297	300
297	1917
297	2303
298	301
298	1322
298	2322
298	2372
298	2523
299	882
299	1071
299	2078
299	2752
300	301
300	302
300	303
300	594
300	1323
300	2137
300	2687
301	302
301	304
301	882
301	2414
302	303
302	304
302	827
302	1517
302	2773
303	304
303	805
303	2600
303	2610
303	2733
304	305
304	307
304	1743
304	1761
305	306
305	308
305	893
305	2984
306	455
306	1193
306	1501
306	1551
306	2056
307	805
307	1112
307	1976
307	2032
308	309
308	443
308	1240
308	2694
309	311
309	973
309	977
309	1548
309	1565
309	1723
309	2418
310	311
310	312
310	877
310	1149
311	1624
311	1982
311	2280
311	2483
312	315
312	1489
312	1570
312	2343
312	2625
313	314
313	315
313	316
313	842
313	1493
313	1663
313	1707
313	2334
314	432
314	1826
314	1827
314	2613
314	2817
315	318
315	1583
315	1948
315	2880
316	318
316	319
316	542
316	573
316	2583
317	727
317	1610
317	1792
317	2255
317	2538
318	319
318	320
318	2337
318	2764
319	488
319	504
319	540
319	948
319	1655
320	1275
320	1759
320	2180
320	2896
321	727
321	1546
321	1852
321	1955
321	2093
322	323
322	325
322	1368
323	324
323	325
323	326
323	610
324	325
324	326
324	327
324	2403
324	2927
325	511
325	1060
325	1384
325	1434
325	1702
325	1715
326	329
326	2366
326	2649
327	447
327	1274
327	1419
327	1771
327	2578
328	734
328	1142
328	1317
328	1385
328	1915
328	1950
328	1999
328	2736
328	2832
329	331
329	442
329	1063
329	2379
330	1495
330	2122
330	2401
331	613
331	1111
331	2532
331	2871
332	333
332	421
332	2037
332	2714
333	334
333	335
333	2899
333	2949
334	335
334	336
334	1101
334	1196
334	2333
335	336
335	985
335	1054
335	1915
336	337
336	1478
336	2997
337	1094
337	1143
337	1255
337	1325
337	2497
337	2850
338	339
338	341
338	895
338	1035
338	1521
338	2018
339	342
339	1341
339	1635
339	1791
340	343
340	630
340	971
340	2111
340	2218
341	342
341	678
341	996
342	344
342	406
342	935
343	1212
343	2660
343	2855
344	1349
344	1733
344	2532
344	2698
345	347
345	2012
345	2873
346	347
346	349
346	380
346	1038
346	1405
346	1949
346	2001
347	722
347	757
347	1187
347	1439
347	2794
348	1096
348	1380
348	1441
348	2865
349	352
349	416
349	834
349	1350
350	1332
350	1448
350	2395
350	3000
351	352
351	353
351	1718
351	1877
351	2093
352	539
352	736
352	750
352	1054
352	2244
352	2999
353	355
353	356
353	2106
353	2127
353	2148
353	2281
354	355
354	2682
354	2826
355	358
355	1247
355	2878
356	357
356	358
356	359
356	1550
356	2285
357	358
357	360
357	1229
357	2595
358	360
358	361
358	2536
358	2697
359	360
359	361
359	362
359	1489
359	2010
360	362
360	363
360	732
360	1649
360	2026
360	2401
361	362
361	363
361	1216
361	1496
361	1765
361	1896
362	363
362	364
362	365
362	1404
362	2949
363	364
363	365
363	366
363	989
363	1346
364	366
364	367
364	2692
365	897
365	1356
365	2382
365	2971
366	369
366	566
366	991
367	1565
367	1847
367	2516
368	370
368	371
368	1662
368	1893
369	371
369	372
369	1636
370	371
370	373
370	812
370	2245
370	2404
371	373
371	764
371	1810
371	2029
371	2186
372	374
372	383
372	909
372	1555
372	2415
372	2773
373	374
373	564
373	975
374	376
374	1735
374	1957
374	2514
375	376
375	821
375	1147
375	1699
375	1748
375	2404
375	2905
376	377
376	378
376	1019
377	378
377	1317
377	1743
377	1973
378	379
378	667
378	746
378	2632
378	3000
379	758
379	1028
379	1249
379	2300
379	2512
379	2694
380	383
380	1406
380	2263
380	2505
381	665
381	899
381	1168
381	2893
382	384
382	914
382	2033
383	386
383	1034
383	1739
384	471
384	570
384	1286
384	1307
385	386
385	388
385	435
385	663
385	2868
386	387
386	1625
386	1796
386	1982
387	388
387	390
387	2293
388	389
388	391
388	455
388	758
388	1429
389	390
389	391
389	703
389	2014
389	2232
390	392
390	1096
390	1928
390	2821
391	393
391	394
391	1033
391	1531
392	1277
392	1827
392	2521
393	394
393	395
393	944
393	1991
394	395
394	396
394	397
394	2869
395	526
395	587
395	2212
395	2751
395	2774
396	398
396	884
396	1109
396	1124
396	1236
396	1598
396	1980
397	490
397	823
397	969
397	2275
398	399
398	400
398	401
398	752
398	1793
399	402
399	796
399	2980
400	1514
400	1816
400	2544
400	2928
401	1384
401	1750
401	1809
401	2198
402	860
402	2293
402	2610
402	2639
402	2903
403	404
403	405
403	469
403	932
403	1225
403	2035
404	406
404	2344
404	2457
405	407
405	1602
405	1963
405	2470
406	408
406	706
406	1250
407	409
407	1181
407	1360
407	1382
407	2469
407	2575
407	2960
408	410
408	2563
408	2993
409	410
409	411
409	412
410	1039
410	1426
410	1636
410	2846
410	2892
411	412
411	414
411	1616
411	2752
412	912
412	1274
412	2097
412	2939
413	416
413	1292
413	1772
413	2065
414	416
414	417
414	670
415	529
415	2426
415	2523
415	2751
416	417
416	419
416	2161
416	2631
416	2717
417	418
417	419
417	1264
417	1378
417	1978
418	966
418	1902
418	2026
418	2091
419	421
419	664
419	1679
419	1948
419	2886
420	421
420	423
420	1202
420	2731
421	424
421	1220
421	1242
421	1360
422	423
422	425
422	1112
422	2110
422	2902
423	425
423	1809
423	2657
423	2861
424	610
424	731
424	1143
424	1322
424	1356
424	2758
425	428
425	1242
425	1418
425	1476
426	427
426	428
426	532
426	617
426	1288
426	1961
427	428
427	682
427	697
427	1303
427	1769
427	1960
428	429
428	430
428	1276
428	1942
428	2476
428	2956
429	432
429	911
429	1813
429	1873
429	2233
430	432
430	824
430	853
430	1381
430	1652
430	1715
431	434
431	2018
431	2800
432	433
432	435
432	863
432	978
432	2269
432	2289
433	435
433	436
433	437
433	2605
434	577
434	1298
434	2794
435	800
435	2336
435	2512
435	2886
436	485
436	565
436	986
436	1158
436	1171
436	1216
436	1450
436	1806
437	439
437	440
437	450
437	2037
437	2323
437	2341
437	2860
438	441
438	689
438	777
438	1502
438	2037
438	2087
438	2450
438	2918
439	440
439	1022
439	1153
439	1239
439	1536
439	1613
439	2539
440	443
440	2275
440	2276
441	442
441	875
441	1863
441	2360
442	445
442	1328
442	1363
443	446
443	1573
443	2589
443	2666
443	2745
444	446
444	1370
444	2944
445	448
445	519
445	2312
445	2798
446	741
446	1316
446	2971
447	450
447	2277
447	2710
448	449
448	450
448	1424
449	452
449	663
449	2872
450	452
450	1742
450	1816
450	2734
451	453
451	1527
451	1796
451	2721
451	2881
452	453
452	683
452	916
453	454
453	455
453	1414
453	2507
454	455
454	456
454	457
454	877
454	1049
454	1594
454	2921
455	456
455	458
456	458
456	459
456	1184
456	2130
457	458
457	504
457	1325
457	1548
457	2124
458	459
458	460
458	820
458	2558
459	460
459	869
459	1086
459	1424
459	1555
460	461
460	462
460	474
460	1258
460	1631
460	1997
461	464
461	1625
461	1626
461	2204
461	2967
461	2992
462	463
462	611
462	922
462	1948
462	2258
462	2589
463	465
463	466
463	2289
464	465
464	467
464	2869
465	467
465	468
465	597
465	1947
465	2850
466	467
466	717
466	1661
466	1745
466	2350
466	2413
467	468
467	686
467	816
467	918
467	2037
467	2387
468	469
468	471
468	1478
468	1646
468	1693
469	471
469	611
469	1771
469	2953
470	473
470	1839
470	2509
470	2949
471	611
471	1371
471	1714
471	1970
472	473
472	475
472	1653
472	2362
472	2373
472	2557
473	474
473	870
473	2024
473	2286
474	477
474	1661
474	2857
474	2912
475	1602
475	1812
476	477
476	2162
476	2306
477	480
477	998
477	1221
477	2476
478	479
478	609
478	741
478	1860
478	2429
479	482
479	1387
479	1780
479	2313
479	2542
479	2581
480	482
480	483
480	654
480	665
480	2011
480	2562
480	2628
481	483
481	1768
481	2565
482	1515
482	2639
483	485
483	677
483	2003
484	486
484	487
484	2733
485	602
485	2725
486	488
486	489
486	1960
486	2325
487	1823
487	2584
487	2778
487	2899
488	490
488	2025
489	490
489	713
489	892
489	1234
489	1276
489	1760
490	491
490	492
490	917
490	2766
491	1924
491	2042
491	2451
491	2746
492	493
492	494
492	708
492	1776
493	670
493	1436
493	2464
494	496
494	1077
494	1594
494	2889
495	497
495	498
495	579
495	1009
495	2022
496	498
496	695
496	1359
496	1656
496	2315
496	2317
496	2470
497	498
497	500
497	2153
497	2326
497	2629
498	499
498	501
498	2203
499	500
499	501
499	502
500	502
500	737
500	1030
500	1286
500	2279
501	504
501	936
501	1189
501	2510
502	503
502	504
502	505
503	504
503	534
503	2985
504	1763
505	1623
505	2035
505	2055
505	2330
505	2348
505	2509
505	2809
506	508
506	509
506	2909
507	658
507	980
507	1224
507	1405
507	2659
508	510
508	618
508	1675
509	511
509	512
509	1474
509	1814
510	511
510	718
510	1025
510	1363
510	2111
511	512
511	1939
511	2222
512	1241
512	1639
512	1850
512	2589
512	2673
513	514
513	516
513	659
513	920
513	2089
514	515
514	650
514	1744
515	727
515	1449
515	1804
515	2697
516	519
516	637
516	1424
516	2292
516	2708
517	518
517	520
517	881
518	520
518	1143
518	1237
518	1386
518	2372
519	520
519	775
519	981
520	523
520	1410
520	2284
521	522
521	524
521	1134
521	1325
522	523
522	921
522	1265
522	1270
522	1571
523	613
523	644
523	1604
524	525
524	912
524	1738
524	2646
524	2647
525	527
525	528
525	2117
526	1180
526	1381
526	2147
527	761
527	937
527	1368
527	2036
527	2540
527	2712
528	529
528	649
528	921
528	1934
528	2019
528	2477
528	2867
529	669
529	1397
529	2590
530	531
530	533
530	863
530	2485
531	533
531	534
531	2409
531	2433
532	533
532	535
532	2785
533	534
533	536
533	1440
533	2168
533	2661
534	1103
534	1570
534	2179
534	2874
535	1152
535	1700
536	537
536	538
536	1318
536	2394
537	769
537	1227
537	1294
537	1581
537	1693
537	2716
538	539
538	541
538	734
538	1442
538	1886
539	540
539	773
540	541
540	543
540	1057
540	1431
540	1492
540	2123
541	576
541	1278
541	1408
541	2745
542	543
542	700
542	1842
543	545
543	571
543	2598
544	545
544	546
544	1125
544	2322
544	2941
545	548
545	2914
545	2947
546	547
546	1263
546	1802
546	1890
546	2775
547	589
547	976
547	1637
547	2285
547	2316
547	2804
548	549
548	703
548	1458
548	1731
549	552
549	973
549	1144
549	2454
550	552
550	553
550	791
550	2082
550	2480
551	554
551	1201
551	1930
551	2138
552	554
552	654
552	2652
552	2746
553	555
553	1256
553	1860
553	2007
553	2184
553	2637
554	555
554	557
554	2510
554	2876
555	557
555	1022
555	1093
555	1767
555	1894
555	2817
556	557
556	558
556	706
556	1374
556	1575
556	2577
557	558
557	960
557	1618
557	1713
557	1801
557	2819
558	561
558	953
558	1617
558	2035
559	560
559	562
560	561
560	563
560	1268
560	2429
560	2549
561	562
561	563
561	564
561	1661
562	565
562	1283
562	1376
562	1949
563	565
563	666
563	1524
563	2434
564	567
564	610
564	861
564	1228
564	2888
565	566
565	567
565	568
565	2224
565	2246
566	567
566	568
566	2971
567	568
567	1924
567	2808
568	570
568	571
568	1074
568	2108
568	2140
569	853
569	1489
569	1709
569	1718
569	2703
570	1762
570	2112
570	2905
571	573
571	1583
571	2454
571	2655
572	573
572	1211
572	2796
573	574
573	575
573	576
574	576
574	577
574	1283
575	577
575	578
575	721
575	849
575	1673
575	2367
576	578
576	579
576	660
577	580
577	1853
577	2473
577	2593
577	2799
578	580
578	1772
579	882
579	2399
580	582
580	1136
580	1380
580	2505
580	2673
581	782
581	1421
581	2302
581	2390
582	843
582	1109
582	1521
583	1704
583	1925
583	2065
583	2550
583	2922
584	585
584	586
584	1288
584	1419
584	2305
584	2947
585	586
585	972
585	1013
586	588
586	589
586	744
586	1409
586	1422
586	2268
587	588
587	2586
587	2948
588	589
588	591
588	2270
588	2836
589	591
589	2388
589	2852
590	591
590	802
590	988
590	1478
591	592
591	593
592	2249
592	2559
592	2823
592	2902
593	594
593	651
593	1586
593	1811
593	2427
594	924
594	2261
594	2995
595	597
595	1124
595	1499
595	2521
595	2842
596	1517
596	1726
596	1914
597	599
597	600
597	979
598	601
598	603
598	650
598	1640
598	2223
598	2580
598	2771
599	1354
599	2720
600	601
600	936
600	1762
601	603
601	604
601	1769
601	2818
601	2835
602	958
602	1337
602	2681
602	2914
603	605
603	606
603	1562
604	640
604	1156
604	2570
604	2735
604	2852
605	985
605	1077
605	2663
606	607
606	994
606	1135
606	2549
607	639
607	2312
607	2805
607	2894
608	610
608	611
608	910
608	1321
608	1744
608	2047
609	611
609	1076
609	2456
609	2983
610	612
610	682
610	1021
611	613
612	613
612	614
612	615
612	721
613	614
613	615
614	617
614	1405
614	1492
614	2031
614	2884
615	616
615	618
615	699
616	617
616	618
616	619
616	693
616	1473
616	2650
617	2230
617	2475
618	619
618	621
618	2846
619	620
619	651
619	1436
619	1570
619	2359
620	621
620	1103
620	2328
620	2794
620	2945
621	796
621	2765
622	1127
622	1680
622	1702
622	2394
622	2787
622	2851
623	626
623	1075
623	1368
624	627
624	890
625	628
625	2351
626	760
626	2412
626	2636
626	2919
627	628
627	630
627	1585
627	2047
627	2296
628	629
628	630
628	849
628	2407
629	630
629	631
629	632
629	1932
630	631
630	858
630	2472
630	2640
630	2810
631	634
631	2048
631	2178
631	2959
632	633
632	635
632	1877
633	636
633	1291
633	1495
633	1586
634	635
634	637
634	1704
634	1821
634	2205
635	636
635	638
635	1544
636	637
636	1062
636	2104
636	2582
637	640
637	726
637	1551
638	2338
638	2647
638	2970
639	641
639	1461
639	1608
639	2506
639	2596
640	641
640	643
640	767
640	1544
640	1809
641	643
641	1921
641	2516
642	919
642	1630
642	1793
642	1807
642	2298
643	644
643	645
643	692
643	1858
643	2109
644	2494
644	2965
644	2974
645	647
645	817
645	1149
645	1808
645	2433
646	1079
646	1107
646	1115
646	1961
646	2267
646	2381
647	649
647	650
647	2748
647	2927
648	902
648	2058
648	2230
648	2710
649	846
649	855
649	1708
649	1861
649	2499
649	2864
650	653
650	733
651	1917
651	2870
651	2899
652	653
652	1722
652	1993
653	655
653	656
653	705
653	1127
654	657
654	1148
654	1581
654	2116
655	687
655	1207
655	1996
655	2498
656	658
656	904
656	1326
656	1757
656	2146
657	659
657	890
657	1217
658	659
658	668
658	1423
658	1677
658	1905
659	660
659	661
659	1071
659	2268
659	2540
660	662
660	766
660	1226
660	2424
660	2631
661	1028
661	2017
661	2893
662	663
662	667
662	1105
662	1376
663	664
663	2732
664	724
664	1650
664	2112
664	2599
665	748
665	878
665	1911
665	1942
665	2732
665	2934
666	668
666	669
666	1848
666	2145
666	2396
666	2550
667	668
667	669
667	670
667	2160
668	669
668	1254
669	1011
669	1125
669	1142
669	2890
670	672
670	673
670	1619
670	2255
671	673
671	994
671	1122
671	2683
672	1569
672	1891
672	2196
672	2764
673	675
673	1484
673	2921
674	676
674	928
674	1475
674	2796
675	676
675	2251
676	678
676	679
677	696
677	743
677	794
677	1394
677	2718
678	680
678	694
678	813
678	2446
678	2714
678	2814
679	680
679	681
679	1363
679	1411
679	1418
679	2710
680	681
680	744
680	2199
681	683
681	1709
681	2142
682	683
682	2437
682	2990
683	685
683	686
684	686
684	687
684	725
684	903
685	688
685	1726
685	2827
685	2917
686	689
686	1914
686	1925
687	688
687	991
687	1819
687	1887
687	2378
687	2695
687	2824
688	1611
688	2244
688	2654
689	952
689	2109
689	2768
690	691
690	693
690	1516
690	2700
691	692
691	785
691	1440
691	1581
691	1997
692	695
692	720
692	1684
692	2097
693	694
693	1816
693	2540
693	2956
694	695
694	1391
694	2876
695	698
695	1002
695	1439
695	2034
695	2713
696	698
696	1827
696	2813
697	698
697	818
697	1107
697	1239
698	784
698	1393
698	2355
698	2846
699	721
699	1192
699	2055
699	2229
700	1369
700	1928
700	2084
700	2122
701	702
701	704
701	2147
702	703
702	800
702	1758
702	1800
703	1177
703	1490
703	1642
703	2192
704	705
704	707
704	2396
704	2597
704	2957
705	706
705	708
705	1367
705	1393
706	997
706	1757
706	2374
707	1515
707	1620
707	1728
707	2053
708	710
708	876
708	1819
708	2135
709	711
709	1455
709	2022
709	2127
710	1080
710	1087
710	1986
710	2033
711	712
711	713
711	2003
711	2372
711	2409
712	713
712	757
712	964
712	1872
712	2300
713	714
713	716
713	1540
714	716
714	717
714	1500
715	1181
715	1226
715	1773
715	2651
716	2229
716	2425
716	2616
717	753
717	1667
717	1673
717	1876
717	2824
718	720
718	721
718	2652
719	720
719	2260
719	2431
719	2684
720	723
720	808
720	1417
720	1730
720	2666
721	1575
722	723
722	2523
722	2641
723	725
723	1035
723	2071
724	725
724	726
724	727
725	727
725	869
725	876
725	1761
726	1158
726	2770
727	858
727	1210
727	1224
727	2065
727	2727
727	2887
728	729
728	731
728	928
728	973
728	2539
729	730
729	732
729	1779
729	2081
729	2127
730	757
730	958
730	1652
730	2366
731	733
731	734
731	1746
732	1359
732	2092
732	2793
732	2954
733	734
733	736
733	950
734	737
735	975
735	1300
735	1729
735	2031
735	2054
735	2080
736	738
736	1806
736	1905
736	2937
737	739
737	1245
737	1444
737	2747
738	739
738	741
738	1016
738	1616
739	740
739	741
739	742
739	1389
740	741
740	742
740	1589
741	742
741	2055
741	2114
742	743
742	775
742	2332
743	744
743	746
744	746
744	1560
744	1741
745	746
745	748
745	765
745	1324
745	2183
746	2367
746	2848
746	2963
747	1246
747	1777
747	2527
748	749
748	1723
748	2022
748	2174
749	751
749	941
749	1021
750	751
750	753
750	2049
750	2943
751	752
751	753
751	754
751	1602
751	1919
752	754
752	804
752	974
753	1786
753	2275
754	796
754	1118
754	1447
754	2291
754	2929
755	757
755	758
755	2130
755	2918
756	758
756	1722
756	2793
757	760
757	1421
757	1913
757	2196
758	760
758	1259
758	2606
758	2676
758	2888
759	760
759	762
759	2160
760	762
760	763
760	2638
761	762
761	763
761	1259
761	1315
761	2565
762	763
762	1315
762	1454
762	1796
762	2237
763	766
763	2614
763	2842
764	765
764	766
764	825
764	2657
764	2917
765	766
765	767
765	2225
765	2474
766	1228
766	1833
766	1928
766	2118
766	2160
766	2517
767	768
767	1799
767	2448
768	770
768	1410
768	2837
769	772
769	1142
769	1484
769	2704
770	2018
771	773
771	774
771	2136
771	2544
771	2988
772	774
772	1885
772	2147
773	1638
774	775
774	776
774	1748
775	1410
775	1850
776	778
776	779
776	2111
777	1510
777	1841
777	2130
778	1193
778	2133
778	2802
779	781
779	1828
779	2600
780	781
780	782
780	921
780	1356
780	2146
781	782
781	783
781	907
781	1209
781	1505
782	783
782	784
782	2149
782	2935
783	785
783	786
783	787
783	894
783	1083
783	1754
783	2101
783	2386
783	2991
784	786
784	787
784	1268
785	787
785	2408
786	787
786	788
786	1736
786	1995
787	790
787	1413
787	1967
788	789
788	852
788	962
788	1003
788	1860
788	2317
789	790
789	1235
789	1906
789	2537
790	792
790	1037
790	1239
790	1424
791	792
791	793
792	794
792	1159
792	1506
792	1946
793	794
793	795
793	796
794	797
794	1604
794	2226
794	2490
795	797
795	1037
795	1381
795	2234
795	2543
796	798
796	799
796	2244
796	2960
797	798
797	1227
797	1911
797	2432
797	2583
797	2834
798	799
798	800
798	1295
798	1476
798	2389
798	2478
798	2608
799	800
799	801
799	2444
799	2798
800	803
800	1129
800	1352
800	2635
801	1136
801	1698
801	2875
802	805
802	1499
802	1642
802	2696
803	1819
803	2488
804	805
804	807
805	806
805	808
806	808
806	1256
807	808
807	809
807	810
807	1968
808	1262
808	1504
809	811
809	812
809	1004
809	1975
810	811
810	1600
810	1637
810	1774
811	812
811	1236
811	1448
811	1958
812	1056
812	1364
812	1425
812	1576
813	2111
813	2572
813	2594
814	816
814	1517
814	2075
814	2537
815	818
815	1503
816	1010
816	1488
816	1713
816	2039
816	2386
817	1061
817	2534
818	821
818	878
818	1467
818	1578
818	2702
819	820
819	946
819	2187
819	2603
820	822
820	823
821	823
821	1004
821	1097
821	2702
821	2883
822	823
822	1922
823	824
823	825
823	826
823	1372
823	1433
824	825
824	827
825	1141
825	2223
825	2411
825	2682
825	2815
826	874
826	1038
826	1376
826	1642
826	2189
826	2622
827	2037
827	2524
827	2687
828	1742
828	1847
828	2058
828	2649
828	2912
829	936
829	1377
830	831
830	833
830	915
830	2532
830	2634
831	833
831	1158
831	2043
831	2660
831	2916
832	833
832	834
832	835
832	2091
832	2305
833	1662
833	2271
833	2799
834	1113
834	2645
834	2934
835	836
835	837
835	1646
835	1725
835	2292
835	2378
835	2656
835	2910
836	837
836	838
836	1284
837	838
837	839
837	1810
837	2509
838	1051
838	1267
838	1425
838	2348
839	842
839	1261
839	1615
839	1678
839	1701
839	2324
840	842
840	843
840	2027
841	1316
841	1605
841	2882
842	844
842	1738
843	2050
843	2061
843	2078
843	2795
844	1163
844	1884
844	2212
844	2552
844	2555
845	861
845	968
845	1792
845	2285
845	2619
845	2758
846	848
846	849
846	1352
846	2939
847	850
847	1039
847	1909
847	2234
848	851
848	2314
848	2470
848	2796
849	1234
849	1442
850	851
850	852
850	853
850	1695
850	2462
851	854
851	1045
851	1097
851	2928
852	854
852	936
852	1020
852	1610
852	1643
853	854
853	855
853	1446
854	855
854	856
854	857
855	858
855	1432
856	857
856	859
856	1536
856	1859
857	859
857	1639
857	2537
857	2566
858	1109
858	2338
859	860
859	1893
859	2257
859	2845
860	862
860	863
860	2747
861	862
861	1714
862	863
862	864
862	865
863	866
863	1347
863	1492
863	2364
864	866
864	867
864	1126
864	1289
865	868
865	2343
865	2482
866	1105
866	1370
866	1449
866	1509
866	2828
867	869
867	997
867	1047
867	1419
867	1735
867	1978
867	2157
867	2368
868	1969
868	2681
868	2709
869	870
870	2036
870	2909
870	2912
871	872
871	873
871	1747
871	2573
871	2591
871	2605
871	2843
872	1347
872	2087
872	2929
873	874
873	876
873	2889
874	876
874	1933
874	2053
874	2560
874	2721
875	876
875	877
875	2425
876	1500
876	2567
876	2675
877	878
877	879
878	2126
878	2234
879	881
879	886
879	1743
879	1942
879	2607
879	2932
879	2964
880	1781
880	1923
880	2897
881	2217
881	2597
881	2742
881	2769
882	1045
882	1287
882	1998
882	2604
882	2697
883	884
883	886
883	971
883	1433
884	885
884	887
884	1122
884	1814
884	2154
884	2218
884	2362
885	886
885	887
885	888
885	935
885	1422
886	887
886	1313
886	1346
886	1723
887	888
887	1483
887	1592
887	2598
887	2952
888	890
888	1437
888	1579
889	890
889	892
889	1093
889	1963
889	2086
890	891
890	1445
890	1564
890	2486
891	893
891	894
891	1170
891	2307
891	2716
892	893
892	894
892	1428
892	2364
892	2467
893	895
893	2066
893	2628
894	1667
894	1791
894	2280
895	896
895	926
895	2235
895	2643
895	2980
896	899
896	2124
896	2173
896	2891
897	899
897	1462
897	2065
897	2168
898	900
898	901
898	1645
898	2332
899	900
899	1468
899	1898
899	2333
899	2349
899	2751
900	901
900	902
900	903
901	902
901	903
901	930
901	1045
901	1567
902	903
902	1162
902	1803
902	1914
902	2639
902	2802
903	1904
903	2021
903	2227
903	2698
904	905
904	906
904	1543
905	906
905	908
905	991
905	1436
905	2880
906	908
906	909
906	1406
907	909
907	910
907	2090
908	911
908	1661
908	2859
909	911
909	912
909	1690
910	912
910	1613
911	912
911	914
911	1898
912	1327
912	2198
912	2647
912	2756
913	915
913	1367
913	2375
914	917
914	1327
914	2484
915	916
915	917
915	2398
916	917
916	918
916	919
916	1316
916	2412
917	919
917	1911
918	919
918	933
918	2794
919	921
919	1235
919	1386
919	2829
920	922
920	1343
920	2971
921	922
921	924
921	1644
921	2644
922	925
922	1036
922	1212
922	1707
923	924
923	1331
923	1749
923	2320
923	2950
924	927
924	1548
924	1959
924	2038
925	926
925	927
925	928
926	1196
926	1753
927	928
927	930
927	2145
928	1035
928	1979
928	2683
929	931
929	932
929	1240
929	2037
929	2918
930	933
930	2334
931	932
931	1652
931	2695
932	933
932	2733
932	2876
933	1067
933	1799
933	1886
933	1943
933	2806
934	936
934	937
934	1447
934	1566
934	2352
934	2656
934	2660
935	938
935	1556
935	1912
935	2670
936	939
936	1424
936	1492
936	1777
936	2320
937	938
937	1045
938	939
938	940
938	941
938	1436
938	2935
939	941
939	942
939	1745
939	2655
939	2689
940	941
940	943
940	1999
940	2982
941	942
941	944
941	1231
941	1741
941	2051
942	944
942	2215
942	2514
943	945
943	1398
944	945
944	946
944	2862
945	947
945	1865
945	2127
946	949
946	2185
946	2855
947	948
947	1411
947	1937
947	2054
947	2093
947	2866
948	950
948	2021
948	2285
948	2294
948	2339
949	950
949	951
949	1051
949	1768
950	951
950	952
950	953
950	2923
951	953
951	954
951	1167
952	953
952	1085
952	1486
952	2305
953	954
953	1600
953	1603
953	1789
953	2793
954	1401
954	2469
954	2568
955	1519
955	1837
956	957
956	958
956	959
956	2416
956	2581
956	2825
957	959
957	1264
957	1298
957	1651
957	2041
958	959
958	961
958	2707
959	960
959	961
959	962
960	1109
961	964
961	2029
962	2064
962	2207
962	2563
962	2765
962	2802
962	2928
963	965
963	1407
963	2664
963	2923
964	965
964	1164
964	2319
964	2629
964	2940
965	1718
965	2279
965	2523
965	2695
965	2706
966	967
966	976
967	968
967	969
967	2056
967	2187
968	1902
968	2456
968	2966
969	970
969	2485
970	971
970	973
970	1591
970	1910
971	1799
971	2420
971	2503
972	973
972	974
972	1197
973	1838
973	1888
974	1425
974	2665
975	978
975	1509
975	2908
976	977
976	979
976	1147
977	2405
977	2545
978	2669
979	1183
979	1538
979	1738
979	1866
979	2490
980	981
980	982
980	1832
981	982
981	983
981	984
981	1433
982	983
982	984
982	1155
982	1499
982	2113
983	984
983	1174
983	1301
983	1620
983	1725
983	1903
983	2491
984	987
984	1016
984	1958
985	986
985	987
985	988
985	1693
986	989
986	1651
986	2917
987	988
987	1287
987	1299
987	2391
987	2554
988	989
988	990
988	991
988	1855
989	992
989	1102
990	991
990	1602
990	1700
990	2071
991	1380
991	1713
991	2559
991	2815
992	994
992	1010
992	1367
993	994
993	1301
993	2809
993	2866
994	995
994	996
994	1193
995	997
995	998
995	2002
995	2151
995	2828
996	997
996	1364
996	1572
996	2172
996	2677
997	1463
997	1613
997	1692
997	2121
998	1000
998	1001
998	1841
999	1001
999	2365
999	2736
1000	1001
1000	1003
1000	1007
1000	1792
1001	1004
1001	2322
1001	2345
1002	1003
1002	2057
1002	2623
1003	1005
1003	1899
1003	2909
1004	2278
1005	1094
1005	1390
1005	2222
1006	1008
1006	1009
1006	2340
1007	1010
1007	1977
1007	2053
1008	1011
1008	1840
1008	2627
1009	1488
1009	1551
1009	2302
1010	1011
1010	1012
1010	1114
1010	2130
1010	2861
1011	1012
1011	2230
1012	1015
1012	1869
1012	2360
1013	1014
1013	1015
1013	1080
1013	1696
1013	2055
1013	2797
1014	1017
1014	1560
1014	1765
1014	2017
1014	2793
1015	1018
1015	1452
1015	2160
1016	1951
1016	2562
1016	2563
1017	1020
1017	1048
1017	1221
1017	2248
1017	2521
1017	2790
1018	1019
1018	1020
1018	1021
1018	2603
1019	1022
1019	1204
1019	1919
1019	1945
1019	2418
1020	1525
1020	2247
1020	2434
1020	2674
1021	1022
1021	1023
1021	1024
1021	1033
1021	1689
1022	1066
1022	1984
1023	1025
1023	1410
1023	1415
1023	2528
1023	2849
1024	1025
1024	1402
1024	1625
1024	2180
1025	1027
1025	1930
1026	1027
1026	1028
1026	1029
1026	1355
1026	2258
1026	2620
1026	2895
1027	1029
1027	1030
1027	1281
1027	2400
1027	2629
1027	2724
1028	1697
1028	2139
1028	2482
1029	1030
1029	1031
1029	1316
1030	1319
1030	1470
1030	2199
1031	1034
1031	1919
1031	2223
1031	2227
1031	2494
1031	2786
1032	1085
1032	1210
1032	1665
1032	1818
1032	2336
1032	2876
1033	1036
1033	2668
1033	2733
1034	1035
1034	1036
1034	1037
1034	1390
1035	1073
1035	2627
1036	1037
1036	1039
1037	1039
1037	1789
1037	2919
1038	1640
1038	1931
1039	1040
1039	1782
1039	2668
1040	1041
1040	1042
1040	1623
1040	2901
1041	1042
1041	1044
1042	1043
1042	1045
1042	1215
1042	1230
1042	2351
1043	1046
1043	1442
1043	1854
1043	1908
1044	1045
1044	1046
1044	1047
1045	1046
1046	1048
1046	1049
1046	1051
1046	1680
1046	1704
1046	1705
1047	1049
1047	2900
1047	2949
1048	1192
1048	2388
1048	2852
1049	1050
1049	1204
1049	1878
1049	2301
1049	2835
1050	1053
1050	2958
1050	2999
1051	2335
1051	2387
1052	1054
1052	1055
1053	1054
1053	1055
1053	1984
1054	1055
1054	1056
1054	2194
1055	1058
1055	2214
1056	1058
1056	1547
1056	2549
1057	1060
1057	2516
1058	1059
1058	1060
1058	1245
1058	2888
1059	1060
1059	1061
1059	2583
1059	2641
1060	1061
1060	1063
1060	1946
1061	1062
1061	1064
1061	2538
1062	1063
1062	1064
1062	1065
1062	2393
1063	1066
1063	1445
1063	1994
1063	2235
1063	2478
1064	1067
1064	1892
1064	2334
1064	2602
1064	2773
1064	2787
1065	1066
1065	1067
1065	1805
1065	2087
1066	1067
1066	1140
1066	1286
1066	2126
1067	1160
1067	2584
1067	2985
1067	2987
1068	1189
1068	1420
1068	1497
1068	2580
1069	1070
1069	2291
1069	2318
1070	1073
1070	1213
1070	1616
1070	1812
1070	1925
1071	1256
1071	1390
1071	2421
1072	1073
1072	1075
1072	2781
1073	1076
1073	1222
1073	2110
1073	2707
1074	1076
1074	2269
1074	2368
1075	1077
1075	1462
1075	2115
1075	2836
1076	1077
1076	1123
1076	1135
1076	1192
1076	2439
1077	1535
1077	1823
1077	2229
1077	2751
1077	2963
1078	1079
1078	1084
1078	1855
1078	2096
1079	1081
1079	1925
1080	1082
1080	2788
1081	1083
1081	1222
1081	2330
1081	2905
1082	1083
1082	1084
1082	1085
1082	1444
1082	2272
1083	2119
1083	2651
1084	1085
1084	1087
1085	1086
1085	1087
1085	1377
1085	2262
1086	1087
1086	1089
1086	1943
1087	1089
1087	1090
1087	1708
1087	2310
1088	1089
1088	1090
1088	1324
1088	1388
1089	1090
1089	1092
1089	1622
1089	2308
1089	2468
1089	2603
1090	1091
1090	1093
1090	2599
1090	2798
1091	1092
1091	1094
1091	1406
1092	1094
1092	1095
1092	1493
1092	1716
1093	1095
1093	1829
1093	1968
1094	1096
1094	1226
1094	1560
1094	2094
1095	1098
1095	1562
1095	2617
1096	1098
1096	1099
1096	1171
1096	2557
1097	2238
1098	1099
1098	1176
1098	2274
1099	1102
1099	2270
1099	2449
1099	2552
1100	1102
1100	1495
1100	1760
1100	1829
1100	2276
1100	2677
1101	1102
1101	2621
1101	2676
1102	1103
1102	1991
1102	2934
1103	1104
1103	1105
1103	2460
1104	1105
1104	1106
1104	2855
1105	1108
1105	1701
1105	2269
1106	1108
1106	1899
1106	2607
1107	1110
1107	1672
1107	1749
1108	1109
1108	2714
1108	2867
1109	1597
1109	2464
1109	2864
1110	2344
1110	2497
1110	2521
1110	2550
1111	1112
1111	1113
1111	1169
1111	2248
1112	1113
1112	2796
1113	1114
1113	1116
1113	1612
1113	1792
1114	1115
1114	1117
1114	2509
1114	2653
1115	1117
1115	1118
1115	2696
1116	1117
1116	1527
1116	1914
1116	2200
1116	2461
1117	1119
1117	1359
1117	1596
1117	2727
1118	1119
1118	1682
1118	2168
1118	2733
1119	1121
1119	1685
1119	1698
1119	2124
1120	1121
1120	1123
1120	1616
1120	1836
1121	1123
1121	1124
1121	2621
1121	2863
1122	1124
1122	1787
1122	2571
1123	1126
1124	1125
1124	1846
1124	2381
1125	1126
1125	1844
1126	1218
1126	1413
1126	2385
1127	1129
1127	1256
1127	1681
1127	2035
1127	2197
1127	2716
1128	1130
1128	1131
1128	1191
1128	1224
1128	1254
1128	1964
1129	1130
1129	1132
1129	2430
1130	1131
1130	1132
1130	1666
1130	1853
1130	2216
1131	1700
1131	2166
1131	2729
1132	1133
1132	1134
1132	1135
1132	1606
1132	2205
1132	2457
1132	2601
1133	1135
1133	1248
1133	1640
1133	2454
1133	2929
1133	2998
1134	1135
1134	2219
1134	2873
1135	1137
1135	1169
1135	1551
1136	1138
1136	1269
1136	1733
1137	1139
1137	1140
1137	1430
1137	1530
1137	1728
1137	2344
1137	2996
1138	1139
1138	1141
1138	1951
1139	1175
1139	1346
1139	1866
1140	1141
1140	1142
1140	1143
1140	2588
1141	1143
1141	1797
1141	1798
1142	1314
1142	2580
1143	1144
1143	1146
1143	1298
1143	2974
1144	1483
1144	1859
1144	2003
1145	1147
1145	1148
1145	1477
1146	1147
1146	1148
1146	1149
1146	1541
1146	2033
1147	1148
1148	1410
1148	2092
1149	1150
1149	1201
1149	1497
1149	1737
1150	1151
1150	1153
1150	1369
1150	1407
1151	1152
1151	1154
1151	1707
1151	2902
1152	1153
1152	1154
1153	1154
1153	1276
1153	1589
1153	2333
1153	2407
1154	1155
1154	2670
1154	2687
1154	2763
1155	1157
1155	1158
1155	2458
1156	1157
1156	1393
1156	2551
1156	2781
1157	1436
1157	1845
1157	2876
1157	2916
1158	1463
1159	1160
1159	1161
1159	1922
1159	2077
1160	1162
1160	1868
1160	2557
1161	1162
1161	1163
1161	1164
1161	1462
1162	1215
1162	2446
1162	2447
1162	2770
1162	2848
1162	2986
1163	1164
1163	1674
1163	1937
1164	1165
1164	1167
1164	1243
1164	2221
1164	2302
1165	1167
1165	1920
1165	2033
1165	2419
1165	2684
1166	1167
1166	1822
1167	1169
1167	1170
1168	1171
1168	1368
1168	1380
1168	1638
1168	2033
1168	2568
1169	1171
1169	1597
1169	1929
1169	2490
1170	1172
1170	1173
1170	2735
1171	1173
1171	1461
1171	1804
1171	2990
1172	1392
1172	1539
1172	2067
1173	1175
1173	1176
1173	2364
1173	2807
1174	1177
1174	1224
1174	2917
1175	1383
1175	1579
1176	1177
1176	1178
1176	1179
1177	1178
1177	1179
1177	1180
1178	1180
1178	1617
1178	1843
1178	2238
1178	2758
1179	1181
1179	1753
1179	2583
1180	1181
1180	1182
1180	1183
1180	1909
1181	1182
1181	1657
1181	1868
1182	1184
1182	1356
1182	2414
1183	1184
1183	1185
1183	1233
1183	1483
1183	2263
1183	2895
1184	1341
1184	1615
1185	1186
1185	1342
1185	2047
1186	1187
1186	1188
1186	1342
1186	2414
1187	1188
1187	1494
1187	2011
1187	2091
1188	1189
1188	1190
1188	1191
1188	2488
1189	1191
1189	1192
1189	1309
1189	1864
1189	2049
1190	1191
1190	1849
1190	2009
1190	2150
1190	2206
1190	2634
1191	1199
1191	1310
1192	2147
1193	1196
1193	2558
1194	1195
1194	1196
1194	1197
1195	1197
1195	1198
1195	1433
1196	1198
1196	1941
1196	2079
1197	1200
1197	1966
1197	2218
1198	1200
1198	1201
1198	2301
1199	1201
1199	1449
1199	2538
1200	1202
1200	1540
1200	2296
1200	2553
1201	1204
1201	1341
1201	1536
1201	1571
1201	1802
1201	2043
1201	2136
1201	2914
1202	1497
1202	1912
1202	1958
1202	2575
1203	1204
1203	1658
1203	2266
1203	2459
1203	2885
1204	1592
1204	2297
1204	2780
1204	2819
1205	2303
1205	2337
1205	2721
1205	2975
1206	1207
1206	1209
1206	2350
1206	2521
1207	1208
1207	1209
1207	2261
1208	1211
1208	2411
1208	2681
1209	1847
1209	2490
1209	2618
1210	1211
1211	1213
1211	1387
1211	2540
1212	1214
1212	2118
1212	2659
1213	1214
1213	1567
1213	1730
1213	1840
1213	1845
1213	2001
1213	2024
1213	2095
1213	2408
1214	1215
1214	1216
1214	1217
1214	1547
1215	1218
1216	1217
1217	1219
1217	1220
1217	1366
1217	1669
1217	2547
1218	1220
1218	1754
1218	2476
1219	1220
1219	1221
1219	1222
1220	1221
1220	1568
1221	1222
1221	1223
1221	2782
1222	1224
1222	1307
1222	1650
1222	1654
1223	1225
1223	1226
1223	1700
1223	2586
1224	1281
1224	2478
1225	1228
1225	1346
1225	1522
1225	2115
1226	1229
1226	1676
1227	1279
1227	1346
1227	2195
1228	1655
1228	2647
1229	1694
1229	2004
1229	2423
1230	1231
1230	1232
1230	2484
1231	1524
1231	2429
1231	2953
1232	1234
1232	2048
1232	2817
1233	1236
1233	1261
1233	1509
1233	2180
1233	2786
1233	2795
1234	1749
1235	1236
1235	1477
1235	2626
1235	2919
1236	1237
1236	1239
1237	2480
1237	2760
1237	2872
1238	1239
1238	1240
1238	1912
1238	2755
1238	2942
1239	1595
1240	1243
1240	1507
1240	2109
1240	2569
1241	1242
1241	1243
1241	1244
1241	1940
1241	2194
1241	2399
1242	1547
1242	1645
1242	1974
1242	2208
1242	2454
1243	1246
1243	1674
1244	1245
1244	1246
1244	1247
1245	1246
1245	1696
1245	2592
1246	1247
1246	1249
1246	2777
1247	1248
1247	1250
1247	1721
1247	2115
1247	2135
1248	2342
1248	2570
1249	1267
1249	1761
1250	1252
1250	1371
1250	1492
1250	2101
1251	1254
1251	1368
1251	2156
1252	1985
1252	2869
1253	1254
1253	1255
1253	1256
1253	1793
1254	2100
1254	2127
1254	2317
1254	2388
1254	2635
1255	1256
1255	1258
1256	2061
1256	2167
1256	2377
1257	1260
1257	1834
1257	2328
1257	2707
1257	2718
1258	1261
1258	2671
1259	2948
1260	1261
1260	1262
1260	2928
1261	1262
1262	1263
1262	1597
1262	1678
1262	2119
1262	2893
1263	2386
1263	2589
1263	2648
1263	2852
1264	1782
1264	1815
1264	2051
1265	1544
1265	2441
1265	2472
1266	1268
1266	1829
1266	2048
1267	1268
1267	1839
1268	1269
1268	1270
1268	1384
1268	1591
1268	1679
1268	2074
1269	1552
1269	1789
1269	2161
1269	2639
1270	1273
1270	2476
1271	1272
1271	1273
1271	1274
1271	2763
1272	1274
1272	2370
1273	1275
1273	1276
1273	1634
1273	1788
1274	1277
1275	1277
1275	1278
1275	1611
1275	1889
1275	2081
1275	2418
1276	2149
1276	2742
1277	1279
1277	1519
1277	2140
1277	2878
1278	1280
1279	1280
1279	1282
1279	2239
1280	1283
1280	2578
1280	2817
1281	2649
1282	1283
1282	1284
1282	1635
1282	2155
1283	1284
1283	1599
1283	1932
1283	2969
1284	1286
1284	1287
1284	1326
1284	2878
1285	1286
1285	1511
1285	2405
1285	2510
1286	1672
1286	2057
1286	2455
1287	1288
1287	1289
1287	2441
1287	2518
1288	1291
1288	2794
1289	1692
1289	1722
1289	2687
1289	2745
1290	1292
1290	1293
1291	1292
1291	1294
1291	2681
1291	2859
1291	2874
1292	1690
1292	2070
1293	1580
1293	1854
1293	1935
1293	1950
1293	2045
1293	2277
1294	1295
1294	1296
1295	1298
1295	1861
1295	2661
1296	1299
1296	2612
1297	1851
1297	1953
1297	2083
1297	2572
1298	1301
1299	1301
1299	1589
1299	1994
1300	1301
1300	2356
1301	1302
1302	1488
1302	2221
1302	2514
1303	1305
1303	1335
1303	1911
1304	1305
1304	1306
1304	1307
1304	1404
1304	1790
1305	1308
1305	1789
1305	2289
1306	1307
1306	1309
1306	2237
1306	2531
1307	1310
1307	1776
1307	1857
1308	1423
1308	1496
1308	1944
1308	2261
1308	2793
1309	1312
1309	1899
1309	2962
1310	1312
1310	2247
1310	2354
1311	1314
1311	2520
1312	1313
1312	1733
1312	1875
1312	2343
1313	1314
1313	1316
1313	1421
1313	1644
1313	2646
1314	1315
1314	1316
1314	1317
1314	2199
1315	2187
1316	1318
1317	2432
1317	2915
1318	1320
1318	1321
1318	1613
1319	1321
1319	1365
1319	2635
1320	1323
1320	2269
1321	1487
1321	1937
1321	2031
1321	2321
1322	1626
1322	2077
1323	1325
1323	1326
1323	1884
1324	2533
1324	2932
1325	1328
1325	2954
1326	1329
1326	2828
1327	1717
1327	2199
1327	2888
1328	1459
1328	2798
1329	1330
1329	1331
1329	1332
1329	1957
1329	2736
1330	1331
1330	1332
1330	2251
1331	1332
1331	2481
1332	1849
1332	1962
1332	2346
1333	1483
1333	2765
1334	1335
1334	1394
1334	1437
1335	1336
1335	1625
1335	2301
1336	1337
1336	1338
1336	1339
1336	1754
1336	2021
1337	1984
1338	1341
1338	1638
1338	2430
1338	2523
1339	1342
1339	1891
1339	2005
1340	1343
1340	1434
1340	1945
1340	2039
1341	1343
1341	1344
1342	1343
1342	1345
1343	1344
1343	2797
1344	1345
1344	1347
1344	2716
1345	1507
1345	1749
1345	2054
1346	1348
1347	1348
1347	1349
1347	1350
1348	1351
1348	1972
1348	2074
1348	2102
1348	2253
1349	1350
1349	1900
1349	2535
1350	1352
1350	1353
1350	2506
1350	2777
1351	1353
1351	2210
1351	2307
1351	2940
1352	1353
1352	1407
1352	1503
1352	2168
1353	1355
1353	1481
1353	1561
1353	2523
1354	1356
1354	1893
1355	1358
1355	2709
1356	1359
1356	1469
1357	1975
1357	2079
1357	2223
1358	1359
1358	1361
1358	2472
1358	2544
1358	2808
1359	1361
1359	1566
1359	1645
1359	1924
1360	1362
1360	1363
1361	1363
1361	1364
1361	2308
1361	2623
1362	1364
1362	1365
1362	1887
1363	1861
1363	2346
1364	1367
1364	1792
1364	2063
1364	2329
1364	2352
1365	1367
1365	1501
1365	2671
1366	1368
1366	1369
1366	2487
1367	1376
1367	1772
1367	2660
1368	1369
1368	1371
1369	1372
1369	2242
1370	1372
1370	1373
1371	1372
1371	1373
1371	1942
1371	2620
1371	2645
1372	1429
1372	1604
1372	2425
1373	1376
1373	1431
1373	2743
1374	2944
1375	1376
1375	1377
1375	1665
1375	2783
1376	1378
1376	1379
1376	1797
1377	1551
1377	2209
1377	2775
1378	1380
1378	2371
1379	1381
1379	1382
1379	1532
1380	1383
1380	2773
1381	1383
1381	2852
1382	1550
1382	1639
1383	1384
1383	1442
1383	2171
1383	2741
1384	1385
1385	1896
1385	2558
1385	2673
1386	1389
1386	2591
1387	2099
1387	2279
1387	2847
1388	1390
1388	1956
1388	2111
1388	2426
1389	1390
1389	2298
1390	1392
1391	1393
1391	2932
1392	1394
1392	1557
1392	3000
1393	1527
1393	1710
1393	2064
1393	2369
1393	2585
1394	1395
1394	1397
1394	1533
1394	2577
1394	2869
1395	1396
1395	1397
1395	1398
1395	2233
1395	2678
1396	1398
1396	1399
1396	2241
1397	1398
1397	1400
1397	2530
1398	1399
1398	1401
1398	2070
1399	1400
1399	1401
1400	1401
1400	1402
1400	2981
1401	1402
1401	1595
1402	1403
1402	1404
1402	1962
1403	1405
1403	1406
1403	1652
1403	2606
1404	1405
1405	1408
1405	1822
1405	2223
1405	2997
1406	1409
1406	1445
1407	1408
1407	1409
1408	1409
1408	1410
1408	1983
1408	2727
1409	2090
1409	2509
1410	1411
1410	1743
1410	2610
1410	2971
1411	1414
1411	1904
1412	1413
1412	1414
1412	2301
1412	2702
1412	2900
1413	1415
1413	1416
1413	2107
1413	2315
1414	1417
1414	2565
1414	2826
1415	1416
1415	1847
1415	2302
1416	1417
1416	1418
1416	1419
1416	2670
1417	1419
1417	1420
1417	1451
1417	2950
1418	1421
1419	1420
1419	1422
1419	2681
1419	2959
1420	1665
1420	2209
1420	2317
1421	1422
1421	1698
1421	2291
1422	1423
1422	1425
1422	2463
1423	1424
1423	2251
1424	1426
1424	2354
1424	2525
1425	1426
1425	2085
1425	2304
1425	2717
1426	1428
1426	1429
1426	1654
1427	1428
1427	1429
1427	1994
1428	2085
1428	2779
1429	1430
1429	1431
1429	1432
1430	1431
1430	1432
1431	1432
1431	1439
1431	2123
1431	2484
1432	1433
1432	1434
1432	1435
1432	2772
1433	1435
1433	1998
1434	1906
1434	2429
1434	2827
1435	1438
1435	2602
1435	2619
1436	2663
1436	2984
1437	1438
1437	1439
1437	1609
1437	1677
1437	1686
1437	2836
1438	1439
1438	1440
1438	1441
1438	2890
1439	1442
1439	1817
1439	2725
1440	1441
1440	1442
1440	1443
1440	2547
1441	1443
1441	1912
1441	2187
1441	2383
1442	1481
1442	1761
1442	2145
1442	2149
1443	1445
1443	1646
1443	1654
1444	1445
1444	1643
1444	2663
1445	1448
1446	1449
1446	1528
1446	2929
1447	1448
1447	1450
1448	1708
1448	1883
1448	2350
1448	2835
1449	1452
1449	1471
1449	2764
1449	2936
1450	2037
1450	2875
1451	1463
1451	2542
1452	1455
1452	2116
1452	2424
1453	1455
1453	1793
1453	2433
1453	2767
1454	1455
1454	2357
1454	2808
1454	2814
1455	1456
1455	1564
1455	1568
1455	1590
1455	1905
1455	2083
1455	2742
1456	1458
1456	1459
1456	1760
1457	1459
1457	1460
1457	2598
1457	2603
1458	1461
1458	1750
1459	1462
1459	1519
1459	1696
1459	2529
1459	2893
1460	1999
1460	2000
1460	2729
1460	2829
1461	1463
1461	1631
1461	2380
1461	2500
1461	2718
1462	1465
1462	1690
1463	1466
1464	1655
1464	2259
1464	2404
1464	2531
1464	2940
1465	1466
1465	1468
1465	2798
1465	2901
1466	1468
1466	1469
1466	2279
1467	1772
1468	1469
1468	1470
1468	1471
1469	1470
1469	1471
1470	1473
1470	1664
1470	2746
1470	2862
1471	1474
1471	1717
1472	1473
1472	1475
1472	1543
1472	1861
1473	1476
1473	2145
1473	2501
1473	2686
1474	1768
1474	1806
1475	1477
1475	1478
1475	2154
1476	1681
1477	1478
1477	1479
1477	1480
1478	1481
1478	1880
1478	2393
1479	1482
1479	2197
1479	2539
1480	1481
1480	1482
1480	1483
1481	1482
1481	1956
1481	2720
1481	2978
1482	1756
1482	2180
1483	1485
1483	1486
1483	2631
1484	1486
1484	1838
1484	2074
1484	2139
1485	1486
1485	1487
1485	1518
1485	2243
1485	2959
1486	1487
1486	1488
1486	1489
1486	2855
1487	1488
1487	2283
1487	2700
1487	2997
1488	1491
1488	2165
1489	1969
1490	1491
1490	1534
1490	1682
1490	2395
1490	2624
1491	1597
1491	2290
1491	2574
1491	2809
1493	1496
1493	1769
1493	2197
1493	2858
1494	1497
1495	1496
1496	1498
1496	1499
1497	1500
1497	1716
1497	2872
1498	1499
1498	1601
1498	1824
1498	2982
1499	1502
1499	2760
1499	2780
1500	1501
1500	1503
1500	1624
1500	2854
1500	2986
1501	1504
1501	2702
1502	1504
1503	1919
1503	2284
1503	2926
1504	1505
1504	1506
1504	2042
1504	2256
1505	1951
1505	2277
1505	2650
1506	1508
1506	1968
1507	1510
1507	1913
1507	2342
1507	2496
1507	2854
1508	1511
1508	1859
1508	2173
1508	2969
1509	1510
1509	2945
1510	1511
1510	1512
1510	1513
1511	1514
1511	1964
1511	2607
1512	1513
1512	1514
1512	1515
1513	1515
1513	1553
1513	2025
1513	2032
1514	1516
1514	1517
1514	2629
1515	1518
1516	1517
1516	2633
1516	2983
1516	2991
1517	1977
1517	2444
1518	1519
1518	1522
1519	1522
1520	1522
1520	2272
1520	2910
1521	2027
1521	2262
1521	2325
1522	1523
1522	1525
1522	1921
1523	1524
1523	1526
1523	1537
1523	2435
1524	1525
1524	1526
1524	2477
1525	1528
1525	1630
1525	1832
1526	1527
1526	1529
1526	2346
1527	1530
1527	1848
1527	1890
1528	1529
1528	1530
1528	1972
1529	1531
1529	2184
1530	1532
1530	1533
1530	2204
1531	1533
1531	1938
1531	2497
1532	1533
1532	1535
1532	1673
1532	2197
1533	1534
1533	1536
1534	1536
1534	2058
1535	1537
1535	2906
1536	1538
1536	1795
1536	2329
1536	2395
1537	1539
1537	1540
1537	2617
1538	1539
1538	1541
1538	2775
1539	1540
1539	1542
1539	2595
1540	1541
1540	1542
1540	1543
1540	1845
1540	2529
1541	1543
1541	2545
1542	1544
1542	1545
1542	2551
1543	2729
1544	1547
1544	2416
1545	1546
1545	1547
1545	2044
1545	2513
1546	1548
1546	1549
1546	2467
1547	1549
1547	2091
1547	2224
1547	2721
1548	1629
1548	1998
1548	2585
1549	1550
1549	1551
1549	2017
1549	2531
1550	1552
1550	1553
1550	1624
1550	2966
1551	1680
1551	1821
1551	2442
1552	1555
1552	1853
1553	1555
1553	1556
1554	1557
1554	2729
1554	2838
1555	1556
1555	2013
1556	1557
1556	1559
1556	1589
1557	1559
1557	1560
1557	1752
1557	2689
1558	1561
1558	1941
1558	2607
1559	1560
1559	1756
1559	1857
1559	2180
1560	1561
1560	2994
1561	1562
1561	1564
1561	2207
1562	1564
1562	1565
1562	2923
1563	1565
1563	2665
1564	2475
1565	1566
1565	1900
1565	2225
1565	2654
1566	1569
1567	1568
1567	1569
1568	1569
1568	1570
1568	1571
1569	2392
1569	2774
1571	1574
1571	2815
1572	1573
1572	1574
1572	1575
1572	2017
1573	1574
1573	1575
1573	1576
1573	1633
1573	1855
1573	2382
1574	1575
1574	1576
1574	2478
1574	2679
1574	2821
1575	1578
1575	2058
1576	1577
1576	1722
1576	2330
1577	1579
1577	1719
1577	1775
1577	2967
1578	1580
1578	1987
1578	2836
1578	2978
1579	1773
1579	1899
1579	2386
1580	1581
1580	1583
1580	2781
1581	1584
1581	2283
1581	2309
1582	1583
1582	1584
1582	1585
1582	2400
1583	1584
1583	1922
1584	1585
1584	1587
1584	1907
1584	2685
1585	1586
1585	1786
1585	2106
1586	1589
1586	2802
1587	1588
1588	1589
1588	2412
1588	2425
1588	2700
1589	2161
1589	2322
1590	1591
1590	1593
1590	2084
1590	2103
1590	2443
1590	2576
1591	1592
1591	1736
1592	1593
1592	1594
1592	1595
1592	2160
1593	1594
1593	1595
1593	1596
1593	2085
1594	1740
1594	1762
1594	1963
1594	2590
1595	1598
1595	1654
1595	2107
1596	1597
1596	1958
1596	2319
1596	2679
1597	1600
1598	1599
1598	1600
1598	2639
1598	2658
1599	1601
1599	1666
1599	2296
1599	2548
1600	1714
1600	1724
1600	2747
1601	1603
1601	1604
1602	1604
1602	1989
1602	2419
1602	2461
1602	2759
1603	1605
1603	1815
1603	2656
1604	1605
1604	1607
1604	2821
1605	1606
1605	1607
1605	1608
1605	2889
1606	1990
1606	2747
1607	1608
1607	1609
1607	1759
1607	1882
1607	2376
1608	2152
1609	1610
1609	1611
1609	1721
1610	2448
1611	1612
1611	1613
1611	2792
1612	1614
1612	2522
1613	1615
1613	1616
1614	1617
1614	2574
1614	2690
1615	2453
1616	1993
1616	2372
1617	1619
1617	1620
1618	1619
1618	1803
1618	2224
1619	1620
1619	1621
1619	2903
1620	1621
1620	2310
1620	2770
1620	2936
1621	1622
1621	1623
1621	1624
1622	1625
1622	2936
1623	1625
1624	2047
1625	1996
1626	1629
1626	1818
1626	2337
1627	1629
1627	1666
1627	1813
1627	2236
1628	1629
1628	1638
1628	1738
1628	1939
1628	2041
1629	2024
1629	2835
1630	1955
1631	1717
1631	2056
1631	2798
1632	1633
1632	1804
1632	2411
1632	2646
1632	2885
1633	1634
1633	1636
1633	2619
1634	1635
1634	1637
1634	2808
1634	2868
1635	1637
1635	1838
1635	2539
1635	2763
1636	1637
1636	1639
1636	2006
1636	2256
1637	1639
1638	1640
1639	1642
1639	1799
1639	2146
1639	2260
1641	1643
1641	1659
1641	1828
1641	2788
1642	1643
1642	2012
1643	1644
1643	1645
1643	2132
1643	2361
1643	2379
1643	2823
1644	1646
1645	1655
1645	2451
1645	2907
1646	1647
1646	2152
1646	2239
1647	1649
1647	1650
1647	1915
1648	1649
1648	1650
1648	1651
1649	1652
1649	1656
1649	1880
1650	1653
1650	2524
1650	2604
1651	1652
1651	2211
1652	1655
1652	2484
1653	1736
1653	2308
1653	2796
1653	2983
1654	1656
1654	2758
1654	2904
1655	1656
1655	1700
1655	2113
1655	2548
1656	2115
1656	2312
1657	1659
1657	1853
1657	2995
1658	1659
1658	1660
1659	1660
1659	1661
1659	2170
1659	2846
1660	1661
1660	1662
1660	1663
1661	1663
1661	2347
1661	2355
1662	1663
1662	1665
1662	1803
1662	2099
1662	2367
1662	2880
1663	1665
1663	1666
1664	1667
1664	1721
1664	2455
1664	2667
1665	1666
1665	2241
1665	2793
1665	2877
1666	2147
1666	2162
1666	2812
1667	1831
1667	1839
1668	1670
1668	2387
1668	2469
1668	2638
1669	1671
1669	2958
1670	1673
1670	1689
1670	1830
1670	1959
1670	2290
1671	1806
1671	1850
1672	1673
1672	2322
1673	2024
1673	2417
1674	1677
1674	1681
1674	2043
1674	2762
1674	2770
1675	1678
1675	2993
1676	2347
1676	2877
1677	1680
1677	2171
1677	2472
1678	1679
1678	1680
1679	1680
1679	1681
1680	1682
1681	1948
1682	1683
1683	1684
1683	1685
1683	1686
1683	1786
1684	1889
1684	2327
1684	2631
1685	1686
1685	1687
1685	2101
1686	1687
1686	2879
1687	1689
1687	1690
1687	2657
1688	1689
1688	1690
1688	1691
1689	1690
1689	2976
1690	1693
1690	1989
1690	2287
1691	1820
1691	2497
1691	2728
1691	2898
1692	1693
1692	1695
1692	1808
1693	2776
1693	2962
1694	1695
1694	1696
1694	2051
1694	2831
1695	1697
1695	1905
1695	2296
1696	1697
1696	1765
1696	2922
1697	1698
1697	2202
1697	2634
1697	2639
1697	2847
1697	2946
1698	1956
1698	2737
1698	2808
1699	1818
1699	2096
1699	2101
1699	2522
1700	1815
1700	2782
1701	1704
1701	1739
1701	2094
1702	1704
1702	2053
1703	1706
1703	1712
1703	1933
1703	2020
1703	2494
1704	2280
1704	2322
1704	2692
1705	1706
1705	1812
1706	1707
1706	1708
1706	1709
1707	1708
1707	1709
1707	2945
1708	1711
1708	2826
1709	2242
1710	1713
1711	1713
1711	1714
1711	1960
1712	1713
1712	1874
1712	2339
1713	1716
1713	2873
1714	1716
1714	2824
1715	1716
1715	2743
1716	1719
1716	2506
1717	1719
1717	2155
1717	2257
1718	1719
1718	1720
1718	2027
1718	2683
1719	1720
1719	2129
1719	2772
1720	1722
1720	2358
1720	2657
1720	2995
1721	2126
1721	2127
1721	2369
1722	1723
1722	1724
1722	1725
1723	1724
1723	1868
1724	1725
1724	1727
1725	1728
1725	2464
1726	1729
1726	2827
1727	1729
1727	1768
1727	2627
1727	2997
1728	1730
1728	2112
1728	2807
1729	1730
1729	2184
1730	1731
1730	1733
1731	1734
1731	1868
1731	2504
1731	2664
1731	2831
1732	1733
1732	1735
1732	1766
1732	2265
1732	2272
1733	1734
1733	1735
1733	1736
1734	1735
1734	1822
1734	1963
1735	1806
1735	2345
1735	2894
1736	1737
1736	1738
1736	1988
1737	1739
1737	1970
1738	1857
1738	2899
1740	2058
1740	2169
1740	2533
1741	1743
1741	2937
1742	1745
1742	2165
1743	2726
1744	1745
1744	1746
1745	1748
1745	1949
1746	1958
1746	2530
1747	1748
1747	1749
1747	2950
1748	2127
1748	2859
1749	1751
1749	1752
1750	1753
1750	2046
1750	2751
1750	2967
1751	1752
1751	1753
1751	2464
1751	2488
1751	2826
1751	2931
1752	2715
1753	1754
1753	1755
1753	1756
1753	1977
1753	2979
1754	1756
1754	1779
1754	1908
1754	1990
1754	2513
1755	1756
1755	1757
1755	1758
1756	1757
1756	1967
1756	2123
1757	2279
1757	2592
1757	2660
1758	1760
1759	1762
1759	2913
1760	1762
1760	2152
1760	2304
1760	2605
1760	2935
1761	2769
1762	1764
1762	1765
1762	2237
1762	2621
1763	1765
1763	1766
1763	1875
1764	1765
1764	1767
1764	2686
1765	1767
1765	2575
1766	1767
1767	1769
1768	1770
1768	2150
1768	2671
1769	2078
1770	1771
1770	1772
1770	2068
1771	1774
1772	1774
1772	1913
1772	2627
1773	1776
1773	1841
1773	2381
1774	1775
1774	1776
1774	1777
1774	2412
1775	1776
1775	1777
1775	1786
1776	1778
1776	2707
1777	1780
1777	2415
1778	1779
1778	1780
1778	1781
1778	2415
1778	2799
1779	1780
1780	1909
1780	2060
1780	2166
1780	2620
1780	2738
1780	2892
1781	1782
1781	1783
1782	1783
1782	1784
1782	2486
1782	2678
1783	1784
1783	2282
1783	2363
1784	1786
1784	2805
1784	2955
1785	1786
1785	1787
1785	1788
1786	1788
1786	1789
1786	2023
1787	1788
1787	1789
1787	1857
1787	2104
1787	2838
1788	1789
1788	1791
1788	2981
1789	1790
1789	1791
1789	1792
1789	2585
1790	1791
1790	2177
1791	1792
1792	2627
1792	2789
1793	1795
1794	1795
1794	1796
1794	2179
1795	1796
1795	2576
1796	2623
1796	2747
1797	1799
1797	1820
1797	2028
1797	2131
1797	2389
1798	1800
1798	1801
1798	2108
1798	2373
1798	2894
1798	2962
1799	1800
1799	1801
1799	2545
1800	1802
1800	1803
1800	1874
1800	2273
1801	1802
1801	1804
1802	1803
1802	2723
1803	1805
1803	2208
1804	1806
1804	1807
1805	1808
1805	2030
1805	2702
1805	2970
1806	1807
1806	1808
1807	1810
1808	1809
1808	2041
1808	2481
1808	2677
1809	1812
1809	2568
1810	1863
1810	2982
1811	2059
1812	1815
1812	1872
1812	1921
1812	1939
1813	1814
1813	1815
1813	1830
1814	1815
1814	1816
1815	1816
1815	1818
1815	2789
1816	2092
1816	2455
1817	1875
1817	2303
1817	2403
1818	1821
1818	2602
1818	2684
1819	1820
1819	2508
1820	1821
1820	2139
1821	1822
1822	1823
1822	1825
1823	2419
1823	2622
1824	2092
1824	2282
1824	2949
1825	1826
1825	1828
1825	2435
1825	2941
1826	1828
1826	2235
1826	2423
1827	1830
1828	1830
1828	2502
1829	1830
1829	1832
1830	1832
1830	2646
1830	2834
1830	2968
1831	1832
1831	1860
1831	2942
1832	2086
1832	2937
1833	2351
1833	2485
1833	2685
1833	2734
1834	1835
1834	1836
1835	1879
1835	2248
1835	2873
1835	2940
1836	1837
1836	1839
1836	2177
1836	2501
1837	1838
1837	1840
1838	2409
1839	1840
1839	1841
1839	1973
1840	1841
1840	1842
1841	1843
1842	1843
1842	1919
1842	2083
1843	1845
1843	2030
1844	2354
1844	2650
1846	1847
1846	1848
1846	1849
1846	2760
1846	2825
1847	1849
1847	1850
1847	2458
1848	1849
1849	1851
1849	2028
1849	2566
1850	1851
1850	1852
1850	1952
1851	1853
1851	1854
1851	2774
1852	1854
1852	1855
1854	1898
1855	1857
1856	1858
1856	1859
1856	2833
1857	2671
1858	1860
1858	2995
1859	1860
1859	1861
1859	2762
1860	1862
1861	2075
1861	2848
1862	1864
1862	1923
1862	2634
1862	2728
1863	1865
1863	1878
1863	2561
1864	1865
1864	2538
1865	1867
1865	1868
1866	1869
1866	2376
1867	1869
1867	1870
1867	2073
1867	2898
1868	1870
1868	2305
1869	1870
1869	1871
1869	2760
1870	1871
1870	1872
1870	1938
1870	2069
1871	1933
1871	2495
1871	2529
1872	1873
1873	1906
1873	2327
1873	2386
1874	1875
1874	1877
1874	2585
1874	2692
1875	1877
1876	1878
1876	1879
1876	2383
1877	1878
1878	1879
1878	1881
1878	2155
1878	2829
1879	1881
1879	2667
1879	2787
1880	2773
1880	2951
1881	1883
1881	2345
1881	2749
1881	2933
1882	1884
1882	2152
1883	1884
1884	1926
1884	2637
1884	2693
1885	1887
1885	1966
1885	2581
1885	2605
1886	1889
1886	2553
1887	1888
1887	2172
1888	1890
1888	1891
1888	2830
1889	1891
1890	1893
1891	1892
1891	2135
1891	2153
1891	2346
1891	2881
1892	1894
1892	2554
1892	2755
1893	1895
1893	1896
1893	1934
1894	1896
1894	2034
1894	2856
1894	2893
1895	2830
1895	2933
1896	1898
1896	1899
1897	1898
1897	1900
1897	2481
1898	1899
1898	1936
1898	2458
1899	1900
1899	1901
1899	2445
1900	1901
1900	1902
1900	2617
1901	1903
1901	2418
1901	2791
1902	1903
1902	1905
1902	1928
1902	2300
1903	1905
1903	2531
1903	2995
1904	1905
1904	1906
1904	2058
1906	2415
1906	2517
1907	1908
1907	1909
1908	1910
1908	2065
1908	2217
1909	1912
1909	2571
1910	1911
1910	2301
1911	2405
1912	1914
1912	2151
1912	2748
1913	2784
1914	2785
1914	2996
1915	1916
1915	1918
1915	1972
1915	2638
1916	1918
1916	1919
1916	2642
1917	1919
1917	2869
1918	1920
1918	1921
1918	2949
1919	1920
1920	1921
1920	1923
1921	1923
1921	1924
1922	1923
1923	2249
1923	2697
1923	2729
1924	2640
1924	2699
1925	2662
1925	2910
1926	1928
1926	2778
1927	1930
1927	2865
1929	1995
1929	2182
1929	2900
1930	1931
1930	1933
1930	2128
1931	1933
1931	2104
1931	2451
1932	1935
1932	2268
1932	2958
1932	2975
1933	1936
1934	1935
1934	2740
1935	1936
1935	1937
1935	1938
1936	2370
1936	2612
1937	1938
1937	2905
1938	1939
1938	1940
1938	1941
1938	2414
1938	2793
1939	1940
1939	1941
1939	2732
1940	1942
1940	1943
1940	2188
1940	2270
1940	2892
1941	1942
1941	1944
1942	1944
1942	2919
1943	2275
1943	2694
1943	2744
1944	2499
1944	2724
1945	2715
1946	1949
1946	2637
1947	1949
1947	2400
1948	2330
1948	2332
1949	1950
1949	2257
1949	2473
1950	1953
1950	2353
1951	1952
1952	1953
1952	1954
1953	1956
1953	2188
1954	1956
1954	1991
1954	2562
1954	2634
1955	1957
1955	2325
1956	2145
1956	2240
1957	1958
1957	2420
1957	2999
1958	2567
1959	1960
1959	1961
1960	1961
1960	1962
1960	2018
1961	1962
1961	2726
1962	2126
1962	2511
1962	2961
1963	1966
1963	2403
1964	2228
1965	1966
1965	1967
1965	1968
1966	1967
1967	1968
1967	2456
1968	1969
1968	1971
1969	1970
1969	1971
1970	1971
1970	2046
1971	1972
1971	1974
1971	2256
1972	1975
1972	2254
1972	2411
1972	2609
1973	1975
1973	1976
1974	1975
1974	1977
1975	2217
1975	2303
1975	2350
1976	1977
1976	1979
1976	2481
1976	2568
1976	2859
1977	2795
1977	2918
1978	1980
1978	2731
1979	2630
1980	1981
1980	2911
1981	1982
1981	1983
1981	1984
1981	2059
1982	1983
1982	1984
1982	2116
1983	1984
1983	2036
1983	2679
1984	1985
1984	1986
1984	2833
1985	1987
1985	1998
1986	1988
1986	2039
1986	2765
1987	1989
1987	1990
1987	2438
1988	1990
1988	2284
1988	2809
1989	1991
1990	1991
1990	2023
1991	2654
1992	1994
1992	1995
1992	2491
1993	2879
1994	1995
1994	2310
1994	2430
1995	1997
1995	1998
1996	1997
1996	2699
1997	2000
1998	2692
1999	2000
1999	2001
1999	2701
2000	2008
2000	2783
2000	2955
2001	2003
2002	2004
2002	2311
2002	2579
2003	2005
2003	2006
2003	2594
2004	2006
2004	2133
2004	2318
2005	2007
2005	2008
2005	2830
2006	2008
2006	2009
2006	2179
2007	2166
2007	2678
2008	2010
2008	2011
2008	2704
2009	2330
2009	2706
2010	2011
2010	2012
2010	2250
2011	2014
2011	2768
2011	2801
2011	2976
2012	2013
2012	2014
2012	2015
2012	2045
2012	2254
2013	2014
2013	2016
2013	2427
2014	2015
2014	2016
2014	2990
2015	2016
2015	2017
2015	2018
2015	2237
2016	2017
2016	2018
2016	2302
2017	2018
2017	2020
2018	2020
2018	2021
2019	2366
2019	2595
2019	2690
2020	2023
2020	2663
2021	2898
2022	2024
2022	2049
2022	2776
2023	2026
2023	2465
2023	2921
2023	2993
2024	2025
2025	2026
2025	2027
2025	2028
2026	2080
2026	2484
2026	2817
2027	2030
2028	2029
2028	2031
2028	2882
2029	2030
2029	2141
2029	2660
2030	2032
2031	2032
2032	2870
2032	2993
2033	2035
2033	2588
2034	2037
2034	2207
2035	2803
2036	2038
2036	2072
2036	2165
2038	2040
2038	2057
2038	2090
2038	2674
2039	2364
2039	2791
2040	2042
2040	2043
2040	2377
2041	2656
2042	2043
2042	2300
2043	2046
2043	2534
2044	2109
2045	2048
2046	2048
2046	2049
2047	2321
2047	2573
2048	2049
2048	2050
2049	2050
2049	2948
2049	2989
2050	2051
2050	2085
2050	2563
2050	2822
2052	2053
2052	2054
2052	2458
2053	2055
2054	2565
2055	2056
2055	2142
2056	2058
2056	2517
2057	2058
2057	2060
2058	2372
2058	2605
2059	2060
2059	2062
2060	2063
2060	2401
2060	2562
2061	2122
2061	2973
2062	2063
2062	2064
2062	2065
2063	2064
2063	2066
2064	2066
2064	2214
2064	2462
2065	2066
2066	2067
2066	2068
2067	2068
2067	2069
2067	2070
2068	2069
2068	2070
2068	2275
2068	2315
2069	2070
2069	2072
2070	2071
2070	2713
2071	2072
2071	2073
2071	2137
2071	2786
2072	2073
2073	2327
2073	2442
2074	2077
2074	2790
2075	2077
2076	2348
2076	2761
2076	2986
2077	2080
2077	2533
2078	2081
2078	2410
2078	2489
2079	2566
2079	2657
2080	2082
2080	2083
2080	2358
2080	2941
2081	2083
2082	2083
2082	2952
2083	2084
2083	2100
2083	2377
2084	2085
2085	2086
2085	2088
2086	2087
2086	2088
2087	2088
2087	2609
2088	2090
2088	2617
2088	2979
2089	2091
2089	2092
2090	2093
2090	2223
2090	2558
2091	2092
2092	2444
2092	2446
2092	2823
2093	2096
2093	2130
2093	2256
2093	2729
2094	2112
2094	2171
2094	2280
2095	2096
2095	2097
2095	2209
2096	2915
2097	2099
2097	2100
2098	2099
2098	2100
2098	2101
2099	2101
2099	2102
2100	2101
2100	2103
2101	2102
2102	2104
2102	2604
2102	2686
2103	2106
2103	2336
2104	2107
2105	2107
2105	2108
2105	2514
2105	2940
2106	2109
2106	2273
2107	2108
2107	2205
2107	2924
2108	2207
2108	2482
2110	2111
2110	2134
2110	2137
2110	2918
2110	2966
2111	2114
2111	2403
2113	2114
2114	2115
2114	2116
2114	2117
2114	2311
2115	2500
2116	2819
2117	2118
2117	2119
2117	2120
2117	2738
2118	2119
2118	2120
2118	2948
2119	2121
2119	2122
2119	2374
2119	2402
2120	2121
2120	2122
2120	2123
2121	2122
2121	2457
2122	2126
2122	2156
2122	2221
2122	2950
2123	2269
2124	2125
2124	2183
2125	2126
2125	2127
2125	2128
2125	2420
2126	2129
2126	2264
2126	2420
2127	2725
2127	2735
2128	2129
2128	2130
2128	2272
2129	2130
2129	2131
2129	2687
2130	2132
2131	2245
2132	2133
2132	2442
2133	2134
2133	2135
2133	2447
2134	2572
2135	2137
2135	2138
2135	2659
2136	2139
2136	2322
2137	2140
2137	2257
2137	2615
2138	2249
2138	2697
2138	2840
2139	2140
2139	2142
2140	2141
2140	2143
2140	2819
2141	2142
2141	2325
2142	2145
2142	2271
2143	2144
2143	2145
2143	2146
2144	2145
2144	2147
2144	2608
2145	2518
2145	2616
2147	2148
2147	2393
2148	2149
2148	2442
2148	2871
2149	2150
2150	2151
2150	2152
2150	2153
2150	2483
2150	2814
2151	2154
2151	2508
2152	2185
2152	2578
2153	2154
2153	2155
2154	2816
2155	2916
2156	2158
2156	2159
2157	2158
2157	2159
2157	2160
2157	2725
2158	2159
2158	2160
2158	2161
2159	2160
2159	2161
2159	2162
2160	2532
2161	2162
2161	2163
2162	2163
2162	2323
2162	2885
2163	2164
2163	2165
2163	2166
2163	2520
2164	2165
2164	2584
2164	2633
2164	2995
2165	2255
2166	2167
2166	2536
2167	2168
2167	2169
2167	2170
2168	2815
2169	2171
2169	2687
2170	2386
2170	2662
2171	2173
2172	2174
2173	2318
2173	2762
2174	2175
2174	2177
2175	2176
2175	2178
2175	2566
2176	2178
2176	2549
2176	2673
2177	2178
2177	2179
2177	2772
2178	2180
2178	2181
2179	2180
2179	2472
2180	2181
2180	2362
2181	2182
2181	2338
2181	2465
2182	2184
2182	2743
2183	2186
2183	2717
2184	2185
2184	2186
2184	2208
2184	2470
2185	2186
2185	2187
2185	2209
2186	2187
2186	2189
2187	2188
2187	2980
2188	2189
2188	2190
2188	2830
2189	2190
2189	2191
2189	2192
2190	2191
2190	2192
2191	2192
2191	2194
2192	2193
2193	2194
2193	2196
2193	2730
2193	2980
2194	2197
2194	2367
2195	2197
2195	2635
2196	2197
2196	2275
2197	2309
2198	2201
2198	2241
2198	2513
2199	2202
2199	2456
2200	2201
2200	2203
2200	2704
2200	2994
2201	2203
2201	2204
2202	2203
2202	2637
2202	2779
2202	2876
2203	2204
2203	2205
2204	2205
2204	2206
2204	2951
2205	2208
2206	2209
2207	2400
2207	2445
2207	2676
2208	2210
2209	2210
2209	2884
2210	2212
2210	2213
2211	2212
2211	2214
2211	2586
2211	2708
2212	2214
2212	2215
2212	2246
2212	2938
2213	2216
2213	2326
2213	2544
2214	2215
2214	2217
2215	2217
2215	2458
2215	2473
2215	2816
2216	2217
2216	2218
2216	2219
2216	2639
2217	2220
2218	2863
2219	2221
2219	2509
2220	2221
2220	2222
2220	2855
2221	2645
2222	2460
2222	2980
2223	2339
2224	2293
2224	2536
2225	2228
2226	2227
2226	2229
2226	2249
2227	2229
2227	2230
2227	2529
2227	2896
2228	2229
2228	2230
2228	2231
2229	2249
2230	2231
2230	2233
2230	2439
2231	2232
2231	2234
2231	2698
2231	2957
2232	2235
2232	2401
2232	2446
2232	2776
2233	2236
2233	2961
2234	2236
2235	2237
2235	2238
2236	2237
2236	2249
2237	2238
2237	2239
2237	2858
2238	2241
2238	2689
2239	2242
2240	2241
2240	2242
2240	2564
2241	2242
2242	2243
2242	2245
2242	2580
2242	2760
2243	2245
2244	2245
2244	2247
2244	2683
2245	2246
2245	2247
2245	2248
2246	2247
2246	2248
2247	2248
2247	2250
2248	2250
2249	2251
2249	2252
2250	2251
2250	2252
2251	2252
2251	2455
2252	2253
2252	2254
2252	2255
2253	2256
2253	2713
2253	2940
2254	2257
2255	2258
2255	2806
2255	2875
2257	2269
2258	2260
2258	2295
2258	2822
2259	2302
2259	2727
2259	2933
2260	2261
2261	2263
2261	2264
2262	2300
2262	2421
2262	2519
2263	2264
2263	2266
2264	2265
2264	2266
2264	2267
2265	2267
2265	2373
2265	2490
2266	2267
2266	2268
2266	2450
2267	2268
2267	2270
2268	2269
2268	2723
2269	2270
2270	2273
2270	2360
2271	2272
2271	2274
2271	2716
2273	2275
2274	2275
2274	2276
2274	2277
2274	2846
2275	2277
2276	2278
2276	2759
2276	2807
2277	2278
2277	2623
2277	2762
2278	2279
2278	2281
2278	2645
2279	2282
2280	2281
2280	2282
2281	2283
2282	2284
2282	2693
2283	2284
2284	2285
2284	2287
2285	2539
2286	2287
2286	2288
2286	2289
2286	2414
2287	2288
2287	2290
2287	2602
2288	2290
2288	2291
2288	2550
2289	2290
2289	2429
2290	2292
2292	2293
2293	2294
2293	2296
2293	2921
2294	2297
2294	2673
2294	2937
2295	2296
2295	2298
2296	2297
2296	2299
2296	2995
2297	2298
2297	2882
2298	2300
2299	2300
2299	2301
2299	2407
2300	2471
2300	2594
2301	2609
2302	2447
2302	2665
2303	2304
2303	2305
2303	2306
2303	2841
2304	2843
2304	2849
2305	2342
2305	2924
2306	2307
2306	2308
2306	2309
2306	2342
2307	2310
2307	2463
2307	2585
2307	2972
2308	2919
2309	2310
2310	2312
2311	2313
2313	2316
2313	2596
2314	2316
2314	2317
2315	2440
2316	2318
2316	2319
2316	2447
2317	2318
2318	2319
2318	2321
2318	2618
2319	2322
2319	2544
2320	2321
2320	2323
2321	2324
2322	2436
2323	2325
2323	2326
2323	2474
2323	2832
2324	2327
2324	2605
2325	2686
2325	2934
2326	2328
2326	2329
2326	2514
2327	2417
2327	2814
2328	2329
2328	2330
2329	2667
2330	2333
2331	2332
2331	2691
2332	2334
2332	2335
2333	2335
2333	2336
2333	2839
2335	2337
2335	2338
2335	2792
2336	2339
2336	2945
2337	2338
2337	2732
2338	2340
2338	2341
2338	2689
2338	2803
2339	2533
2340	2343
2340	2849
2341	2342
2341	2343
2341	2498
2342	2656
2342	2765
2343	2346
2343	2561
2344	2345
2344	2829
2345	2347
2345	2362
2347	2349
2347	2350
2347	2498
2348	2350
2348	2351
2348	2354
2349	2350
2349	2352
2350	2352
2350	2353
2350	2631
2351	2352
2351	2354
2352	2354
2352	2882
2353	2667
2355	2357
2355	2972
2356	2357
2356	2358
2356	2359
2357	2358
2357	2359
2358	2500
2359	2676
2360	2361
2360	2363
2360	2437
2360	2834
2361	2363
2361	2395
2362	2475
2362	2939
2363	2366
2363	2547
2363	2902
2364	2818
2365	2366
2365	2439
2365	2853
2366	2368
2366	2369
2366	2687
2367	2370
2368	2371
2369	2370
2369	2889
2370	2371
2370	2373
2371	2372
2371	2374
2371	2969
2372	2373
2372	2375
2374	2375
2374	2376
2374	2388
2375	2377
2375	2378
2375	2566
2377	2931
2378	2381
2379	2380
2379	2381
2380	2382
2380	2778
2381	2382
2381	2384
2381	2587
2382	2385
2383	2384
2383	2386
2383	2881
2384	2386
2384	2387
2384	2477
2384	2554
2384	2904
2385	2386
2385	2387
2387	2388
2389	2392
2390	2391
2390	2393
2391	2392
2391	2393
2391	2540
2392	2393
2392	2395
2393	2394
2393	2396
2393	2956
2394	2395
2395	2912
2396	2812
2396	2813
2397	2398
2397	2399
2397	2400
2398	2400
2398	2820
2398	2859
2399	2400
2399	2564
2399	2818
2402	2604
2403	2406
2404	2406
2404	2407
2405	2407
2406	2407
2406	2408
2406	2640
2408	2411
2409	2411
2410	2413
2411	2412
2412	2552
2412	2597
2412	2851
2413	2415
2413	2822
2414	2416
2414	2502
2414	2600
2414	2920
2415	2416
2415	2417
2416	2418
2416	2492
2416	2513
2416	2877
2417	2418
2417	2419
2417	2848
2418	2421
2419	2420
2419	2546
2421	2422
2421	2655
2422	2423
2422	2424
2422	2754
2423	2426
2423	2661
2424	2425
2424	2426
2425	2427
2425	2428
2426	2429
2426	2497
2427	2428
2427	2782
2428	2429
2428	2430
2428	2440
2428	2521
2429	2443
2430	2431
2431	2432
2431	2657
2432	2433
2433	2436
2433	2492
2434	2435
2434	2436
2434	2437
2435	2436
2435	2437
2435	2438
2436	2437
2436	2439
2436	2847
2437	2440
2437	2633
2438	2439
2438	2440
2438	2441
2439	2440
2439	2442
2440	2694
2440	2704
2441	2523
2442	2445
2443	2928
2444	2445
2444	2446
2445	2448
2446	2448
2447	2449
2448	2450
2448	2451
2449	2451
2449	2452
2449	2850
2450	2451
2450	2453
2450	2693
2452	2453
2452	2455
2453	2454
2453	2455
2453	2456
2454	2457
2455	2456
2455	2457
2456	2459
2456	2928
2457	2460
2458	2461
2458	2697
2459	2460
2459	2461
2459	2856
2460	2461
2460	2462
2461	2597
2461	2628
2462	2463
2463	2464
2463	2465
2465	2467
2465	2569
2465	2929
2466	2467
2466	2468
2466	2469
2468	2469
2468	2470
2469	2470
2469	2703
2469	2728
2471	2474
2471	2570
2471	2587
2471	2650
2472	2474
2473	2474
2473	2475
2473	2526
2474	2475
2474	2748
2475	2477
2475	2837
2476	2477
2478	2480
2478	2527
2479	2480
2479	2684
2479	2714
2479	2736
2480	2481
2480	2482
2480	2910
2481	2483
2481	2871
2482	2484
2482	2485
2483	2730
2484	2486
2485	2487
2485	2488
2486	2488
2487	2488
2487	2490
2487	2808
2487	2871
2489	2491
2489	2492
2490	2503
2490	2908
2491	2492
2491	2493
2491	2950
2492	2494
2493	2494
2493	2496
2493	2766
2494	2985
2495	2496
2495	2498
2495	2762
2496	2497
2496	2498
2497	2498
2497	2500
2498	2616
2499	2500
2499	2502
2500	2501
2500	2626
2501	2503
2502	2503
2503	2504
2503	2506
2504	2505
2504	2506
2505	2506
2505	2677
2505	2893
2507	2508
2507	2510
2507	2701
2507	2723
2508	2510
2508	2511
2509	2511
2509	2734
2510	2513
2511	2512
2511	2513
2511	2514
2512	2568
2513	2850
2514	2515
2514	2517
2515	2516
2515	2518
2515	2566
2515	2664
2516	2518
2516	2519
2517	2518
2518	2521
2518	2812
2519	2521
2519	2522
2519	2943
2520	2522
2520	2523
2520	2812
2521	2522
2521	2584
2522	2524
2522	2525
2523	2525
2523	2526
2523	2785
2524	2526
2524	2746
2525	2526
2525	2528
2526	2527
2526	2529
2527	2583
2527	2953
2527	2989
2528	2530
2528	2550
2528	2659
2530	2532
2530	2533
2530	2797
2531	2800
2532	2533
2533	2534
2533	2536
2533	2651
2534	2535
2534	2536
2534	2537
2535	2536
2535	2733
2535	2832
2536	2538
2536	2669
2537	2540
2538	2539
2538	2692
2538	2765
2539	2542
2540	2541
2541	2542
2541	2543
2541	2867
2541	2938
2542	2544
2542	2545
2542	2960
2543	2544
2543	2545
2543	2820
2545	2546
2545	2817
2546	2547
2546	2548
2546	2549
2546	2668
2547	2548
2548	2550
2549	2955
2550	2771
2551	2552
2551	2553
2551	2554
2553	2554
2553	2918
2554	2555
2555	2557
2555	2558
2555	2969
2556	2559
2556	2839
2557	2560
2558	2560
2559	2942
2560	2561
2560	2563
2561	2562
2562	2563
2563	2565
2564	2565
2564	2567
2565	2604
2566	2598
2566	2723
2567	2570
2570	2571
2570	2572
2570	2696
2571	2572
2571	2573
2571	2932
2572	2574
2572	2575
2572	2769
2574	2575
2574	2576
2574	2577
2575	2578
2576	2577
2576	2579
2576	2592
2577	2579
2577	2770
2578	2579
2578	2581
2578	2987
2579	2581
2579	2743
2579	2828
2581	2584
2582	2584
2582	2798
2582	2908
2583	2663
2586	2588
2586	2822
2586	2882
2587	2719
2588	2591
2588	2755
2589	2591
2590	2593
2590	2736
2590	2944
2591	2594
2591	2704
2592	2595
2593	2595
2593	2596
2593	2840
2593	2861
2594	2595
2595	2596
2595	2597
2595	2788
2596	2597
2596	2599
2597	2599
2597	2854
2598	2942
2599	2600
2599	2602
2600	2602
2600	2676
2601	2602
2601	2604
2602	2603
2602	2928
2603	2606
2604	2605
2606	2609
2607	2608
2607	2609
2608	2611
2608	2849
2609	2971
2610	2611
2610	2612
2611	2612
2611	2613
2611	2614
2612	2613
2613	2616
2613	2845
2614	2615
2614	2616
2614	2617
2615	2617
2616	2617
2616	2618
2616	2724
2617	2619
2617	2899
2617	2982
2618	2619
2618	2620
2618	2621
2622	2623
2622	2625
2623	2624
2624	2626
2624	2627
2625	2627
2625	2628
2625	2634
2626	2628
2626	2629
2627	2628
2628	2629
2628	2631
2630	2631
2630	2633
2630	2961
2631	2632
2632	2633
2632	2634
2632	2635
2633	2634
2633	2636
2634	2675
2635	2636
2635	2962
2636	2637
2636	2639
2637	2638
2638	2640
2638	2641
2640	2641
2640	2642
2640	2643
2641	2911
2642	2643
2642	2644
2642	2645
2642	2757
2643	2644
2643	2787
2644	2645
2644	2647
2645	2646
2645	2893
2647	2888
2648	2649
2648	2651
2649	2651
2649	2934
2651	2652
2651	2653
2652	2653
2653	2654
2653	2656
2654	2656
2655	2656
2655	2658
2656	2659
2657	2658
2657	2660
2658	2659
2658	2660
2658	2951
2659	2661
2659	2662
2661	2664
2662	2663
2662	2664
2662	2665
2663	2665
2664	2692
2664	2737
2665	2667
2666	2667
2666	2669
2668	2671
2668	2918
2669	2700
2670	2672
2671	2672
2671	2871
2671	2882
2672	2673
2673	2980
2674	2676
2674	2784
2675	2677
2675	2678
2676	2677
2678	2836
2679	2858
2680	2681
2680	2682
2680	2771
2681	2683
2682	2684
2682	2685
2683	2684
2683	2686
2685	2686
2686	2687
2686	2689
2686	2869
2688	2689
2688	2690
2688	2691
2689	2891
2690	2691
2690	2979
2691	2692
2691	2694
2694	2695
2694	2697
2695	2698
2697	2699
2697	2700
2698	2700
2698	2701
2698	2761
2699	2700
2699	2702
2700	2702
2700	2706
2700	2913
2701	2792
2701	2926
2703	2705
2703	2866
2705	2706
2705	2708
2705	2845
2706	2707
2706	2709
2707	2709
2707	2710
2708	2709
2708	2710
2709	2710
2709	2711
2709	2712
2710	2711
2711	2712
2711	2713
2711	2714
2712	2713
2712	2714
2712	2715
2713	2716
2714	2715
2715	2718
2716	2718
2717	2720
2718	2721
2719	2720
2719	2721
2719	2722
2719	2946
2720	2721
2721	2724
2722	2723
2722	2724
2722	2725
2722	2842
2722	2989
2724	2840
2724	2877
2725	2984
2725	2999
2726	2728
2727	2728
2727	2729
2728	2730
2728	2731
2729	2732
2729	2803
2729	2993
2730	2731
2730	2732
2731	2732
2731	2734
2731	2835
2732	2735
2733	2734
2733	2736
2734	2735
2735	2737
2736	2737
2737	2739
2737	2740
2737	2927
2738	2739
2739	2740
2740	2742
2740	2743
2741	2742
2741	2743
2741	2744
2742	2744
2742	2745
2743	2746
2744	2745
2744	2746
2745	2747
2745	2805
2746	2749
2747	2748
2747	2824
2748	2750
2749	2750
2749	2751
2749	2752
2749	2802
2750	2751
2750	2752
2750	2753
2752	2753
2753	2754
2753	2755
2753	2756
2754	2755
2754	2756
2754	2757
2755	2757
2756	2757
2756	2759
2757	2758
2757	2921
2758	2759
2758	2761
2758	2995
2759	2760
2761	2763
2761	2764
2762	2763
2765	2768
2765	2850
2766	2768
2766	2769
2767	2768
2767	2769
2768	2769
2770	2772
2771	2773
2772	2773
2773	2774
2773	2775
2773	2832
2774	2775
2774	2776
2775	2776
2775	2777
2776	2778
2777	2778
2777	2779
2778	2779
2778	2780
2778	2781
2779	2781
2779	2782
2780	2782
2780	2800
2781	2782
2781	2783
2782	2785
2783	2999
2784	2785
2784	2787
2785	2845
2787	2789
2787	2790
2788	2790
2788	2791
2789	2790
2789	2792
2790	2791
2790	2792
2791	2792
2791	2793
2792	2793
2792	2795
2794	2795
2794	2796
2794	2797
2795	2838
2796	2799
2796	2841
2797	2800
2797	2908
2798	2800
2799	2800
2800	2801
2800	2803
2801	2802
2801	2803
2801	2804
2802	2803
2803	2822
2804	2847
2804	2976
2805	2884
2806	2809
2806	2895
2807	2809
2807	2810
2807	2843
2809	2812
2810	2811
2810	2813
2811	2812
2811	2813
2811	2814
2812	2814
2813	2816
2814	2815
2815	2818
2815	2937
2816	2817
2816	2818
2818	2819
2818	2820
2819	2822
2820	2821
2821	2880
2822	2824
2822	2955
2823	2824
2824	2827
2825	2827
2826	2828
2826	2961
2827	2828
2827	2829
2828	2830
2829	2840
2830	2882
2831	2834
2833	2836
2833	2846
2833	2941
2834	2835
2835	2837
2835	2965
2837	2838
2837	2839
2837	2840
2838	2841
2839	2840
2839	2841
2840	2842
2841	2842
2842	2940
2844	2845
2844	2846
2844	2847
2845	2846
2845	2848
2846	2848
2847	2849
2847	2972
2848	2849
2849	2850
2849	2851
2849	2852
2851	2854
2852	2913
2853	2854
2853	2855
2854	2855
2855	2858
2856	2859
2856	2881
2857	2858
2857	2860
2858	2859
2858	2861
2859	2860
2859	2862
2860	2863
2861	2863
2862	2864
2863	2865
2863	2866
2865	2866
2865	2868
2866	2867
2866	2868
2866	2869
2867	2868
2867	2869
2867	2870
2868	2869
2868	2870
2869	2872
2870	2872
2870	2873
2871	2872
2871	2873
2871	2875
2872	2873
2873	2876
2873	2925
2876	2879
2877	2880
2878	2880
2878	2881
2879	2882
2880	2983
2881	2884
2882	2884
2882	2970
2883	2884
2883	2886
2884	2885
2884	2886
2886	2888
2886	2889
2887	2888
2887	2889
2887	2890
2889	2891
2889	2892
2891	2892
2891	2893
2892	2894
2894	2897
2896	2899
2896	2906
2896	2940
2897	2899
2897	2900
2897	2912
2898	2899
2898	2943
2899	2901
2899	2988
2900	2901
2901	2903
2902	2903
2903	2904
2904	2905
2904	2907
2905	2907
2905	2908
2906	2909
2907	2908
2907	2909
2908	2909
2908	2911
2908	2940
2909	2911
2909	2912
2910	2911
2910	2939
2910	2972
2911	2912
2911	2913
2913	2914
2913	2916
2915	2916
2915	2917
2915	2924
2916	2919
2917	2918
2918	2921
2920	2921
2920	2922
2922	2925
2923	2925
2924	2926
2924	2927
2925	2927
2925	2928
2926	2928
2926	2929
2929	2930
2930	2932
2930	2942
2931	2932
2931	2934
2932	2934
2933	2936
2934	2935
2934	2937
2935	2936
2936	2938
2936	2939
2937	2938
2939	2941
2940	2997
2942	2944
2943	2944
2945	2948
2946	2949
2947	2948
2950	2953
2952	2953
2952	2955
2953	2954
2954	2955
2955	2957
2957	2958
2957	2959
2958	2959
2959	2960
2959	2961
2960	2961
2961	2962
2961	2964
2963	2964
2963	2966
2964	2966
2964	2967
2965	2967
2965	2968
2966	2968
2967	2968
2967	2969
2968	2969
2968	2970
2968	2971
2969	2971
2971	2972
2973	2974
2973	2976
2974	2977
2975	2978
2976	2978
2977	2978
2977	2979
2977	2980
2978	2979
2978	2980
2978	2981
2979	2980
2979	2982
2981	2982
2981	2983
2982	2984
2984	2987
2985	2986
2986	2988
2987	2988
2987	2990
2988	2991
2989	2991
2990	2992
2991	2992
2991	2993
2992	2994
2992	2995
2993	2996
2994	2995
2994	2997
2996	2999
2998	2999
