1	389
1	1305
1	1674
2	1775
2	2340
2	2371
2	3054
3	3066
3	3228
3	3372
3	3492
3	3499
4	456
4	1861
4	2777
4	2920
5	712
5	1004
5	2323
5	2826
5	3299
6	1633
6	2775
6	2837
7	209
7	2662
8	74
8	92
8	288
8	1177
8	2319
8	2584
9	977
9	1121
9	1322
9	2591
9	3124
10	1414
10	1743
10	2714
10	2789
11	126
11	871
12	176
12	721
12	1477
12	2369
13	1651
13	1724
13	2451
14	156
14	1818
14	2394
14	2449
15	1308
15	2360
16	868
16	2032
16	2345
16	2364
16	3207
17	454
17	1914
17	2468
17	2638
18	241
18	1904
18	2790
18	2959
18	3105
19	1035
19	2296
19	3182
20	589
20	1129
20	3206
21	418
21	2879
21	3239
22	757
22	1905
22	2443
23	1758
23	2117
23	3102
24	46
24	1122
24	2329
24	2939
24	2973
25	171
25	719
25	1333
25	2073
25	2263
26	1865
26	2890
27	1017
27	1596
27	2284
27	2715
28	1020
28	1315
28	1562
28	2307
28	2996
28	3086
29	1560
29	1595
29	2574
29	2600
29	3174
30	936
30	1494
31	2551
31	2998
32	2080
32	2171
32	2636
32	3112
32	3355
33	198
33	226
33	300
33	1683
34	1358
34	1787
34	3103
35	1557
35	1741
35	2312
35	2738
35	2919
35	3452
36	332
36	2097
37	1613
37	1666
37	2068
37	3411
38	713
38	921
38	1266
39	287
39	928
39	1238
39	3405
40	1367
40	1811
41	1202
41	2740
41	3397
42	584
42	664
42	1699
42	2588
43	290
43	793
43	1688
43	1922
43	2184
43	2393
43	2786
44	452
44	935
44	1482
44	1636
44	2300
44	3139
45	1166
45	1800
45	2341
46	967
46	2134
46	3397
47	1091
47	1202
47	1418
47	2464
48	86
48	494
48	559
48	1959
48	3412
49	1672
49	2446
49	2527
49	3084
50	2195
50	2437
50	2483
50	2813
51	250
51	361
51	390
51	927
51	2326
52	1289
52	3255
53	2447
53	3192
54	295
54	1079
54	1615
54	2605
54	3401
55	1077
55	1206
55	1289
55	2010
55	2138
56	153
56	1754
56	2408
56	2715
57	852
57	968
57	1296
57	1755
57	2215
58	672
58	1967
58	2456
58	2730
59	280
59	2901
59	3028
59	3205
60	248
60	473
60	592
60	1704
60	2176
60	2613
60	2679
60	3443
61	1475
61	2851
61	2949
61	3265
62	2574
62	3119
63	470
63	3189
64	1859
64	1872
64	2205
64	2336
65	976
65	1242
65	1788
65	2814
66	939
66	3365
67	431
67	3014
67	3103
68	170
68	1856
69	1881
69	2452
70	2795
70	2889
71	217
71	997
71	2423
71	3257
72	1020
72	2118
72	3225
73	567
73	1460
73	1801
73	2434
74	1287
74	2448
74	3132
75	2183
75	2737
75	3012
75	3052
76	2922
76	3061
76	3073
77	1846
77	2355
77	2788
78	186
78	1613
79	548
79	1023
79	1049
79	2300
79	3343
80	547
80	2267
80	2768
81	764
81	3185
81	3204
81	3388
82	636
82	1175
82	1592
82	1604
83	369
83	391
83	431
83	3145
83	3171
84	598
84	923
84	1045
84	1884
84	2067
84	2896
85	857
85	1773
85	2263
85	3301
86	1134
86	1764
87	408
87	1334
87	1676
87	2858
88	370
88	1194
88	2908
89	195
89	938
89	2004
89	2202
89	2229
90	551
90	1067
90	1843
90	2632
91	339
91	403
91	2579
91	2754
91	2803
92	2912
93	1524
93	2626
94	353
94	1784
94	2924
94	3056
94	3451
95	338
95	937
95	2133
95	2940
96	381
96	1019
96	1238
96	1524
96	2486
97	237
97	1097
97	1873
98	183
98	776
98	960
98	3152
99	790
99	2114
99	3178
99	3291
99	3297
99	3338
100	478
100	799
100	1218
100	1488
100	2673
101	2081
101	2648
101	2998
101	3045
102	300
102	532
102	934
102	1133
102	1461
103	2564
103	3237
103	3347
104	1882
104	1927
104	3338
105	450
105	1291
105	1538
105	2314
105	2517
105	3399
106	953
106	2878
107	833
107	932
107	1844
107	2889
107	2894
108	585
108	1257
108	1763
108	1933
108	2740
108	2986
108	3126
109	1564
109	2616
109	2909
109	3081
109	3400
110	513
110	1839
110	3385
111	440
111	804
111	835
111	3469
112	380
112	2828
112	3327
113	707
113	920
113	3196
114	656
114	1526
115	1457
115	2090
115	2417
115	3133
115	3458
116	191
116	876
116	1406
116	1496
116	1713
117	696
117	814
117	832
117	1921
118	983
118	1376
118	3213
119	2757
119	3113
120	126
120	375
120	1736
120	3024
120	3355
121	167
121	2033
121	2816
121	3181
122	1085
122	1140
122	2724
123	986
123	1909
123	2023
123	3009
124	132
124	335
124	2962
124	3267
125	1015
125	1524
125	1558
125	1904
125	2873
126	330
126	1009
126	1055
126	1454
126	2484
126	2715
127	1795
127	1986
127	2642
127	3116
128	277
128	1246
128	2259
129	967
129	1694
129	3425
130	355
130	754
130	3155
131	744
131	3012
132	615
132	1658
132	2189
133	454
133	3364
134	268
134	706
134	2225
135	2220
135	2665
135	2688
135	3371
136	741
136	1072
136	1283
136	3436
137	394
137	505
137	1912
138	1433
138	1805
138	2572
139	209
139	2355
140	765
140	1107
140	1489
140	1632
140	2001
140	2185
140	3243
141	791
141	1061
142	797
142	1605
142	1635
142	1722
142	1753
142	2532
143	525
143	660
143	844
143	3440
144	1439
144	2881
145	333
145	1556
145	2870
146	1051
146	3162
147	317
147	398
147	517
147	703
147	2664
147	2894
148	679
148	1575
148	1579
148	1707
148	2345
148	2664
148	3275
149	2302
149	2573
149	2618
149	3430
150	1804
150	1995
151	533
151	2396
151	2501
151	2694
151	3329
152	397
152	2702
152	3286
152	3383
153	755
153	782
153	1882
153	2840
154	256
154	961
154	1043
154	1979
154	2562
155	560
155	2792
155	3224
156	1529
156	3111
157	784
157	1421
157	1891
158	223
158	1114
158	1347
158	2027
158	2180
158	2691
159	215
159	243
159	2757
160	341
160	397
160	3267
161	2729
161	2781
162	1001
162	2077
162	2524
162	3361
163	223
163	1766
163	1801
164	1270
164	2465
164	2893
164	3063
164	3169
164	3495
165	488
165	851
165	1920
165	2326
165	2778
166	1349
166	1480
166	2084
166	2459
166	3105
167	187
167	930
167	3273
168	1754
168	1914
168	2518
168	3070
169	376
169	3211
170	1208
170	2691
171	194
171	377
171	1396
171	2641
171	3266
171	3398
171	3432
172	420
172	1717
172	2978
172	3321
173	1036
173	1249
173	1977
173	2495
173	2869
173	3204
173	3421
174	508
174	1455
174	2185
174	2418
174	3277
175	1978
175	2178
175	2349
175	3368
176	1836
176	2086
176	2423
176	3162
176	3299
177	326
177	707
177	1296
177	2604
177	2710
177	3011
178	251
178	907
178	1305
178	3300
179	455
179	1385
179	1483
179	1771
179	2576
180	1087
180	3097
181	602
181	931
181	2794
182	870
182	1019
182	2554
182	2972
183	257
183	2816
183	3136
183	3424
184	2092
184	2309
184	2363
184	2448
184	3070
185	606
185	749
185	1292
185	1679
185	1834
185	2353
185	3040
185	3403
186	2323
186	3051
186	3102
187	2438
187	2628
187	3162
188	225
188	1635
188	2930
189	716
189	1617
189	2363
190	1132
190	1551
190	2245
190	3298
191	560
191	1912
191	2470
191	2777
191	3478
192	595
192	796
192	869
192	3064
192	3253
193	692
193	1349
193	2692
193	2952
194	1490
194	3110
195	200
195	1003
195	1621
195	3428
196	245
196	581
196	819
196	1658
196	3442
197	477
197	894
197	1955
197	2180
197	2562
198	888
198	2791
198	2891
198	3386
198	3480
199	463
199	631
199	1012
199	1101
199	2818
199	3434
199	3476
200	1556
200	2389
200	2594
200	2883
200	3122
201	447
201	1253
201	1558
201	2196
201	2317
201	3085
202	2552
202	3156
203	504
203	830
203	965
203	1173
203	2425
203	2922
203	3178
204	384
204	1507
204	1885
205	484
205	2169
205	2553
205	2865
206	450
206	2053
206	2746
207	705
207	1001
207	2572
208	211
208	586
208	982
208	1930
208	2603
208	2851
209	1507
209	1662
209	2638
210	1007
210	1302
210	2383
210	2668
210	3264
211	524
211	1029
211	2949
211	3160
211	3301
212	395
212	1452
212	1713
212	2552
213	1160
213	2551
213	2868
213	3377
214	1135
214	1269
214	1987
214	3489
215	926
215	1754
216	663
216	1073
216	1751
216	1839
216	3125
216	3429
217	1271
217	1375
218	277
218	449
218	792
219	865
219	1068
219	3160
220	937
220	1449
220	3151
220	3155
220	3204
221	1407
221	1453
221	1532
221	2681
222	1287
222	2856
222	3092
222	3478
223	883
224	1669
224	1753
224	2147
225	1241
225	1486
225	2933
226	261
226	569
226	2379
227	574
227	1355
227	1408
227	1927
228	1051
228	2265
228	3210
228	3451
229	709
229	801
229	1069
229	2407
230	510
230	2430
230	2995
231	313
231	1466
231	1490
231	1878
232	838
232	881
232	1278
233	1226
233	1470
233	1706
234	321
234	1376
234	2253
235	719
235	899
235	945
235	1124
235	1252
235	3179
236	1031
236	1764
236	2075
236	3435
236	3448
237	886
237	1025
238	2363
238	3450
239	899
239	1312
239	2094
239	2182
239	2983
240	1239
240	1757
240	1936
240	2091
240	2538
241	766
241	1697
241	2772
242	583
242	787
242	809
242	1286
242	1371
243	2244
243	3075
244	812
244	1942
244	3055
245	339
245	1558
245	3390
246	589
246	2640
247	498
247	1506
248	501
248	523
248	644
248	2008
248	3058
248	3354
249	385
249	2128
249	3188
250	841
250	1595
250	1679
250	2370
251	475
251	815
251	3366
252	810
252	1758
252	2305
252	3079
252	3221
252	3392
253	307
253	1302
253	1404
253	2547
254	627
254	1818
254	2843
254	3006
254	3037
254	3396
255	1588
255	2806
256	1775
256	2896
257	381
257	1461
257	2010
257	3349
258	875
258	1077
258	1712
258	2123
258	2398
259	1214
259	1556
259	3159
260	425
260	1495
260	2072
260	3156
261	491
261	852
261	1034
261	1389
262	445
262	511
262	1006
262	2810
263	2807
263	3022
263	3399
264	643
264	1900
265	1034
265	1207
265	2775
265	3200
266	2194
266	2693
267	487
267	676
267	1119
267	2005
268	276
268	462
269	353
269	887
269	3011
269	3081
270	951
270	1471
270	2235
271	668
271	719
271	2410
271	2530
271	2659
272	657
272	1974
272	3040
273	687
273	1587
273	1704
273	2437
273	2489
274	1004
274	1446
274	2361
275	1861
275	2178
276	1955
276	2321
276	3259
277	2096
277	2608
277	2616
278	1921
278	2215
278	2482
279	322
279	923
279	1000
279	1097
279	2935
280	744
280	1283
281	350
281	2490
281	2684
281	2703
282	1133
282	1355
283	923
283	1285
283	2286
283	2402
283	2968
283	3265
283	3422
284	438
284	2404
285	1068
285	1274
285	1334
285	2899
285	2911
285	2975
286	772
286	1196
286	1624
287	410
287	1050
287	1277
287	1985
287	2107
287	2612
288	721
288	743
288	2548
288	2852
289	1668
289	1775
290	293
290	1200
290	1569
290	3245
291	1930
291	2421
291	2954
291	3124
292	637
292	2018
292	2113
292	2147
292	2198
292	2841
292	3106
292	3154
293	1443
293	2185
294	924
294	1530
294	1875
294	3467
295	1108
295	1639
295	1710
295	2077
295	2986
296	991
296	1528
296	1740
296	3446
297	3249
297	3359
297	3392
298	343
298	513
298	2360
298	3261
299	2775
299	3232
300	464
300	557
300	1105
300	1983
301	2606
301	2715
302	504
302	936
302	1985
302	2454
303	327
303	1227
303	1423
303	2215
303	3179
304	834
304	1612
304	1634
304	2458
304	2629
305	592
305	646
305	792
306	882
306	917
306	1185
307	585
307	2017
307	2030
307	2207
307	2584
308	2173
308	2337
308	2758
309	1088
309	1575
309	1869
309	2468
310	600
310	1433
310	2242
311	563
311	1192
311	2043
312	436
312	1059
312	2492
312	2614
312	3019
313	450
313	465
313	2424
313	2882
314	436
314	1847
314	2003
314	2705
314	2924
315	2313
315	2332
315	2773
315	3246
316	943
316	3346
317	2501
317	2814
318	2454
318	3256
319	340
319	3018
320	1092
320	1448
320	3471
321	816
321	989
321	999
321	3047
322	904
322	2083
323	1899
323	3226
324	996
324	2218
324	3107
325	1035
325	2246
325	2803
325	3130
326	3314
326	3396
327	776
327	2276
328	566
328	1118
328	2326
329	768
329	1558
329	2469
330	2077
330	2552
331	1881
331	2205
331	2658
332	812
332	2079
332	3102
333	753
333	2312
333	3071
334	512
334	529
334	880
334	1105
334	1173
334	2021
334	2702
334	3302
335	702
335	1150
335	2539
335	2630
336	1384
336	3056
337	360
337	641
337	2343
337	3172
338	3496
339	1431
339	1437
339	2621
340	2174
340	2834
341	2326
341	2653
342	2433
342	3385
343	530
343	1329
343	1603
343	3066
344	865
344	1470
344	2059
344	2068
345	737
345	1680
345	2055
346	352
346	1355
346	2327
347	449
347	1137
347	1226
348	1132
348	1333
348	1949
348	3059
349	999
349	1264
349	2332
349	2434
349	2458
350	1342
350	2597
351	906
351	1429
351	3204
352	934
352	1903
352	2163
353	1682
353	1901
354	2048
354	2070
355	2431
355	2470
355	2608
356	1138
356	1515
356	2481
356	3274
357	1345
357	2013
357	2064
357	3438
358	494
358	1652
358	1725
358	3251
358	3489
359	925
359	1206
359	1217
359	2344
360	422
360	683
360	1229
360	1358
360	2006
360	2216
361	1540
362	1223
362	2943
362	3225
362	3485
363	630
363	2335
363	2575
364	2562
364	2609
364	2952
364	3035
365	482
365	568
365	1446
365	1963
365	2395
366	1658
366	2386
366	2873
366	3052
366	3068
367	1926
367	1927
368	574
368	710
368	1461
368	1991
369	562
369	3150
370	3390
371	1964
371	2684
372	1133
372	2885
372	3078
372	3351
373	517
373	1122
373	2058
373	3322
374	1544
374	2195
374	2741
374	2857
375	609
375	1038
375	3127
376	899
376	2030
376	2146
377	1012
378	397
378	443
378	1155
378	2039
378	2948
378	3051
379	1231
379	1363
379	1875
379	2428
379	2451
380	1433
380	2114
382	508
382	2053
382	2464
382	2569
382	2999
383	824
383	1834
383	1863
383	2167
383	3328
383	3469
384	1489
384	2044
385	1144
385	1603
385	1912
386	874
386	1357
386	3301
387	636
387	1328
387	1461
387	1728
387	2737
387	2933
388	408
388	2350
388	2939
389	1427
389	1561
389	1652
389	2201
390	2565
390	2735
390	2816
391	596
391	1899
391	2142
391	2400
391	3496
392	2777
392	3009
392	3067
393	991
393	2705
393	2895
394	1007
394	2968
394	3294
395	2076
396	2335
396	2506
396	2914
396	3393
396	3490
397	1104
397	1518
397	2655
397	2769
397	2786
397	3088
398	438
398	2189
398	3404
399	476
399	913
399	1069
400	2016
400	2483
400	2629
400	2753
400	2770
400	2901
401	788
401	1070
401	1217
401	1971
402	911
402	2160
402	2645
402	3023
402	3442
403	408
403	3148
403	3389
404	516
404	1571
404	2782
404	3025
404	3096
405	465
405	2371
406	772
406	1865
406	2104
406	3022
406	3306
407	1162
407	1514
407	1756
407	3214
408	833
408	1037
408	1993
409	1037
409	2785
409	3014
409	3224
410	1937
410	2663
411	1223
411	2999
412	1307
412	1640
413	719
413	765
413	1164
413	2209
413	2255
413	2259
413	3174
414	1917
414	2238
415	959
415	1216
415	1319
415	2914
415	2993
416	899
416	2693
416	2697
416	2821
416	2931
417	860
417	963
417	1519
417	1815
417	2337
418	727
418	1160
418	1418
418	1459
418	1570
418	2245
419	1406
419	2918
420	1035
420	1409
420	2330
420	2956
421	971
421	2690
421	2987
421	3476
422	628
422	2642
422	3150
423	645
423	745
423	937
423	2186
423	2229
423	2760
424	1509
424	1602
424	2773
424	2798
424	3091
425	886
425	1333
425	1725
425	3311
425	3323
426	1113
426	1306
426	2031
426	3402
427	562
427	1122
427	2161
427	3351
428	1142
428	1484
428	2996
428	3366
429	2590
429	2821
429	3423
429	3459
430	2024
430	2386
431	2497
432	568
432	983
432	2049
433	601
433	1169
433	2711
433	2794
434	1009
434	1012
434	2432
434	3126
435	846
435	935
435	1159
435	2506
436	493
436	3177
437	1258
437	2585
437	3009
438	750
438	2338
438	2622
438	2875
439	2026
439	3133
440	879
440	1530
440	1786
440	3185
440	3490
441	1236
441	1353
441	2257
441	3175
442	1917
442	2695
442	3075
443	1486
443	1494
443	2237
443	2269
443	2377
443	3036
444	635
444	1216
444	2472
444	3129
445	1899
445	2592
445	3068
445	3482
446	979
446	1661
446	1818
447	1943
448	571
448	1124
448	2911
449	651
449	2188
450	1017
450	1329
451	2119
451	2208
451	2333
451	3063
452	1085
452	1161
452	1481
452	3040
453	806
453	1397
453	1460
453	1888
453	3371
454	1820
454	2772
454	2948
454	3283
454	3432
455	659
455	1056
455	2633
455	2781
456	1476
456	1916
456	2198
456	2397
456	3235
457	780
457	1227
457	1853
457	3101
458	725
458	1908
459	673
459	744
459	2166
459	2253
459	2717
459	3459
460	1520
460	1625
460	1756
460	2640
461	1534
461	1540
461	1663
461	2099
461	2388
462	899
462	2816
463	1611
463	1698
463	1992
463	2687
463	3383
464	747
464	3072
465	3068
465	3073
465	3076
465	3481
466	1140
466	1465
466	1922
466	3452
466	3489
467	688
467	707
467	1294
467	2960
467	2971
468	661
468	799
468	1620
469	754
469	1257
469	1645
469	1833
469	2239
469	2595
470	1686
470	2332
470	3164
471	564
471	786
471	1053
472	1630
472	1639
472	1714
473	476
473	1225
473	2221
473	3202
474	928
474	1800
474	2309
474	2510
474	3273
475	1312
475	2108
475	2563
476	2010
476	2439
476	3214
477	1256
477	1962
477	2742
478	618
478	1293
478	2308
478	3447
479	907
479	2132
479	2199
479	3315
480	603
480	1515
480	2149
481	1179
481	1879
481	1925
482	1224
482	1304
483	792
483	1126
483	3286
484	525
484	1639
484	3182
485	819
485	2936
485	3199
486	2263
486	2721
486	2845
486	3200
487	1209
487	1620
487	2613
488	616
488	2739
488	3193
488	3222
488	3359
489	797
489	981
489	2317
489	2494
489	2700
490	1282
490	2015
490	2024
490	2035
490	3078
490	3124
490	3420
491	1303
491	1685
491	2269
492	1468
492	2059
493	567
493	1684
493	1996
494	870
494	3388
495	1828
495	2828
495	3198
495	3356
495	3390
496	2641
496	2771
496	3365
497	870
497	1200
497	1506
497	2994
497	3373
498	2179
498	2706
498	3436
499	1067
499	2316
499	2468
500	2029
500	2612
500	2939
501	944
501	1781
501	2728
502	711
502	1684
502	1995
502	2383
502	2587
503	913
503	1782
503	2141
503	2158
503	2757
503	2964
504	1293
504	1452
504	1586
504	1660
504	2014
504	3399
505	1450
505	2500
505	3293
506	577
506	1605
506	1730
506	2055
507	855
507	1170
507	2871
508	797
508	1864
508	3246
509	578
509	1206
509	1291
509	1876
509	1974
509	2629
509	3195
510	1614
510	2361
511	768
512	1163
512	1563
512	2404
512	2835
513	2882
514	895
514	1587
514	2071
514	2997
514	3430
515	2043
515	2313
515	2837
516	957
516	2047
516	3344
517	1787
517	3019
518	1577
518	2957
519	1839
519	1969
519	2359
519	2445
519	2915
520	2683
520	3072
521	614
521	2039
521	2699
522	546
522	1181
522	1253
522	1308
522	1934
522	2650
523	1028
523	3438
524	1298
524	2512
524	2617
524	3285
525	815
525	1622
525	2120
525	3344
526	792
526	1975
526	2145
526	3176
527	608
527	1421
528	825
528	966
529	2277
530	789
530	1928
530	2758
531	570
531	1671
531	1684
531	2518
532	1966
532	2575
532	3075
533	2397
533	2419
534	813
534	834
534	1523
534	1530
535	1581
535	2828
535	2954
536	548
536	1997
536	2036
536	2303
536	2787
536	3258
536	3480
537	1738
537	1869
537	1990
537	2427
537	2452
537	2608
538	544
538	828
538	1281
538	1367
538	1992
539	973
539	1236
539	1638
539	2596
539	2762
539	3167
540	622
540	2392
540	3439
541	635
541	1987
541	2995
542	1469
542	2296
542	3485
543	658
543	2815
543	3255
543	3368
544	838
544	1408
545	1647
545	2921
545	3248
545	3254
546	622
546	915
546	2138
546	2402
546	3445
547	1784
547	1822
547	2239
547	3359
548	2159
548	3481
549	681
549	1427
549	2623
549	2654
550	1193
550	2363
550	3254
551	999
551	1766
551	2647
552	1994
552	2621
552	3326
553	869
553	1385
553	1394
553	2714
554	604
554	1341
554	2242
555	715
555	1522
555	2640
556	1182
556	2288
556	2504
556	2818
557	2269
557	2751
558	597
558	791
558	1809
558	1880
559	739
559	2040
560	1407
560	1898
560	2043
560	2760
561	1808
561	1977
561	3150
562	2105
563	2640
563	2836
564	798
564	1742
565	937
565	1373
565	1888
566	1540
566	1987
566	3328
567	1277
567	2619
568	886
569	1632
569	1724
570	746
570	820
570	3218
571	1029
571	2248
572	1367
572	3026
573	818
573	2640
574	1073
574	3284
575	623
575	1216
575	2721
575	3350
576	989
576	2065
576	2379
576	2977
577	580
577	2759
577	2955
577	2984
578	736
578	1631
578	2134
579	1800
579	1821
579	2645
580	623
580	1389
580	3356
581	2812
582	1672
582	2363
582	2486
582	2602
582	2934
583	1477
583	1780
583	2723
583	3035
583	3323
584	1028
584	2892
584	3211
584	3391
586	692
587	2157
587	2403
588	692
588	1810
589	699
589	2034
589	2547
590	750
590	3181
590	3222
591	1419
591	1725
591	1890
591	2933
592	802
592	2222
592	3258
593	1502
593	1823
594	606
594	2566
594	2581
594	2861
595	729
595	1261
595	1924
596	1651
596	2766
596	3205
597	1018
597	2945
598	2528
599	1315
599	1817
599	3376
600	1676
600	2189
601	1253
601	2723
601	3302
602	743
602	933
603	1804
603	2155
603	2674
603	3391
603	3418
604	990
604	1108
605	1891
605	2384
605	2871
606	773
606	856
606	2025
606	3109
606	3134
607	904
607	941
607	1020
607	1171
608	1159
608	1657
608	2403
608	2599
608	3152
608	3334
609	2469
609	2643
609	2668
610	1539
610	1727
610	2959
611	887
611	1583
611	1632
611	2291
612	940
612	1993
613	1246
613	1405
613	1707
613	2442
614	1586
614	1624
614	1655
614	2121
614	2557
614	3120
615	1655
615	2501
615	2925
615	3046
616	706
616	3284
617	3154
617	3185
618	1010
619	1055
619	1166
619	1452
619	3282
620	2099
620	2477
620	3297
621	691
621	1303
621	1672
621	1953
621	3405
622	1503
622	2907
623	1370
623	1654
623	2374
623	2416
623	2583
623	2625
624	1685
624	2066
624	2272
624	2427
624	2652
625	998
625	1253
625	3451
626	1178
626	1340
626	1870
626	2319
627	3123
627	3148
628	1575
628	2159
628	2277
628	2833
629	1384
629	3273
630	1551
630	2694
631	1290
631	2710
632	2235
632	2988
632	3126
633	873
633	2095
633	3293
634	700
634	739
634	1680
634	1814
634	2100
634	2686
635	1693
636	1262
636	2164
636	2620
636	2656
636	2888
637	838
637	1158
637	1482
637	2591
638	1943
638	2157
639	1086
639	1493
639	2195
639	2674
639	3140
640	707
640	1787
640	2503
640	2921
641	2221
641	2743
641	2773
641	2827
641	3466
642	816
642	1279
642	3316
643	1232
643	3280
644	2452
645	774
645	1790
645	2714
646	961
646	2969
647	894
647	1169
647	1766
647	1781
648	689
648	1115
648	1292
648	2813
648	3209
649	720
649	1774
649	2480
649	2487
649	3170
649	3375
650	1632
650	2358
650	2547
650	2584
650	3012
651	2110
651	2222
651	2648
652	705
652	1481
652	1498
653	1003
653	1012
653	1871
653	2787
654	717
654	880
654	1328
654	1945
654	2305
654	2922
655	1816
655	3135
655	3252
655	3346
656	1470
656	3306
657	1886
657	1904
657	2100
657	2413
657	2419
657	2606
657	2616
657	3350
658	2890
659	1535
659	1539
659	2317
659	2882
660	1589
660	2977
661	1065
661	1525
661	3191
662	1894
662	2029
662	2788
663	1098
663	1599
663	3284
664	1709
664	2454
665	1412
665	1958
665	2073
666	907
666	932
666	1119
666	2787
667	1804
667	2636
668	1206
668	1254
668	1283
668	3348
669	737
669	908
669	2866
670	1001
670	1093
670	2578
671	927
671	1159
671	1386
671	1574
671	2348
671	2516
672	1510
672	2118
672	3069
672	3474
673	2554
673	2821
674	708
674	857
674	2091
675	1033
675	1059
675	1630
676	2614
676	3093
676	3317
677	974
677	1279
678	1481
678	1981
679	2428
680	1165
680	1169
680	2039
680	2444
680	2890
680	3419
681	924
681	1694
681	1806
682	871
682	1128
682	1313
683	1955
683	2557
683	3086
683	3432
684	796
684	1479
684	3250
685	1138
685	2638
685	3399
686	867
686	1741
686	2385
686	2542
687	853
687	3098
687	3441
688	1678
688	2727
688	3052
688	3464
689	2813
689	3283
690	1201
690	1530
690	2974
691	2081
691	2281
691	2459
691	3197
691	3273
692	729
692	1857
692	2479
692	2651
692	3303
693	828
693	1870
693	2168
693	2298
693	3183
694	940
694	1016
694	1311
694	1348
695	1514
695	2531
696	1156
696	1596
696	1656
696	2519
696	2540
697	1037
697	1538
697	2780
698	3118
698	3201
699	871
699	1027
699	1483
699	1780
699	2502
699	3258
700	2489
701	2855
701	3298
701	3417
702	1526
702	1984
703	1670
703	2454
704	1361
704	1894
704	2266
705	1847
705	2269
705	2681
706	1369
707	2025
708	1661
708	2270
708	3367
709	917
709	3150
710	1356
710	1765
710	1779
710	1950
710	2008
710	3470
711	2149
712	1512
712	3355
713	1180
713	1754
713	2050
713	2684
714	1223
714	2545
714	2932
715	898
715	1244
715	1891
715	3332
715	3395
716	1547
716	1975
716	2532
717	1076
717	1131
717	1153
717	1461
717	1529
718	1044
718	1506
718	1755
718	2130
718	2338
718	2408
719	1081
719	1327
720	1179
720	1294
720	1873
720	2664
720	3232
721	904
721	963
722	832
722	1242
722	2139
722	2753
723	1894
723	2572
723	2959
723	3266
724	1333
724	1456
724	1864
724	2539
724	3045
724	3430
725	2086
725	2521
725	2880
726	983
726	1156
726	3232
726	3322
727	827
727	3179
728	1702
728	1846
728	2380
728	2440
728	2450
729	1325
729	1331
730	947
730	1616
730	2144
730	2911
731	939
731	2977
731	3131
731	3228
731	3245
732	1241
732	1762
732	2000
732	2502
732	2774
733	1284
733	2225
733	3234
734	1623
734	1970
734	2376
734	2424
735	1135
735	1237
735	1918
735	3433
736	3050
736	3478
737	1327
737	2206
737	2496
737	2637
737	3287
737	3292
737	3482
738	1275
738	1968
738	2927
739	1068
739	1553
739	1747
739	3201
740	1013
740	2482
740	2656
740	2841
741	840
741	1083
741	1365
741	3327
742	1406
742	2779
742	3029
742	3061
742	3109
743	1033
743	1499
743	2420
743	2447
743	3220
744	1568
744	1769
745	971
746	1171
746	2347
746	3211
747	1322
748	759
748	2354
748	2450
748	3257
749	1926
749	2060
749	2210
750	1129
750	1132
751	846
751	1260
751	1403
751	1869
752	1749
752	1807
752	3220
752	3330
753	768
753	2115
753	2511
753	3267
754	2858
754	3315
755	1695
755	2889
755	3337
756	2507
756	2861
757	1276
757	2004
757	3022
757	3316
758	970
758	2282
758	2897
758	3373
759	857
759	1344
760	2191
760	3330
761	1241
761	1275
761	1914
762	2524
762	2848
762	3295
763	880
763	1258
763	1518
763	1519
763	2136
764	2986
764	3114
765	1765
765	3336
766	3465
767	2383
767	3069
767	3266
768	1369
769	810
769	1008
769	1068
769	1542
769	1924
769	2000
769	2175
769	2311
770	1087
770	2578
770	2906
771	1334
771	2759
772	2418
773	2076
774	1852
774	3205
775	1055
775	1401
775	1438
775	1644
775	1726
775	1936
775	2041
775	2663
775	3168
776	1518
777	1705
777	2730
778	2946
778	3439
778	3479
779	1093
779	1739
779	2855
779	2965
779	3047
780	1428
780	2063
780	2466
780	3292
780	3369
780	3405
781	1145
781	1530
781	1672
781	2367
781	2623
782	1336
782	2201
782	2874
783	1745
783	2023
783	2614
783	2899
783	3292
784	1136
784	1489
784	1642
784	2019
784	3378
785	834
785	2095
785	2217
785	2791
786	1440
786	2486
786	2729
787	942
787	1201
788	850
788	1424
788	2712
788	3125
788	3244
789	823
789	1357
789	1396
789	1974
789	2541
789	2607
790	1545
790	2525
790	3266
791	847
791	1187
791	2384
792	1221
792	1539
792	1819
792	2251
793	1159
793	1319
793	2154
793	3165
794	1141
794	1278
794	1754
794	1809
794	2337
794	3020
795	1604
795	2242
795	2815
796	868
796	1380
796	2242
796	3223
797	827
797	1190
798	902
798	1920
798	2669
799	958
799	1565
799	1763
799	2466
799	2641
799	3387
799	3494
800	1297
800	1300
800	1517
800	1950
800	2580
801	1015
801	2475
801	3262
802	959
802	1331
802	1650
802	2062
802	3217
803	1491
803	3000
803	3307
804	893
804	3355
804	3497
805	1094
805	3128
806	1330
806	2243
807	1215
807	1587
807	1711
808	853
808	1219
808	1721
808	1851
809	1106
809	1637
809	1712
809	1813
809	3103
810	2326
810	2832
811	1167
811	1509
811	3321
812	1742
812	2672
812	3021
813	1084
813	1526
814	974
815	1125
816	2965
817	941
817	1300
817	1548
817	3205
818	1626
818	1636
818	1878
818	2112
818	2694
819	976
819	1418
819	2297
820	996
820	1996
821	1582
821	2692
822	1115
822	1367
822	1463
822	2658
822	2969
822	3345
823	831
823	2905
824	1215
824	1845
824	1981
825	915
825	2950
826	1665
826	2349
826	2788
826	3440
827	1663
827	2846
827	2954
828	1119
828	1576
828	3398
829	1337
829	1990
829	2949
829	3331
829	3377
830	987
830	2932
830	3445
831	914
831	1892
831	1913
831	2236
831	3347
832	2982
832	3149
832	3433
833	1437
833	3033
834	1148
834	2704
834	3465
835	1085
835	1295
835	1407
835	1534
836	1844
836	2055
836	2369
836	3290
837	847
837	1186
837	2489
838	1304
839	1402
839	1478
840	2448
840	2950
840	2994
840	3389
841	857
841	2017
841	2708
841	3232
842	1344
842	2588
842	2923
842	3033
843	1694
843	2069
844	2472
844	3302
844	3377
845	889
845	1263
845	1409
845	1485
845	2614
846	1211
846	1591
847	1994
847	2039
847	3173
848	1575
848	2464
848	2942
849	1404
849	2882
850	1125
850	1929
850	2402
850	2690
850	3017
850	3455
851	2728
851	3187
852	1254
852	1262
852	1861
852	3068
853	1326
853	1474
854	1246
854	1450
854	2331
854	3256
855	1320
855	1332
855	1335
855	1759
856	1561
857	1055
857	1240
857	1414
858	1709
858	3076
859	1263
859	2836
859	3408
860	1411
860	1559
860	2474
860	2652
861	1795
861	3083
862	1089
862	1324
862	1694
863	1708
863	2386
863	2388
863	3111
863	3413
864	1302
864	1322
864	2970
864	3487
866	888
866	1396
866	1610
866	2214
866	3208
867	1016
868	2231
868	2972
869	2253
869	2534
870	2395
870	2438
871	2027
871	2883
872	2078
872	2205
872	3498
873	1404
873	1410
873	2691
873	2692
874	2526
874	2782
875	1550
875	2517
876	2567
876	2770
876	3135
877	2310
877	2926
877	3004
878	1939
878	2268
878	2456
879	1917
879	2484
879	3128
879	3365
881	2202
881	2906
882	1623
882	2070
882	2434
883	2090
883	2447
883	2749
883	2910
884	1732
884	2647
884	2741
884	3153
885	1453
885	1568
885	1751
885	2818
885	3007
885	3129
886	1580
887	2409
888	942
888	2350
889	1448
889	2199
889	3428
890	1629
890	2029
890	2554
890	3156
890	3367
891	1255
891	1343
891	1769
891	2052
891	3121
892	2041
892	2419
892	3023
893	2687
894	1198
895	1783
895	2375
895	3167
896	1084
896	2080
896	3001
897	1615
897	1773
897	2581
897	3095
898	1909
898	2297
899	2338
900	1183
900	1330
900	1672
900	1980
901	1060
901	1149
901	1346
901	2531
901	2848
901	2957
901	3191
902	974
902	1971
902	2999
903	2009
903	2331
903	2638
904	1595
904	3138
904	3380
905	1170
905	2765
905	3003
906	1277
906	1762
906	2412
906	2444
906	2937
906	3060
907	1072
907	1755
908	2277
908	3319
909	1287
909	1522
910	1373
910	2613
911	2106
911	2676
911	3240
911	3372
912	953
912	1334
912	1719
912	2660
912	3470
913	1322
913	1768
913	2669
914	1268
914	2259
915	1007
915	1111
915	1576
915	1930
915	2096
915	2275
915	2433
916	917
916	2469
916	2937
916	3138
917	981
917	2131
918	977
918	1563
918	2171
918	2184
918	2334
919	2491
919	2684
919	2891
919	3318
920	994
920	3012
920	3051
921	1563
921	1828
921	3346
922	2441
922	3392
923	1892
923	2055
923	2344
923	2876
923	3497
924	2618
924	3206
925	2026
925	2113
925	3363
926	1591
926	3228
927	2942
927	3053
928	2579
928	2622
929	1545
929	1966
929	3212
930	1207
931	2292
931	2441
931	3413
932	1339
933	1214
933	1959
933	2721
933	3416
934	2906
935	1636
936	1361
936	1690
936	2904
936	2940
937	1288
937	2915
938	1559
938	2442
938	2609
938	3097
939	1019
939	1536
939	1623
939	1636
940	2300
940	2309
940	3279
941	1102
941	1414
941	3310
942	1193
942	1547
942	2292
942	2608
942	2747
943	1473
943	1767
943	2211
944	1149
944	2814
945	1650
945	2021
945	2827
946	2531
946	3202
946	3205
947	1202
948	1503
948	1852
949	2649
949	2789
949	2790
950	2956
950	2964
950	3380
951	1940
951	2819
952	1532
952	3096
953	1289
953	1594
953	1948
953	2771
954	2208
954	2823
954	3158
955	1513
955	1825
955	2084
955	2269
955	2315
955	2789
955	3269
956	1271
956	1672
957	1617
957	1728
957	1877
957	3210
958	1648
958	1889
959	2881
960	3283
962	2986
962	3432
963	1188
963	1337
963	2920
963	3324
964	1285
964	1992
965	1150
965	1497
965	1706
965	1825
965	2916
966	1967
966	2030
967	2315
967	2667
967	2817
968	1399
969	1868
969	2353
969	2846
970	1110
970	1248
970	1281
970	3307
971	1313
972	999
972	2887
972	3186
972	3392
973	2654
973	2735
974	1056
974	1554
975	1539
975	1618
975	2941
975	3120
976	1970
976	3438
977	1935
977	3042
978	988
978	1766
978	3494
979	1633
979	1642
979	1643
979	2091
979	2897
979	3374
980	1207
980	1470
980	1529
980	1929
980	2995
981	1637
981	2009
981	2176
982	1399
982	1557
982	1770
982	1953
982	1999
983	2604
984	1997
984	3360
985	1017
985	1102
985	1706
986	1645
986	1970
986	2358
986	2792
987	1931
987	2316
987	2986
987	3323
988	1634
988	2507
989	2453
989	3420
990	1596
990	1738
990	2235
990	2587
990	3187
991	2140
991	2283
991	2296
992	1401
992	1832
993	1202
993	1835
993	1856
994	1377
994	1777
994	2547
994	2847
995	1025
995	2556
995	3045
996	2490
996	2950
996	3353
997	1336
997	2605
997	2839
997	3165
997	3260
998	1081
998	1517
998	2079
999	2226
999	2256
999	2379
999	3173
1000	1558
1000	2655
1001	1372
1002	1076
1002	1170
1002	2801
1004	1037
1004	1811
1005	2260
1005	2487
1005	2771
1006	1009
1006	2187
1006	2415
1007	1314
1007	2570
1008	2068
1008	3478
1009	2364
1009	3100
1009	3288
1010	1415
1010	2254
1010	3229
1011	2218
1011	2306
1011	2328
1011	3209
1013	1399
1013	1686
1014	1187
1014	1629
1014	2031
1015	1543
1015	1893
1016	2969
1017	1155
1017	1681
1017	2176
1018	1527
1018	2253
1018	2307
1018	2397
1018	2666
1019	2395
1019	2763
1019	2984
1019	3320
1020	1576
1020	1608
1020	1640
1021	1430
1021	1963
1021	2894
1021	3143
1021	3468
1022	1421
1022	2386
1022	3000
1023	1794
1023	2902
1024	1222
1024	1656
1024	2192
1025	2047
1025	2627
1025	3376
1026	2008
1026	2303
1026	2446
1026	2551
1026	2816
1027	1428
1029	2274
1029	2725
1029	3398
1030	2853
1030	2901
1031	1980
1031	3230
1032	1269
1032	1798
1032	2443
1032	3194
1032	3490
1034	2137
1034	3108
1034	3276
1035	2352
1036	2046
1036	2165
1037	1146
1037	2558
1037	3447
1038	1215
1039	1226
1039	1744
1039	2474
1039	2691
1040	1428
1040	1613
1040	2295
1040	2471
1040	2686
1041	2857
1041	2940
1041	3021
1041	3054
1042	1859
1042	2114
1043	1987
1043	2327
1043	2590
1044	1858
1044	2723
1045	1699
1045	2684
1045	2806
1045	3453
1046	2160
1046	2565
1047	1181
1047	2344
1047	2919
1048	1425
1048	1587
1048	1708
1048	3276
1049	1236
1049	3090
1050	2040
1051	2103
1052	1641
1052	2269
1052	3231
1053	1621
1053	2299
1053	3210
1054	2023
1054	2230
1054	2604
1055	1900
1055	2632
1055	2923
1056	1067
1056	1313
1056	2431
1056	2609
1057	1416
1057	2176
1057	3252
1058	1594
1058	3409
1059	1537
1059	1695
1059	2499
1060	2053
1060	2163
1060	2465
1060	2935
1061	1746
1061	3285
1061	3303
1062	3072
1062	3340
1063	1942
1063	1979
1064	1084
1064	1102
1064	3406
1065	1618
1065	2573
1065	2653
1066	2733
1066	2844
1068	1796
1068	1817
1069	1913
1070	3232
1070	3283
1071	1872
1071	2689
1071	3149
1073	1892
1073	1940
1074	1448
1074	1547
1075	1082
1075	1853
1075	2059
1075	2215
1075	2276
1075	2886
1076	1632
1076	3014
1077	3114
1077	3310
1078	1577
1078	1954
1078	1961
1078	2744
1078	3088
1079	1294
1079	1400
1079	3455
1080	2217
1080	2377
1080	2928
1080	3457
1081	1197
1082	1960
1082	2383
1083	1579
1083	3187
1083	3412
1084	2547
1085	1685
1085	2323
1086	2177
1086	3498
1087	1647
1087	2700
1087	3385
1088	1567
1088	1981
1088	2292
1089	1228
1089	2830
1089	3054
1089	3381
1090	1849
1090	2543
1091	3362
1091	3397
1091	3427
1092	2638
1092	2930
1092	3052
1094	1367
1094	3231
1094	3457
1095	2669
1095	3357
1095	3491
1096	1843
1096	2985
1097	2263
1098	2384
1099	1348
1099	1618
1099	3044
1099	3126
1100	1118
1100	1381
1100	1565
1101	1507
1101	2203
1102	1252
1102	2337
1103	2746
1103	3090
1103	3215
1103	3361
1104	2446
1104	2451
1105	1365
1105	2306
1105	3483
1106	2343
1106	3059
1107	1734
1107	3018
1107	3353
1108	3293
1108	3333
1109	1669
1109	2784
1110	1117
1110	2192
1110	2893
1110	3493
1111	1987
1111	2135
1112	1120
1112	1353
1112	1434
1112	2122
1112	2441
1112	3084
1112	3315
1112	3428
1113	2691
1114	1351
1114	1815
1114	2129
1114	2897
1115	2846
1115	3223
1116	2133
1116	2928
1116	3027
1116	3033
1117	1373
1117	1632
1117	2165
1117	3288
1118	1811
1118	2065
1119	1212
1119	1251
1120	1133
1120	1822
1120	2294
1121	2546
1121	2826
1121	3132
1122	1942
1122	2387
1123	1439
1123	1440
1123	1859
1123	2963
1124	1632
1124	2224
1124	2762
1124	2860
1125	1209
1126	1622
1126	1726
1126	2649
1126	3247
1127	1568
1127	2360
1127	2657
1127	2669
1128	1455
1128	1505
1128	2483
1129	1984
1129	2033
1129	2042
1130	1232
1130	3161
1130	3404
1131	1666
1131	1737
1131	2633
1131	2801
1132	2274
1132	3020
1133	1325
1133	1554
1133	2718
1133	2756
1134	2064
1134	2577
1134	2852
1135	2455
1135	2547
1135	3342
1136	2274
1137	1199
1137	2119
1137	3340
1137	3344
1137	3433
1138	1756
1138	3482
1139	1668
1139	1695
1139	3090
1139	3229
1140	2644
1140	3060
1140	3114
1140	3369
1141	1426
1141	1631
1141	2449
1142	3058
1143	1733
1143	1896
1143	2759
1143	2854
1144	1416
1144	2150
1144	2281
1144	3439
1145	2213
1145	2383
1146	1771
1146	3396
1147	1731
1147	3145
1147	3222
1147	3299
1148	2490
1149	1459
1149	2322
1150	1236
1150	2994
1151	2286
1151	2311
1151	2971
1151	3436
1152	1467
1152	2182
1152	2748
1152	2953
1152	3035
1152	3043
1152	3077
1153	1712
1153	2278
1153	2784
1153	2871
1153	3341
1154	1318
1154	1638
1154	2454
1154	3224
1154	3440
1155	2332
1155	2780
1156	1612
1156	2611
1157	1981
1157	2488
1158	2292
1158	2322
1158	2985
1159	1708
1160	2163
1160	2461
1160	2863
1161	1427
1161	2100
1162	1800
1162	2736
1162	2756
1162	2807
1163	1569
1163	1961
1163	2829
1164	1183
1164	1513
1164	1684
1164	2087
1164	3423
1165	2280
1165	2536
1165	2903
1166	1186
1166	1830
1166	2793
1167	1364
1167	1379
1167	2680
1168	1594
1168	2002
1168	2828
1168	3067
1168	3210
1168	3439
1170	1349
1170	1521
1171	2594
1171	3057
1171	3173
1171	3233
1171	3454
1172	1551
1172	2451
1173	2630
1173	3209
1174	1651
1174	1701
1174	1982
1174	2921
1174	3216
1174	3283
1175	1678
1175	3203
1176	1941
1176	2341
1176	2685
1176	2854
1176	3301
1177	2131
1178	2358
1178	2476
1178	3267
1179	1559
1179	1829
1179	2374
1179	2649
1179	2797
1180	2283
1181	2577
1182	1855
1182	2209
1183	1492
1183	1821
1183	2486
1184	1254
1184	1824
1185	1506
1185	3084
1186	1975
1187	1899
1188	3361
1189	1244
1189	1265
1189	1832
1189	2043
1189	2320
1189	3327
1190	1219
1190	3337
1191	1811
1191	1954
1191	2915
1192	2421
1193	2941
1194	1680
1194	3281
1194	3447
1195	2147
1195	2191
1195	2741
1196	1256
1196	2651
1196	2707
1196	3417
1197	1459
1197	1729
1197	2852
1197	3141
1198	2474
1199	1472
1199	2008
1199	2700
1199	2877
1200	1797
1200	3219
1200	3385
1201	1597
1201	2613
1203	2322
1203	2799
1204	1362
1204	2037
1204	2188
1204	2645
1204	2656
1204	2657
1205	1257
1205	1900
1205	2415
1205	2436
1205	3097
1206	1213
1206	1580
1206	3469
1207	1547
1207	2435
1207	3429
1208	1537
1208	1548
1209	1923
1210	1604
1210	2461
1210	3236
1211	1610
1211	1877
1212	1623
1212	2036
1212	3139
1213	1803
1213	2187
1213	3296
1214	1336
1214	1889
1214	2209
1215	1342
1215	1694
1215	3330
1216	2885
1217	1307
1217	1475
1217	2216
1218	1913
1218	2111
1218	2962
1219	1727
1219	2244
1219	3303
1219	3419
1220	1958
1220	2698
1220	2969
1221	1289
1221	1341
1221	1645
1222	1354
1222	3190
1223	2262
1223	3052
1223	3364
1224	2560
1224	3464
1225	1416
1225	1572
1225	2006
1226	1263
1226	2222
1226	2419
1226	3229
1228	2020
1228	3088
1228	3495
1229	1915
1229	2767
1230	1842
1230	2258
1231	1413
1231	2996
1231	3500
1232	1451
1232	3231
1233	1642
1233	2344
1233	3261
1234	2123
1234	2430
1235	2088
1235	2184
1235	3257
1236	1860
1236	3366
1237	1390
1237	1820
1237	2581
1237	3047
1238	3086
1238	3089
1238	3242
1238	3270
1239	1795
1239	2463
1240	1619
1240	2596
1241	1857
1241	3031
1242	1584
1242	2238
1242	2390
1242	3443
1242	3483
1243	1661
1243	2294
1243	2541
1243	2974
1244	2466
1245	1436
1245	1741
1245	3427
1246	1805
1247	1697
1247	3078
1247	3226
1248	2188
1248	2942
1249	2272
1250	2109
1250	2257
1250	2586
1251	2615
1251	2713
1251	2742
1251	3019
1251	3101
1252	1607
1253	2399
1253	3091
1255	2279
1256	1613
1256	2901
1257	2188
1257	2394
1258	2320
1258	2905
1259	1862
1259	3104
1260	1854
1261	1376
1261	1713
1261	2307
1261	2413
1261	2822
1262	1798
1262	2701
1263	1725
1264	1342
1264	1455
1264	2094
1264	2578
1265	1444
1265	1634
1265	2203
1265	2563
1266	1719
1266	2688
1267	1349
1267	1751
1267	3123
1268	2314
1268	2819
1268	2824
1268	2852
1268	2955
1268	3005
1269	1302
1270	3210
1271	1484
1271	1746
1271	3427
1272	1658
1272	2120
1272	3382
1273	1789
1273	1826
1273	2033
1273	2216
1273	3250
1274	3266
1275	1700
1275	1714
1275	2880
1275	3075
1275	3495
1276	1796
1276	1896
1276	3350
1277	2520
1278	1874
1278	3392
1279	3047
1280	1395
1280	1518
1280	1536
1280	1619
1280	1919
1280	2864
1281	1315
1281	1865
1282	2418
1282	3100
1283	2173
1283	3347
1284	2923
1284	3268
1285	1452
1285	2659
1285	2708
1286	1401
1286	1993
1287	1344
1287	2314
1287	3070
1288	1542
1288	3149
1289	1983
1289	2457
1289	2929
1290	2626
1290	2627
1291	1549
1292	2476
1294	1313
1294	2220
1294	3140
1295	2126
1296	1310
1296	1450
1296	2549
1296	3237
1297	1456
1297	2367
1297	2993
1298	1845
1299	1512
1299	2301
1299	3301
1300	2090
1300	3362
1301	1317
1301	2867
1301	3055
1301	3104
1301	3157
1302	1614
1302	1676
1302	2238
1302	2869
1303	1643
1303	2272
1303	2973
1304	1496
1304	2506
1304	3423
1305	1777
1305	2378
1305	2758
1306	1968
1306	3038
1307	1367
1307	1774
1307	1944
1307	2516
1308	1818
1308	2058
1308	2407
1309	1599
1309	2544
1309	2752
1310	2802
1310	3177
1311	1573
1311	2783
1311	3149
1312	1582
1312	2491
1313	2503
1313	2601
1314	1557
1314	1905
1314	2416
1314	2498
1315	1620
1315	1896
1316	2368
1316	2439
1317	2114
1317	3143
1318	1354
1318	2032
1318	2564
1320	2797
1321	1428
1321	2589
1322	2012
1323	2101
1323	2240
1323	2261
1323	2712
1323	2772
1324	1575
1324	3215
1325	1469
1325	1619
1325	1682
1325	2637
1326	1347
1326	3206
1327	1354
1327	3030
1328	1830
1329	1405
1329	1685
1329	2601
1330	2016
1330	3255
1331	3485
1332	1415
1332	1998
1332	2216
1333	1970
1334	2320
1335	1462
1335	1580
1335	2181
1335	2232
1336	1571
1336	1746
1336	3005
1336	3214
1338	1437
1338	2941
1338	3255
1339	1409
1339	3219
1340	1708
1340	2062
1340	2381
1341	2118
1342	2079
1343	1649
1343	2634
1343	3223
1344	2277
1344	2684
1344	2713
1345	2185
1345	2884
1346	3035
1347	2621
1347	3115
1348	2122
1348	2964
1349	1370
1349	2176
1349	2730
1350	1697
1350	2866
1351	1582
1351	2362
1351	2807
1351	3475
1352	2100
1352	2167
1352	3297
1353	2476
1353	3171
1354	2411
1354	3161
1355	2950
1356	1440
1356	1733
1356	2117
1357	1578
1357	1757
1357	2107
1357	2763
1358	1707
1358	1842
1359	1503
1359	2078
1359	2498
1360	1581
1360	1864
1360	2689
1361	2450
1362	2750
1362	2866
1362	3094
1362	3434
1363	1633
1363	2298
1363	2771
1364	1691
1364	2205
1364	3071
1364	3278
1365	1536
1365	3236
1366	1811
1366	1850
1366	2804
1366	3156
1367	1947
1368	1427
1368	1663
1368	2552
1368	3147
1369	2069
1369	2593
1369	2735
1370	1928
1370	2672
1371	1397
1371	2846
1372	1477
1372	1613
1372	2573
1372	3313
1373	3029
1373	3191
1373	3272
1374	1408
1374	2992
1375	2236
1376	2245
1376	2703
1376	3490
1377	2016
1377	3419
1378	1555
1378	2350
1378	2418
1378	3094
1379	2616
1380	1836
1380	3080
1381	1575
1381	2105
1381	2578
1381	2685
1381	3285
1382	3200
1382	3467
1383	1513
1383	1729
1383	2295
1383	2907
1383	2985
1383	3446
1384	1444
1384	1667
1384	2763
1384	2944
1385	2048
1385	2592
1386	2159
1386	2443
1387	2241
1387	2688
1387	3201
1387	3343
1388	1645
1388	2186
1388	2345
1388	2348
1389	2554
1389	2787
1389	3073
1389	3373
1390	2388
1390	2704
1390	2760
1391	1752
1391	2111
1391	2138
1391	2410
1391	3291
1391	3332
1392	1414
1392	1823
1392	1887
1392	2088
1392	3034
1393	2131
1393	2528
1393	2920
1393	3007
1393	3204
1394	2950
1395	1572
1396	2550
1396	3003
1397	1416
1398	1790
1398	1879
1398	1929
1398	2159
1399	1457
1399	1773
1399	3472
1400	2153
1400	2436
1400	2805
1401	3360
1402	1495
1402	1853
1402	2611
1402	3405
1402	3488
1403	2044
1403	2640
1403	3314
1404	1776
1404	3401
1405	2757
1406	1574
1406	2172
1406	2452
1406	2751
1406	3387
1407	1837
1407	2204
1407	3313
1408	2567
1408	2933
1408	2970
1409	2150
1409	3402
1410	2187
1411	1894
1412	2322
1412	2424
1412	2489
1413	2036
1413	2692
1414	1741
1414	2190
1415	3003
1415	3234
1416	2334
1417	1601
1417	1972
1417	2625
1417	3156
1418	2588
1418	2859
1419	2149
1419	3273
1420	2439
1420	3459
1421	2266
1421	2527
1421	2842
1421	2913
1422	2095
1422	3228
1423	2414
1423	2648
1423	2869
1424	1755
1424	2252
1424	2268
1424	3292
1425	2215
1425	3208
1426	1883
1426	3159
1428	2912
1429	2955
1430	1453
1430	1648
1431	2285
1431	3386
1432	1455
1432	2477
1432	2649
1432	2842
1434	2739
1434	2963
1435	2393
1435	2547
1435	3406
1436	2260
1436	2297
1436	3313
1437	2316
1437	3351
1438	1563
1439	1531
1439	1924
1441	2257
1441	2270
1441	2516
1442	1776
1442	3232
1443	1683
1443	2060
1443	2683
1443	3301
1444	1735
1444	2553
1444	3174
1445	2192
1445	3288
1446	1552
1446	2820
1446	3460
1447	1829
1447	2809
1447	3085
1448	3141
1449	1578
1449	2773
1449	3038
1449	3180
1450	1803
1450	1901
1450	2290
1450	2462
1451	2155
1451	2577
1452	3366
1453	1776
1454	2947
1455	2174
1455	2794
1456	1801
1457	2934
1457	2938
1457	2947
1457	3072
1458	2217
1458	2828
1459	3139
1459	3183
1459	3194
1460	2265
1461	2710
1462	2509
1463	2412
1463	2741
1464	1625
1464	1659
1464	3027
1465	1468
1465	2153
1465	2254
1466	2204
1466	2406
1466	2539
1466	2918
1467	1694
1467	2867
1468	2817
1468	3490
1469	1780
1469	1907
1470	2235
1470	2880
1470	3384
1471	1945
1471	1972
1471	3057
1472	1630
1472	3266
1473	3339
1474	1529
1474	1707
1474	1847
1474	2840
1474	2992
1476	1783
1476	2468
1477	2458
1477	3104
1478	1573
1478	2221
1478	2775
1478	3425
1479	1568
1479	2333
1479	3248
1480	2456
1480	3474
1481	1509
1483	1834
1483	2565
1484	1906
1484	2713
1485	2278
1485	2580
1487	2417
1487	2908
1487	3391
1488	1814
1488	2089
1488	2812
1489	1653
1489	1785
1489	3183
1490	1912
1491	2804
1491	3364
1492	1693
1492	1694
1492	3027
1493	1950
1494	2510
1494	2748
1495	1631
1495	2234
1495	3188
1497	1765
1497	1791
1497	1939
1497	2193
1498	1838
1498	2071
1498	2098
1498	3378
1499	2060
1499	2826
1500	1818
1500	3306
1501	1551
1501	1616
1501	1766
1501	2169
1502	3116
1502	3484
1503	2973
1503	3139
1503	3244
1503	3475
1504	2439
1504	3385
1505	2033
1505	2425
1505	2902
1505	3005
1505	3392
1506	2677
1506	3358
1507	1734
1507	2453
1507	2794
1508	1576
1508	1949
1508	2227
1509	3114
1510	2635
1510	3240
1511	2320
1511	3099
1511	3453
1512	2169
1513	2097
1514	2608
1514	3065
1515	2367
1516	2378
1516	2961
1518	2817
1519	2013
1520	2625
1521	2945
1522	1762
1522	2289
1522	2433
1523	2544
1524	1952
1524	2591
1524	2936
1525	2354
1525	2673
1525	3067
1525	3189
1526	1842
1526	1850
1526	2615
1526	3017
1527	1814
1527	3025
1528	2400
1528	3205
1529	1644
1529	2129
1529	2637
1529	3203
1531	1553
1531	2049
1531	2308
1531	2769
1531	2958
1531	3054
1532	3296
1533	1913
1533	2896
1533	3330
1533	3341
1534	1987
1534	2149
1534	2239
1534	2893
1535	2024
1536	2961
1536	3493
1537	3135
1538	2993
1540	3016
1541	1689
1541	2832
1541	2957
1541	2962
1542	1780
1542	2336
1543	2383
1543	2812
1543	2937
1543	2988
1544	1832
1544	1948
1544	2646
1544	3050
1544	3421
1544	3495
1545	1570
1545	2124
1545	2816
1546	1807
1546	2915
1547	3183
1548	1638
1548	2676
1548	3458
1549	3421
1550	1758
1550	2566
1551	1674
1552	1609
1552	2606
1553	2218
1555	2093
1555	2136
1555	2591
1555	2697
1556	1836
1556	2720
1556	3409
1557	3069
1558	2421
1558	2526
1558	2780
1558	2790
1559	2206
1559	2239
1560	1635
1560	1951
1560	1991
1561	2548
1561	3080
1562	2013
1562	2255
1562	2275
1562	3131
1563	2349
1563	2894
1564	1650
1564	1677
1564	1760
1564	2104
1564	3103
1564	3226
1565	1747
1565	1995
1565	2016
1565	2569
1566	1820
1566	2920
1567	1623
1568	3450
1569	2732
1569	3097
1569	3199
1570	1837
1570	2139
1570	3202
1571	3374
1571	3481
1572	1965
1572	1972
1572	2991
1574	3002
1576	3421
1577	1904
1577	1943
1577	2063
1577	2697
1577	2734
1578	1649
1579	1696
1579	2967
1580	1770
1580	2636
1580	2903
1581	2021
1581	2681
1581	3451
1582	1781
1582	1915
1583	2728
1583	2784
1584	2115
1584	2309
1584	2965
1585	2106
1585	2346
1585	2453
1585	3180
1586	2892
1587	1775
1588	2346
1588	2915
1589	1803
1589	3207
1589	3411
1590	2057
1590	2580
1591	3316
1591	3318
1591	3454
1592	1735
1592	3206
1593	1922
1593	2488
1593	2587
1594	1970
1595	2422
1596	2280
1596	2716
1596	3149
1597	2061
1597	3119
1598	1875
1598	3128
1599	2014
1599	3134
1600	2625
1600	2768
1600	3309
1600	3397
1601	2127
1601	2661
1601	3439
1602	3047
1605	2663
1605	2997
1606	1711
1606	2120
1606	2227
1607	1661
1607	2086
1607	3379
1608	1684
1608	1723
1609	1653
1609	1779
1609	2041
1611	1799
1611	2067
1611	2130
1611	2516
1612	1619
1612	1702
1612	1748
1614	1883
1614	2691
1614	3198
1616	1646
1616	2294
1616	2802
1616	2994
1617	2064
1618	2125
1619	2193
1619	2585
1619	3464
1620	2040
1620	2525
1620	2878
1621	2271
1621	2619
1621	3241
1623	1696
1623	2495
1624	3201
1625	1877
1625	2091
1625	2998
1625	3399
1626	2038
1626	2367
1627	2939
1627	3110
1628	1817
1628	2864
1629	1726
1630	2830
1632	2733
1633	2527
1634	1739
1634	1849
1635	1915
1635	2142
1635	2887
1636	3373
1636	3435
1639	3177
1640	3345
1641	2392
1642	2247
1642	2287
1642	2778
1643	2069
1643	2157
1644	2543
1645	2168
1645	2212
1645	3144
1646	1838
1646	3481
1647	2194
1648	3451
1650	2274
1651	3067
1651	3108
1651	3137
1652	1859
1652	3380
1653	3278
1654	1735
1654	1901
1655	1914
1655	2732
1656	1658
1657	2285
1658	2143
1659	2235
1660	2228
1660	2327
1661	1839
1661	2649
1662	1859
1662	1988
1662	2032
1662	2258
1662	2299
1663	1768
1663	2452
1663	3037
1663	3488
1664	2055
1664	2763
1664	2895
1665	2163
1665	2616
1667	1921
1668	1703
1668	3270
1668	3285
1669	1922
1669	2279
1669	3079
1670	1969
1670	2932
1671	1909
1671	2191
1671	2722
1673	2722
1673	3381
1674	1884
1674	3289
1675	3217
1675	3309
1675	3428
1676	2412
1677	2509
1678	2254
1678	2502
1679	2506
1679	2851
1680	1741
1680	2668
1680	3455
1681	1722
1681	1875
1681	2515
1681	2903
1681	3453
1682	1931
1682	3150
1683	3056
1684	1893
1684	3001
1684	3101
1685	2400
1685	3411
1685	3431
1686	2351
1686	2517
1687	2118
1687	2278
1687	2561
1688	2235
1688	2542
1688	3105
1689	2130
1690	1772
1690	2592
1690	3006
1691	2923
1691	3293
1692	1866
1692	2373
1693	2569
1695	1901
1696	2396
1696	2546
1696	2761
1696	2910
1696	3026
1696	3057
1696	3098
1696	3302
1697	3143
1698	3095
1699	1839
1699	2809
1700	2214
1700	2801
1700	3165
1701	2833
1701	3157
1702	1865
1702	2324
1702	2720
1702	2773
1703	2790
1704	2221
1704	2482
1705	2238
1705	2396
1705	2831
1705	2837
1705	3300
1705	3394
1706	2973
1706	3296
1707	1937
1707	3154
1709	2231
1709	2286
1710	2651
1710	3326
1711	1901
1711	1960
1712	3417
1713	2999
1713	3363
1714	1777
1714	2156
1715	2628
1715	3401
1716	2044
1716	3244
1717	1905
1717	2455
1717	2951
1717	3306
1718	1941
1718	2382
1718	2567
1718	2579
1719	2288
1719	2911
1720	2681
1720	2756
1721	2690
1721	2831
1722	2865
1723	2004
1723	2394
1724	2875
1726	2371
1727	3092
1729	3058
1730	2302
1730	3437
1731	2560
1732	2716
1732	2820
1733	3104
1734	3316
1735	2015
1736	2210
1737	1965
1737	2829
1738	3289
1739	2128
1739	3364
1740	2769
1740	2836
1741	1816
1741	2007
1742	1854
1743	2877
1743	2941
1744	2700
1745	1892
1745	2146
1745	2344
1745	2407
1745	2992
1746	2850
1746	3159
1747	3169
1748	2211
1748	2385
1749	1841
1749	1856
1750	1904
1750	2022
1750	2165
1750	3110
1751	2113
1751	3495
1752	3208
1753	2497
1753	2755
1753	2909
1753	3486
1754	2902
1756	1902
1757	2795
1758	2607
1759	2099
1759	2479
1760	3167
1761	2555
1761	2986
1761	3499
1762	2813
1762	3191
1763	3123
1763	3338
1764	3280
1765	1784
1765	2404
1765	3119
1766	1882
1767	2442
1767	2512
1767	2574
1768	1805
1768	1994
1768	2972
1768	3113
1768	3285
1769	2103
1769	2132
1770	1934
1770	2351
1771	2084
1771	2451
1771	2696
1772	2046
1772	2623
1772	2851
1773	2205
1774	2701
1774	3153
1774	3402
1775	3474
1776	2510
1776	3056
1777	3222
1778	1829
1778	2812
1778	3055
1779	2430
1780	1888
1782	2609
1783	2096
1783	2501
1783	3104
1783	3246
1785	3286
1786	2795
1787	2002
1788	3044
1788	3460
1789	1911
1789	2666
1789	2938
1789	3354
1791	1932
1792	1801
1792	2062
1793	2336
1793	2629
1793	3119
1794	3364
1795	2968
1797	3096
1798	2314
1799	3481
1799	3499
1800	2183
1801	1835
1801	2944
1802	1829
1802	2488
1802	3447
1804	1956
1804	1970
1804	1997
1804	2633
1804	3254
1805	2112
1805	2801
1805	3111
1805	3158
1806	2251
1806	3306
1807	2670
1807	2745
1807	2762
1808	2473
1808	2926
1808	3199
1809	2054
1809	2181
1809	3021
1810	2545
1810	2604
1810	2635
1810	3463
1811	2155
1811	2271
1811	2881
1812	2962
1812	3473
1813	1990
1814	3176
1815	2255
1815	3440
1815	3463
1816	3367
1817	2938
1819	1973
1819	3088
1819	3486
1820	2647
1820	2839
1822	2677
1823	1952
1823	2098
1823	2500
1823	3094
1824	1882
1824	1979
1824	2094
1824	2300
1824	2800
1825	2662
1825	2847
1825	3034
1826	2113
1826	2487
1826	2505
1826	3001
1827	2375
1827	2858
1827	3192
1828	2437
1829	2167
1830	2639
1831	2130
1831	3464
1832	3146
1833	2233
1833	2964
1835	2101
1835	2754
1836	2654
1836	2836
1837	2628
1837	2696
1838	2497
1838	2873
1839	2043
1840	2782
1840	3032
1840	3344
1841	2519
1841	3336
1842	3262
1842	3428
1843	1992
1843	2442
1843	3280
1844	2660
1844	2842
1845	1894
1845	2204
1846	2231
1847	2303
1847	2871
1848	2128
1848	3483
1849	2052
1849	2474
1849	2892
1849	3367
1850	2969
1851	2182
1852	2036
1852	2517
1852	2901
1852	3325
1853	2284
1854	2550
1854	2662
1854	2694
1855	1856
1855	2305
1855	3263
1856	2680
1856	3309
1857	2089
1857	2979
1858	2158
1860	1878
1860	2822
1861	2997
1861	3038
1862	2038
1862	2473
1862	2481
1863	1939
1863	2394
1863	3108
1864	2325
1864	2826
1865	2257
1866	1911
1866	2086
1866	2333
1866	2377
1866	2921
1867	1885
1867	3163
1868	3019
1869	3130
1870	2119
1870	3026
1871	2210
1871	3154
1872	2380
1872	2439
1873	2352
1874	2191
1874	2823
1874	3281
1875	2912
1876	2834
1878	2535
1879	2023
1880	2024
1880	3251
1881	1893
1881	2581
1881	2672
1882	2041
1882	2916
1882	2945
1883	1958
1883	2583
1885	1923
1885	2097
1885	2948
1886	3448
1887	1996
1887	2209
1887	2261
1887	2325
1887	2739
1889	1916
1889	2068
1890	1949
1890	2103
1890	2697
1890	3207
1891	2132
1891	2619
1893	2586
1893	3493
1894	2218
1894	2743
1894	2766
1895	2362
1895	3269
1895	3392
1896	2240
1896	3218
1896	3286
1897	3095
1897	3186
1897	3250
1898	2116
1899	2909
1900	2564
1900	3114
1901	2050
1901	2200
1901	2687
1902	2771
1903	2130
1903	2177
1903	2232
1903	3357
1903	3398
1905	3138
1906	2258
1906	2366
1906	2419
1906	3239
1907	2037
1907	2848
1908	2617
1908	3455
1909	2523
1910	2603
1910	2931
1911	2335
1911	3083
1911	3099
1912	2896
1913	2549
1914	2846
1915	2640
1916	2453
1916	2714
1917	2626
1917	3040
1918	2846
1919	3213
1920	2445
1920	2840
1921	2405
1922	2831
1923	2358
1925	2215
1925	2936
1925	3395
1926	2303
1926	2448
1926	2529
1926	3467
1927	2785
1927	2861
1929	1941
1929	2740
1929	3385
1930	1987
1931	3461
1932	3178
1932	3351
1933	2145
1933	2204
1934	2627
1935	2350
1935	2735
1938	2156
1938	2269
1938	3472
1940	3199
1941	2102
1941	2875
1942	2736
1942	2738
1943	2247
1943	3377
1943	3468
1944	2334
1945	3011
1946	3002
1946	3157
1947	1976
1949	2435
1949	2626
1949	3033
1950	2074
1951	2474
1951	2595
1951	3100
1952	2559
1952	3046
1953	3392
1954	2257
1954	2446
1954	3078
1955	1956
1955	2199
1955	3180
1955	3498
1956	3062
1957	3135
1957	3160
1957	3203
1958	3358
1958	3389
1959	3472
1961	2526
1962	2056
1962	2720
1962	2867
1962	3440
1963	1984
1963	2432
1964	2213
1964	2356
1964	3220
1964	3259
1965	3470
1966	2382
1966	2717
1966	3149
1967	2366
1967	3349
1968	2060
1968	3455
1969	2726
1970	3261
1970	3299
1971	3129
1971	3142
1972	3417
1972	3437
1972	3460
1973	2140
1974	2237
1974	2686
1974	3107
1974	3304
1976	2023
1976	2918
1976	3346
1977	2428
1977	2436
1977	2458
1977	3436
1978	2239
1978	2509
1978	3418
1979	3431
1980	2812
1980	2938
1980	3112
1981	2937
1981	2994
1982	2918
1982	3193
1983	2071
1983	2232
1984	2951
1984	3496
1985	2521
1985	2974
1985	3311
1986	2725
1986	3388
1987	2796
1988	2048
1988	3275
1989	2390
1989	2393
1989	2475
1989	3274
1990	2604
1991	2831
1993	2550
1993	2844
1993	3274
1994	2370
1994	3348
1995	3415
1998	3176
1999	2500
1999	2813
2000	3089
2000	3379
2001	2065
2001	3318
2001	3415
2003	3012
2005	3383
2006	2593
2006	3333
2007	2639
2007	2830
2007	3074
2008	3379
2009	2146
2009	2759
2009	2764
2010	2972
2010	3398
2011	2655
2011	2897
2012	2108
2012	3348
2013	3114
2014	2141
2014	3453
2015	2250
2016	2146
2017	2919
2017	2946
2018	2164
2018	2225
2018	2586
2018	3321
2019	2310
2019	2709
2020	2502
2022	2248
2022	3194
2022	3437
2023	2706
2023	3265
2024	2261
2024	3220
2025	2835
2025	3009
2026	2539
2026	3047
2026	3476
2027	2179
2027	2381
2028	2077
2028	2376
2028	3168
2029	2590
2030	2975
2030	3029
2031	2805
2031	3178
2031	3410
2032	2648
2032	2711
2032	3257
2033	2601
2034	2172
2034	3264
2035	2628
2036	2384
2037	2409
2037	2863
2038	3179
2039	2361
2039	2951
2040	2748
2041	3100
2041	3157
2041	3411
2042	2175
2043	2075
2043	3234
2044	2111
2044	2872
2045	2273
2045	2460
2045	2551
2045	2724
2045	3459
2047	3034
2048	2119
2048	2712
2049	3152
2049	3154
2051	2351
2051	2700
2051	3227
2052	2981
2052	3176
2054	3476
2056	3014
2057	2359
2057	3067
2057	3234
2058	2568
2058	2775
2058	2945
2061	2539
2061	2704
2062	2401
2063	2473
2064	2713
2064	3247
2065	2529
2065	2978
2066	2831
2066	2877
2067	2365
2067	2492
2068	2291
2068	3128
2069	2180
2070	2397
2071	3343
2072	2862
2072	3358
2073	2462
2074	3022
2076	3124
2076	3263
2076	3456
2077	2497
2078	2283
2078	2822
2079	2422
2080	3289
2081	2783
2082	2282
2082	2904
2083	2099
2083	2985
2085	2539
2085	2979
2086	2725
2086	3010
2086	3432
2087	2139
2087	2464
2087	2828
2087	2915
2087	3263
2089	2644
2089	3124
2090	3500
2091	3411
2092	2929
2092	3369
2093	3287
2095	2429
2095	3081
2095	3284
2096	2767
2097	3180
2098	2719
2098	2784
2099	2522
2102	2765
2102	2920
2103	2290
2103	3061
2104	3441
2105	2710
2105	3214
2106	3499
2108	2592
2108	3196
2109	2560
2109	2952
2110	2925
2110	3001
2110	3099
2111	2778
2111	2956
2112	3479
2113	2542
2114	3454
2115	2374
2115	2834
2115	3393
2116	2123
2116	2453
2117	2569
2117	2610
2117	2722
2117	3262
2118	3106
2120	2502
2121	3077
2121	3122
2121	3184
2121	3467
2123	2484
2123	3172
2123	3475
2124	2139
2124	2610
2124	2980
2125	2612
2125	3020
2126	2399
2126	2729
2127	3052
2128	2313
2128	2672
2129	3212
2129	3294
2130	2507
2131	2698
2131	2928
2132	2478
2132	3150
2134	2725
2134	3400
2135	2623
2135	3225
2136	2883
2136	3253
2136	3335
2137	2356
2137	2400
2140	2932
2140	3370
2142	3291
2143	2601
2143	2877
2144	2433
2144	3162
2146	2783
2146	3040
2148	2238
2148	2819
2150	2932
2150	3342
2151	2160
2151	2177
2151	2708
2151	3064
2152	2910
2152	2955
2153	2357
2153	2687
2154	2800
2154	3070
2156	3292
2156	3369
2157	2585
2157	2990
2158	2708
2158	3316
2159	2704
2160	2328
2161	2207
2161	3268
2162	2841
2162	3248
2162	3352
2163	3049
2163	3073
2163	3112
2165	2205
2165	2803
2165	2980
2166	3277
2167	2375
2168	3447
2169	2174
2170	2303
2170	3192
2171	2660
2171	3339
2172	3248
2173	2389
2173	2611
2173	3339
2174	2766
2174	2998
2174	3032
2174	3156
2175	2358
2175	2893
2175	3058
2175	3444
2176	2696
2177	2432
2177	2814
2178	2330
2178	2800
2178	2958
2179	2948
2179	3085
2179	3329
2180	2449
2181	2813
2181	3190
2182	2936
2183	2536
2183	2670
2184	2365
2185	3333
2187	2722
2188	2387
2189	3444
2190	2312
2190	2767
2190	3237
2191	2942
2191	3217
2192	3289
2193	2794
2193	3327
2194	2351
2196	2746
2196	3085
2197	2449
2197	2892
2197	3067
2198	2350
2199	3140
2199	3245
2200	3252
2201	2961
2202	2559
2202	2649
2203	2330
2203	2563
2203	2838
2203	3176
2204	2359
2204	3006
2205	3299
2205	3370
2206	3494
2207	3061
2208	2800
2209	2565
2209	2941
2210	2652
2210	2693
2211	2519
2211	2796
2212	2526
2213	2844
2213	3032
2213	3235
2214	2217
2214	2524
2215	2347
2215	2757
2217	2241
2218	2582
2219	2939
2219	3223
2220	2817
2220	3045
2220	3058
2221	3312
2222	3020
2223	2327
2223	2424
2223	3122
2224	2342
2225	2350
2225	2620
2225	3353
2226	2548
2226	3413
2228	2360
2228	2556
2228	2888
2228	3438
2228	3489
2229	2347
2229	2396
2230	2295
2231	2770
2232	3111
2233	2426
2233	2825
2233	2866
2233	3311
2234	2273
2234	2471
2234	2530
2234	2548
2236	2975
2238	3095
2239	2985
2240	3036
2240	3208
2242	2525
2242	3024
2243	2501
2243	2930
2243	3307
2244	2737
2246	2384
2246	2516
2246	3252
2247	3010
2248	2509
2249	2465
2249	2804
2249	2918
2249	3037
2250	2384
2250	2926
2251	2472
2251	2596
2252	2526
2254	2372
2254	3128
2255	2843
2255	3182
2255	3193
2256	2784
2256	3014
2258	3183
2259	3126
2259	3221
2260	2343
2260	2520
2261	2773
2262	2957
2263	3161
2264	2359
2264	2540
2264	3034
2265	2357
2265	2921
2266	2378
2266	3448
2267	2571
2267	3191
2267	3405
2268	3249
2269	3376
2270	3433
2271	3008
2272	2853
2273	2275
2274	3170
2274	3228
2275	2955
2276	3470
2277	2419
2277	3279
2278	2350
2279	2357
2279	2511
2279	3236
2281	3142
2282	2339
2282	2752
2282	3444
2283	2572
2284	2635
2284	2765
2285	2599
2285	3278
2287	3471
2288	3169
2289	2417
2291	2293
2291	2464
2291	2925
2292	2561
2292	3069
2293	2504
2293	2526
2294	2898
2295	2540
2296	3094
2297	3004
2297	3418
2299	2748
2299	2754
2300	2420
2300	2989
2301	2381
2301	2675
2301	3462
2302	2876
2302	2946
2302	3181
2303	2683
2304	2352
2304	3035
2305	2781
2305	3441
2306	2538
2306	3467
2308	2800
2309	2666
2309	3471
2310	2530
2310	2873
2310	3216
2310	3295
2311	2411
2311	3015
2311	3235
2312	2426
2312	3422
2313	2485
2313	3193
2316	2363
2316	2655
2316	2752
2317	2761
2318	2712
2318	3229
2319	2914
2319	3371
2320	3407
2321	2448
2321	2625
2323	2743
2324	2878
2325	2357
2325	2464
2325	2776
2327	2429
2329	3401
2330	2423
2331	2955
2333	2666
2334	3145
2335	3180
2336	2595
2336	2705
2337	2572
2337	3174
2339	3109
2339	3332
2340	2934
2341	3065
2341	3268
2342	2355
2342	3350
2342	3384
2346	2880
2346	3451
2347	2430
2348	2965
2349	2355
2349	3245
2350	3060
2350	3292
2351	2509
2352	2976
2352	2988
2352	3040
2353	2693
2353	2856
2353	3067
2354	2432
2354	3348
2355	2507
2355	2583
2355	2847
2355	3415
2356	2582
2356	2868
2357	2559
2357	3093
2358	3167
2359	3426
2365	3082
2366	3237
2367	3004
2368	2678
2368	3161
2370	2467
2372	2536
2372	3430
2373	2376
2373	3227
2374	3337
2375	2513
2375	2929
2376	2823
2377	3334
2380	2823
2380	3241
2381	2714
2381	3158
2382	3148
2382	3422
2383	2392
2384	2651
2385	2642
2387	2533
2390	3107
2390	3321
2391	2938
2391	3452
2392	3136
2393	2695
2397	2857
2397	3138
2398	2748
2398	3453
2399	2906
2400	2698
2401	2798
2403	2440
2403	2651
2404	2489
2404	2700
2404	3200
2405	2925
2405	2986
2405	3188
2406	3146
2406	3347
2408	2576
2409	2454
2409	3491
2411	2814
2412	2511
2412	3076
2413	3062
2414	2440
2414	2514
2414	2561
2414	2885
2415	3155
2415	3226
2417	2507
2417	2555
2417	2670
2417	2933
2417	3481
2418	2849
2420	2597
2420	3163
2422	2865
2423	2834
2423	3051
2424	2543
2424	2549
2424	3013
2424	3173
2425	3205
2425	3475
2426	2632
2426	2953
2427	2555
2427	3002
2428	2805
2429	2457
2429	2479
2429	3231
2433	3151
2435	2699
2435	3366
2437	3282
2438	3055
2439	2654
2440	2966
2440	3371
2441	2777
2441	3479
2442	2658
2442	2989
2442	3348
2445	2611
2446	2576
2446	3365
2447	2797
2447	3467
2448	3039
2448	3388
2450	2992
2451	2460
2451	3195
2452	2537
2453	2757
2453	2808
2453	3287
2454	3046
2455	2690
2456	3276
2457	3118
2457	3450
2458	2565
2458	3080
2459	2515
2459	2698
2459	2860
2460	3238
2461	3213
2462	3332
2463	3167
2465	2565
2465	3059
2467	3105
2468	3334
2469	2565
2469	2881
2469	3442
2470	2758
2472	3224
2473	2616
2474	3025
2474	3271
2475	2496
2476	3201
2476	3467
2478	3155
2480	2674
2481	3367
2481	3491
2483	2695
2485	3328
2486	3082
2487	3074
2488	3000
2488	3238
2488	3268
2489	3484
2490	2991
2491	2545
2492	3077
2492	3492
2493	2540
2493	3388
2494	2945
2495	2882
2495	2966
2496	2792
2499	2684
2499	3150
2500	2885
2501	3164
2502	2651
2503	2575
2503	3121
2503	3194
2505	2534
2505	3024
2505	3353
2506	3430
2507	2715
2508	2801
2508	3171
2509	2808
2511	3462
2513	2650
2513	3464
2514	2577
2514	2720
2514	2865
2514	3364
2515	2963
2517	2920
2518	2847
2518	2996
2518	3328
2519	2987
2519	3058
2520	3463
2522	3442
2523	2528
2525	2701
2527	3162
2527	3359
2528	3378
2528	3472
2530	2701
2530	2974
2531	3333
2531	3465
2532	2612
2533	2688
2533	2796
2533	2993
2533	3466
2534	2728
2534	2754
2534	3481
2535	3447
2536	2910
2537	3290
2538	3022
2538	3276
2539	2624
2539	3030
2540	2843
2540	3168
2541	3184
2542	3387
2543	3113
2543	3123
2544	3115
2544	3419
2545	3482
2546	3240
2548	2928
2551	3369
2552	2664
2552	3158
2552	3164
2554	2687
2555	2685
2556	2648
2558	3297
2559	3015
2560	2913
2561	2722
2561	2898
2562	2957
2564	3471
2566	2917
2566	3163
2568	2786
2570	2800
2570	3032
2570	3065
2571	3210
2573	3208
2574	3057
2574	3148
2574	3328
2576	3437
2579	3137
2584	3352
2587	2798
2587	3281
2589	2677
2589	2811
2593	3118
2594	3170
2596	2954
2598	2620
2598	2750
2599	2600
2599	3106
2600	3031
2600	3110
2600	3172
2601	2776
2601	3166
2602	2775
2603	3154
2605	3500
2607	2928
2611	3087
2612	3014
2614	2949
2615	2743
2616	2900
2617	3079
2620	3097
2621	2678
2622	3213
2622	3272
2624	2741
2624	3005
2625	3179
2625	3331
2626	2693
2627	3401
2628	2714
2628	3363
2630	3060
2631	3017
2631	3370
2631	3397
2632	3424
2633	2675
2634	3189
2634	3202
2634	3258
2634	3319
2635	2837
2635	3477
2636	3069
2636	3169
2637	3230
2637	3302
2639	2688
2639	2976
2640	3419
2640	3424
2641	3362
2642	3102
2643	3211
2646	3288
2650	3311
2651	2783
2652	3110
2652	3259
2653	2816
2653	3027
2654	2920
2655	2838
2655	3042
2655	3492
2660	2890
2661	2884
2663	2792
2664	3074
2665	3107
2667	2994
2667	3307
2668	3316
2669	2864
2671	2725
2671	2891
2671	3317
2673	2973
2674	2764
2674	2865
2674	2892
2675	3281
2678	3329
2678	3380
2678	3413
2679	3381
2680	3248
2680	3488
2682	2752
2682	2928
2682	2952
2683	3470
2684	3120
2685	3198
2688	2906
2690	3247
2692	3294
2692	3308
2693	3473
2694	2711
2697	3271
2697	3459
2698	3060
2699	3215
2703	2772
2703	3290
2704	3098
2705	3293
2706	3377
2707	3068
2707	3375
2709	3157
2709	3213
2710	3461
2711	2904
2711	3320
2712	3056
2712	3102
2716	2727
2716	3351
2718	2817
2718	2896
2719	2767
2726	3279
2726	3492
2729	2839
2729	3155
2730	2937
2730	2943
2731	3112
2731	3117
2731	3266
2733	3016
2733	3038
2734	3162
2736	2879
2737	3364
2738	2749
2741	3362
2742	3312
2744	2823
2745	2890
2745	2939
2746	2806
2747	2808
2747	3075
2748	2799
2749	3124
2749	3321
2750	2907
2750	3249
2751	3028
2751	3389
2754	3016
2754	3444
2755	2880
2758	2899
2759	3473
2762	3242
2763	3048
2763	3096
2766	3046
2768	3310
2770	3025
2770	3358
2771	3018
2771	3375
2772	2886
2772	3480
2774	3061
2774	3146
2774	3355
2774	3467
2776	3426
2777	3231
2779	3056
2780	3311
2780	3451
2781	2991
2783	3270
2785	3053
2785	3161
2790	2982
2790	3121
2790	3453
2793	2878
2793	3499
2795	2895
2795	2917
2796	3403
2799	3286
2802	3079
2805	2981
2808	3352
2809	2990
2810	3007
2811	2859
2811	3340
2812	3200
2813	3244
2815	2879
2816	2850
2817	3038
2818	3450
2819	3399
2819	3426
2821	2914
2821	3096
2822	3132
2824	2971
2824	3404
2825	2910
2825	3055
2828	3275
2828	3489
2829	3190
2830	3380
2830	3390
2831	3462
2832	2834
2834	2995
2836	3360
2836	3461
2838	2874
2845	3102
2847	3395
2849	3195
2850	2874
2850	3264
2851	3236
2852	3317
2853	3421
2854	3260
2854	3417
2855	3343
2856	3394
2857	3133
2859	2872
2860	3166
2861	3312
2862	3419
2863	3148
2865	2946
2865	3336
2866	3437
2867	3183
2868	3326
2870	2884
2872	3245
2874	3091
2875	2939
2875	3182
2878	3468
2878	3488
2879	3048
2879	3095
2881	3164
2882	3115
2884	3128
2886	3000
2888	3185
2888	3349
2889	3117
2890	3414
2892	3295
2895	3160
2896	3337
2898	3161
2900	2976
2904	3251
2905	3264
2906	3487
2908	2934
2911	3175
2912	3390
2913	3234
2915	3213
2915	3407
2917	3221
2919	3193
2920	2923
2920	3246
2924	3057
2925	2975
2926	3197
2927	3329
2930	2978
2930	3062
2930	3294
2931	2961
2932	3080
2932	3212
2933	3389
2934	3144
2935	3317
2936	3093
2940	3489
2943	3144
2943	3181
2947	3090
2952	2970
2958	3298
2960	3297
2960	3353
2963	3072
2964	3052
2967	3080
2969	3157
2970	3314
2970	3491
2971	3491
2972	3192
2975	3441
2979	2990
2979	3274
2982	3178
2983	3361
2984	3324
2986	3449
2988	3281
2989	3183
2990	3331
2991	3292
2995	3300
2996	3236
2998	3499
3000	3201
3001	3098
3002	3109
3002	3425
3003	3022
3004	3335
3008	3019
3008	3438
3013	3153
3018	3430
3019	3079
3019	3305
3023	3496
3026	3454
3027	3349
3031	3377
3034	3497
3036	3376
3039	3384
3041	3152
3041	3380
3042	3146
3042	3286
3043	3326
3044	3186
3049	3177
3050	3071
3051	3293
3052	3402
3062	3431
3063	3389
3063	3414
3064	3342
3069	3158
3072	3264
3072	3394
3075	3165
3077	3241
3077	3253
3079	3405
3081	3420
3083	3424
3085	3361
3087	3258
3087	3448
3090	3158
3092	3449
3093	3381
3093	3409
3096	3208
3116	3429
3117	3232
3117	3258
3122	3248
3123	3363
3124	3134
3127	3394
3128	3147
3130	3399
3136	3156
3136	3399
3137	3152
3140	3376
3148	3409
3150	3232
3151	3203
3151	3227
3151	3431
3153	3416
3154	3370
3155	3327
3155	3484
3159	3230
3160	3437
3162	3320
3171	3233
3171	3244
3178	3218
3178	3275
3183	3360
3189	3235
3192	3394
3194	3385
3194	3451
3198	3477
3209	3482
3210	3309
3214	3277
3218	3382
3219	3493
3225	3290
3225	3326
3229	3305
3237	3438
3238	3278
3243	3278
3253	3343
3255	3390
3256	3368
3260	3290
3262	3479
3266	3368
3269	3383
3280	3318
3290	3339
3295	3323
3298	3452
3303	3397
3304	3403
3307	3457
3308	3433
3310	3355
3319	3379
3325	3334
3331	3366
3336	3460
3340	3420
3345	3407
3370	3450
3371	3403
3382	3489
3395	3499
3405	3459
3408	3498
3410	3464
3420	3449
3438	3456
3442	3456
3448	3492
3457	3488
