1	89
1	102
1	541
2	165
2	328
2	1048
2	2008
2	2138
2	2242
2	2538
3	773
3	1198
3	1482
3	2349
4	1154
4	1341
4	1574
4	2266
4	2314
5	473
5	808
5	892
5	924
6	526
6	1479
6	1885
6	2235
6	2631
7	270
7	738
7	919
7	1342
7	2334
7	2517
7	2899
8	514
8	822
8	994
8	2130
8	2215
9	75
9	2156
9	2373
9	2573
10	203
10	542
10	572
10	882
10	1048
10	1149
10	1850
10	2512
11	293
11	1308
11	1736
11	1913
11	2388
11	2554
12	833
12	1026
12	1098
12	1288
13	317
13	598
13	662
13	1662
13	1683
13	1712
13	1739
13	2111
14	189
14	284
14	724
14	1199
14	1769
14	2962
15	1272
15	1627
15	2378
15	2485
15	2749
15	2876
16	576
16	1095
16	1144
16	1906
17	1484
17	1504
17	1981
17	2571
18	1596
18	1742
18	2034
18	2598
19	743
19	991
19	1002
19	1863
19	2353
20	355
20	676
20	1921
20	2155
20	2636
20	2711
20	2742
21	1009
21	1169
21	1235
21	1523
21	1616
21	1735
21	1775
21	2451
22	398
22	441
22	1462
22	1531
22	2194
22	2340
23	61
23	885
23	1066
23	1154
23	1323
23	1412
23	2002
23	2629
24	552
24	1824
24	1877
24	2104
25	141
25	211
25	482
25	1748
26	134
26	471
26	535
26	625
26	1187
26	1256
26	1711
26	1921
27	81
27	1211
27	1619
27	1867
27	2287
28	372
28	845
28	2447
28	2468
29	371
29	680
29	1201
29	1273
29	1492
29	2296
30	124
30	149
30	1152
30	1749
30	2196
30	2302
30	2557
31	1212
31	1232
31	1467
31	2053
31	2355
31	2457
31	2891
32	936
32	1223
32	2049
33	1381
33	1404
33	1708
33	1968
33	2182
33	2310
33	2684
33	2877
34	128
34	236
34	647
34	748
34	1828
34	1896
34	2136
34	2183
34	2438
34	2866
35	72
35	205
35	862
35	2051
35	2550
35	2881
36	411
36	815
36	1036
36	2423
36	2496
36	2703
37	456
37	752
37	1014
37	1797
37	1949
37	2093
37	2600
38	1091
38	1243
38	1248
38	2237
39	485
39	657
39	838
39	1011
39	1050
39	2545
39	2559
40	51
40	1256
40	1355
40	1988
40	2279
40	2289
41	689
41	1258
41	1810
41	2553
41	2605
42	1865
42	1898
42	1912
42	2001
42	2135
42	2144
42	2853
43	263
43	349
43	1749
43	2390
43	2407
44	699
44	1804
44	2470
44	2591
45	114
45	159
45	1201
45	2763
46	71
46	2118
46	2225
46	2833
47	96
47	98
47	1093
47	1415
47	1953
48	237
48	287
48	633
48	1157
48	1245
48	2694
49	122
49	364
49	881
49	2028
49	2245
49	2487
49	2752
50	814
50	1768
50	1776
50	2132
50	2733
51	479
51	607
51	1591
51	1613
51	2231
51	2330
51	2848
52	421
52	539
52	649
52	876
52	990
52	1946
52	2644
53	721
53	969
53	2073
54	921
54	1177
54	2708
55	1306
55	2002
55	2180
55	2640
55	2961
56	202
56	348
56	750
56	1678
56	2448
57	821
57	1417
57	1446
57	2050
57	2182
57	2491
57	2746
58	952
58	1356
58	1617
58	1881
58	1927
58	2169
58	2405
58	2891
59	168
59	326
59	365
59	1147
59	1244
59	1406
59	1893
59	2014
59	2116
59	2631
59	2892
60	621
60	666
60	820
60	1023
60	1047
61	754
61	2449
61	2580
61	2658
62	1469
62	1654
62	1805
62	2224
62	2769
63	783
63	1495
63	2516
64	573
64	657
64	1666
64	1865
64	2650
65	68
65	335
65	2047
65	2492
66	838
66	2035
66	2299
66	2553
66	2879
67	1149
67	1795
67	2531
68	117
68	676
68	1204
68	1641
68	1824
68	1977
68	2256
68	2351
69	884
69	2009
69	2767
70	1150
70	1576
70	1858
70	1948
70	2875
71	228
71	370
71	492
71	610
71	785
71	975
71	1197
71	2312
72	237
72	1288
72	1410
72	1852
72	2533
73	1007
73	1062
73	2119
73	2201
73	2345
73	2436
74	1039
74	1250
74	1270
74	2892
75	452
75	834
75	1272
75	1594
75	2448
75	2762
76	583
76	934
76	1395
76	1813
76	2276
77	532
77	866
77	1049
77	1487
78	511
78	831
78	872
78	1099
78	1188
78	1633
78	2327
79	1296
79	1343
79	1988
79	2647
79	2975
80	862
80	1275
80	1489
80	2251
80	2339
81	121
81	207
81	519
81	1128
81	1350
81	1812
82	116
82	766
82	1650
83	334
83	1015
83	1518
83	2088
83	2131
83	2742
83	2773
84	1071
84	2090
84	2315
84	2693
84	2863
85	581
85	1589
85	2126
85	2176
85	2369
85	2783
85	2935
86	556
86	618
86	702
86	721
86	1057
86	2189
87	1151
87	2093
87	2379
87	2426
87	2581
87	2780
87	2995
88	698
88	1046
88	1176
88	1291
88	1423
88	1641
89	91
89	479
89	1264
89	1759
89	1980
89	1988
89	2435
90	530
90	565
90	640
90	785
90	1255
90	1577
90	2070
90	2217
91	916
91	1328
91	1726
91	1993
91	2252
92	184
92	325
92	1059
92	1870
92	1948
92	2151
92	2836
92	2944
93	182
93	582
93	1388
93	2070
93	2071
94	860
94	1678
94	1688
94	2510
94	2515
95	897
95	1115
95	1125
95	1943
95	2853
96	563
96	901
96	1682
96	1790
96	1814
97	131
97	146
97	609
97	1399
97	1724
97	2210
97	2290
98	212
98	1629
98	2034
98	2796
99	568
99	762
99	1539
99	1802
99	2528
100	140
100	1248
100	1275
100	2181
101	749
101	1096
101	2323
101	2342
101	2878
102	299
102	725
102	1439
102	1443
102	2033
103	223
103	261
103	516
103	559
103	1076
103	1668
103	1788
103	1983
103	2137
103	2365
104	330
104	578
104	1611
104	1954
104	2825
104	2944
105	322
105	1270
105	1291
105	1326
105	2494
105	2984
106	436
106	746
106	1095
106	1972
106	2013
106	2077
106	2514
107	420
107	1346
107	1906
107	1999
108	281
108	569
108	747
108	1488
108	1917
108	2762
108	2882
108	2926
108	2983
109	245
109	685
109	1259
109	2778
109	2820
110	307
110	807
110	942
110	2101
110	2359
111	393
111	1135
111	1580
111	1948
111	2016
112	426
112	1186
112	1246
112	1384
112	1643
112	1790
112	2028
113	696
113	856
113	929
113	1997
113	2185
113	2577
114	1514
114	1653
114	2346
114	2667
114	2934
114	2998
114	2999
115	839
115	855
115	1120
115	1161
115	1329
115	1707
115	1757
115	2547
116	370
116	432
116	625
116	2112
116	2427
116	2491
117	730
117	945
117	1661
117	2110
117	2711
118	776
118	1337
118	1519
118	1752
118	2055
118	2862
118	2956
119	904
119	1077
119	2592
120	389
120	1676
120	1949
120	2097
120	2269
121	1397
121	2037
121	2048
121	2188
121	2310
122	1672
122	1938
122	2341
122	2466
122	2997
123	445
123	798
123	861
123	986
123	1402
123	2181
123	2318
124	248
124	304
124	761
124	920
124	1333
124	2852
125	1453
125	1641
125	1644
125	1828
125	2677
126	247
126	290
126	1147
126	1180
126	1777
126	1905
127	364
127	480
127	519
127	747
127	1335
127	2816
127	2939
128	439
128	672
128	1741
128	1828
128	2238
128	2411
129	1366
129	1439
129	2149
129	2272
129	2531
129	2847
130	340
130	588
130	1179
130	1386
130	1827
130	2633
131	263
131	615
131	819
131	1255
131	2254
131	2699
132	920
132	1275
132	1335
132	2946
133	153
133	1053
133	1304
133	1343
133	1728
133	1810
133	2716
133	2854
134	1340
134	2455
134	2505
134	2696
135	214
135	378
135	1060
135	1589
135	2882
136	214
136	504
136	2887
137	614
137	640
137	967
137	1420
137	1787
137	2428
138	1016
138	1602
138	1786
138	2158
138	2197
138	2660
138	2806
139	454
139	532
139	664
139	1376
139	1573
139	2377
139	2454
140	457
140	1444
140	2409
141	327
141	403
141	950
141	1786
141	2699
142	849
142	1589
142	2376
142	2565
142	2785
143	504
143	658
143	958
143	1603
143	1709
144	441
144	1340
144	1397
144	1741
144	1987
144	2708
145	757
145	981
145	1770
145	1817
146	630
146	928
146	1885
146	1940
146	1968
146	2418
146	2624
146	2666
147	230
147	1439
147	1474
147	1772
147	1789
147	2542
147	2737
148	853
148	1192
148	1380
148	1801
148	1926
148	2169
148	2280
149	1420
149	2475
149	2616
150	184
150	262
150	319
150	385
150	1319
150	2714
150	2800
151	1662
151	1773
151	2210
151	2582
152	673
152	703
152	2470
152	2554
152	2569
152	2763
152	2798
152	2901
153	1273
153	1452
153	1643
153	2913
153	2945
154	189
154	1127
154	1538
154	2909
155	1366
155	1401
155	2052
156	530
156	825
156	1579
156	1614
156	1804
156	2112
156	2694
157	340
157	435
157	1622
157	2021
158	235
158	315
158	1130
158	1711
159	2809
159	2921
159	2964
160	726
160	767
160	1297
160	1619
160	2679
161	450
161	735
161	1450
161	2095
161	2125
161	2490
161	2577
161	2741
162	836
162	1174
162	1197
162	2083
162	2221
162	2630
163	858
163	1856
163	2566
163	2676
163	2741
163	2849
164	2210
164	2705
164	2888
164	2928
164	2978
165	454
165	669
165	852
165	1063
165	1189
165	1474
165	2070
165	2258
165	2667
165	2965
166	1063
166	1257
166	1479
166	2044
166	2156
166	2598
167	262
167	558
167	1849
167	2276
168	521
168	1011
168	1486
168	2152
168	2206
168	2998
169	330
169	762
169	787
169	913
169	2078
169	2690
170	636
170	1072
170	1215
170	1663
170	2291
170	2610
170	2914
170	2942
171	740
171	1015
171	1953
172	234
172	245
172	1118
172	1578
172	2027
172	2217
172	2969
173	336
173	1115
173	1506
173	2926
174	1425
174	1446
174	1797
174	2054
174	2670
174	2761
175	1046
175	1241
175	1729
175	2149
175	2324
176	181
176	257
176	997
176	1887
177	988
177	1343
177	1657
177	2223
177	2792
177	2816
177	2908
178	328
178	461
178	1286
178	1544
178	2096
179	853
179	1214
179	1243
179	2033
179	2107
179	2312
179	2851
180	444
180	495
180	1035
180	1195
180	1302
181	415
181	1438
181	1562
181	2047
181	2441
182	471
182	754
182	784
182	1079
182	1633
182	1717
182	1798
182	2678
182	2853
183	1026
183	1066
183	1087
183	2578
183	2962
184	1143
184	1232
184	1249
184	1569
184	1763
184	2135
184	2544
184	2602
185	678
185	971
185	1028
185	2624
185	2982
186	846
186	1268
186	1971
186	2175
186	2766
186	2815
187	600
187	633
187	753
187	1109
187	1506
187	2553
188	1536
188	2206
188	2227
188	2531
188	2773
188	2972
189	224
189	308
189	361
189	732
189	795
189	857
189	1035
189	1611
190	870
190	1216
190	1312
190	1672
190	1846
190	1913
191	224
191	614
191	698
191	844
191	1094
191	1133
191	2166
191	2450
191	2497
191	2584
192	873
192	943
192	2066
192	2880
193	484
193	527
193	1710
193	1785
193	2839
194	1005
194	2118
194	2159
194	2426
194	2668
194	2984
195	340
195	574
195	1447
195	1603
195	2267
196	456
196	714
196	775
196	1032
196	1061
196	1682
196	1905
196	2676
197	448
197	701
197	1482
197	1944
197	2078
197	2623
197	2956
198	915
198	1477
198	2068
198	2158
198	2450
198	2875
199	458
199	801
199	1190
200	313
200	341
200	692
200	1430
200	2098
200	2550
201	230
201	744
201	1299
201	1487
201	1503
201	2147
202	568
202	956
202	1063
202	2651
203	629
203	1343
203	1821
203	2519
203	2757
204	816
204	1097
204	1722
204	2059
204	2998
205	602
205	951
205	1542
205	1907
205	2163
205	2477
205	2853
206	219
206	1361
206	1571
206	1912
206	2539
207	291
207	789
207	917
207	929
207	1011
207	1268
208	371
208	837
208	1030
208	1862
208	2116
208	2911
209	860
209	1505
209	1527
209	1756
209	2073
209	2702
210	1334
210	1399
210	1997
210	2113
210	2668
211	545
211	954
211	1253
211	1348
211	2834
212	582
212	743
212	1057
212	2047
212	2430
213	556
213	645
213	1202
213	1679
213	2626
213	2720
213	2930
214	497
214	580
214	1697
214	2415
215	616
215	1207
215	1376
215	1425
215	1823
215	1898
216	240
216	491
216	496
216	2601
216	2870
216	2903
217	501
217	626
217	979
217	1111
217	1972
217	2226
217	2527
217	2701
218	228
218	445
218	1736
218	1971
218	2147
219	263
219	407
219	1133
219	1269
219	2837
219	2958
220	748
220	2234
220	2646
220	2680
221	933
221	1083
221	1243
221	1559
222	362
222	725
222	904
222	1237
222	1727
222	2632
223	965
223	1907
223	2241
223	2657
224	367
224	1837
224	2963
225	431
225	619
225	1442
225	2163
226	1018
226	2167
226	2236
226	2822
226	2830
226	2872
227	710
227	868
227	2490
227	2650
227	2884
228	662
228	1564
228	1756
228	2663
228	2786
229	1189
229	1234
229	1305
229	1905
229	2222
229	2623
229	2704
229	2892
230	521
230	1289
230	1976
230	2283
230	2670
231	1134
231	1178
231	1254
231	1535
231	1585
231	1763
231	1839
231	2406
231	2933
232	807
232	1496
232	1958
232	2100
232	2648
233	423
233	626
233	683
233	1195
233	1494
233	2780
234	559
234	2012
234	2753
235	411
235	881
235	1405
235	1551
235	2362
235	2527
235	2645
235	2831
236	246
236	284
236	696
236	1027
236	1531
236	1543
236	1849
236	2087
236	2271
236	2329
237	434
237	880
237	1506
237	1953
237	2085
237	2841
237	2875
238	1075
238	1342
238	1526
238	2061
238	2157
238	2594
238	2971
239	328
239	637
239	1335
239	1372
239	1724
239	1805
239	1816
239	1998
240	986
240	2232
240	2589
240	2956
241	814
241	919
241	1494
241	2640
241	2659
241	2724
242	1073
242	1147
242	1320
242	1509
242	1938
242	2072
243	695
243	2308
243	2556
243	2635
243	2637
243	2865
244	378
244	914
244	1455
244	2481
244	2720
245	1071
245	1222
245	1656
245	2369
246	433
246	476
246	1089
246	1557
246	2221
246	2932
247	1814
247	2298
248	705
248	1631
248	2123
248	2256
249	480
249	720
249	902
249	1018
249	2440
250	588
250	1301
250	1561
250	1588
250	1738
250	2228
250	2298
251	480
251	696
251	705
251	1277
251	1746
251	2286
251	2751
251	2835
252	327
252	477
252	2193
252	2403
253	792
253	981
253	1181
253	1250
253	1309
253	1543
253	1834
253	2255
253	2288
253	2441
253	2818
254	1985
254	2053
254	2189
255	416
255	442
255	1114
255	1963
255	2271
255	2674
256	627
256	889
256	1843
256	1937
256	2069
257	334
257	495
257	1196
257	1871
257	2023
257	2994
258	463
258	1252
258	1447
258	1747
258	2143
258	2218
258	2329
259	1177
259	1351
259	1614
259	2375
260	1137
260	1253
260	2650
260	2761
261	394
261	1800
261	2778
261	2854
262	2099
262	2518
263	1084
263	2564
263	2660
264	1144
264	1177
264	2056
264	2746
264	2840
265	374
265	1488
265	1622
265	1797
265	2297
265	2784
266	334
266	430
266	1210
266	1794
266	2732
267	752
267	873
267	959
267	2083
267	2355
267	2661
268	605
268	1048
268	1100
268	1603
268	2585
269	1108
269	1585
269	2737
270	831
270	1051
271	431
271	1040
271	1511
271	1919
272	419
272	1372
272	1525
272	2287
273	557
273	722
273	2177
274	710
274	759
274	771
274	1331
275	369
275	625
275	732
275	850
275	1338
275	1345
275	1577
275	2415
275	2577
276	454
276	779
276	1422
277	301
277	821
277	2445
277	2907
278	324
278	466
278	648
278	831
278	1005
278	1586
278	2370
279	291
279	925
279	1824
279	2142
279	2984
280	525
280	526
280	991
280	1105
280	2427
281	325
281	1008
281	1325
282	558
282	620
282	1352
282	1788
282	2264
282	2560
283	305
283	901
283	1157
283	2486
283	2533
284	623
284	1343
284	2870
285	730
285	827
285	927
285	1299
285	1332
285	2147
285	2257
285	2999
286	755
286	1344
286	1495
286	2135
286	2256
286	2258
286	2909
286	2959
287	650
287	1254
287	1393
287	2599
288	1169
288	1888
288	1987
288	2019
288	2276
288	2985
289	1193
289	1566
289	2086
289	2263
289	2428
289	2555
290	861
290	1078
290	1655
290	1981
290	2501
291	795
291	1185
291	2350
292	432
292	1175
292	1179
292	1306
292	1806
292	2109
292	2475
292	2652
293	1107
293	1161
293	1171
293	2331
293	2696
293	2895
294	752
294	860
294	968
294	1548
294	2055
294	2880
295	703
295	753
295	1128
295	1388
295	1675
295	2121
296	1036
296	1775
296	2345
296	2499
296	2761
297	405
297	602
297	821
297	1489
297	2572
298	850
298	1164
298	1534
298	1607
298	2080
298	2662
298	2866
299	744
299	1561
299	1736
299	2832
300	380
300	549
300	963
300	1705
301	518
301	1456
301	1603
301	1811
301	2632
301	2861
302	703
302	1053
302	1431
302	2153
302	2700
303	1061
303	1344
303	1572
303	2396
304	461
304	841
304	1089
304	1333
304	1338
304	1512
304	1521
304	2226
304	2446
304	2911
305	485
305	1303
305	1623
305	2536
306	1150
306	1399
306	1945
306	2433
306	2444
306	2492
307	308
307	359
307	474
307	652
307	663
307	840
307	1412
307	2762
308	602
308	1931
308	2014
308	2519
308	2945
309	392
309	728
309	1838
309	1940
309	2020
309	2562
310	795
310	974
310	1533
310	2019
310	2348
311	484
311	897
311	1012
311	1954
311	2043
311	2151
311	2793
312	993
312	1308
312	1472
312	1681
312	1732
312	2524
312	2735
312	2861
313	327
313	701
313	1293
313	1693
313	1844
313	2085
313	2807
314	347
314	460
314	613
314	1092
314	2293
314	2323
314	2700
315	1663
315	1698
315	2086
315	2178
315	2351
315	2842
315	2885
315	2895
316	455
316	695
316	937
316	1575
316	1662
316	1902
316	2552
317	503
317	670
317	828
317	1065
317	1601
317	2880
317	2948
318	458
318	466
318	679
318	2698
319	323
319	732
319	2496
319	2660
319	2931
320	1117
320	1298
320	2034
320	2501
321	326
321	585
321	940
321	1409
321	1833
321	1906
321	2467
321	2522
322	513
322	1248
322	1314
323	414
323	1187
323	1305
323	1875
323	1977
323	2715
324	960
324	1019
324	1809
324	2437
324	2938
325	414
325	1030
325	2143
326	354
326	355
326	451
326	2458
327	658
327	1437
327	1583
327	2462
327	2525
327	2536
328	1185
328	1346
328	2693
329	801
329	896
329	1324
329	1369
329	1402
329	1529
329	2283
329	2622
329	2703
330	1070
331	1594
331	1717
331	1922
331	1935
331	2504
332	1073
332	1111
332	1916
332	2145
332	2536
333	1175
333	1417
333	1935
333	2474
333	2619
334	550
334	851
334	1174
334	1391
334	1593
334	1615
334	2115
334	2359
335	1275
335	1767
335	2246
336	756
336	809
336	2052
336	2253
336	2753
337	1738
337	2309
337	2501
337	2866
338	876
338	1731
338	1956
338	1974
338	2203
338	2732
339	802
339	999
339	1938
339	2502
339	2655
339	2697
340	960
340	1163
340	2059
340	2499
340	2979
341	558
341	742
341	878
341	1712
341	2232
341	2477
341	2525
341	2712
342	744
342	829
342	1224
342	1879
343	446
343	1156
343	1857
343	2216
344	1656
344	1879
344	2088
344	2265
344	2507
345	711
345	786
345	1478
345	1647
345	1970
345	2727
345	2781
345	2913
346	404
346	672
346	1316
346	2196
346	2372
346	2405
346	2838
347	358
347	387
347	768
347	1688
347	2001
347	2181
347	2651
348	961
348	1125
348	1513
348	2266
348	2430
349	590
349	1087
349	1131
349	1670
349	1849
349	2286
349	2540
349	2789
349	2979
350	1587
350	1877
350	2173
350	2794
350	2839
351	423
351	2417
351	2550
351	2878
351	2974
352	864
352	1118
352	2126
353	1053
353	1416
353	1587
353	2348
353	2505
354	633
354	1382
354	1503
354	1713
354	2133
354	2505
354	2728
355	838
355	2071
355	2564
356	608
356	616
356	1154
356	2095
356	2787
357	752
357	1301
357	1919
357	2242
358	425
358	733
358	838
358	1164
358	2946
359	516
359	810
359	1153
359	1200
359	2519
359	2758
360	388
360	807
360	1786
360	1823
360	1954
361	1393
361	1411
361	2167
362	1055
362	1181
362	1369
362	1970
362	2270
362	2565
363	543
363	1179
363	1189
363	1841
363	2112
363	2583
363	2715
364	503
364	1142
364	1157
364	1616
364	2383
365	588
365	1509
365	1600
365	1668
365	2438
366	912
366	1440
366	2179
366	2602
366	2777
367	984
367	1092
367	1499
367	1703
367	2468
368	408
368	960
368	1099
368	1848
368	2385
369	1173
369	2677
369	2886
370	670
370	807
370	1259
370	1681
370	2669
371	421
371	998
371	1017
371	1036
371	1477
372	567
372	947
372	1260
372	1406
372	1551
372	1599
373	642
373	1045
373	1060
373	1222
373	1486
373	2842
374	820
374	947
374	1141
374	1207
374	1439
374	1485
374	2589
374	2966
375	469
375	484
375	1046
375	1428
375	2175
375	2493
375	2733
376	928
376	1725
376	2040
376	2558
376	2673
376	2697
377	612
377	1600
377	1656
377	1751
377	2257
378	1179
378	1283
378	1546
378	2967
379	654
379	1277
379	1690
379	1863
379	2012
379	2418
380	805
380	1696
380	2051
380	2812
380	2959
381	1342
381	1746
381	2673
382	816
382	1154
382	1180
382	1570
382	2086
382	2349
383	725
383	735
383	1298
383	1896
383	2216
383	2634
384	717
384	1354
384	1405
384	1533
385	459
385	1830
385	2553
385	2757
385	2848
386	411
386	637
386	701
386	738
386	1120
386	1332
386	1363
386	1476
386	1905
386	2219
386	2511
387	483
387	682
387	1230
387	1466
388	507
388	826
388	861
388	1433
388	1716
389	431
389	752
389	1432
389	2513
390	894
390	926
390	1236
390	1538
390	1645
391	832
391	1638
391	1720
391	2097
391	2106
391	2153
391	2255
392	437
392	1395
392	1768
392	1983
392	2633
393	553
393	1656
393	2034
393	2570
394	2002
394	2151
395	585
395	675
395	1077
395	1386
395	2282
395	2926
396	851
396	1382
396	2565
396	2584
397	464
397	527
397	814
397	1443
397	2806
398	484
398	822
398	2342
398	2483
399	1116
399	1391
399	1597
399	2598
400	436
400	548
400	703
400	1122
400	1351
400	1505
400	1620
401	728
401	906
401	1075
401	1519
401	2138
401	2145
401	2558
402	488
402	560
402	1418
402	1515
402	1923
402	1963
402	2474
403	441
403	1447
403	2169
403	2424
404	615
404	1212
404	2217
404	2304
405	824
405	2435
405	2930
406	846
406	889
406	928
406	1006
406	2089
406	2582
406	2788
407	683
407	1071
407	2443
408	611
408	1534
408	1656
408	1701
408	1803
408	1948
408	2125
408	2317
408	2536
408	2778
409	775
409	2048
409	2111
409	2310
409	2424
409	2442
409	2476
409	2588
410	455
410	1113
410	1265
410	2151
410	2264
410	2444
410	2903
410	2912
411	536
411	1070
411	2048
412	891
412	1517
412	1826
412	2119
412	2229
412	2344
412	2580
412	2595
412	2694
413	757
413	933
413	1455
413	1999
413	2277
413	2419
413	2765
413	2830
414	558
414	942
414	2117
414	2312
415	634
415	2190
415	2320
415	2890
416	497
416	823
416	1517
416	2095
416	2538
417	955
417	1073
417	1238
417	2012
417	2754
418	1427
418	2373
418	2691
419	1430
419	1672
419	2265
419	2479
419	2563
420	1133
420	1331
420	2231
421	442
421	1284
421	1866
421	1875
421	2152
421	2708
422	453
422	1384
422	2183
422	2417
422	2727
423	501
423	660
423	684
423	1025
423	2173
423	2730
424	874
424	1027
424	2829
424	2898
425	847
425	951
425	1882
425	2469
425	2715
425	2905
426	466
426	834
426	1413
426	2107
427	1526
427	2451
427	2549
428	567
428	1155
428	2202
428	2708
428	2829
428	2936
429	952
429	1010
429	1500
429	1796
429	2510
429	2856
430	974
430	1877
430	2244
430	2295
430	2330
431	530
431	1774
431	2307
431	2636
432	1351
432	2210
432	2981
433	551
433	703
433	1016
433	1387
433	2190
433	2609
433	2741
434	571
434	792
434	1317
434	2341
434	2599
435	1054
435	1378
435	1493
435	2295
436	537
436	716
436	1404
436	1530
436	1644
436	1930
436	2467
436	2713
437	581
437	668
437	844
437	850
437	1731
437	2517
437	2521
437	2556
437	2911
438	477
438	478
438	1998
438	2162
438	2681
438	2765
438	2815
438	2834
439	1302
439	2293
439	2450
440	1225
440	2371
440	2461
440	2679
441	1438
441	2045
441	2293
441	2354
442	1196
442	1562
442	2578
443	1788
443	1910
443	2095
443	2264
443	2371
443	2874
444	509
444	1070
444	2211
444	2345
444	2652
444	2710
445	490
445	568
445	1153
445	1791
445	2146
446	860
446	1482
446	1565
446	2480
446	2963
446	2977
447	687
447	1299
447	1942
447	2073
447	2187
447	2730
448	1085
448	1200
448	1780
448	2901
449	1528
449	1559
449	2002
450	745
450	927
450	1054
450	1581
450	2522
450	2642
451	1299
451	2119
451	2561
451	2825
451	2888
452	830
452	1623
452	2132
453	590
453	637
453	1220
453	2599
453	2764
453	2789
454	682
454	815
454	1430
455	1330
455	1699
455	2290
455	2661
456	633
456	812
456	924
456	937
457	1367
457	2172
457	2353
457	2795
458	489
458	889
458	1709
458	1890
458	1961
458	2096
458	2338
458	2806
459	1339
459	1963
459	2037
459	2284
459	2451
459	2461
459	2466
459	2860
460	1888
460	1916
460	2744
461	1388
461	2543
461	2654
462	1255
462	1416
462	1890
462	2626
462	2892
463	534
463	1011
463	1173
463	2009
463	2171
464	1675
464	2391
464	2747
465	854
465	2030
465	2954
466	1029
466	1246
466	1427
466	2102
466	2727
466	2739
466	2954
466	2978
467	738
467	881
467	900
467	1365
467	1613
467	2116
467	2513
467	2583
468	680
468	894
468	1145
468	1212
468	1356
468	2410
468	2773
468	2911
469	1419
469	1960
469	2934
470	1142
470	1799
470	2045
470	2159
470	2970
471	762
471	1384
471	1920
471	2419
472	871
472	1971
472	2405
472	2907
472	2954
473	1470
473	1543
473	2462
473	2686
474	1417
474	1760
474	2646
475	1330
475	1810
475	2014
475	2292
475	2854
476	1396
476	1490
476	1940
477	481
477	526
477	553
477	686
477	908
477	2325
477	2448
477	2541
477	2666
478	867
478	874
478	1001
478	2267
478	2336
479	732
479	1103
479	1491
479	1573
479	2551
479	2866
480	1813
480	1823
480	2650
481	538
481	709
481	2561
481	2692
481	2922
482	873
482	1643
482	2394
482	2522
482	2860
483	781
483	782
483	1099
483	1192
483	1823
483	2026
484	1055
484	2032
484	2428
485	903
485	1178
485	2368
485	2585
485	2915
486	578
486	855
486	1051
486	1435
486	2361
487	789
487	1136
487	1398
487	1482
487	1631
487	2709
488	1399
488	1794
488	2102
488	2408
488	2444
488	2458
488	2487
489	639
489	650
489	709
489	851
489	1869
489	1879
489	2566
490	937
490	1259
490	2931
491	1192
491	2776
492	960
492	1236
492	1944
492	1980
493	800
493	1188
493	1722
493	2458
494	660
494	746
494	972
494	1218
494	1269
494	1763
494	1842
494	2042
495	1629
495	1831
495	1963
495	2264
496	1446
496	2163
496	2275
496	2515
496	2586
497	1279
497	1440
497	1452
497	1815
497	2458
497	2480
498	590
498	1542
498	1662
498	1987
498	2009
498	2429
498	2990
499	1395
499	1434
499	1606
499	1946
499	2203
499	2288
500	557
500	1242
500	1314
500	1584
500	2240
500	2611
500	2864
501	799
501	874
501	1595
501	1788
501	2187
501	2723
502	1288
502	1303
502	1747
502	2095
502	2676
502	2869
503	973
503	1331
503	1680
503	1757
503	1777
503	1845
503	2879
504	1027
504	1081
504	1463
504	1767
504	1818
504	2571
504	2704
504	2813
505	626
505	891
505	1419
505	1946
505	1980
505	2008
505	2125
505	2336
505	2508
506	555
506	1925
506	2217
506	2787
506	2942
507	591
507	982
507	1441
507	1529
507	2399
508	1414
508	1938
508	1972
508	1978
508	2902
509	513
509	622
509	769
509	827
509	1452
509	2120
510	893
510	1126
510	1330
510	2518
511	853
511	2290
511	2306
511	2448
511	2533
512	818
512	1300
512	1326
512	1400
512	1471
512	2780
513	577
513	853
513	1255
513	1656
514	754
514	870
514	1401
514	1493
514	2620
514	2941
515	1276
515	1607
515	1927
515	2681
516	809
516	823
516	860
516	1067
516	1288
516	1299
516	2420
516	2707
516	2869
517	1178
517	1744
517	1850
517	2254
517	2429
518	673
518	758
518	2988
518	2993
519	1018
519	1632
519	1671
519	2301
519	2421
519	2550
520	979
520	1504
520	1586
520	1704
520	1786
520	1955
521	798
521	2122
521	2151
521	2219
521	2567
521	2581
522	1129
522	1603
522	2110
522	2814
523	1368
523	1785
523	2344
523	2518
523	2530
523	2816
524	1137
524	1583
524	2177
524	2623
525	988
525	2441
526	1495
526	2056
526	2278
526	2329
526	2716
527	1137
527	1511
527	2493
527	2528
528	673
528	872
528	922
528	2030
528	2280
528	2299
528	2569
529	714
529	898
529	1325
529	1839
529	1935
529	2548
530	538
530	613
530	1026
530	1163
530	2424
530	2855
531	1340
531	1374
531	1424
531	1860
531	1900
531	2184
531	2598
532	730
532	1305
532	1339
532	2407
533	939
533	1056
533	1792
533	1807
533	2199
533	2418
533	2811
534	790
534	1583
534	2174
534	2461
534	2838
535	616
535	1556
535	2334
535	2436
535	2610
535	2949
536	598
536	1415
536	2120
536	2714
537	664
537	1019
537	1354
537	1415
537	1451
538	1349
538	2590
539	1287
539	1315
540	834
540	1291
540	1450
540	1594
540	1981
540	1990
541	783
541	913
541	1071
541	1328
541	1894
541	2393
542	939
542	1470
542	2171
542	2572
542	2828
543	590
543	784
543	2265
543	2269
544	690
544	845
544	888
544	988
544	1142
544	1833
544	2129
544	2367
545	1100
545	1149
545	2071
545	2907
546	693
546	1366
546	1449
546	1700
546	2371
546	2777
546	2789
547	1257
547	1742
547	1835
547	2815
548	753
548	843
548	1001
548	1127
548	1345
548	1603
548	1739
548	2076
549	1700
549	1742
549	2669
550	741
550	877
550	1175
550	2011
550	2315
550	2546
550	2815
551	2082
551	2153
551	2921
552	834
552	1419
552	1955
552	2469
553	686
553	1126
553	2842
554	957
554	1393
554	1432
554	1902
554	2511
555	1347
555	1592
555	1652
555	1872
555	1934
555	2048
555	2097
556	2396
556	2621
556	2708
557	666
557	2195
557	2647
557	2839
557	2993
558	1263
558	1746
559	781
559	1495
559	2262
559	2531
559	2657
560	677
560	1043
560	1558
560	2481
560	2991
561	1636
561	1782
561	1823
562	794
562	1240
562	1730
562	2092
562	2107
563	1476
563	1507
563	1561
563	2120
563	2285
563	2483
563	2615
563	2852
564	673
564	711
564	1252
564	1295
564	2113
564	2172
564	2405
564	2602
564	2923
564	2968
565	660
565	866
565	1460
565	2070
565	2770
566	1491
566	1546
566	1815
566	2026
566	2295
566	2474
567	2037
567	2362
567	2445
567	2941
568	933
568	1238
568	2532
569	2137
569	2613
570	1379
570	1495
570	1500
570	1857
571	698
571	1359
571	1595
571	1688
571	2806
571	2911
572	743
572	1526
572	1770
573	603
573	922
573	1394
573	1817
573	1940
573	2825
574	1104
574	1455
574	1809
574	1838
574	1945
575	627
575	750
575	1223
575	1296
575	2180
575	2314
575	2812
576	1105
576	1177
576	1486
576	2349
576	2895
576	2905
577	670
577	713
577	1953
577	2214
577	2307
577	2728
577	2984
578	1760
578	1967
578	2307
578	2613
579	1249
579	1419
579	1745
579	1897
580	639
580	655
580	946
580	1037
580	1580
580	1691
580	2308
581	599
581	779
581	1399
581	2072
582	990
582	2290
583	780
583	1326
583	2014
583	2921
583	2950
584	974
584	1112
584	2288
584	2891
584	2984
585	774
585	1152
585	1510
585	1778
585	1780
585	2477
586	690
586	894
586	1007
586	1666
586	2396
587	779
587	1691
587	2030
587	2168
587	2205
587	2744
587	2892
588	1079
588	1831
589	765
589	1010
589	1918
590	906
590	1244
590	1532
590	1607
590	1702
590	2139
590	2623
591	1476
591	1752
591	2761
592	1098
592	1442
592	1937
592	2424
593	614
593	735
593	808
593	1093
594	876
594	1108
594	1210
594	2790
595	1232
595	1804
595	1986
595	2489
596	775
596	1743
596	1866
596	2329
596	2437
597	790
597	1349
597	1577
597	2769
598	1241
598	1570
598	1794
598	1937
598	1944
598	2742
599	668
599	815
599	1300
599	1872
599	2035
599	2906
600	1243
600	2436
600	2747
600	2867
600	2956
601	891
601	2077
601	2130
601	2340
601	2481
602	806
602	1091
602	2808
602	2886
603	607
603	1157
603	2872
604	681
604	697
604	896
604	1151
604	1201
604	1239
604	2826
605	627
605	741
605	2450
605	2513
606	1112
606	1604
606	1765
606	1931
606	2524
607	957
607	1798
607	2710
608	1575
608	1712
608	1912
609	929
609	2578
609	2626
610	965
610	1657
610	1988
611	996
611	1979
611	2516
612	1152
612	1604
612	1862
612	2387
612	2506
612	2515
613	1396
613	2736
614	1919
614	1961
614	2012
614	2178
615	1386
615	1398
615	1650
615	1697
615	2116
616	1038
616	1503
616	1626
616	2112
616	2625
617	1240
617	1549
617	2318
617	2966
618	645
618	790
618	2160
618	2251
618	2597
619	1850
619	2485
619	2614
619	2677
619	2855
619	2971
620	744
620	750
620	1445
620	1753
620	2546
620	2754
621	1941
621	1942
621	1955
621	1982
621	2001
621	2624
622	1170
622	1306
622	1350
622	1918
622	2098
622	2292
623	1287
623	2361
623	2871
623	2941
623	2999
624	735
624	1228
624	1383
624	1474
624	1997
624	2273
624	2594
625	826
625	987
625	2210
625	2987
626	959
627	787
627	1449
627	2230
627	2993
628	1170
628	1191
628	1975
628	2463
629	725
629	2176
629	2773
630	1022
630	1186
630	1978
630	2258
631	691
631	1065
631	1699
631	2309
631	2361
632	868
632	1163
632	1279
632	1785
632	2498
632	2502
633	895
633	1108
633	1800
634	657
634	1455
634	1739
634	2177
634	2664
634	2802
635	1324
635	1608
635	1619
635	2735
635	3000
636	882
636	1071
636	1398
636	1672
636	2303
636	2862
637	1684
638	1174
638	1196
638	1256
638	1873
638	2400
639	1490
639	1856
640	2025
640	2535
640	2689
641	712
641	1416
641	1574
641	2028
641	2029
641	2420
642	806
642	1836
642	2174
642	2689
643	786
643	1273
643	1448
643	2586
643	2930
644	1800
644	2631
644	2775
644	2808
645	875
645	955
645	1042
645	1396
645	1446
645	2616
646	800
646	1029
646	2591
646	2888
647	1543
647	1949
647	2174
647	2546
647	2558
647	2989
648	842
648	980
648	1714
648	1755
648	2000
648	2012
648	2857
648	2881
649	695
649	1292
649	2145
650	1857
650	1997
650	2424
650	2659
651	690
651	854
651	1088
652	1380
652	1772
652	1942
652	2164
652	2394
653	890
653	1518
653	1522
653	1569
653	2205
653	2559
654	1138
654	1854
654	1902
654	1954
654	2103
654	2107
655	669
655	935
655	958
655	1735
655	2027
655	2456
656	814
656	909
656	2065
656	2248
656	2759
656	2785
657	1173
657	1496
657	1726
657	1808
657	2591
658	1109
658	1248
658	1255
658	2042
659	751
659	2444
659	2588
660	667
660	1323
660	2267
660	2306
660	2893
661	868
661	1524
661	1772
661	2315
661	2408
661	2917
661	2954
662	1481
662	1935
662	2659
663	1763
663	2215
663	2888
663	2961
664	1280
664	2033
664	2688
664	2705
665	804
665	1153
665	1324
665	2151
665	2767
665	2950
666	1645
666	2611
666	2957
667	737
667	1667
667	1701
667	1904
667	2407
668	1146
668	1207
668	1425
668	2153
668	2967
669	2931
670	676
670	1088
670	2140
670	2229
671	1070
671	2472
671	2496
672	1671
673	843
673	1152
673	1400
673	2792
673	2896
674	1123
674	1598
674	2018
674	2714
675	1095
675	1646
675	1649
675	1762
675	2359
676	1091
676	1265
676	2770
676	2785
676	2992
677	1032
677	2370
677	2691
678	1282
678	2938
679	1102
679	1923
679	1969
679	2816
679	2856
679	2998
680	716
680	835
680	1045
680	1699
680	1918
681	947
681	1311
681	1707
681	2227
681	2604
682	1167
682	1918
682	1995
682	2161
682	2752
682	2760
683	1483
683	1963
683	2107
683	2877
684	1258
684	2409
684	2468
685	854
685	1700
685	1888
685	2215
686	818
686	1655
686	2356
686	2816
687	1078
687	2123
687	2477
687	2614
687	2748
688	748
688	1204
688	1214
689	731
689	2002
689	2160
689	2723
690	911
690	1449
690	1599
690	1948
690	2058
690	2142
690	2316
690	2832
691	969
691	1677
691	2061
691	2170
691	2525
692	915
692	2945
692	2981
693	1582
693	1751
693	2114
693	2291
693	2769
694	815
694	1082
694	1210
694	1822
694	2180
695	763
695	1386
695	2188
695	2308
695	2334
696	1568
696	2874
697	1113
697	1422
697	2084
697	2896
697	2959
698	1195
698	1869
698	2180
698	2653
698	2791
699	1349
699	1408
699	1447
699	2128
699	2197
700	740
700	1214
700	1574
700	1707
700	2326
701	1382
701	1511
701	1716
701	2146
701	2387
701	2405
701	2508
701	2634
701	2836
702	705
702	1923
702	1937
702	2370
703	979
703	1445
704	1026
704	1490
704	2264
704	2881
704	2978
705	717
705	1024
705	1172
706	1955
706	2164
706	2572
707	818
707	1051
707	1100
707	1238
707	1740
707	2534
707	2572
708	818
708	949
708	1557
708	1577
708	1926
708	2349
708	2367
708	2764
709	1507
709	2228
709	2495
709	2582
709	2680
709	2733
710	857
710	867
710	1860
710	2106
711	1021
711	1311
711	1463
711	2380
711	2521
711	2953
712	987
712	1276
712	1685
712	2163
713	737
713	963
713	1464
713	1780
713	2946
714	1506
714	1592
714	2062
714	2282
714	2791
715	850
715	1064
715	1835
715	1934
715	1972
715	2991
716	2197
716	2495
717	755
717	1172
717	1407
717	1741
717	2319
718	885
718	1080
718	1599
718	2174
718	2464
719	954
719	1263
719	1390
719	1414
719	1434
719	1535
720	2529
720	2746
720	2753
721	763
721	1360
721	1362
721	1824
721	1968
721	2618
722	1549
722	2168
722	2189
722	2356
722	2484
722	2836
723	927
723	1696
723	1914
723	2495
723	2642
723	2767
724	1316
724	1467
724	1620
724	2549
725	1306
725	2501
725	2758
725	2830
725	2938
726	832
726	1597
726	1671
726	2248
726	2283
726	2920
727	995
727	2099
727	2636
727	2835
728	1444
728	2890
729	1059
729	1197
729	2043
729	2049
729	2064
730	1114
731	1648
731	1756
731	2159
732	1112
732	1559
732	2568
733	1609
733	1869
733	2573
734	770
734	899
734	2367
734	2375
735	768
735	2047
735	2357
735	2830
736	1730
736	1961
736	2751
736	2756
736	2809
737	1646
737	2231
737	2922
738	906
738	1287
738	1620
738	2706
739	1297
739	1510
739	1886
739	2237
739	2725
740	782
740	1400
740	2627
740	2704
741	946
741	2175
741	2260
742	918
742	1712
742	2282
742	2426
742	2929
743	1436
743	2182
743	2261
743	2376
743	2915
744	813
744	1769
744	1863
744	2632
744	2767
745	1074
745	1273
745	2139
745	2720
745	2969
745	2994
746	897
746	1123
746	2769
747	1732
747	1789
747	2129
747	2793
748	1737
749	1144
749	1666
749	2103
750	1322
750	2668
751	1598
751	1669
751	1766
751	2297
751	2366
751	2395
751	2399
751	2555
751	2832
752	865
752	931
752	1616
752	1901
752	2042
752	2409
752	2747
753	775
753	1481
753	2600
754	2319
755	2225
755	2310
755	2316
756	882
756	1956
756	2881
757	830
757	880
757	979
757	1029
757	1188
757	1265
757	1748
757	1997
757	2289
758	861
758	923
758	1038
758	1127
758	2156
758	2793
759	786
759	1086
759	2162
759	2334
759	2704
760	1135
760	1925
760	1946
760	2055
760	2571
761	995
761	1054
761	1736
761	2177
761	2333
761	2972
762	1478
762	2344
762	2434
762	2901
763	2049
763	2713
763	2921
764	976
764	1581
764	2928
764	2994
765	1114
765	2174
765	2806
766	989
766	1317
766	1495
766	2818
767	832
767	1304
767	1744
767	2561
767	2563
768	1418
768	2805
769	930
769	1556
769	1622
769	2326
769	2473
770	1134
770	1135
770	1189
770	2312
771	960
771	999
771	1442
771	1523
771	2115
771	2422
772	1165
772	2336
772	2469
772	2906
772	2927
773	857
773	886
773	2293
773	2447
774	1305
774	1461
774	1744
774	2464
775	950
775	1657
776	1275
776	1526
776	2357
776	2549
776	2750
776	2844
776	2937
777	827
777	1017
777	1261
777	1722
777	2664
778	1101
778	1175
778	1221
778	2588
778	2953
779	1041
779	1069
779	1078
780	869
780	2355
780	2729
781	1336
781	2306
781	2865
782	1224
782	1566
782	1895
783	1213
783	1261
783	1526
783	2409
784	895
784	1337
784	2695
785	1069
785	2293
785	2783
785	2998
786	885
786	949
786	1886
786	2022
786	2621
786	2793
786	2857
786	2874
787	1915
787	2281
788	899
788	1002
788	1020
788	1509
789	2139
789	2280
789	2911
790	1428
790	2150
790	2619
790	2957
791	1058
791	1232
791	1711
792	1573
792	1951
792	2188
792	2723
793	1735
793	1994
793	2023
793	2403
793	2574
794	1127
794	1793
794	1828
794	2458
794	2529
794	2971
795	982
795	2499
795	2685
795	2895
796	1151
796	1391
796	1566
796	2084
796	2361
796	2370
796	2698
796	2999
797	1211
797	1228
797	1477
797	1706
797	2335
798	836
798	848
798	1119
798	1571
798	1630
798	1889
798	2688
798	2950
799	1624
799	3000
800	1484
800	1712
800	2082
800	2457
801	1072
801	1409
801	1753
801	2936
801	2983
802	833
802	899
802	981
802	2614
802	2883
803	811
803	1193
803	1283
803	2343
804	915
804	1015
804	1606
804	2212
805	1037
805	1908
805	2106
805	2509
805	2709
806	1075
806	1512
806	1711
806	2032
806	2924
807	2482
807	2750
808	1293
808	1307
808	1321
808	1967
808	2983
809	907
809	1168
809	1743
809	2107
809	2584
810	948
810	2420
811	895
811	1390
811	1601
811	1636
811	2934
812	1394
812	1395
812	1449
812	2617
813	1692
813	2172
813	2570
813	2592
814	2513
814	2838
815	1140
816	923
816	1489
816	1980
816	2966
817	838
817	850
817	1854
817	2338
817	2454
818	859
818	1575
818	1798
819	964
819	1047
819	1907
819	2497
819	2530
820	2686
820	2705
821	1343
822	1177
822	1608
822	1634
822	1828
822	2006
823	1004
823	1214
823	1282
823	2242
823	2452
823	2809
824	1224
824	1530
824	2340
824	2620
825	927
825	1732
825	1832
825	2076
825	2269
825	2705
826	1703
826	2616
827	915
827	2444
828	835
828	1991
828	2984
829	1097
829	1388
829	1537
829	1898
829	2038
830	1115
830	1148
830	2662
830	2678
830	2820
831	1069
831	1090
831	1143
831	2373
831	2825
832	1162
832	1602
832	2067
832	2320
832	2755
833	843
833	1554
833	1758
833	2060
833	2341
834	2281
834	2517
834	2698
835	1035
835	1349
835	2774
835	2964
836	1074
836	1283
836	2910
837	2383
837	2466
837	2646
837	2719
837	2808
838	2363
838	2963
839	916
839	935
839	1536
839	1975
840	1262
840	1875
840	2091
840	2243
841	1442
841	1513
841	2113
841	2794
842	1256
842	1979
843	1179
843	1450
843	1455
843	1504
843	1895
843	2876
844	1512
844	1600
844	1649
844	1880
845	911
845	2567
846	1421
846	1642
846	2020
846	2054
846	2133
846	2430
846	2925
847	2031
847	2661
847	2897
848	1187
848	1457
848	2004
848	2221
849	902
849	1751
849	2268
850	2242
851	1901
851	1953
851	2596
852	1158
852	1565
852	1860
852	2439
853	899
853	2784
853	2981
854	1205
854	1790
854	2053
854	2635
854	2728
855	1568
855	1773
855	1998
855	2057
855	2838
855	2905
856	1429
856	1667
856	2729
856	2873
857	1383
857	1688
857	2346
857	2451
857	2671
857	2802
858	1759
858	1799
858	1865
858	1893
858	1955
858	2363
858	2848
858	2894
859	1033
859	1157
859	1330
859	1895
859	2348
859	2756
860	1368
860	1602
860	2667
861	2236
861	2280
862	1404
862	1427
862	1696
862	2859
863	1022
863	1566
863	1803
863	1907
863	2041
863	2386
863	2764
864	968
864	1811
864	2643
864	2802
865	1305
865	1484
865	2295
865	2481
866	905
866	1376
866	1509
866	1904
866	2375
866	2778
867	955
867	1058
867	1098
867	1847
867	1900
867	1984
868	874
868	2058
868	2278
868	2910
869	1271
869	1388
869	1422
869	1492
869	1674
869	2032
869	2101
869	2805
869	2949
870	2002
870	2022
870	2373
871	1037
871	1271
871	1850
871	1989
871	2506
872	1600
872	1758
872	2667
873	1010
873	1280
873	1519
873	1829
873	1882
873	1957
873	2842
874	962
874	2060
874	2340
874	2341
874	2351
874	2764
875	973
875	1031
875	1736
875	1795
875	2033
876	1522
876	1547
876	1811
876	2467
877	2065
877	2806
878	1778
878	1820
878	2085
878	2673
879	1660
879	1705
879	1734
879	1983
879	2910
880	1595
880	1946
880	1964
880	1996
880	2734
880	2750
881	1485
881	1566
881	2117
881	2330
881	2989
882	1137
882	2347
882	2410
882	2441
882	2588
883	1015
883	1163
883	1398
883	1612
883	2048
883	2302
883	2316
883	2783
883	2804
883	2894
884	1114
884	1197
884	1329
884	1857
885	2335
885	2953
885	2982
886	1033
886	1166
886	2395
886	2981
887	1014
887	2238
887	2463
887	2603
888	1970
888	2061
888	2101
888	2156
889	1648
889	2913
890	1044
890	1383
890	1499
890	1782
890	1933
890	2220
890	2527
890	2967
891	1326
891	2373
891	2570
891	2904
892	1333
892	2182
892	2204
892	2243
893	1964
893	2262
893	2407
893	2425
893	2661
894	1387
894	1756
894	2250
895	1667
895	2108
895	2961
896	1856
896	2064
896	2480
897	1734
897	1966
897	2476
898	1011
898	1332
898	1333
898	1444
898	1574
898	2232
898	2840
899	1103
899	1727
899	2484
900	1165
900	1485
900	1799
900	2545
900	2744
901	963
901	1601
901	2253
901	2965
902	958
902	961
902	1751
902	1910
902	2627
903	949
903	1432
903	1678
903	2053
903	2309
904	1123
904	1514
904	1553
904	1953
904	2080
904	2229
904	2432
905	934
905	1027
905	1103
905	1379
905	1952
905	2525
906	948
906	1239
906	1852
906	2167
906	2178
907	1141
907	1225
907	1377
907	1514
907	1981
908	1468
908	1508
908	1919
908	2203
908	2239
908	2831
908	2840
909	1600
909	2261
909	2596
910	1037
910	1067
910	1333
910	1470
910	1537
911	1421
911	1444
911	1642
912	1710
912	1915
912	2202
912	2826
913	1102
913	1395
913	2473
913	2976
914	1314
914	1982
914	2130
914	2337
914	2980
915	1446
915	1884
915	1948
915	2707
915	2847
916	1377
916	2228
916	2388
917	1598
917	2303
917	2739
917	2862
918	2536
918	2550
919	1208
919	1835
919	2557
919	2572
920	1042
920	1498
920	1537
920	1894
920	1953
920	2454
921	1142
921	1229
921	1708
921	1716
921	2858
922	1030
922	1051
922	2228
922	2359
923	976
923	1074
923	2508
923	2579
924	989
924	1082
924	1495
924	1939
924	2205
924	2462
925	1273
925	2328
925	2937
926	1053
926	2040
926	2102
926	2792
926	2795
927	1702
927	2493
927	2910
928	1410
928	2394
928	2658
929	974
929	1188
929	1865
930	1612
930	1828
930	2372
930	2412
930	2822
930	2877
931	1253
931	2618
931	2959
931	2962
932	1854
932	2138
932	2465
932	2625
933	1779
933	2021
933	2088
933	2402
933	2906
933	2915
934	1890
934	2223
934	2328
935	1006
935	2044
935	2312
935	2840
935	2907
935	2951
936	1469
936	2167
936	2774
937	2601
938	1536
938	1667
938	2052
938	2598
939	1180
939	2791
940	1946
940	2391
941	1254
941	1650
941	2060
941	2411
941	2432
941	2740
942	995
942	2730
943	1527
943	1733
943	1801
943	1909
943	2798
944	1058
944	1064
944	1471
944	1980
944	2576
945	1371
945	1706
945	2473
946	1068
946	1107
946	1345
946	2247
946	2355
947	1136
947	1473
947	1626
947	1715
947	2093
947	2124
948	964
948	1138
948	1610
948	2472
948	2627
949	1176
949	2854
950	1126
950	1465
950	2231
950	2323
950	2593
950	2964
951	1182
951	1551
951	2001
951	2045
951	2332
951	2612
951	2883
952	1052
952	1215
952	1788
952	2173
953	1221
953	1710
953	1743
953	2198
953	2977
954	1626
954	2777
955	1199
955	1208
955	1658
956	1001
956	1019
956	1231
956	1332
956	1829
956	2015
956	2371
956	2456
957	1150
957	1564
957	1959
957	2110
957	2245
958	999
958	2198
958	2358
958	2695
958	2837
958	2973
959	1133
959	2514
960	1013
960	2451
960	2486
961	1273
961	1791
961	2166
961	3000
962	1070
962	1474
962	2206
963	2223
963	2266
963	2638
964	1178
964	1603
964	2363
964	2541
964	2654
965	1049
965	1527
965	1680
965	1690
965	2018
965	2141
965	2708
965	2932
965	2934
966	1007
966	1364
966	1513
966	1559
966	1645
966	1802
966	2545
966	2922
967	2181
967	2654
967	2792
967	2810
968	1334
968	1395
968	1729
968	1845
968	2075
969	1410
969	2139
969	2556
969	2931
970	1029
970	1272
970	2280
970	2684
971	1394
971	1809
971	1839
971	2105
971	2638
971	2683
972	1597
972	1712
972	2427
973	1720
973	2917
974	1072
975	1846
975	2991
976	1134
976	1225
976	1260
976	2255
976	2838
977	991
977	1765
977	1874
977	2640
978	1171
978	1521
978	2330
978	2552
979	1277
979	1414
980	1726
980	1874
980	2027
980	2817
981	2413
982	2484
982	2565
982	2621
982	2717
983	1087
983	1335
983	2169
983	2185
983	2878
984	1439
984	1998
984	2303
984	2415
985	1063
985	1305
985	1492
985	1959
985	2467
985	2679
986	1232
986	1449
986	1726
986	2081
986	2419
987	2158
987	2555
987	2563
988	2587
988	2721
988	2753
988	2946
989	1058
989	1182
989	1558
989	1781
989	2772
990	2354
990	2529
990	2589
990	2632
991	1006
991	1057
991	1353
991	1700
991	1866
992	1279
992	2044
992	2079
992	2618
992	2960
993	1038
993	1940
993	2046
993	2311
993	2866
994	1800
994	1815
994	2118
994	2197
994	2711
995	1560
995	1945
995	1988
996	1048
996	1140
996	1508
996	1650
996	2580
996	2923
997	2425
997	2527
997	2985
998	1982
998	2257
998	2399
998	2562
998	2626
998	2703
999	2078
1000	1052
1000	1145
1000	1535
1000	1846
1000	2179
1000	2213
1000	2558
1000	2799
1001	1091
1001	1772
1002	1871
1002	2201
1002	2956
1003	1508
1003	2170
1003	2399
1003	2576
1003	2896
1004	1503
1004	1700
1005	1282
1005	1763
1005	2491
1005	2535
1006	1322
1006	1820
1006	2080
1006	2330
1006	2584
1007	1061
1007	1148
1007	1642
1007	1645
1007	2486
1008	1200
1008	1227
1008	1427
1008	2100
1008	2347
1008	2596
1009	1467
1009	1649
1009	2200
1009	2483
1009	2606
1009	2660
1010	1093
1010	2087
1010	2095
1010	2426
1011	1262
1011	1634
1012	1151
1012	1290
1012	1308
1012	2756
1012	2916
1013	1292
1013	2171
1013	2569
1013	2831
1014	1156
1014	1326
1014	2053
1014	2617
1015	1441
1016	1106
1016	1381
1016	1609
1016	2814
1017	2148
1017	2354
1018	1051
1018	1180
1018	1902
1018	2195
1018	2950
1019	1530
1019	1700
1019	2510
1020	1381
1020	1686
1020	2117
1020	2507
1021	1129
1021	2061
1021	2755
1021	2952
1022	1242
1022	1625
1022	2465
1023	1350
1023	1593
1023	1981
1023	2013
1023	2115
1024	1955
1024	2240
1024	2572
1024	2763
1025	1181
1025	1432
1025	1697
1025	2627
1025	2848
1026	1294
1026	1939
1026	2087
1026	2186
1026	2698
1027	1843
1027	2438
1027	2562
1027	2871
1028	1284
1028	1811
1028	1812
1028	1925
1028	2590
1029	1544
1030	1203
1030	1445
1030	1834
1030	2136
1030	2468
1031	2351
1031	2425
1031	2896
1032	2269
1032	2761
1033	1090
1033	1928
1033	2139
1033	2185
1033	2562
1033	2921
1034	1038
1034	1666
1034	1893
1034	2068
1034	2248
1034	2636
1034	2905
1035	1467
1035	1631
1035	2637
1036	1213
1036	1761
1036	2245
1036	2726
1037	1743
1037	2099
1038	1143
1038	2914
1039	1275
1039	1417
1039	2317
1039	2983
1040	1700
1040	1899
1040	2246
1040	2687
1040	2807
1041	1226
1041	1515
1041	2121
1041	2260
1041	2749
1042	1237
1042	1779
1042	1843
1042	2164
1042	2174
1043	1157
1043	1877
1043	2154
1043	2477
1043	2500
1043	2870
1044	1354
1044	1423
1044	1965
1044	1985
1044	2201
1044	2407
1044	2895
1045	1493
1045	1557
1045	1837
1045	1858
1045	2575
1046	1346
1046	1415
1046	2385
1046	2442
1047	1377
1047	1487
1047	1700
1047	1845
1047	2374
1047	2824
1048	1521
1048	2145
1049	1106
1049	1648
1049	2022
1049	2175
1049	2352
1050	1797
1050	1886
1050	2586
1050	2967
1051	1623
1051	1858
1051	1932
1051	2086
1052	2048
1052	2835
1053	1350
1053	1501
1053	1746
1054	1100
1054	1411
1054	2216
1054	2472
1055	1379
1055	1607
1055	1715
1055	2038
1055	2597
1055	2742
1055	2917
1056	1152
1056	1514
1056	2134
1056	2785
1056	2835
1057	1312
1057	1858
1058	1524
1059	1113
1059	1966
1059	2196
1059	2745
1060	1336
1060	1713
1060	1940
1060	2241
1060	2376
1061	1515
1061	1842
1061	2582
1061	2834
1061	2967
1062	1077
1062	2468
1062	2788
1062	2909
1063	1616
1063	2381
1063	2547
1063	2910
1063	2991
1064	1707
1064	2699
1064	2861
1065	2107
1065	2358
1065	2972
1066	1147
1066	2776
1067	1680
1067	2114
1067	2334
1067	2375
1067	2666
1068	1218
1068	2017
1068	2719
1068	2876
1069	1204
1069	1947
1069	2795
1070	1207
1070	1379
1070	2023
1071	1866
1071	2225
1071	2265
1071	2459
1071	2992
1072	1541
1072	1749
1072	2029
1072	2558
1072	2798
1073	1627
1073	2712
1074	1243
1074	1445
1074	1725
1075	1319
1075	1516
1075	1519
1075	1866
1076	1426
1076	2313
1076	2542
1076	2849
1077	1709
1077	2325
1078	1480
1078	2107
1078	2403
1078	2803
1079	1135
1079	1577
1079	2025
1079	2047
1079	2429
1080	1832
1080	1919
1080	2223
1080	2301
1081	1430
1081	1674
1081	2496
1081	2619
1081	2641
1082	2050
1082	2363
1082	2818
1083	1089
1083	1929
1083	1990
1084	1165
1084	1387
1084	1454
1084	1753
1084	2360
1085	1545
1085	2030
1085	2517
1086	1811
1086	2055
1086	2266
1086	2428
1087	1377
1087	2046
1087	2396
1087	2620
1087	2944
1088	1227
1088	1725
1088	1813
1088	2004
1089	2269
1089	2896
1090	1206
1090	1493
1090	1986
1090	2776
1091	2034
1091	2909
1092	1280
1092	1284
1092	2306
1092	2404
1093	1499
1093	1592
1093	1978
1093	2491
1094	1276
1094	2907
1095	1160
1095	1231
1095	1585
1095	2174
1095	2834
1096	1299
1096	1329
1096	1694
1096	1702
1096	1889
1096	2796
1096	2800
1096	2987
1097	1265
1097	1284
1097	1309
1097	1335
1097	2096
1097	2436
1097	2686
1098	1745
1098	2247
1098	2392
1098	2620
1099	1597
1099	2209
1099	2260
1099	2369
1099	2633
1099	2711
1100	2443
1100	2514
1101	1479
1101	1986
1101	2568
1102	1295
1102	2371
1102	2552
1102	2587
1102	2643
1103	1165
1103	1578
1104	1939
1104	1952
1104	2250
1104	2653
1104	2902
1105	1553
1105	1957
1105	2146
1105	2283
1105	2943
1106	1251
1106	1740
1106	2315
1106	2687
1107	1846
1107	1951
1107	2004
1107	2241
1107	2256
1107	2773
1108	1518
1108	1817
1108	2083
1108	2232
1108	2839
1108	2990
1109	2356
1109	2660
1110	1908
1110	1944
1110	2003
1110	2174
1111	2211
1112	1492
1112	1890
1112	2239
1113	1661
1114	1294
1114	1857
1114	1906
1114	2477
1114	2733
1114	2837
1115	1465
1115	1590
1115	1954
1115	2561
1115	2577
1115	2887
1116	1170
1116	1369
1116	1637
1116	1698
1116	2027
1117	1539
1117	2163
1117	2294
1118	1269
1118	1463
1118	1755
1118	2646
1118	2714
1119	1605
1119	1800
1119	2454
1120	1433
1120	1553
1120	1846
1121	1598
1121	1600
1121	1990
1121	2074
1121	2380
1121	2586
1122	1256
1122	2534
1123	1472
1123	2202
1124	1362
1124	2078
1124	2180
1124	2452
1124	2653
1124	2833
1125	1440
1125	1615
1125	2107
1125	2852
1126	1854
1126	2655
1126	2739
1127	2654
1128	1191
1128	1655
1128	1929
1129	1317
1129	1637
1129	2309
1129	2414
1130	1434
1130	1897
1130	2163
1130	2367
1130	2616
1131	1485
1131	1517
1131	2990
1132	1758
1132	1901
1132	2272
1132	2484
1133	1641
1133	1751
1133	2777
1134	1607
1134	1610
1134	1671
1135	1615
1135	1689
1136	1295
1136	1720
1136	2422
1136	3000
1137	2233
1137	2820
1138	1235
1138	1608
1138	1781
1138	1843
1138	2000
1138	2246
1139	1280
1139	1708
1139	1794
1139	2805
1139	2892
1139	2925
1140	1178
1140	1216
1140	1418
1141	1371
1142	1878
1142	1889
1142	2636
1143	1170
1143	1452
1143	1469
1143	2240
1143	2586
1144	1484
1144	2951
1144	2967
1145	1554
1145	1702
1145	2083
1145	2460
1145	2771
1145	2904
1145	2934
1146	1166
1146	1187
1146	1648
1146	1932
1146	2298
1146	2339
1147	1979
1147	2197
1147	2908
1148	1310
1148	1373
1148	1667
1148	2204
1148	2965
1149	1220
1149	1780
1149	2209
1149	2240
1149	2512
1150	1911
1151	2167
1152	1307
1152	1376
1153	1518
1153	1991
1153	2056
1154	1614
1154	2472
1154	2661
1154	2801
1154	2811
1155	1206
1155	1490
1155	1778
1155	2286
1156	1434
1156	1782
1156	2054
1156	2530
1156	2816
1156	2875
1157	1281
1157	1743
1157	1803
1157	1885
1157	1919
1157	2685
1157	2944
1158	1317
1158	2615
1159	1542
1159	1849
1159	2383
1159	2479
1159	2971
1160	1233
1160	1487
1160	1903
1160	1914
1160	2067
1160	2233
1161	1473
1161	1991
1162	1311
1162	2367
1162	2783
1162	2928
1163	1251
1163	1452
1163	1705
1163	1920
1163	2579
1164	1613
1164	1845
1164	2379
1165	1769
1166	1681
1166	2290
1166	2823
1167	1518
1167	1783
1167	1912
1167	1988
1167	2280
1167	2634
1167	2782
1168	1584
1168	1976
1168	2028
1168	2121
1169	2585
1169	2681
1170	1378
1170	1829
1171	1318
1171	1676
1171	2295
1172	2050
1172	2566
1173	2387
1173	2935
1174	1999
1174	2069
1174	2232
1175	1581
1175	2008
1175	2818
1175	2821
1176	1315
1176	1449
1176	1554
1176	2182
1177	1409
1177	1467
1177	2543
1177	2614
1177	2765
1177	2937
1178	1763
1178	1908
1178	2212
1179	1800
1179	2021
1179	2190
1180	1738
1180	2274
1180	2416
1180	2999
1181	2925
1182	1984
1182	2125
1182	2530
1183	1247
1183	1258
1183	1452
1183	2898
1184	1345
1184	2154
1184	2368
1184	2781
1185	2369
1185	2462
1185	2587
1185	2588
1185	2601
1185	2957
1186	1863
1186	2357
1186	2434
1187	1319
1187	1704
1187	1867
1187	2446
1187	2510
1187	2650
1188	2206
1188	2337
1189	1248
1189	2353
1190	1389
1190	1542
1190	1709
1190	2147
1190	2998
1191	1249
1191	1428
1191	2223
1191	2408
1192	1660
1192	1941
1192	2275
1192	2322
1193	1534
1193	1622
1193	2737
1194	1469
1194	1726
1194	2406
1194	2451
1194	2979
1195	1464
1195	2000
1195	2019
1195	2467
1196	1668
1196	1677
1196	2094
1196	2220
1197	1230
1197	1792
1197	2607
1198	1345
1198	1908
1198	1950
1198	2524
1198	2876
1198	2923
1199	2311
1199	2340
1199	2505
1199	2665
1200	1392
1200	1638
1200	2620
1200	2876
1201	1222
1201	1653
1201	1927
1201	2955
1202	1708
1202	2150
1202	2189
1202	2352
1202	2407
1202	2722
1202	2982
1203	1228
1203	1307
1203	1382
1203	1949
1203	2276
1203	2614
1203	2730
1204	1390
1204	1735
1204	1873
1204	2302
1204	2404
1205	1686
1205	2417
1205	2651
1205	2708
1206	1730
1206	2023
1206	2086
1206	2262
1206	2557
1206	2621
1206	2788
1207	1457
1207	1500
1207	2740
1208	1551
1208	1807
1208	2479
1208	2751
1209	1350
1209	1449
1209	1490
1209	1584
1209	2576
1209	2610
1210	1446
1210	1593
1210	1721
1210	2334
1210	2931
1211	1326
1211	1459
1211	1701
1211	1818
1212	1250
1212	1392
1212	2427
1213	1763
1213	1911
1213	1969
1213	2689
1213	2900
1214	1325
1214	1932
1214	2476
1215	1629
1215	2465
1215	2658
1216	1536
1216	2871
1216	2891
1217	1298
1217	1308
1217	2745
1218	2294
1218	2452
1218	2823
1218	2827
1219	1277
1219	1292
1219	2143
1219	2302
1219	2380
1220	1230
1220	1545
1220	1965
1220	2003
1221	1337
1221	1448
1221	1586
1221	2364
1221	2604
1222	1231
1222	1565
1222	1653
1222	2311
1223	1803
1223	2518
1224	1572
1224	1784
1224	2005
1224	2459
1225	1443
1225	2097
1226	2283
1226	2449
1226	2587
1226	2977
1227	1538
1227	2175
1227	2250
1227	2778
1228	1900
1228	2080
1228	2447
1229	1884
1229	1943
1229	1976
1229	2041
1230	1388
1230	1968
1230	2411
1231	1462
1231	1638
1231	2058
1231	2187
1231	2548
1231	2597
1232	1575
1232	1634
1232	1718
1232	1947
1233	1747
1233	2106
1233	2664
1234	1555
1234	2034
1234	2322
1234	2413
1235	1762
1235	2772
1236	2160
1236	2856
1236	2998
1237	1317
1237	1461
1237	2886
1238	1466
1238	2617
1238	2686
1238	2723
1238	2725
1238	2781
1238	2986
1239	1705
1239	2083
1239	2924
1240	1255
1240	1284
1240	1987
1240	2894
1240	2941
1241	1994
1241	2325
1241	2822
1242	1513
1242	2680
1243	1850
1243	2061
1243	2470
1243	2826
1244	2428
1244	2691
1244	2820
1245	1408
1245	1562
1245	1710
1245	2059
1245	2255
1246	1387
1246	1487
1246	1579
1246	1750
1246	2127
1246	2423
1247	1277
1247	1417
1247	1516
1248	1298
1248	1323
1248	2845
1249	1520
1249	2908
1250	1305
1250	1507
1250	2296
1250	2379
1250	2542
1251	1759
1251	2409
1252	1754
1252	2116
1252	2821
1254	1710
1254	1712
1254	2326
1255	2259
1255	2852
1256	2004
1256	2725
1256	2964
1257	1646
1258	1302
1258	1657
1258	2004
1259	1596
1259	2070
1259	2959
1260	1533
1260	2091
1260	2117
1260	2205
1261	1378
1261	1398
1261	1765
1261	2316
1262	2381
1262	2618
1262	2628
1263	1809
1263	2497
1263	2556
1263	2616
1264	2297
1264	2310
1264	2872
1265	1645
1265	2078
1266	1554
1266	2391
1266	2720
1266	2748
1266	2792
1267	1617
1267	1750
1267	1906
1267	2539
1267	2779
1268	1400
1268	2359
1268	2628
1269	1852
1269	2534
1269	2851
1270	1639
1270	1755
1270	1860
1270	2837
1271	2320
1271	2399
1272	1718
1272	1861
1272	2612
1273	1850
1273	1989
1274	1408
1274	1455
1274	1470
1274	1658
1274	2059
1274	2124
1274	2340
1274	2344
1275	1342
1275	1883
1275	1896
1275	1937
1275	1988
1276	1376
1276	1617
1276	2031
1276	2403
1276	2626
1277	1542
1277	1826
1277	1873
1277	2585
1277	2631
1277	2797
1278	1288
1278	1400
1278	1766
1278	1943
1278	1963
1279	1385
1279	2266
1279	2476
1280	1947
1280	2141
1280	2735
1281	1437
1281	1986
1281	2300
1281	2498
1281	2692
1282	1582
1282	1943
1282	1978
1282	2812
1283	1370
1283	2455
1283	2680
1284	2051
1284	2192
1284	2324
1284	2373
1285	1341
1285	1364
1285	2183
1286	1735
1286	2544
1286	2696
1287	1441
1287	2157
1287	2609
1288	2068
1288	2593
1289	1483
1289	1636
1289	2921
1289	2934
1290	2132
1290	2183
1290	2229
1290	2235
1291	1292
1291	2052
1291	2516
1291	2667
1291	2826
1292	2168
1292	2310
1292	2419
1292	2498
1293	1952
1293	2301
1293	2410
1293	2734
1293	2780
1293	2957
1294	2576
1294	2650
1295	1499
1295	2061
1295	2379
1296	1435
1296	1844
1296	2355
1296	2598
1296	2826
1297	1853
1297	2241
1297	2501
1297	2557
1298	2005
1298	2634
1298	2887
1299	1380
1300	2560
1301	1925
1301	2071
1302	1336
1302	2343
1302	2559
1303	1361
1303	1771
1303	1977
1303	2180
1303	2417
1303	2977
1304	1337
1304	1532
1304	2413
1305	1778
1305	2990
1306	2983
1307	2195
1307	2561
1307	2563
1307	2588
1308	1660
1308	2826
1309	1420
1309	1552
1309	2350
1309	2560
1309	2567
1310	1790
1310	1855
1310	2115
1310	2242
1310	2925
1311	2398
1311	2973
1312	1636
1312	1903
1312	2655
1312	2672
1313	1793
1313	2372
1313	2380
1313	2576
1314	1679
1314	2007
1314	2257
1314	2920
1314	2973
1315	1736
1315	1783
1315	2464
1315	2709
1315	2885
1316	1678
1316	1787
1316	2449
1316	2596
1317	1512
1317	1533
1317	1629
1317	1773
1317	2326
1317	2451
1317	2714
1317	2753
1318	1570
1318	1793
1318	2066
1318	2483
1318	2887
1319	1475
1319	2051
1319	2888
1320	1917
1320	1935
1320	2401
1320	2566
1320	2883
1321	1351
1321	1688
1321	1733
1321	2123
1321	2930
1322	1390
1322	1623
1322	2881
1322	2903
1323	1999
1323	2428
1324	1862
1324	1922
1325	1460
1325	2401
1326	2243
1327	1372
1327	1569
1327	1639
1327	2416
1328	1673
1328	2564
1328	2640
1329	1772
1329	2504
1329	2953
1330	2213
1330	2431
1331	1815
1331	2793
1331	2804
1331	2838
1331	2982
1332	2356
1332	2667
1333	1675
1333	1711
1333	2887
1334	1397
1334	2262
1334	2301
1334	2712
1335	1358
1335	2374
1336	1385
1336	1861
1337	1929
1337	2653
1338	2219
1338	2855
1339	1885
1339	2046
1339	2808
1339	2875
1340	1530
1340	1776
1340	1895
1340	2440
1341	1447
1341	1524
1341	2386
1341	2431
1342	1995
1342	2025
1342	2798
1342	2953
1343	2174
1343	2424
1343	2547
1344	1960
1344	2979
1344	2985
1345	1817
1345	2015
1345	2787
1346	1640
1346	2066
1346	2544
1346	2693
1347	1383
1347	1632
1348	1369
1348	1524
1348	1767
1348	2030
1348	2744
1349	2686
1349	2785
1349	2977
1350	1654
1350	1821
1352	1938
1352	2590
1353	1411
1353	1955
1353	2683
1353	2692
1354	2838
1355	2133
1355	2271
1355	2390
1355	2537
1356	1827
1356	2285
1357	1402
1357	1504
1357	1789
1357	2075
1357	2420
1357	2619
1357	2767
1358	1782
1358	1861
1358	2698
1358	2749
1358	2956
1359	2322
1359	2360
1359	2665
1360	1471
1360	2330
1360	2480
1360	2613
1360	2646
1361	1917
1361	2392
1362	1404
1362	1790
1362	2142
1363	1710
1363	2088
1363	2998
1364	1508
1364	1594
1364	1726
1364	2011
1365	1506
1365	1812
1365	2678
1365	3000
1366	2963
1367	2216
1367	2358
1367	2382
1367	2511
1367	2718
1368	1404
1368	1645
1368	1919
1368	2488
1368	2578
1368	2769
1369	1751
1369	1928
1369	2884
1370	1429
1370	1956
1370	2822
1371	1497
1371	2270
1371	2658
1371	2848
1372	1417
1372	2219
1372	2233
1373	1447
1373	1624
1373	1753
1373	2453
1373	2868
1374	1595
1374	1795
1374	1976
1374	2144
1374	2249
1374	2270
1374	2916
1375	1546
1375	1699
1375	2222
1377	1541
1377	2818
1377	2926
1378	1416
1378	2218
1378	2277
1378	2709
1378	2756
1378	2916
1378	2936
1379	2849
1380	1816
1380	2935
1381	2150
1381	2914
1382	2568
1382	2856
1383	1529
1383	2095
1383	2795
1384	1425
1384	2701
1385	1838
1385	1897
1385	2085
1385	2622
1386	1421
1386	2178
1386	2429
1387	1824
1387	1952
1387	2043
1387	2437
1387	2894
1388	1519
1388	2145
1388	2822
1389	1846
1389	2491
1390	1671
1390	1839
1390	2060
1390	2448
1390	2798
1391	1815
1391	2136
1392	2190
1392	2585
1392	2957
1393	1431
1393	1851
1393	2573
1393	2746
1394	2434
1395	2065
1395	2200
1395	2729
1396	1552
1396	1825
1396	2229
1396	2615
1396	2876
1397	1812
1397	1864
1397	2130
1397	2493
1397	2860
1398	1508
1398	1556
1399	2481
1399	2920
1400	1666
1400	1697
1400	1784
1400	2580
1400	2599
1401	1513
1401	1516
1401	1521
1401	2193
1401	2603
1401	2623
1401	2974
1402	1880
1402	2369
1402	2581
1403	1626
1403	1760
1403	2732
1404	2329
1405	1624
1406	1691
1406	2796
1407	1472
1407	1588
1407	2564
1407	2719
1408	1734
1408	2233
1408	2595
1408	2692
1409	2395
1410	1774
1410	2151
1410	2882
1410	2932
1411	1569
1411	2717
1411	2776
1411	2925
1411	2930
1412	1728
1412	1905
1412	2827
1413	1950
1413	2208
1413	2697
1413	2845
1414	2091
1414	2220
1415	2401
1416	2326
1417	1779
1417	2038
1417	2721
1418	1571
1418	2630
1419	2157
1419	2351
1420	1425
1420	1483
1420	1965
1420	2141
1420	2298
1420	2386
1420	2639
1421	1692
1421	1901
1421	2419
1421	2480
1421	2591
1422	1626
1422	2140
1423	1445
1423	1768
1423	1946
1423	2067
1423	2339
1424	1918
1424	2308
1424	2512
1424	2844
1425	2588
1426	1811
1426	2213
1427	1554
1428	1774
1428	1930
1428	2172
1428	2948
1429	1600
1429	2745
1430	1464
1430	1946
1431	2313
1431	2560
1432	2250
1432	2335
1432	2445
1432	2881
1433	2101
1433	2144
1433	2262
1433	2368
1433	2631
1434	2279
1434	2644
1435	2149
1436	1741
1436	1749
1436	2284
1436	2732
1436	2820
1436	2872
1437	2193
1437	2326
1437	2678
1438	1595
1439	1752
1440	1489
1440	1574
1440	1657
1441	1500
1441	1753
1441	1782
1441	2348
1441	2715
1442	2029
1442	2675
1443	1601
1443	2570
1443	2696
1443	2772
1443	2801
1443	2939
1444	1554
1444	1826
1444	2232
1444	2530
1444	2566
1445	1664
1445	1768
1445	2439
1446	1719
1446	1929
1446	2339
1446	2551
1447	1523
1447	1740
1447	1858
1447	1896
1448	2022
1449	2783
1450	1894
1450	2691
1451	2120
1451	2463
1451	2853
1452	2290
1452	2966
1453	1748
1453	1949
1453	2107
1453	2148
1453	2661
1454	2251
1454	2365
1454	2914
1455	2348
1455	2678
1455	2690
1456	1665
1456	1669
1456	2119
1456	2341
1456	2656
1457	1512
1457	1955
1457	2307
1458	1501
1458	1998
1458	2856
1458	2995
1459	2147
1459	2845
1459	2922
1460	1617
1460	1709
1460	2077
1460	2885
1461	1719
1461	1993
1461	2205
1461	2538
1462	2085
1462	2179
1462	2221
1462	2380
1462	2389
1463	1742
1463	2788
1464	2845
1464	2897
1465	1878
1465	1975
1465	2130
1465	2183
1466	2145
1466	2249
1466	2783
1467	1922
1467	2357
1467	2436
1467	2642
1468	1701
1468	1769
1468	1951
1468	2127
1468	2257
1469	2025
1469	2051
1469	2233
1469	2867
1470	1762
1470	1860
1471	2074
1471	2200
1471	2886
1472	1492
1472	1925
1473	2304
1473	2807
1474	2030
1475	1577
1475	2964
1475	2995
1476	1960
1476	2198
1476	2877
1477	2152
1477	2506
1477	2648
1477	2987
1478	1771
1478	2331
1478	2349
1478	2532
1478	2843
1479	1772
1479	2530
1479	2622
1480	1723
1480	2146
1480	2289
1481	1514
1481	1621
1481	2156
1481	2206
1481	2326
1482	1738
1482	1892
1482	2433
1482	2927
1483	1996
1483	2291
1483	2347
1483	2394
1483	2778
1484	1634
1484	1688
1484	2074
1484	2737
1485	2668
1485	2801
1485	2858
1486	1566
1486	2118
1486	2520
1486	2967
1487	1895
1487	2134
1487	2612
1488	2308
1488	2537
1489	1580
1490	2024
1490	2272
1490	2407
1491	1605
1491	1667
1491	2366
1491	2542
1492	1592
1492	2385
1493	1852
1493	1927
1493	2107
1493	2975
1494	2292
1494	2428
1494	2453
1494	2912
1496	1639
1496	1689
1496	2571
1496	2597
1497	2129
1497	2391
1497	2488
1497	2846
1497	2958
1498	1882
1498	2136
1498	2320
1498	2679
1499	1631
1499	1911
1499	2802
1500	2129
1500	2870
1501	1838
1501	2100
1502	2388
1502	2591
1502	2665
1503	1577
1503	1794
1503	2759
1505	2043
1505	2479
1505	2688
1505	2909
1506	2316
1506	2668
1508	1871
1508	2668
1509	2122
1509	2904
1509	2950
1510	1748
1510	2299
1510	2917
1510	2960
1511	2093
1511	2101
1511	2440
1511	2540
1511	2594
1512	1840
1512	2199
1512	2239
1512	2617
1513	1748
1513	2731
1514	1850
1514	2159
1514	2384
1515	1682
1515	2128
1516	1562
1516	2442
1516	2590
1516	2874
1517	2180
1517	2804
1519	1848
1519	2810
1519	2952
1520	2108
1520	2111
1520	2557
1521	1803
1521	2345
1522	1822
1522	2586
1522	2918
1522	2947
1523	2839
1524	1922
1524	1938
1524	2865
1525	2858
1525	2947
1526	1574
1526	2035
1526	2205
1526	2329
1526	2564
1527	1767
1527	2692
1527	2784
1528	2148
1528	2230
1528	2531
1528	2537
1529	2283
1529	2501
1530	2644
1531	1966
1531	2370
1531	2423
1531	2636
1531	2673
1531	2712
1532	1853
1532	2526
1532	2603
1533	1855
1533	2675
1533	2836
1534	2203
1534	2346
1534	2502
1534	2642
1535	1891
1535	2651
1535	2785
1536	1985
1536	2729
1536	2915
1537	2235
1537	2511
1538	1573
1538	2406
1538	2880
1539	2022
1539	2349
1539	2394
1539	2616
1539	2663
1539	2960
1540	1616
1540	1766
1540	1873
1540	1902
1540	2218
1541	2048
1541	2178
1541	2530
1541	2996
1542	2449
1543	2240
1543	2521
1543	2546
1544	2249
1544	2666
1544	2774
1545	1560
1545	1860
1545	2493
1546	2018
1546	2618
1546	2655
1547	1550
1547	2023
1547	2715
1548	1682
1548	1760
1548	2073
1548	2538
1548	2943
1549	1876
1549	2241
1549	2263
1549	2574
1549	2604
1549	2729
1550	1630
1550	1733
1550	2133
1550	2166
1550	2463
1551	1574
1551	1766
1551	2828
1552	2512
1552	2796
1552	2912
1553	1717
1554	1562
1554	2270
1554	2697
1555	1637
1555	1901
1555	2609
1555	2611
1555	2961
1556	2128
1556	2210
1556	2871
1558	1772
1558	1819
1558	1999
1558	2317
1559	2109
1560	2183
1560	2848
1561	1941
1562	1632
1563	1884
1563	2368
1563	2478
1563	2515
1563	2543
1563	2810
1563	2952
1563	2982
1564	1658
1564	1708
1564	2155
1565	1816
1565	1897
1565	2897
1566	2099
1567	1784
1567	2855
1567	2958
1568	2109
1568	2162
1568	2498
1568	2756
1569	2135
1570	2084
1571	1743
1571	1816
1571	2746
1572	2623
1572	2625
1575	1672
1575	2195
1575	2815
1576	1789
1576	2289
1577	1877
1577	2638
1578	2085
1578	2315
1578	2751
1579	1649
1579	1764
1579	1804
1579	2333
1579	2625
1580	2737
1581	2567
1581	2873
1582	1645
1582	1964
1583	1876
1583	2378
1583	2735
1584	1675
1584	2168
1584	2492
1585	1963
1585	2294
1586	1872
1586	2425
1586	2839
1587	2006
1587	2346
1588	1604
1588	1814
1588	2159
1588	2340
1588	2842
1588	2873
1589	2453
1590	1605
1590	1861
1590	1863
1590	2230
1590	2604
1590	2847
1591	1705
1591	1970
1591	2023
1591	2322
1591	2352
1591	2762
1592	1710
1592	2261
1593	2268
1593	2640
1593	2697
1593	2710
1593	2868
1593	2977
1594	1854
1594	2011
1594	2314
1596	1674
1596	1889
1596	2140
1596	2814
1597	1817
1597	1831
1598	2269
1598	2389
1598	2449
1599	1904
1599	2944
1600	2000
1600	2049
1600	2495
1600	2527
1600	2812
1601	2617
1601	2761
1602	1705
1602	2847
1603	2829
1603	2945
1604	1733
1604	1852
1604	2525
1604	2898
1605	2718
1606	1717
1606	1816
1606	2027
1606	2643
1607	2727
1608	2723
1609	1991
1609	2753
1609	2881
1610	1615
1610	1777
1610	1998
1610	2146
1610	2764
1611	2063
1611	2072
1611	2132
1611	2202
1611	2377
1612	1969
1612	2671
1612	2903
1613	2123
1613	2315
1613	2753
1614	1857
1614	1908
1614	2012
1614	2723
1615	2882
1615	2955
1616	2444
1616	2581
1617	2257
1617	2390
1618	1667
1618	1983
1618	2450
1618	2794
1618	2974
1619	2135
1620	2703
1621	1972
1621	2021
1622	2110
1622	2223
1622	2638
1623	1632
1623	2685
1624	1691
1624	2254
1624	2341
1624	2962
1625	2607
1625	2720
1625	2767
1625	2993
1626	2064
1626	2608
1626	2875
1626	2983
1627	1656
1627	2419
1628	1959
1628	2105
1628	2164
1628	2517
1628	2555
1629	1734
1629	1887
1629	2015
1629	2257
1629	2462
1629	2463
1630	2111
1630	2245
1630	2531
1630	2859
1631	1689
1631	1943
1631	2057
1632	1998
1632	2060
1632	2955
1633	2607
1633	2715
1634	1790
1634	1804
1634	2663
1635	2238
1635	2304
1635	2683
1635	2834
1636	2199
1636	2636
1637	1981
1637	2704
1637	2947
1638	2727
1638	2949
1639	1864
1640	1706
1640	2494
1640	2683
1640	2866
1640	2954
1641	1737
1641	2648
1641	2961
1642	2611
1643	1728
1643	2921
1644	2161
1644	2523
1644	2811
1644	2845
1646	1934
1646	1946
1646	2716
1647	1802
1647	2189
1647	2491
1648	1748
1649	1794
1649	1897
1649	2036
1650	1786
1650	2025
1650	2647
1651	1697
1651	2112
1651	2390
1651	2397
1651	2417
1651	2692
1651	2818
1652	1833
1652	2030
1652	2731
1652	2780
1652	2832
1653	2124
1653	2850
1654	1881
1654	1978
1657	2069
1657	2392
1658	2271
1659	1714
1659	2216
1659	2629
1659	2745
1659	2944
1660	1952
1660	2270
1660	2574
1661	1884
1661	2088
1661	2148
1661	2193
1662	2041
1662	2896
1663	2733
1663	2900
1664	1742
1664	2284
1664	2714
1665	1731
1665	1781
1665	2700
1666	2436
1667	2434
1668	2151
1668	2829
1669	2160
1669	2178
1669	2345
1669	2358
1670	1851
1670	2342
1670	2379
1671	1912
1671	2008
1671	2475
1672	2322
1673	2483
1673	2862
1674	1688
1674	1841
1674	1888
1675	2106
1675	2827
1676	1768
1676	1962
1676	2504
1676	2658
1677	1824
1677	2796
1677	2858
1677	2923
1678	1997
1679	2005
1679	2194
1679	2664
1679	2682
1679	2694
1680	1958
1681	1742
1681	1911
1681	2279
1681	2603
1681	2749
1682	2207
1682	2977
1683	2271
1683	2683
1683	2933
1684	1804
1684	1940
1684	2335
1685	1765
1685	2148
1685	2222
1685	2285
1685	2924
1686	2285
1686	2544
1686	2606
1686	2655
1687	1876
1687	2376
1687	2503
1687	2736
1687	2900
1688	1774
1688	2690
1689	2954
1690	1695
1690	2159
1690	2204
1690	2573
1690	2704
1690	2717
1691	2332
1691	2897
1692	1761
1692	2051
1692	2211
1692	2964
1693	1898
1693	2098
1693	2178
1693	2425
1693	2889
1694	2337
1694	2505
1695	2244
1695	2641
1696	1870
1696	1965
1696	1978
1696	2884
1698	2074
1699	1777
1699	2033
1699	2181
1699	2279
1699	2360
1700	2727
1701	1765
1701	1953
1701	2171
1701	2475
1701	2824
1702	2256
1702	2305
1702	2688
1703	2017
1703	2664
1703	2687
1703	2743
1704	1950
1704	2230
1704	2883
1705	2687
1706	1787
1706	1951
1706	2615
1706	2715
1707	1822
1707	2279
1707	2413
1707	2660
1708	2407
1708	2724
1709	1874
1709	2128
1710	1747
1710	2071
1711	1795
1711	2351
1712	2271
1712	2406
1712	2588
1713	1752
1713	2379
1713	2485
1713	2596
1714	2528
1714	2563
1715	1826
1715	2612
1716	2351
1716	2788
1717	1734
1717	2636
1717	2978
1718	2188
1718	2903
1719	1832
1720	2642
1721	1887
1721	2040
1721	2418
1721	2652
1721	2918
1722	1936
1722	2532
1723	1885
1723	1975
1724	1734
1724	1852
1724	1932
1725	1912
1725	2124
1725	2179
1725	2806
1726	2702
1726	2928
1727	2103
1727	2226
1728	1820
1728	2727
1729	2063
1729	2806
1729	2862
1729	2992
1730	1811
1730	2227
1730	2740
1731	2067
1731	2079
1731	2293
1731	2605
1731	2703
1732	2019
1732	2603
1733	1767
1733	2649
1733	2996
1734	2274
1734	2469
1734	2976
1735	1790
1735	2341
1735	2606
1736	1778
1736	1839
1736	1889
1736	2921
1737	1830
1737	2026
1737	2759
1738	2275
1738	2842
1739	2042
1739	2771
1740	2004
1740	2305
1740	2775
1741	2915
1741	2935
1742	2454
1742	2633
1743	1882
1744	1883
1744	1897
1744	2451
1744	2969
1745	1977
1745	2346
1746	2416
1746	2695
1746	2841
1746	2896
1746	2959
1747	2064
1748	2548
1749	2071
1749	2806
1750	1897
1750	2850
1750	2874
1751	2475
1752	2706
1752	2859
1754	1897
1754	2780
1755	1901
1755	2969
1756	2461
1756	2680
1756	2878
1757	2132
1757	2373
1757	2374
1758	2349
1758	2583
1759	2049
1759	2454
1759	2730
1759	2923
1760	1962
1760	2328
1760	2909
1761	2422
1761	2827
1761	2936
1762	2058
1762	2319
1762	2443
1763	1819
1763	2104
1763	2330
1763	2402
1764	2414
1764	2526
1764	2590
1765	2791
1766	2172
1767	1817
1767	2343
1767	2776
1768	2243
1769	2653
1769	2929
1770	2063
1770	2430
1771	1848
1771	2210
1771	2385
1771	2670
1772	1967
1772	2848
1773	2420
1773	2821
1774	2036
1774	2619
1774	2946
1775	2829
1775	2996
1776	1872
1776	2217
1776	2347
1776	2945
1777	1991
1778	2141
1779	2290
1779	2738
1780	2162
1780	2555
1780	2762
1780	2851
1781	2347
1782	2460
1782	2556
1782	2595
1783	2794
1783	2870
1784	2518
1784	2796
1785	1831
1785	1957
1785	2172
1785	2728
1786	2837
1786	2949
1787	1805
1787	1889
1787	2058
1788	2437
1788	2438
1788	2466
1788	2666
1789	2081
1789	2189
1789	2760
1791	2170
1791	2176
1791	2472
1791	2488
1791	2632
1791	2690
1792	1914
1792	2112
1793	1984
1793	2299
1793	2872
1794	1935
1794	2200
1794	2902
1795	2332
1795	2707
1796	2435
1796	2763
1797	1950
1797	2998
1798	1872
1798	2907
1799	2689
1799	2839
1800	2068
1800	2312
1800	2402
1801	2356
1802	1917
1802	2145
1802	2399
1802	2500
1802	2642
1802	2800
1803	2246
1803	2594
1804	1905
1804	2319
1804	2432
1805	2568
1806	2010
1806	2382
1806	2413
1806	2435
1807	2836
1807	2847
1808	2445
1808	2501
1809	2155
1809	2229
1809	2627
1810	2160
1810	2482
1810	2491
1810	2947
1811	1993
1811	2520
1811	2580
1812	1838
1812	1943
1812	2223
1813	2190
1813	2209
1814	2667
1814	2835
1814	2891
1816	2110
1816	2473
1816	2599
1816	2656
1817	2199
1818	1848
1819	1903
1819	2466
1819	2837
1820	2836
1821	2442
1822	2434
1822	2772
1823	1872
1823	1876
1823	2709
1825	2234
1825	2309
1825	2364
1825	2519
1825	2944
1826	1924
1826	2099
1826	2226
1827	2639
1827	2958
1828	1891
1828	2635
1830	1975
1830	2374
1830	2943
1831	2176
1831	2969
1832	2431
1832	2529
1833	2050
1833	2861
1834	1953
1834	2758
1835	1899
1835	2085
1835	2268
1835	2451
1835	2468
1836	2478
1836	2536
1836	2657
1836	2830
1837	2316
1837	2489
1837	2929
1838	1956
1838	2031
1838	2137
1838	2138
1838	2335
1840	1900
1840	2637
1840	2924
1841	2580
1842	1947
1842	2004
1842	2282
1842	2307
1843	2293
1844	2130
1845	2170
1845	2188
1845	2680
1845	2919
1846	2996
1847	2044
1847	2132
1847	2234
1847	2300
1847	2494
1848	1964
1848	1996
1848	2460
1848	2944
1849	2208
1850	2017
1851	2151
1852	2329
1852	2680
1852	2846
1852	2974
1853	1864
1854	2375
1855	2265
1855	2350
1855	2926
1856	2319
1856	2843
1858	2195
1858	2534
1858	2622
1858	2681
1858	2788
1858	2901
1859	2020
1859	2711
1859	2912
1859	2937
1860	2642
1860	2782
1861	2280
1862	1876
1862	2184
1862	2309
1862	2408
1863	2403
1863	2474
1864	1879
1864	1887
1864	2423
1864	2604
1865	1969
1865	2226
1865	2596
1867	1933
1867	2216
1868	2492
1868	2543
1868	2819
1869	2042
1869	2526
1869	2579
1870	1938
1870	2024
1870	2408
1870	2868
1871	2007
1871	2094
1871	2595
1872	2693
1872	2740
1873	2193
1873	2194
1873	2571
1873	2792
1874	1894
1875	2129
1875	2174
1875	2933
1876	2272
1876	2354
1877	2071
1878	2419
1878	2819
1879	2255
1880	1907
1880	1922
1880	2560
1880	2669
1881	2053
1881	2663
1882	2149
1883	1949
1883	2073
1883	2635
1884	2329
1885	2146
1886	1948
1886	2555
1887	2378
1887	2533
1887	2955
1888	2435
1888	2679
1890	2455
1890	2484
1890	2526
1890	2815
1890	2941
1890	2973
1891	2265
1892	2032
1892	2085
1892	2154
1893	2112
1893	2503
1894	2129
1894	2933
1895	2004
1896	2259
1896	2400
1897	1932
1897	2581
1897	2810
1898	2216
1898	2628
1898	2845
1898	2849
1899	2089
1899	2093
1899	2166
1899	2869
1900	2180
1900	2281
1901	1918
1901	2726
1903	2619
1903	2913
1904	2261
1904	2780
1905	1909
1905	2328
1906	1928
1906	2013
1906	2037
1906	2079
1906	2502
1906	2813
1907	2900
1908	2479
1909	2218
1909	2322
1909	2524
1909	2551
1909	2585
1910	2153
1910	2363
1910	2675
1910	2919
1911	2844
1912	2840
1913	2362
1913	2536
1914	2259
1915	2594
1915	2655
1915	2757
1916	2423
1916	2826
1917	2260
1917	2558
1917	2719
1919	2593
1919	2641
1919	2714
1919	2950
1920	2027
1920	2324
1920	2761
1921	2908
1921	2934
1922	2193
1923	2085
1923	2178
1923	2852
1924	2100
1924	2446
1924	2668
1924	2782
1925	2117
1925	2643
1925	2890
1926	2008
1926	2165
1926	2415
1926	2743
1928	1950
1928	2056
1928	2644
1929	2595
1929	2960
1930	2516
1930	2760
1930	2933
1931	2754
1931	2807
1932	2395
1932	2792
1932	2893
1933	2224
1933	2491
1933	2722
1934	2055
1934	2154
1934	2699
1935	2243
1935	2575
1935	2749
1936	1998
1936	2407
1936	2524
1937	2501
1937	2523
1937	2770
1938	2225
1939	2012
1939	2161
1939	2331
1939	2823
1940	2915
1941	2272
1941	2773
1942	2801
1942	2805
1943	2575
1944	2312
1944	2633
1944	2738
1946	2378
1947	1977
1948	1951
1948	2205
1949	2282
1950	2030
1950	2355
1952	2132
1953	2304
1953	2372
1954	2222
1955	2397
1956	2039
1956	2558
1956	2777
1956	2949
1958	2435
1958	2949
1959	1963
1959	2088
1959	2121
1959	2735
1959	2992
1960	2060
1960	2833
1961	2285
1961	2574
1961	2909
1962	2814
1963	2722
1963	2763
1964	2539
1964	2940
1965	2256
1965	2537
1966	2765
1967	2368
1967	2752
1968	2486
1969	2889
1971	2317
1971	2678
1972	2267
1972	2863
1972	2888
1972	2893
1973	2151
1973	2177
1973	2509
1973	2833
1973	2873
1974	2236
1974	2252
1974	2589
1974	2815
1976	2227
1977	2920
1978	2037
1978	2058
1978	2327
1979	1996
1979	2510
1979	2766
1980	2457
1981	2920
1983	2473
1983	2723
1984	2819
1984	2964
1985	2294
1985	2454
1986	2059
1986	2377
1986	2949
1987	2056
1987	2218
1987	2645
1987	2662
1987	2712
1989	2449
1989	2485
1989	2617
1989	2961
1990	2558
1990	2662
1990	2997
1991	2684
1992	2162
1992	2378
1992	2843
1992	2890
1993	2431
1994	2164
1994	2537
1994	2734
1995	2048
1995	2259
1995	2557
1996	2302
1996	2592
1996	2792
1996	2925
1997	2112
1998	2962
1999	2047
1999	2404
2001	2394
2002	2086
2002	2130
2003	2807
2003	2891
2004	2485
2004	2748
2004	2855
2005	2166
2005	2206
2005	2474
2005	2814
2006	2007
2006	2684
2007	2129
2007	2281
2009	2461
2009	2824
2010	2174
2010	2177
2010	2894
2011	2996
2013	2492
2014	2177
2014	2567
2015	2153
2015	2284
2015	2804
2015	2928
2016	2436
2016	2530
2016	2533
2017	2144
2017	2172
2017	2426
2017	2538
2017	2666
2018	2501
2018	2605
2019	2207
2019	2475
2020	2053
2020	2177
2021	2130
2021	2202
2022	2363
2022	2597
2024	2503
2024	2525
2024	2725
2026	2470
2026	2682
2027	2114
2027	2179
2027	2249
2027	2717
2028	2072
2028	2077
2028	2227
2029	2471
2029	2512
2029	2625
2030	2057
2030	2357
2031	2679
2031	2778
2031	2867
2032	2750
2033	2356
2033	2969
2034	2052
2035	2728
2035	2916
2036	2546
2036	2620
2036	2877
2038	2104
2038	2237
2038	2629
2039	2459
2039	2652
2040	2249
2040	2361
2041	2119
2043	2059
2043	2138
2043	2313
2043	2329
2043	2378
2043	2413
2044	2563
2045	2149
2045	2403
2046	2090
2047	2434
2048	2130
2049	2485
2049	2881
2050	2186
2050	2428
2051	2376
2051	2710
2052	2502
2052	2640
2052	2783
2052	2889
2053	2365
2053	2624
2053	2787
2054	2691
2055	2562
2056	2212
2056	2296
2057	2084
2057	2287
2057	2647
2057	2664
2057	2985
2058	2208
2058	2588
2058	2800
2059	2983
2060	2693
2061	2398
2061	2915
2062	2564
2062	2628
2062	2774
2063	2553
2063	2866
2063	2874
2064	2109
2064	2574
2064	2655
2065	2118
2065	2424
2066	2379
2066	2550
2067	2292
2067	2911
2068	2237
2068	2520
2069	2609
2071	2977
2072	2240
2073	2318
2073	2541
2074	2165
2074	2227
2074	2364
2074	2799
2075	2395
2076	2699
2076	2904
2077	2137
2077	2519
2077	2930
2078	2112
2078	2191
2078	2299
2079	2125
2079	2480
2080	2547
2080	2931
2081	2550
2081	2775
2081	2931
2082	2147
2082	2453
2084	2570
2084	2578
2084	2659
2084	2944
2085	2629
2085	2997
2086	2272
2086	2347
2086	2968
2087	2208
2088	2825
2089	2288
2089	2899
2090	2177
2090	2240
2090	2614
2091	2124
2091	2350
2091	2364
2092	2215
2092	2559
2092	2983
2092	2996
2093	2121
2093	2260
2093	2565
2094	2313
2094	2523
2094	2606
2094	2915
2095	2292
2095	2554
2096	2850
2096	2871
2096	2901
2097	2361
2098	2387
2098	2411
2098	2479
2098	2901
2099	2120
2100	2211
2102	2700
2104	2300
2105	2188
2105	2221
2105	2779
2106	2682
2106	2907
2107	2307
2107	2620
2107	2745
2107	2946
2108	2304
2108	2401
2108	2774
2108	2938
2109	2122
2109	2322
2109	2373
2109	2777
2111	2294
2111	2338
2111	2675
2111	2698
2112	2963
2113	2563
2113	2589
2113	2836
2113	2986
2114	2312
2116	2320
2116	2883
2117	2161
2118	2222
2118	2248
2118	2421
2119	2897
2121	2465
2121	2575
2124	2465
2124	2542
2124	2580
2125	2354
2125	2448
2125	2757
2126	2223
2126	2733
2127	2516
2127	2710
2128	2613
2128	2782
2131	2296
2131	2300
2131	2492
2131	2672
2131	2788
2131	2910
2132	2507
2132	2746
2133	2881
2134	2397
2134	2438
2134	2522
2134	2953
2136	2170
2136	2303
2137	2845
2138	2342
2138	2479
2139	2765
2139	2926
2140	2288
2140	2539
2141	2295
2141	2593
2141	2833
2142	2661
2142	2687
2143	2202
2143	2239
2144	2258
2145	2202
2145	2942
2147	2732
2147	2956
2148	2736
2148	2739
2148	2940
2149	2348
2149	2951
2150	2169
2150	2461
2150	2650
2150	2771
2151	2271
2152	2196
2152	2374
2152	2380
2153	2421
2153	2457
2153	2790
2154	2702
2155	2453
2155	2819
2156	2980
2157	2314
2160	2759
2160	2877
2161	2511
2163	2354
2163	2496
2163	2539
2163	2604
2164	2265
2164	2514
2164	2708
2164	2779
2164	2892
2165	2289
2165	2402
2166	2498
2167	2342
2169	2173
2169	2212
2169	2424
2169	2922
2170	2266
2170	2718
2171	2592
2173	2914
2174	2768
2175	2269
2177	2867
2179	2716
2179	2990
2181	2706
2181	2971
2183	2420
2184	2762
2184	2866
2185	2762
2185	2850
2186	2410
2187	2418
2187	2455
2187	2540
2187	2792
2188	2443
2188	2829
2188	2892
2190	2367
2191	2244
2191	2498
2192	2370
2192	2589
2192	2770
2193	2637
2193	2738
2193	2905
2194	2375
2195	2391
2197	2989
2198	2595
2198	2741
2200	2386
2201	2811
2201	2949
2202	2538
2203	2535
2203	2857
2204	2932
2204	2979
2205	2726
2206	2351
2206	2873
2207	2437
2207	2552
2207	2745
2207	2748
2208	2314
2209	2891
2210	2462
2210	2786
2212	2544
2212	2793
2212	2927
2213	2588
2213	2988
2214	2548
2214	2754
2214	2761
2216	2738
2217	2527
2218	2384
2219	2671
2219	2890
2219	2906
2220	2416
2222	2337
2222	2501
2223	2247
2224	2745
2225	2318
2225	2482
2225	2549
2225	2682
2225	2862
2228	2493
2229	2699
2230	2840
2233	2649
2234	2828
2234	2947
2235	2510
2235	2668
2235	2961
2236	2287
2236	2333
2236	2861
2238	2730
2238	2901
2239	2731
2239	2866
2240	2359
2240	2975
2242	2640
2242	2717
2244	2605
2244	2652
2244	2818
2244	2872
2245	2275
2246	2609
2246	2844
2247	2320
2247	2854
2247	2997
2248	2528
2248	2548
2248	2737
2249	2471
2250	2867
2251	2780
2251	2879
2252	2405
2253	2724
2253	2919
2253	2970
2254	2267
2254	2988
2256	2495
2257	2519
2258	2288
2258	2617
2261	2410
2261	2623
2262	2494
2262	2843
2263	2475
2264	2321
2264	2526
2265	2539
2265	2572
2265	2673
2265	2674
2266	2400
2266	2420
2266	2699
2266	2751
2266	2789
2268	2701
2268	2889
2269	2332
2269	2743
2270	2791
2271	2809
2272	2273
2272	2518
2273	2574
2273	2659
2274	2512
2276	2586
2277	2680
2278	2895
2280	2289
2281	2324
2281	2969
2282	2747
2283	2479
2283	2677
2283	2712
2286	2863
2286	2927
2286	2999
2287	2515
2288	2697
2288	2800
2289	2723
2289	2889
2290	2616
2291	2420
2292	2855
2293	2509
2293	2719
2293	2878
2294	2787
2294	2906
2295	2538
2296	2700
2296	2899
2297	2337
2298	2582
2298	2627
2298	2847
2299	2588
2300	2325
2300	2768
2301	2793
2302	2863
2303	2452
2305	2462
2305	2704
2308	2860
2309	2912
2310	2511
2310	2924
2311	2524
2312	2555
2312	2808
2314	2344
2315	2791
2315	2933
2316	2379
2317	2915
2319	2360
2319	2859
2320	2651
2320	2957
2321	2461
2321	2760
2323	2432
2324	2478
2324	2957
2325	2498
2326	2509
2327	2915
2328	2952
2329	2363
2330	2717
2330	2718
2333	2365
2333	2663
2333	2675
2334	2817
2335	2440
2335	2541
2335	2954
2336	2608
2336	2939
2337	2613
2337	2914
2339	2710
2340	2460
2341	2938
2342	2550
2342	2813
2343	2490
2343	2591
2343	2728
2344	2354
2344	2474
2344	2960
2345	2798
2346	2464
2350	2713
2350	2895
2351	2443
2353	2815
2354	2441
2354	2935
2356	2414
2356	2833
2357	2526
2358	2441
2358	2981
2359	2559
2359	2942
2360	2666
2361	2524
2361	2715
2361	2789
2362	2511
2362	2915
2362	2937
2365	2368
2365	2894
2366	2554
2366	2835
2368	2966
2369	2822
2369	2963
2371	2452
2372	2815
2373	2552
2373	2880
2375	2658
2378	2740
2378	2917
2379	2492
2381	2605
2381	2872
2382	2607
2383	2450
2384	2947
2385	2554
2385	2628
2386	2983
2387	2459
2388	2622
2388	2650
2389	2630
2389	2755
2389	2803
2390	2937
2392	2432
2392	2648
2393	2794
2393	2877
2395	2706
2396	2425
2396	2963
2397	2516
2397	2656
2397	2750
2397	2982
2398	2610
2398	2878
2400	2539
2400	2897
2400	2948
2401	2515
2402	2943
2403	2459
2403	2628
2404	2747
2404	2794
2404	2876
2405	2842
2406	2616
2407	2472
2408	2425
2409	2662
2409	2715
2410	2508
2410	2546
2410	2674
2410	2734
2411	2855
2412	2413
2412	2736
2414	2453
2415	2936
2416	2714
2418	2744
2419	2901
2420	2458
2420	2597
2420	2752
2420	2894
2422	2731
2422	2858
2425	2463
2425	2608
2427	2529
2428	2871
2429	2442
2431	2489
2431	2887
2433	2635
2433	2930
2434	2445
2435	2436
2437	2492
2438	2803
2439	2676
2439	2884
2439	2939
2440	2706
2440	2797
2440	2927
2441	2570
2443	2858
2443	2915
2444	2538
2445	2790
2445	2968
2446	2665
2447	2571
2447	2681
2447	2774
2448	2698
2449	2903
2450	2926
2451	2560
2452	2765
2454	2489
2454	2889
2454	2986
2456	2565
2458	2803
2459	2726
2459	2797
2460	2782
2464	2769
2465	2533
2466	2779
2468	2721
2469	2956
2471	2575
2471	2802
2473	2601
2474	2811
2478	2953
2478	2981
2480	2490
2482	2743
2485	2627
2486	2562
2486	2797
2487	2628
2487	2737
2488	2630
2488	2840
2489	2910
2493	2706
2493	2775
2495	2957
2495	2975
2497	2604
2498	2982
2499	2679
2499	2736
2500	2726
2501	2849
2502	2679
2503	2686
2503	2710
2503	2846
2504	2611
2504	2870
2504	2931
2506	2510
2506	2994
2507	2811
2509	2700
2513	2754
2515	2698
2516	2554
2516	2847
2517	2615
2518	2584
2521	2701
2521	2732
2524	2725
2525	2873
2527	2712
2529	2590
2531	2867
2532	2697
2535	2975
2537	2913
2538	2798
2538	2893
2541	2594
2544	2902
2545	2800
2545	2921
2546	2755
2549	2684
2551	2627
2551	2958
2552	2827
2553	2797
2555	2641
2555	2819
2555	2947
2559	2600
2559	2610
2559	2813
2561	2598
2561	2891
2562	2799
2564	2649
2565	2984
2568	2931
2572	2813
2572	2908
2574	2653
2575	2643
2575	2968
2577	2769
2577	2801
2578	2730
2578	2768
2578	2906
2578	2942
2579	2663
2582	2708
2589	2671
2590	2913
2596	2998
2601	2799
2604	2966
2605	2948
2606	2683
2606	2776
2606	2910
2606	2960
2608	2959
2609	2788
2612	2690
2615	2885
2619	2647
2619	2771
2623	2970
2627	2768
2629	2758
2631	2853
2633	2786
2635	2757
2635	2828
2636	2659
2638	2645
2638	2846
2639	2857
2639	2962
2640	2745
2641	2832
2643	2824
2648	2976
2652	2781
2654	2844
2655	2918
2656	2965
2657	2751
2657	2908
2660	2935
2661	2858
2662	2797
2665	2885
2665	2924
2669	2850
2669	2856
2669	2948
2670	2876
2672	2859
2672	2993
2673	2775
2676	2690
2676	2889
2677	2966
2680	2921
2684	2758
2685	2750
2686	2840
2689	2821
2690	2865
2691	2707
2691	2727
2696	2752
2696	2935
2697	2831
2699	2789
2699	2996
2700	2854
2702	2882
2704	2709
2705	2919
2705	2980
2706	2896
2709	2735
2710	2820
2712	2753
2713	2725
2715	2864
2719	2814
2722	2985
2723	2876
2725	2889
2726	2834
2727	2953
2730	2940
2732	2735
2733	2965
2734	2748
2735	2740
2736	2933
2745	2958
2748	2986
2749	2800
2756	2821
2757	2988
2758	2799
2761	2800
2764	2819
2766	2843
2770	2941
2774	2926
2778	2788
2781	2896
2781	2994
2790	2910
2793	2819
2798	2856
2798	2942
2817	2875
2820	2828
2820	2852
2821	2859
2823	2984
2827	2861
2827	2901
2832	2944
2835	2841
2835	2929
2838	2993
2839	2864
2846	2931
2849	2880
2851	2979
2856	2926
2860	2940
2868	2943
2874	2923
2876	2899
2877	2968
2882	2974
2883	2943
2884	2987
2889	2924
2891	2910
2893	2980
2896	2960
2898	2951
2898	2967
2902	2929
2903	2951
2917	2966
2932	2958
2935	2997
2947	2987
2951	2985
2954	3000
2956	2967
2983	2995
