1	1132
1	1627
1	4000
2	4
2	890
3	4
3	5
3	3802
4	5
4	3400
5	6
5	7
5	3650
6	7
6	8
7	392
7	1061
7	2142
7	2590
8	9
8	3379
9	1425
9	2484
10	12
10	597
10	3221
10	3806
11	12
11	13
12	13
12	14
13	15
13	3795
14	15
14	1181
14	1869
14	1957
15	17
15	869
16	1023
16	2055
16	3359
17	18
17	1866
17	2187
18	19
18	20
19	1733
19	2386
19	3699
19	3816
20	22
20	1013
21	22
21	138
21	1772
21	2667
22	23
22	3158
23	24
23	2219
23	2584
23	3551
24	25
24	1396
25	26
25	884
26	27
26	28
26	3881
27	623
27	1063
28	29
28	469
29	30
29	31
29	2679
30	32
30	751
30	2574
30	2819
31	32
31	128
31	3291
32	34
32	1631
33	34
33	3348
34	35
34	1504
35	1061
35	3781
36	37
36	1521
36	2160
37	572
37	2364
38	39
38	55
38	792
39	40
39	1023
39	2201
39	2264
40	42
40	229
40	1525
40	2370
41	42
41	1953
42	43
42	1568
42	3851
43	44
43	1810
44	45
44	46
44	1047
45	108
45	1054
45	2374
45	2566
46	48
46	3092
47	49
47	3103
48	49
48	3433
48	3863
49	50
49	3073
49	3643
50	51
50	52
50	2127
50	3710
51	53
51	228
51	377
52	53
52	54
52	1825
52	3232
53	54
53	55
53	2731
54	56
54	3219
55	1443
55	1499
55	2147
56	57
56	58
56	559
57	58
57	59
57	1632
57	3523
58	109
58	1102
58	2738
58	3116
59	60
59	61
60	61
60	62
60	1186
60	1928
61	63
61	1207
61	1456
61	2030
62	64
62	521
62	763
62	1716
63	65
63	754
63	2581
64	66
64	2448
65	67
65	233
66	67
66	68
66	1512
67	68
67	69
68	69
68	662
69	70
69	71
69	529
70	72
70	2756
71	73
71	2099
72	73
72	74
73	266
73	2694
73	3544
74	1431
74	3065
75	76
75	77
75	2842
76	247
76	1086
76	1824
76	3832
77	78
77	2954
78	79
78	80
79	80
79	81
80	82
80	1352
81	82
81	83
82	83
82	524
82	3199
83	84
83	85
84	85
84	927
84	1917
84	3052
85	208
85	2930
86	87
86	907
87	655
87	2188
87	2773
88	89
88	90
88	2175
89	90
89	91
89	1528
90	91
90	92
91	92
91	93
92	94
92	1006
92	2021
93	2209
93	3420
93	3643
94	2686
94	3028
95	96
95	97
96	97
96	98
96	2972
97	99
97	1099
97	1718
97	1918
97	2162
98	99
98	158
98	874
99	868
99	1938
100	1028
100	3966
101	1233
101	1772
102	103
102	1573
102	2771
103	105
103	363
103	513
103	1220
103	2788
103	3309
104	105
104	519
104	800
105	106
105	107
106	107
106	108
106	1081
107	108
107	109
107	3842
108	110
108	3695
109	110
110	111
110	112
110	2886
111	1469
111	3703
112	1790
112	2176
112	3650
113	114
113	2771
114	116
114	987
115	116
115	117
115	2659
116	117
116	118
116	505
117	118
117	849
117	1289
118	119
118	120
118	1826
119	908
119	1604
119	2178
119	2212
119	2734
120	121
120	1165
120	2604
121	166
121	2357
122	123
122	1235
122	2724
123	124
123	125
123	662
124	125
124	2281
125	126
125	127
126	1070
126	2446
126	2930
127	128
127	160
127	2290
127	2499
127	3663
128	129
128	3107
129	130
129	131
130	132
130	1325
130	1933
130	2211
130	3230
131	692
131	3339
131	3771
132	134
132	1117
132	1658
133	135
133	1257
133	1354
133	3123
134	445
134	2516
134	3358
135	137
135	790
136	137
136	138
137	139
137	332
137	870
137	1232
137	1615
138	890
138	1163
139	140
139	141
140	177
140	207
140	2368
140	3158
141	142
141	143
142	143
142	144
143	144
143	145
143	2426
144	145
144	146
145	146
145	1847
145	2661
145	3760
146	147
146	148
146	3214
146	3238
147	400
147	1297
147	3483
148	150
148	2395
149	381
149	1013
149	2815
150	151
150	152
150	3516
151	153
151	1246
151	3593
152	153
152	821
152	1928
153	155
153	729
154	1742
154	2221
155	156
155	157
156	157
156	158
156	205
156	2966
157	158
157	1730
157	1913
157	2363
157	2422
158	942
158	2348
159	160
159	161
160	161
161	163
161	359
162	163
162	164
163	164
163	781
163	2710
164	166
164	992
164	3403
164	3772
165	1275
165	3276
166	168
166	3094
167	1020
167	3483
168	1169
168	2416
168	2498
169	170
169	2037
169	2953
170	172
170	1117
170	1755
171	173
171	3597
172	1237
172	2256
172	2611
172	3794
173	1347
173	2035
173	2568
173	3184
174	176
174	1425
175	176
175	464
175	1449
176	177
176	178
176	868
177	179
177	3828
178	179
178	180
179	181
179	300
179	2292
180	290
180	3602
181	1956
181	2194
182	183
182	184
182	3801
183	185
183	3049
183	3754
184	185
184	186
184	481
185	186
185	187
185	1176
186	187
186	391
186	1211
186	1267
187	189
187	680
187	1341
187	2448
187	3732
188	189
188	1410
189	191
189	1492
190	582
190	2808
190	3096
190	3470
191	193
191	1241
191	3105
192	193
192	194
192	1898
193	1228
193	3023
194	195
194	2589
195	196
195	197
195	3384
196	197
196	3233
196	3635
197	199
197	3731
197	3963
198	200
198	2461
198	3296
199	330
199	1157
199	3985
200	231
200	3279
201	202
201	3971
202	203
202	204
203	204
203	205
204	206
204	799
204	935
205	3536
206	207
206	355
206	3541
207	209
207	342
208	209
208	536
209	210
209	211
210	211
210	737
211	212
211	213
212	213
212	214
213	214
213	288
213	2714
214	215
214	216
215	1631
215	1954
215	3047
216	217
216	218
217	218
217	219
218	219
218	1982
218	3849
219	220
219	221
219	1836
219	1897
219	3583
220	221
220	1102
220	1580
221	222
221	223
222	224
222	2871
222	3876
223	225
223	1113
224	225
224	2692
224	2902
225	226
225	1535
225	2974
226	228
226	1947
226	3965
227	1908
227	3068
227	3907
228	229
228	230
229	230
229	231
229	1886
229	2409
230	232
230	2587
231	232
231	233
231	493
231	1276
232	233
232	1549
233	234
233	235
233	2523
234	2188
234	3615
235	236
235	237
236	237
236	458
237	2134
237	3720
238	239
238	1740
239	240
239	605
240	241
240	242
240	2779
241	242
241	243
242	2454
242	2891
242	3507
242	3884
243	244
243	245
243	436
243	866
244	245
244	543
244	2467
245	246
245	1262
246	247
246	248
247	248
247	249
247	308
247	2802
248	249
248	3658
249	250
249	251
250	251
250	252
251	252
251	253
252	849
252	3301
253	254
253	255
253	685
253	1408
254	255
254	1231
255	1265
255	2491
255	2965
255	3529
256	257
256	258
257	258
257	3259
258	259
258	406
258	1832
259	260
259	802
259	2038
260	261
260	262
261	262
261	263
261	417
262	263
262	1392
263	422
263	2393
263	3280
264	2579
264	3134
265	1872
265	2058
265	2114
266	1228
266	3665
267	268
267	269
268	270
268	1436
268	2496
269	271
269	698
270	2144
270	3879
271	1215
271	1713
271	2082
271	2176
271	2862
271	3136
272	273
272	3706
273	274
273	275
273	3387
274	275
274	276
274	1737
275	276
275	946
276	277
276	278
277	278
277	279
277	2418
278	279
278	280
278	1342
278	3600
279	280
279	281
279	1841
279	2155
280	282
280	2969
280	3376
280	3690
281	282
281	2731
282	283
282	2369
282	3154
283	284
283	1308
283	3436
284	285
284	286
285	286
285	1019
285	2098
286	287
286	3052
287	289
287	3781
288	289
288	1362
289	291
289	2354
289	2417
290	1049
290	1353
290	3730
291	293
291	319
291	2570
292	293
292	294
292	1541
292	1607
292	2636
293	294
293	295
294	295
294	296
295	297
295	1835
296	297
296	1630
297	298
297	299
297	2519
298	299
298	300
299	300
299	301
299	3912
300	396
300	1157
300	2126
300	2756
301	302
301	303
301	630
302	1030
302	2691
302	3179
303	304
303	305
303	1123
304	1438
304	1892
304	3466
305	306
305	307
305	905
306	307
306	308
307	308
307	3241
308	310
309	311
309	1160
310	312
310	1558
311	313
311	1912
311	2035
312	313
312	314
312	1844
313	314
313	1839
314	316
314	3016
314	3297
315	317
315	1674
316	317
316	1803
317	318
317	2408
318	319
318	1329
318	3837
319	320
319	321
319	1477
319	2759
320	322
320	1389
321	323
321	1875
322	512
322	1483
322	3288
323	324
323	2313
324	325
324	326
325	326
325	1837
326	327
326	500
326	542
327	329
327	2093
327	3796
328	329
328	330
329	770
329	1769
329	3193
330	331
331	1250
331	3726
332	333
332	3160
333	335
333	1169
333	2001
334	2289
334	2672
334	2818
334	2876
335	1557
335	3158
336	338
336	1572
336	3306
337	2958
337	3523
338	339
338	3057
338	3205
339	341
339	2120
340	342
340	725
340	1397
340	2754
340	2896
340	3386
340	3980
341	342
341	343
342	343
343	344
343	345
344	345
344	394
344	731
345	346
345	347
346	347
346	348
347	348
347	349
348	349
348	350
348	2492
349	351
349	2654
349	3649
350	981
350	2681
350	2747
351	352
351	963
351	3832
352	599
352	993
352	1984
353	354
353	993
354	356
354	1445
354	2007
355	694
355	1289
355	2459
356	590
356	3006
357	358
357	1083
357	2943
358	359
358	360
358	2918
359	361
359	3889
360	362
360	964
361	388
361	1002
361	2762
362	363
362	364
362	1473
363	364
364	365
364	1767
365	366
365	1324
365	2317
365	3960
366	368
366	689
366	3592
367	965
367	2070
368	369
368	370
369	371
369	1141
370	371
370	372
371	372
371	373
371	2263
371	3030
371	3253
372	374
372	3600
373	374
373	482
373	3059
373	3268
374	375
374	376
374	931
375	376
375	377
375	791
375	3739
376	3256
376	3297
376	3542
377	3071
378	379
378	380
378	1393
378	2399
379	583
379	2841
379	3666
380	381
380	645
380	2183
381	382
381	383
382	384
382	616
382	1493
382	2896
383	384
383	385
384	1081
384	1894
385	387
385	1233
385	3383
386	387
386	388
386	2239
387	414
387	1378
387	1976
387	2973
387	3278
388	390
388	1031
388	3144
389	390
389	2362
390	392
390	2013
390	3231
390	3883
391	392
391	3546
392	2576
393	395
393	2020
394	396
394	3374
395	396
395	397
395	3313
396	397
397	398
397	399
398	399
398	2821
399	1392
399	2471
399	3435
399	3872
400	401
400	1171
401	2353
401	3097
402	403
402	404
402	1258
402	3521
402	3698
403	404
403	2183
404	1627
404	2385
404	2831
405	407
405	475
405	1541
406	408
406	517
407	408
407	1597
407	1833
408	410
408	498
409	410
409	411
410	411
410	2618
411	413
411	652
411	657
411	957
411	3048
412	413
412	2980
413	415
413	1954
414	416
415	416
415	1413
416	417
416	418
416	952
417	418
418	420
418	1643
418	1890
418	2708
419	420
419	1472
419	3981
420	421
420	1165
420	2229
421	422
421	423
421	3810
422	424
422	871
423	424
423	425
423	519
423	720
424	425
424	426
425	426
425	427
425	3887
426	427
426	3551
427	428
427	429
427	1843
428	429
428	430
428	2742
428	2876
429	1000
429	1642
429	2205
430	431
430	432
431	432
431	433
431	2054
431	2767
431	3876
432	433
432	434
432	2924
433	434
433	435
433	1859
434	435
434	3145
435	436
435	437
435	3817
436	1584
436	3660
437	438
437	439
437	1670
438	2031
438	2480
438	3709
439	440
439	441
440	442
440	2876
441	1163
441	3439
442	2341
442	3568
442	3710
443	445
443	2654
444	1733
444	3217
445	446
445	447
445	2236
446	448
446	488
446	1133
446	1271
447	2092
447	2487
447	3061
447	3420
448	449
448	450
449	451
449	2033
449	2044
449	2662
450	451
450	452
450	492
451	928
451	2805
452	453
452	454
452	457
453	454
453	455
453	1326
454	455
454	1205
454	3095
455	457
455	684
455	1813
455	2387
456	457
456	458
457	459
457	813
458	777
458	1273
458	3616
459	460
459	1730
460	461
460	462
461	462
461	1423
462	463
462	1188
463	464
463	465
463	2148
464	466
464	3066
465	466
465	467
465	1172
465	1195
465	2046
466	467
466	468
467	469
467	1989
467	3527
468	469
468	1523
469	470
469	471
470	471
470	472
470	3903
471	472
471	3906
472	474
472	1864
473	474
473	475
473	3920
474	476
474	1359
474	1709
475	769
475	2534
475	3039
476	478
476	998
476	2111
477	478
477	479
477	3895
478	480
478	3411
479	480
479	2180
479	3455
480	481
480	482
481	483
482	483
482	2859
483	485
483	1372
484	3003
484	3866
485	486
485	487
485	2294
486	488
486	3519
487	488
487	489
487	1029
488	489
488	1662
489	491
489	810
490	492
490	1753
490	2177
490	3225
491	493
491	1671
491	3037
492	1112
492	1310
492	3665
493	791
494	495
494	496
494	3299
495	496
495	497
495	2534
496	497
496	498
496	661
497	498
497	499
497	1805
498	499
498	500
498	1645
499	500
499	501
500	501
500	502
500	2354
501	502
501	1615
502	504
502	3445
503	505
503	2381
503	3942
504	505
504	506
504	1804
505	506
505	1615
506	507
506	508
506	3174
507	1350
507	1415
507	1856
507	2759
508	509
508	510
508	3073
509	510
509	856
510	511
510	512
510	3190
511	512
511	2942
512	513
512	514
512	3005
513	515
514	515
514	516
514	2613
515	517
515	3062
515	3613
516	518
516	937
517	518
517	519
518	520
518	3805
519	1849
519	3546
520	1208
520	2212
520	2281
521	522
521	1614
521	1926
522	523
522	524
522	3947
523	524
523	2656
524	526
525	1936
525	3240
525	3753
526	527
526	528
526	1853
526	3850
527	528
527	1792
527	2179
527	3630
528	529
528	530
529	987
529	3319
530	531
530	1052
530	3993
531	532
531	898
531	1000
532	534
532	3187
533	534
533	535
533	3694
534	535
534	2887
534	3192
535	537
535	1943
535	2997
536	537
536	538
536	545
536	1351
536	1663
537	539
537	1460
537	3069
538	540
538	3226
538	3533
539	540
539	1407
539	3363
540	541
540	1923
540	3346
541	543
541	3984
542	543
542	3197
543	545
544	545
544	3865
544	3877
545	2052
546	548
546	2053
546	3207
547	2269
547	2680
547	3999
548	549
548	550
549	550
549	551
549	1622
550	922
550	2769
550	3725
551	1987
551	3140
552	553
552	554
553	554
553	555
553	1090
553	2546
554	555
554	556
554	1720
554	1924
555	556
555	557
556	557
556	558
557	558
557	2586
558	559
558	560
559	561
560	562
560	3649
561	562
561	563
562	564
562	3592
563	1462
563	2509
564	2653
564	2656
564	2666
565	566
565	567
566	567
566	568
566	2922
567	568
567	2100
567	2944
567	3056
568	570
568	2638
569	771
569	2658
569	2816
570	571
570	1005
570	2553
571	572
571	573
571	1035
571	1920
571	2400
572	574
572	1945
573	574
573	575
573	711
574	575
574	2287
575	577
575	1851
576	813
576	2446
577	908
577	1140
578	579
578	3650
579	580
579	581
580	794
580	3574
581	582
581	2979
582	583
582	1294
583	585
583	3470
584	585
584	2297
585	587
585	3757
586	587
586	588
586	3752
587	589
587	601
587	3321
588	589
588	590
588	2637
589	590
589	1897
590	591
590	592
591	593
591	3557
592	1873
592	3004
593	595
593	1132
593	1693
593	2348
594	595
594	2385
595	596
595	3522
596	597
596	1401
597	598
597	886
597	3049
597	3339
598	599
598	600
599	601
599	2254
599	2945
599	3418
600	602
600	2174
600	2430
601	602
601	603
601	1917
602	604
602	817
603	605
603	1753
603	1925
603	2217
604	605
604	956
604	1638
605	606
605	607
605	2599
606	607
606	608
606	2848
607	609
607	907
608	610
608	3371
609	611
609	2882
610	611
610	612
611	612
611	613
611	1384
612	1647
612	3317
612	3973
613	614
613	2770
614	615
614	2080
614	3516
615	617
615	2343
616	618
616	1149
616	1963
617	1187
617	3573
618	619
618	620
618	869
619	620
619	3415
620	622
620	3176
621	622
621	3181
622	623
622	624
622	1202
623	624
623	625
624	625
624	626
625	627
625	2003
625	3108
626	627
626	3272
627	628
627	629
628	2089
628	3187
629	3177
629	3632
630	631
630	2446
631	632
631	633
631	3744
632	634
632	3979
633	634
633	1612
633	2753
634	635
634	636
634	2783
635	636
635	637
636	637
636	638
636	945
636	2853
637	638
637	2124
637	2655
638	640
638	1977
639	640
639	1883
639	2703
639	3436
640	641
640	642
640	1102
640	1941
641	642
641	643
642	643
642	644
643	1665
643	1783
644	646
644	1135
645	647
645	3213
645	3523
646	647
646	648
646	1211
646	3086
647	648
647	649
647	1437
648	649
648	650
649	650
649	2277
650	651
650	2494
651	652
651	1532
652	653
652	2922
652	3015
653	654
653	655
653	1701
653	2315
654	656
654	2550
654	3375
655	657
655	3384
655	3614
656	658
656	3010
657	658
658	659
658	1580
659	660
659	661
659	2344
660	661
660	990
661	663
661	740
662	664
662	1961
663	665
663	2229
663	2607
664	665
664	666
665	667
665	3887
665	3900
666	667
666	3711
667	668
667	669
667	3418
667	3773
668	669
668	3748
669	670
669	671
670	671
670	1971
670	2014
671	673
671	3425
672	673
672	674
673	674
673	675
673	3990
674	676
674	2507
675	676
675	677
675	3166
675	3481
676	678
676	1352
676	3533
677	678
677	1744
678	679
678	680
679	680
679	3747
680	682
681	682
681	2423
681	2733
682	683
682	684
683	684
683	911
683	3041
683	3386
684	685
684	1651
684	2484
685	686
686	687
686	938
686	2416
686	3539
686	3712
687	688
687	689
687	3116
688	690
688	834
688	3574
689	690
690	691
690	1220
690	1427
691	693
691	904
692	693
692	694
693	694
693	695
694	1040
694	3369
695	697
695	2531
695	2573
696	2317
696	3454
697	698
697	3049
697	3474
698	699
698	700
699	701
699	2496
700	701
700	702
701	703
701	3303
702	704
702	2194
703	705
703	1253
703	2940
704	705
704	706
705	706
705	1443
706	708
706	1992
707	708
707	709
707	860
707	3195
708	1183
708	2040
709	710
709	711
710	711
710	712
710	1821
711	2975
711	3818
712	713
712	714
712	2465
712	3425
713	985
713	2232
714	1503
714	2947
715	717
715	1443
715	3519
716	717
716	718
716	1316
716	3885
717	1745
717	2277
718	782
718	1738
719	1107
719	1454
719	3913
720	721
720	1670
721	722
721	1307
721	3684
722	723
722	909
722	1749
722	2234
723	1140
723	2184
723	2486
724	726
724	2092
724	2976
724	3922
725	726
726	727
726	728
727	728
727	1532
728	730
728	3590
729	731
729	1719
730	731
730	732
731	732
731	733
732	733
732	734
732	1192
733	735
733	1415
733	1663
734	782
734	803
734	841
735	737
735	2862
736	738
736	2311
737	1142
737	1903
737	2251
738	739
738	740
738	1326
738	3725
739	740
739	741
739	1819
740	742
740	3936
741	742
741	743
742	743
742	1539
742	3555
743	744
743	811
743	1362
744	745
744	746
745	746
745	747
746	1751
746	3571
747	748
747	749
747	1225
748	750
748	2378
748	3463
748	3484
749	751
749	1241
750	751
750	752
751	1701
751	3087
751	3290
752	753
752	1150
752	3773
753	754
753	1302
753	2085
754	755
754	756
755	3392
755	3681
756	758
756	2314
757	758
757	759
757	1108
758	759
758	1852
759	760
759	2265
760	761
760	762
761	762
761	1151
761	1695
762	1154
762	1954
763	929
763	1915
764	766
764	3808
765	767
765	2570
766	767
766	768
767	952
767	2721
767	3092
768	769
768	770
769	770
769	771
770	771
770	772
771	772
771	773
772	773
772	2516
773	774
773	775
773	967
774	775
774	782
774	1475
774	2367
774	3019
775	776
775	777
775	3239
776	778
776	2629
776	3238
776	3812
777	778
777	779
778	780
778	1599
778	2396
779	780
779	781
779	3047
780	781
780	2742
781	782
782	783
782	1980
783	3371
783	3769
783	3954
784	786
784	2749
785	786
785	787
785	3330
786	787
786	788
787	788
787	789
787	855
787	2596
788	789
788	790
788	1691
788	2910
789	791
789	1884
790	791
790	792
791	793
792	794
792	2182
792	3206
792	3320
793	794
793	811
793	3652
794	796
794	2111
795	796
795	797
795	2786
796	798
796	1799
797	798
797	799
797	1674
798	799
798	1878
798	2725
798	3053
799	800
799	2869
800	3411
801	803
801	1113
801	3167
802	804
802	1002
802	2059
802	3561
803	804
803	805
803	3397
804	905
804	1838
805	806
805	1136
805	3038
806	808
806	1690
806	1691
806	3360
806	3559
807	808
807	809
808	809
808	810
808	1697
809	810
809	811
809	3789
810	812
810	3519
812	1905
812	2443
812	2533
812	3059
813	1299
814	815
814	2443
814	3377
815	816
815	3251
815	3424
816	817
816	2661
817	1999
817	2543
818	819
818	857
818	1368
818	3558
819	820
819	821
820	821
820	1836
821	823
822	824
822	3616
823	824
823	825
824	825
824	3151
825	826
825	2829
826	828
826	1651
826	2594
827	829
827	2100
827	3432
828	829
828	830
829	830
829	831
829	2980
830	831
830	832
830	3609
831	1289
831	3248
832	833
832	834
832	3254
833	834
833	835
833	2567
834	922
834	2880
835	836
835	837
835	2145
836	838
836	1536
836	1710
836	2085
837	1473
837	3306
838	839
838	840
839	840
839	2810
839	2908
840	841
840	842
841	1477
842	843
842	844
842	2885
843	844
843	845
844	845
844	846
845	846
845	847
846	847
846	848
847	848
847	2575
848	849
848	850
849	3387
849	3692
850	851
850	1511
851	1539
851	1902
852	853
852	854
853	855
853	3228
854	855
854	856
855	856
856	857
856	1727
857	858
858	859
858	1669
858	3209
858	3579
859	860
859	861
859	1441
860	862
861	1145
861	3323
861	3991
862	863
862	864
863	864
863	1542
864	1231
864	1891
865	866
865	867
866	867
867	868
867	869
868	869
868	2952
869	871
870	872
870	3393
871	872
871	873
871	2583
871	3794
872	874
872	2562
873	1874
873	3498
874	876
874	2646
875	876
875	877
875	3198
876	877
876	878
876	2814
877	879
877	957
877	3073
878	880
878	2912
878	2922
878	3678
879	880
879	881
880	881
880	1945
881	882
881	883
881	1694
882	883
882	884
883	885
883	978
883	1033
883	3314
884	885
884	886
884	2361
885	886
885	887
886	1655
886	2931
886	3245
887	888
887	889
888	889
888	890
888	1293
888	1432
888	3411
889	890
889	3357
889	3702
890	891
890	3778
891	892
891	2181
892	893
892	1948
892	2336
893	894
893	3540
894	895
894	896
895	896
895	1393
896	897
896	898
896	2901
897	898
897	899
898	3667
899	2139
899	3265
900	902
900	1427
900	1860
901	902
901	903
902	903
902	978
902	2003
903	1746
903	2384
903	3265
904	906
904	2512
904	2854
905	906
906	907
906	2835
907	908
907	909
908	909
908	1769
909	910
909	911
910	1117
910	3309
911	913
912	913
912	914
912	3417
913	914
913	1097
913	1549
913	2395
914	915
914	1971
914	2565
915	916
915	3409
915	3825
916	918
916	2253
917	919
917	1428
917	2688
917	3497
917	3879
918	919
918	2281
919	921
919	1798
920	921
920	922
921	923
921	2259
921	2625
921	3059
921	3428
922	923
922	924
923	925
923	1840
923	3019
924	925
924	3971
925	927
925	1062
926	3178
926	3970
927	928
927	929
927	1540
928	929
928	1905
929	930
929	931
929	2368
930	931
930	932
931	932
932	933
932	1597
932	3173
933	934
933	935
934	935
934	936
935	936
935	937
935	1641
936	937
936	938
937	938
937	939
937	3289
938	940
938	1830
938	1846
939	940
939	941
939	2321
940	942
940	2906
941	943
941	954
941	1320
942	943
942	944
942	3246
943	945
943	1313
944	945
944	946
945	946
946	997
946	1752
946	2207
946	3012
947	949
947	2942
947	3271
947	3826
948	949
948	950
948	1079
949	950
949	1432
950	951
950	3448
951	952
951	3478
952	953
953	954
953	955
954	1548
954	1817
954	3537
955	957
955	3004
956	957
956	958
957	1087
957	2215
957	3798
958	1181
958	2443
958	2669
959	961
959	1346
959	3099
959	3802
960	961
960	962
961	962
961	3222
961	3514
962	963
962	2386
963	965
963	2300
963	3088
964	965
964	966
964	3679
965	966
965	2588
966	968
966	2524
966	2655
967	1667
967	3591
968	969
968	1315
969	971
969	3786
970	971
970	972
971	972
971	973
972	973
972	974
972	2603
972	2962
973	975
973	1916
973	2485
973	3391
974	976
974	1030
974	3125
975	1526
975	3133
976	977
976	978
977	978
977	1481
977	2843
977	3053
979	981
979	2389
980	982
980	1724
980	2459
981	982
981	983
982	983
982	3044
983	2742
983	3941
984	985
984	986
985	986
985	987
986	987
986	988
986	2827
987	989
987	2041
988	989
988	3871
989	991
989	2399
990	991
990	2124
991	992
991	993
991	2078
991	2199
992	993
992	1951
992	1997
993	994
993	995
994	995
994	996
994	3213
995	1637
995	2595
996	997
996	998
996	2685
997	2220
997	3413
998	999
998	2477
999	1001
999	2746
1000	1001
1000	1002
1000	3201
1001	1002
1001	1003
1001	3800
1002	1003
1002	2095
1003	1004
1003	1005
1003	1007
1004	1005
1004	3702
1005	1007
1006	3294
1006	3565
1007	1009
1007	1916
1007	2837
1008	1009
1008	1010
1009	1010
1009	1011
1010	1882
1010	1904
1010	1994
1010	2119
1010	2482
1010	3578
1011	1012
1011	1013
1011	1771
1012	1014
1012	1053
1013	1015
1013	2412
1013	2831
1014	1502
1014	1636
1015	2133
1015	2545
1015	2885
1016	1017
1016	1439
1017	1018
1017	2568
1017	3067
1017	3963
1018	1019
1018	1020
1018	3034
1018	3506
1019	2162
1019	2929
1020	1021
1020	1804
1021	1023
1021	2569
1021	3780
1021	3830
1022	1697
1022	2924
1023	3100
1024	1025
1024	1026
1024	2431
1025	1027
1025	1058
1026	1027
1026	1028
1027	1028
1027	1058
1027	1865
1027	3625
1028	1029
1028	1030
1029	1197
1029	1343
1030	1636
1031	1033
1031	2243
1032	1033
1032	2866
1033	1034
1033	2525
1034	1035
1034	1036
1034	2914
1035	1036
1036	1038
1036	2856
1037	1502
1037	3269
1038	1039
1038	1040
1038	3374
1039	1040
1039	1041
1039	2282
1040	1487
1041	1043
1041	1296
1042	1043
1042	1044
1042	1653
1043	1044
1043	1045
1044	1045
1044	1046
1044	1984
1045	1046
1045	3243
1046	1047
1046	1555
1047	1049
1047	3897
1048	1050
1048	1139
1049	1577
1049	2186
1050	1051
1050	2931
1051	1053
1051	3403
1051	3845
1052	1054
1053	1710
1053	1712
1053	3872
1054	1055
1054	1056
1054	2091
1055	1056
1055	3480
1056	1057
1056	1058
1056	1972
1057	1058
1057	3481
1058	1059
1058	2651
1058	3571
1059	1061
1059	2781
1060	1062
1060	1220
1060	1674
1061	1063
1062	1063
1062	2645
1063	1064
1063	1065
1064	1065
1064	1066
1065	1067
1065	1905
1066	1067
1066	2346
1067	3196
1067	3434
1068	1069
1068	1070
1068	1416
1069	1070
1069	1071
1069	2085
1070	1072
1070	3809
1071	1072
1071	1073
1072	1073
1072	1963
1072	2442
1072	2615
1073	1691
1073	2417
1074	1075
1074	1602
1074	2595
1075	1858
1075	3741
1076	1078
1076	1412
1076	2138
1076	3252
1077	1078
1077	1079
1078	1079
1078	1080
1078	2686
1078	2837
1079	1080
1080	1081
1080	1082
1080	1568
1080	1581
1081	1082
1081	3065
1081	3605
1082	1084
1082	3991
1083	1084
1083	3218
1084	1085
1084	1086
1085	1086
1085	1087
1086	1088
1086	3568
1087	1089
1087	2403
1087	3973
1088	1090
1088	2065
1088	2687
1088	3089
1089	1090
1089	1091
1089	3904
1090	1092
1091	1092
1091	1093
1092	1344
1092	1690
1093	1094
1093	1095
1093	2110
1094	1095
1094	2586
1094	2911
1094	2996
1095	1097
1095	2199
1096	1097
1096	1098
1097	1098
1098	1100
1098	1973
1098	3206
1099	1388
1099	2133
1099	3827
1100	1101
1100	1102
1101	1102
1101	1103
1102	1103
1103	2047
1103	2538
1104	1105
1104	1159
1105	1106
1105	1107
1106	1107
1106	1604
1106	2179
1106	3503
1107	1108
1107	1109
1108	1110
1108	3753
1109	1397
1109	2933
1110	1111
1110	1590
1110	2384
1111	1112
1111	1767
1112	1113
1112	1114
1112	3466
1113	2459
1113	3669
1114	1115
1114	1116
1114	1200
1114	2999
1115	1117
1115	2153
1116	1118
1116	2421
1117	1118
1117	1307
1118	1120
1118	1138
1118	2608
1118	2731
1119	1120
1119	1355
1119	3179
1119	3856
1120	1122
1120	2576
1121	1122
1121	2327
1122	1124
1122	1829
1122	3367
1123	1125
1124	1125
1124	1126
1125	1127
1125	1400
1125	3733
1126	1128
1126	3694
1127	1169
1127	2606
1128	1130
1128	2394
1128	3972
1129	1130
1129	1131
1129	3704
1130	1788
1130	3896
1130	3957
1131	1132
1131	3286
1132	1133
1132	3372
1132	3773
1133	1134
1134	1136
1134	1428
1135	1136
1135	1421
1135	3780
1136	2400
1136	2986
1137	1139
1137	3410
1137	3619
1138	1139
1139	1141
1139	1995
1139	3256
1140	1141
1140	1382
1141	1142
1141	1143
1141	3226
1142	1848
1142	3464
1143	1144
1143	2971
1144	1145
1144	1146
1145	1146
1145	1147
1146	1148
1146	3719
1147	1149
1147	2715
1147	2796
1148	1149
1148	2499
1149	1814
1149	3825
1150	1891
1150	2308
1150	2447
1151	1152
1152	1154
1152	2235
1153	1154
1153	2505
1154	1155
1154	1156
1154	2210
1155	1156
1155	1157
1155	2866
1156	1158
1156	1959
1156	2222
1157	1158
1158	1160
1158	2285
1159	1161
1159	1336
1159	2233
1159	2710
1159	3428
1159	3831
1160	1161
1160	3384
1161	1163
1161	1170
1161	1296
1162	1647
1162	2433
1162	3490
1162	3656
1163	1164
1163	1737
1164	1166
1164	3208
1165	1166
1165	3700
1166	1557
1166	2471
1166	3405
1167	1168
1167	2489
1168	1169
1168	1170
1168	3136
1169	1171
1170	1172
1170	1302
1171	1172
1171	1173
1172	2055
1173	1174
1173	2338
1174	1175
1174	2653
1174	3241
1175	1176
1175	1177
1175	1230
1176	1178
1177	1179
1177	1734
1177	2150
1177	2597
1178	1179
1178	1494
1179	1181
1179	2574
1179	2933
1179	3891
1180	1181
1180	1182
1181	1182
1181	2050
1181	2326
1181	3636
1182	3640
1182	3750
1183	1185
1183	2257
1184	1402
1184	2216
1184	2299
1184	3114
1185	1257
1185	2159
1185	2718
1185	3285
1186	1188
1187	1188
1187	1700
1187	2109
1187	2360
1187	2470
1188	1189
1188	3425
1188	3472
1188	3998
1189	1190
1189	1191
1190	1191
1190	1192
1191	1193
1191	2937
1192	1193
1192	3296
1193	1195
1193	2424
1194	1195
1194	1196
1195	1197
1196	1197
1196	1198
1197	1198
1197	1463
1198	1199
1198	1200
1198	1452
1198	2702
1199	1201
1199	1745
1199	2174
1199	3619
1200	2605
1201	1202
1201	3467
1202	2242
1203	1204
1203	1205
1204	1205
1204	1206
1205	1206
1205	3386
1206	1207
1206	1482
1207	3773
1208	1209
1208	1577
1209	1210
1209	2100
1210	1211
1210	1212
1210	3841
1212	1213
1212	1214
1212	1359
1213	1214
1213	1782
1213	2563
1214	1859
1214	2407
1215	1216
1216	1218
1216	2744
1217	1218
1217	1541
1218	1219
1218	1220
1218	2375
1218	3198
1219	1220
1219	1221
1220	1221
1220	2424
1221	1223
1221	3201
1222	1223
1222	1224
1223	1224
1223	1225
1224	1226
1224	3517
1225	1226
1226	1227
1226	1956
1226	1996
1227	1228
1227	1229
1228	1229
1228	1230
1228	1337
1228	3516
1229	3027
1229	3747
1230	1232
1231	1605
1231	1730
1231	2249
1232	3911
1233	1234
1233	1235
1233	2606
1234	1235
1234	1476
1235	1237
1236	1237
1236	1238
1237	1238
1237	1239
1237	2935
1238	1239
1238	1240
1239	1241
1239	1454
1240	1242
1240	1354
1241	1868
1241	2471
1242	1243
1242	3788
1243	1244
1243	3960
1244	1245
1244	1246
1244	1989
1244	2920
1245	1247
1245	2207
1245	2789
1246	1247
1247	1248
1247	1249
1247	1282
1248	1250
1248	1810
1248	2355
1249	1250
1249	1251
1250	1252
1250	3006
1251	1252
1251	1253
1252	1253
1252	1749
1253	1254
1253	3228
1254	1255
1254	1256
1254	1823
1254	3105
1255	1257
1255	1591
1255	3793
1256	1258
1256	3001
1257	1258
1257	2023
1257	3471
1257	3540
1258	1260
1258	1677
1259	1260
1259	1261
1260	1261
1260	1262
1261	1556
1261	2443
1261	3029
1261	3467
1262	1263
1262	1264
1263	1264
1263	2115
1264	1265
1264	1266
1265	1266
1265	3340
1266	1268
1266	2928
1266	3484
1267	1268
1267	1269
1268	1269
1268	1654
1268	1978
1269	1271
1269	2421
1269	2611
1270	1271
1270	1272
1270	1901
1271	1273
1271	1574
1271	1652
1272	1274
1272	1608
1272	2887
1273	1274
1273	3648
1274	1275
1274	1939
1275	1276
1275	1277
1275	1380
1275	3468
1276	1278
1277	1278
1277	1991
1278	1279
1278	2976
1279	1280
1279	1281
1280	1281
1280	1282
1280	2389
1280	2967
1281	1282
1281	3095
1281	3254
1282	2140
1282	3789
1283	1285
1283	2776
1283	3237
1284	1285
1284	1286
1285	1287
1285	1860
1286	1287
1286	1288
1287	1289
1287	3487
1288	2989
1288	3774
1289	1291
1289	1492
1290	1291
1290	3812
1291	1293
1291	3136
1292	1293
1292	1294
1293	1294
1293	3159
1294	1295
1295	1934
1295	2593
1295	3163
1296	1297
1296	2877
1297	1299
1298	1299
1298	3889
1299	1458
1299	2563
1300	1302
1300	2891
1300	3781
1301	1650
1301	3387
1301	3590
1303	1305
1303	1381
1303	3793
1304	1305
1304	1306
1304	1364
1304	3461
1305	1306
1305	1307
1305	3960
1306	1910
1306	2299
1306	3824
1307	1309
1307	2217
1308	1310
1308	1562
1308	3056
1309	1311
1309	2360
1309	3996
1310	1311
1311	1312
1311	3104
1312	1313
1312	2047
1312	2538
1313	1314
1313	1315
1313	1461
1314	1315
1314	1316
1314	1629
1314	3588
1315	1336
1315	1694
1315	3141
1316	1317
1316	2473
1317	1318
1317	1319
1317	2226
1317	2371
1318	1320
1318	2625
1318	3327
1319	1320
1319	2677
1319	3222
1320	1322
1320	3007
1321	1323
1321	1847
1321	2178
1321	3496
1322	1323
1322	1904
1322	2306
1323	1325
1323	2261
1323	2294
1323	3427
1324	3093
1325	1326
1325	3012
1325	3599
1327	1328
1327	1329
1327	1754
1328	1330
1328	1611
1329	1330
1329	1331
1330	1331
1330	1332
1330	3026
1331	1333
1331	3599
1331	3669
1332	1334
1332	2886
1332	3801
1333	1334
1333	1335
1334	1855
1334	1971
1334	2100
1334	2977
1334	3077
1334	3287
1334	3787
1335	1528
1335	3869
1337	1338
1338	1339
1338	1670
1339	1341
1339	1857
1340	1341
1340	3214
1341	1343
1341	2245
1342	1343
1342	1630
1343	1344
1343	3945
1344	1345
1344	1346
1344	1599
1345	1346
1345	1347
1345	1367
1345	2190
1346	1348
1346	3404
1347	1348
1347	1349
1348	1350
1348	1379
1348	1577
1348	3126
1348	3862
1349	1351
1349	2606
1350	1352
1351	1353
1352	1353
1353	1354
1353	1355
1354	1356
1355	1357
1356	1357
1356	1358
1357	1358
1357	1359
1358	1359
1358	1360
1358	2206
1358	3229
1359	1361
1359	1758
1360	1361
1360	1362
1361	1363
1361	2961
1362	1363
1362	1364
1363	2743
1363	3792
1364	1365
1365	1366
1365	1504
1366	1368
1366	2460
1367	1369
1368	1369
1368	1370
1368	1744
1368	2026
1369	1370
1369	1371
1370	1371
1370	1372
1371	1372
1371	1373
1371	2287
1372	1374
1372	3408
1373	1375
1373	3521
1374	1375
1374	1376
1375	1376
1375	1377
1376	2340
1376	3632
1377	1378
1377	1930
1377	3453
1378	1379
1378	1448
1378	2266
1378	3228
1378	3482
1379	1380
1379	3613
1380	1381
1380	3913
1381	1382
1381	2859
1381	3420
1382	2061
1382	3825
1383	1385
1383	1662
1383	2634
1384	1385
1385	1386
1385	1387
1386	1387
1386	1388
1386	2880
1387	1388
1387	1389
1388	1389
1388	3826
1389	1390
1389	1391
1390	1391
1390	1392
1391	3297
1391	3847
1392	1394
1393	1394
1393	3524
1394	1395
1394	1396
1394	2512
1394	3180
1395	2523
1395	3130
1395	3697
1396	1398
1396	1598
1397	1587
1398	1399
1398	1400
1399	1400
1399	1401
1399	2593
1399	2783
1400	2673
1401	1403
1401	1762
1401	2148
1402	1403
1402	1404
1402	3632
1403	1745
1403	2468
1403	3562
1404	1405
1404	1406
1405	1407
1405	1862
1405	2539
1406	1407
1406	1408
1407	1408
1407	1409
1407	3513
1408	2054
1409	1411
1409	1626
1409	1675
1409	2175
1410	1411
1410	1412
1411	1412
1411	1413
1411	2863
1411	3431
1412	1414
1412	2114
1413	1414
1413	3404
1414	1415
1414	2455
1414	2928
1414	3596
1415	3727
1416	1417
1417	1712
1417	2945
1417	3736
1418	1419
1418	1420
1419	1420
1419	1421
1420	1421
1420	1422
1420	3505
1421	1422
1422	1423
1422	2645
1422	3505
1423	1424
1423	1425
1423	1598
1423	3750
1424	1425
1424	3233
1425	1427
1425	2170
1425	3713
1426	3738
1426	3744
1427	1429
1427	2767
1428	1430
1429	1430
1429	1900
1429	3576
1430	1431
1430	1432
1431	1432
1431	1433
1431	2017
1431	2532
1432	1434
1432	2889
1433	1434
1433	1435
1434	1435
1434	1436
1434	2245
1435	1437
1435	2407
1436	1437
1437	1471
1438	1439
1439	1440
1439	1982
1439	2001
1440	1441
1440	1442
1441	1442
1441	2719
1442	2773
1442	3149
1442	3564
1443	2543
1444	1445
1444	1446
1444	2672
1444	3464
1445	1446
1445	3714
1446	1447
1446	1448
1446	3033
1447	1448
1447	1449
1448	1449
1448	1450
1449	1814
1450	1452
1450	1492
1450	2599
1451	1452
1451	1453
1451	2322
1452	1833
1452	3512
1453	1651
1453	1884
1453	2624
1453	3422
1454	1455
1454	1456
1454	1512
1455	1456
1455	1786
1456	2977
1456	3117
1457	1458
1457	1459
1458	1459
1458	3076
1459	1460
1459	1461
1460	1461
1461	2297
1461	2391
1462	1463
1462	3701
1463	1465
1463	3093
1463	3646
1464	1465
1464	1466
1464	1797
1465	1466
1465	1467
1465	2799
1466	1467
1466	1468
1466	2797
1467	1468
1467	1469
1468	1469
1468	1470
1469	1470
1469	2117
1470	1471
1470	2084
1470	3561
1470	3652
1471	1472
1471	1473
1471	1986
1472	1473
1472	1778
1473	1949
1474	1475
1474	1508
1475	1477
1475	3266
1476	1477
1476	2864
1477	1479
1477	3874
1478	1479
1478	1480
1479	1481
1479	2023
1479	2359
1479	2954
1479	3189
1479	3519
1480	1481
1480	1482
1480	2128
1481	1482
1481	3552
1482	1484
1482	1609
1483	1484
1483	1485
1484	1486
1484	2520
1484	2623
1485	1487
1485	3125
1486	1487
1486	3188
1486	3298
1487	2005
1487	3480
1488	1489
1488	2185
1488	3598
1489	3311
1489	3585
1490	1492
1490	2793
1491	1493
1491	3208
1492	1493
1492	1494
1492	2397
1493	1495
1494	1495
1494	2305
1494	2874
1495	1496
1495	1497
1495	2281
1496	1497
1496	1498
1497	1498
1497	1499
1498	1499
1498	1500
1498	2591
1499	2578
1500	1501
1500	1502
1500	3508
1501	1502
1501	1503
1502	1503
1502	1919
1502	3674
1503	1504
1503	3028
1504	1505
1504	2530
1505	1506
1505	1507
1505	1946
1505	3225
1506	1507
1506	1508
1507	1508
1507	1509
1508	1509
1508	1510
1508	1923
1508	2506
1509	1510
1509	1511
1510	1511
1510	1512
1510	1774
1511	1512
1511	1513
1511	2501
1512	3647
1513	1514
1513	1515
1514	1515
1514	1516
1514	3423
1514	3630
1515	1516
1515	1517
1515	2869
1516	1517
1516	1941
1516	2960
1516	3914
1517	1518
1517	2323
1518	1519
1518	1909
1518	2884
1519	1520
1519	1521
1519	1899
1519	3762
1520	1521
1520	1522
1521	1522
1521	1523
1521	3477
1521	3661
1521	3921
1522	1523
1522	1524
1523	1525
1523	2620
1523	2709
1524	1525
1524	1810
1525	1526
1526	1527
1526	1528
1527	1528
1527	1529
1527	2969
1528	1529
1528	1904
1529	1530
1529	2903
1529	3684
1530	1531
1530	1532
1530	2898
1531	1533
1531	2350
1531	2884
1532	1533
1532	1534
1532	3257
1533	1534
1533	1535
1534	1536
1534	3064
1534	3318
1535	1536
1535	1537
1536	3481
1536	3570
1537	1538
1537	2872
1538	1539
1538	1540
1539	1540
1539	3493
1539	3678
1540	1541
1542	1543
1542	1962
1543	1544
1543	1545
1544	1546
1544	3762
1545	1546
1545	1547
1546	1548
1546	2400
1547	1548
1547	3011
1548	1550
1548	3852
1549	1550
1549	1551
1549	2642
1550	1551
1550	2844
1550	3647
1551	1552
1551	1553
1551	3547
1552	1553
1552	1554
1552	3584
1553	2346
1553	2731
1553	3843
1554	1555
1554	2687
1554	3275
1555	1929
1555	2936
1555	3233
1556	1557
1557	1559
1557	2155
1557	2311
1558	1559
1558	1560
1559	1561
1559	3223
1559	3411
1560	1561
1560	1562
1561	1563
1561	3996
1562	1563
1563	1565
1563	2855
1564	3233
1564	3323
1565	1566
1565	1567
1566	1567
1566	1568
1567	1569
1567	2585
1568	1569
1568	1601
1568	3305
1569	1571
1569	2417
1570	1572
1570	3761
1571	1572
1571	1573
1572	1574
1572	1636
1572	3740
1573	1575
1574	1576
1575	1576
1575	1577
1575	2713
1576	1577
1576	1578
1577	1591
1577	2159
1578	1579
1578	2521
1579	1580
1579	2579
1580	1582
1580	2017
1581	1583
1582	1583
1582	1584
1583	1585
1583	3038
1584	1585
1584	2414
1585	1586
1585	1587
1585	2053
1586	1587
1586	1700
1586	2329
1587	1588
1587	1589
1587	3026
1588	1589
1588	1590
1589	1590
1589	1591
1589	2221
1590	1591
1590	1592
1590	3446
1591	1593
1591	1666
1592	1594
1592	2063
1593	1594
1593	1822
1593	2275
1593	3213
1593	3735
1594	1595
1594	1596
1594	3195
1595	1597
1595	3990
1596	1597
1596	2424
1596	2755
1597	1598
1598	2767
1599	1601
1599	1907
1600	1601
1600	1602
1600	2721
1601	1603
1602	1604
1602	1905
1603	1605
1603	3884
1604	3090
1604	3870
1605	1607
1605	2124
1605	2401
1606	1607
1606	2560
1607	2121
1607	3399
1608	2254
1609	1610
1609	1816
1609	3210
1610	1611
1610	1612
1611	3190
1611	3281
1611	3722
1612	1613
1612	1614
1612	2214
1613	1614
1613	2011
1613	3976
1614	1616
1614	2048
1614	2231
1615	1617
1615	1798
1615	2006
1616	1617
1616	3772
1617	1618
1617	1619
1618	1619
1618	1620
1618	2284
1619	1620
1619	2038
1620	1621
1620	1622
1620	2818
1621	1623
1621	3673
1622	1624
1622	2071
1623	1624
1623	1926
1624	1626
1624	1812
1624	3942
1625	1882
1625	3949
1626	1628
1626	2729
1627	1628
1627	1629
1627	2611
1628	1629
1628	1630
1628	3480
1629	1630
1630	1631
1631	1632
1631	1633
1632	1634
1632	2421
1633	1635
1633	2454
1633	3220
1633	3951
1634	1635
1634	1636
1635	1636
1635	1637
1636	1637
1636	1638
1637	1638
1637	3135
1637	3550
1638	1640
1639	1919
1639	2276
1639	2403
1639	3124
1639	3860
1640	2111
1640	3963
1641	1642
1642	1644
1642	1792
1642	2149
1643	1644
1643	2984
1644	1645
1644	1646
1645	1646
1645	1940
1646	1647
1646	1648
1647	1649
1647	2569
1648	1649
1648	1894
1648	2005
1648	3279
1649	1650
1649	3628
1649	3787
1650	2069
1650	2984
1651	1653
1652	1653
1653	1655
1653	1746
1654	1656
1655	1656
1656	1657
1656	1658
1657	1659
1657	3164
1657	3399
1658	3303
1659	1660
1659	2798
1659	3234
1660	1662
1660	3771
1661	1662
1661	1663
1661	2365
1662	1663
1663	1665
1664	1665
1664	1666
1664	2784
1665	1666
1665	3740
1666	1668
1667	1668
1667	1669
1668	1669
1668	1670
1668	3796
1668	3924
1669	1670
1669	3211
1671	1672
1671	3619
1672	1673
1672	1674
1673	1675
1673	3098
1674	2715
1674	3936
1675	2388
1675	2763
1675	3708
1676	1677
1676	1678
1677	1679
1678	1679
1678	1680
1679	1681
1679	1963
1679	2288
1679	2443
1680	1682
1680	2083
1680	2417
1681	1682
1681	3082
1682	1683
1682	1684
1683	1684
1683	1685
1683	2064
1684	1685
1684	1686
1685	1686
1685	1687
1686	1687
1686	1688
1686	3730
1687	1688
1687	1689
1687	1985
1688	1689
1688	1690
1688	2958
1689	1690
1689	3041
1690	1691
1690	1692
1691	3282
1691	3671
1692	1694
1692	2552
1693	1695
1694	2259
1695	1697
1695	3662
1696	1697
1696	1698
1697	1763
1698	1699
1698	1700
1699	1700
1699	1701
1700	1701
1700	1702
1700	2942
1702	1704
1702	2855
1703	1704
1703	3716
1704	1705
1704	1706
1705	1706
1705	1707
1706	1707
1706	2481
1707	1708
1707	1709
1707	3466
1708	1709
1708	1710
1709	3185
1710	1711
1711	1712
1711	3961
1712	1713
1712	2881
1713	1715
1714	1715
1714	1716
1715	1716
1715	1717
1716	1718
1716	2552
1717	1718
1717	1719
1717	2804
1718	1720
1718	3385
1719	1720
1719	1721
1720	1721
1721	1722
1721	1723
1721	3580
1722	1723
1722	1724
1723	1724
1723	1725
1723	2753
1723	2757
1724	1725
1724	3316
1725	1726
1725	1727
1726	1727
1726	1728
1726	3423
1727	1740
1727	3824
1728	1729
1728	1730
1729	1730
1729	1731
1730	1732
1731	1732
1731	1754
1732	3109
1732	3127
1733	1734
1734	1735
1734	1736
1734	2895
1734	3210
1735	1736
1735	1737
1736	1737
1736	1738
1737	1739
1737	3686
1738	1739
1738	2473
1738	3855
1739	1741
1739	2332
1739	2873
1740	1741
1740	1742
1741	1742
1741	1743
1742	1743
1742	1744
1742	2141
1743	1744
1743	3387
1744	1745
1744	2515
1744	2988
1745	1747
1746	2912
1747	1749
1747	1848
1747	2521
1748	1749
1748	1751
1748	2319
1748	3708
1749	1751
1750	1751
1750	1752
1750	3256
1751	2388
1751	3044
1752	1754
1752	2588
1753	1755
1753	2632
1754	1756
1754	3103
1755	1989
1755	2238
1756	1757
1756	1758
1757	1758
1757	2369
1758	1759
1758	2932
1759	1761
1759	3126
1760	1761
1760	1762
1761	1762
1761	1763
1761	2480
1761	3315
1762	1763
1762	2531
1762	3445
1763	1764
1763	1765
1763	2120
1764	1765
1764	1766
1764	3745
1765	1766
1765	1767
1766	1767
1766	1768
1767	1769
1767	2414
1768	1769
1768	1770
1769	2170
1769	3598
1770	1771
1770	3357
1770	3473
1770	3652
1771	1772
1771	2362
1772	1774
1772	1837
1772	4000
1773	1774
1773	1775
1774	2829
1774	3824
1775	1776
1775	3486
1776	1777
1776	1778
1776	2089
1777	1778
1777	1779
1778	1853
1778	2692
1779	1780
1779	1781
1780	1781
1780	1782
1780	3606
1781	1783
1781	3157
1782	1783
1782	2978
1782	3792
1783	1873
1783	2019
1783	2261
1783	2987
1783	3668
1784	1785
1784	1786
1785	1786
1785	1787
1785	3804
1786	1787
1786	3139
1786	3734
1787	1996
1787	2947
1788	1790
1788	2016
1789	1790
1789	1791
1790	1791
1790	2476
1791	1792
1791	1793
1791	2738
1791	3358
1793	1794
1793	1795
1794	1795
1794	1796
1794	2356
1795	1796
1795	1797
1796	1797
1796	2931
1796	3348
1797	2510
1797	3813
1798	2166
1799	1800
1799	1801
1799	2242
1800	1802
1800	3751
1801	1803
1801	1852
1801	3249
1802	1803
1802	1804
1803	1804
1803	1830
1803	3604
1804	2894
1804	2915
1805	3698
1805	3928
1806	1807
1806	3719
1807	1808
1807	1809
1808	1809
1808	1810
1809	1810
1809	2571
1810	2767
1810	3405
1811	1812
1811	2301
1811	3073
1812	1813
1812	1814
1813	1814
1813	2791
1814	3131
1814	3896
1815	1816
1815	1817
1816	2374
1817	1818
1817	1819
1818	2507
1818	3357
1818	3838
1818	3883
1819	1820
1820	1821
1820	1822
1820	3987
1821	1823
1822	1852
1823	1824
1824	1826
1825	3974
1826	1827
1827	1829
1827	3093
1827	3147
1828	1829
1828	1830
1828	3121
1829	1831
1829	3444
1830	1831
1830	3359
1830	3988
1831	1832
1831	2515
1831	3894
1832	1834
1833	1834
1833	2051
1834	1835
1834	3049
1834	3525
1835	1836
1835	1837
1836	1838
1836	3566
1837	1838
1838	2354
1838	2881
1838	3189
1839	1840
1839	1841
1840	1841
1840	3564
1841	2292
1842	1843
1842	2574
1843	1845
1843	3248
1844	2525
1845	1846
1845	1847
1846	2319
1847	3714
1848	1849
1848	3558
1849	1850
1849	1851
1850	1851
1850	1852
1851	1853
1851	2129
1852	2241
1852	3398
1853	1884
1854	1856
1854	3105
1854	3937
1855	1856
1856	1857
1856	1858
1857	1858
1857	1859
1858	1859
1858	3126
1859	1861
1859	3718
1860	1861
1860	2608
1860	3597
1861	1862
1861	1863
1862	1863
1862	2304
1862	2491
1863	1865
1863	3268
1864	1865
1864	1866
1865	3680
1865	3943
1866	1867
1866	2994
1867	1868
1867	1869
1868	1870
1868	3271
1869	1871
1869	3092
1870	1871
1870	2648
1870	2847
1870	3025
1871	1873
1871	3796
1871	3948
1872	1873
1872	1874
1872	2024
1873	1874
1874	1875
1874	1876
1875	1876
1875	1877
1876	1877
1876	1878
1877	1878
1877	1879
1878	3726
1879	1880
1879	1881
1880	1881
1880	1882
1881	1882
1881	1883
1881	2150
1881	3064
1882	1883
1882	1884
1883	1885
1883	2459
1883	3811
1884	1885
1885	1886
1885	1887
1886	1888
1887	1888
1887	1889
1888	1889
1888	1978
1889	1890
1889	1891
1890	1891
1890	2969
1891	1893
1891	2536
1892	1894
1892	3296
1893	1894
1893	1895
1894	1896
1894	3221
1895	1896
1895	2415
1896	1897
1896	1898
1896	2700
1897	3358
1898	1899
1898	2698
1898	3742
1899	1900
1899	3442
1900	1901
1900	1902
1901	1903
1902	1904
1902	2029
1903	1904
1903	1905
1903	3703
1904	3022
1905	2444
1906	1908
1906	3104
1906	3473
1907	2603
1908	2667
1909	2894
1909	3653
1910	1911
1910	1912
1910	2802
1911	1912
1911	2373
1911	2540
1912	1914
1912	3580
1913	1914
1914	1915
1914	2701
1915	1917
1916	1917
1918	1920
1918	1980
1919	1921
1919	2721
1920	1922
1920	3301
1921	1923
1921	3756
1922	1923
1922	2778
1922	2787
1923	1925
1924	1926
1924	2168
1924	3207
1925	1926
1926	1927
1926	1928
1927	1928
1927	1929
1928	3018
1928	3725
1929	3878
1930	1931
1930	1996
1931	1933
1931	3917
1932	1933
1932	1934
1933	1934
1933	1935
1934	1936
1935	1936
1935	1937
1936	1938
1937	1938
1937	1939
1938	1939
1938	1940
1939	1940
1939	3634
1939	3947
1940	1941
1942	1944
1942	3210
1943	1944
1943	1945
1943	2075
1944	1945
1944	1946
1945	1946
1945	1947
1946	1947
1946	2512
1946	3867
1947	3087
1947	3994
1948	1950
1948	3393
1949	1950
1949	1951
1949	3911
1950	1951
1950	1952
1951	2718
1952	1953
1952	1954
1953	1954
1953	1955
1953	3186
1954	2612
1954	2891
1954	3482
1955	2431
1955	2977
1956	1958
1957	2788
1958	1959
1958	1960
1959	1960
1959	2682
1960	1961
1960	3150
1961	3939
1962	1963
1962	1964
1964	1965
1964	1966
1965	1966
1965	2295
1966	1968
1966	3578
1967	2543
1967	3201
1968	1969
1968	1970
1969	1970
1969	1971
1970	1971
1970	1972
1971	1973
1972	2818
1973	1975
1973	2803
1973	3637
1974	1975
1974	1976
1975	1976
1975	1977
1976	2694
1976	3092
1977	1978
1977	1979
1977	2794
1978	1979
1978	1980
1979	1980
1979	1981
1981	1982
1981	3171
1982	1983
1983	1984
1983	1985
1983	3075
1985	2392
1985	3461
1986	1987
1987	1988
1987	2058
1987	2799
1988	1989
1988	1990
1990	1991
1990	3468
1991	1992
1991	3810
1992	1993
1992	1994
1993	1994
1993	1995
1994	1995
1994	2640
1995	1996
1996	1997
1996	2860
1996	3127
1996	3302
1996	3823
1997	1998
1997	1999
1998	1999
1998	2000
1999	2000
1999	3002
2000	2001
2000	3082
2001	2002
2002	2003
2002	2004
2002	3549
2003	2005
2003	2236
2004	2005
2004	2006
2005	2006
2005	2007
2006	3958
2007	2009
2008	2009
2008	2010
2008	3711
2009	2010
2009	2011
2009	2838
2010	2011
2010	2012
2010	3941
2011	2013
2011	2456
2011	3309
2012	2224
2012	2475
2012	2846
2012	3072
2013	2014
2014	2015
2015	2016
2015	2017
2016	2017
2016	2018
2017	3596
2018	2019
2018	2020
2019	2021
2020	2021
2020	2022
2021	2023
2021	3489
2022	2023
2022	2024
2023	3422
2024	2025
2025	2027
2025	2507
2026	2028
2027	2028
2027	2098
2028	2029
2028	2030
2029	2030
2029	2031
2030	2031
2030	2032
2030	3292
2031	2033
2031	2465
2032	2033
2032	2034
2033	2034
2034	2035
2034	2036
2036	2037
2036	2038
2037	2038
2037	2039
2037	3137
2037	3497
2038	2039
2039	2040
2039	2041
2039	2741
2040	2041
2040	2042
2041	2042
2041	2043
2042	2043
2042	2044
2043	2045
2043	3136
2043	3774
2044	2679
2045	2046
2045	2047
2045	3355
2046	3447
2047	2048
2047	2223
2047	2325
2048	2049
2049	2050
2049	2051
2050	2052
2051	3976
2052	2053
2052	2054
2054	2056
2054	3651
2055	2056
2055	3742
2055	3791
2056	2057
2056	3374
2057	2058
2057	3768
2058	2060
2059	2060
2059	2061
2060	2061
2060	2062
2061	2062
2061	2063
2062	2064
2062	3551
2063	2064
2063	2065
2064	3772
2065	2066
2065	3724
2066	2068
2066	2240
2067	2069
2067	3486
2068	2069
2068	2400
2069	2070
2069	2071
2069	3205
2070	2072
2070	3628
2071	3079
2071	3263
2072	2074
2072	2425
2072	2941
2073	2074
2073	3698
2074	2075
2074	2076
2075	2077
2076	2078
2076	2552
2077	2079
2077	2956
2078	2079
2079	2080
2079	2081
2079	3111
2080	2081
2080	2551
2081	2082
2081	2083
2081	3322
2082	2850
2082	3606
2082	3821
2083	2085
2083	3303
2084	2086
2084	2792
2084	3559
2086	2087
2086	2088
2086	2907
2087	2088
2087	2089
2088	2089
2088	2314
2089	2315
2090	2091
2090	2092
2091	2093
2091	3352
2092	2093
2092	3927
2093	3119
2093	3484
2094	2095
2094	2096
2095	2096
2095	3797
2096	2097
2096	2098
2097	2099
2097	2789
2098	2433
2098	3629
2099	2101
2099	3849
2101	2102
2101	2103
2102	2103
2102	3908
2102	3939
2103	2104
2103	2105
2104	2105
2104	2106
2105	2106
2105	2107
2105	2328
2106	2108
2106	2303
2107	2108
2107	2109
2108	2109
2108	2110
2109	2110
2110	2111
2110	2723
2111	2500
2112	2113
2112	2114
2112	2834
2112	3226
2113	2115
2113	3386
2115	2116
2115	2117
2115	3282
2116	2117
2116	2118
2117	2118
2117	2119
2117	2314
2118	2119
2118	2120
2118	3128
2119	2121
2120	2121
2120	2143
2121	2122
2122	2123
2122	2124
2123	2125
2123	2434
2124	2126
2125	2126
2125	2127
2126	2127
2127	3106
2127	3367
2128	3919
2129	2130
2129	2131
2129	2714
2130	2131
2130	2132
2131	2132
2131	2133
2131	2327
2132	2133
2132	2134
2133	3254
2134	2998
2134	3252
2135	2136
2135	2137
2136	2138
2136	3112
2137	2138
2137	3850
2138	2139
2138	2140
2139	2141
2139	3331
2139	3430
2140	2945
2141	2143
2142	2938
2142	3844
2143	3942
2144	2145
2144	3053
2145	2147
2146	2148
2146	2974
2147	2148
2147	2319
2147	3109
2149	2151
2149	2531
2151	2152
2151	2867
2152	2153
2152	2526
2153	2155
2153	2323
2153	3852
2153	3902
2154	2156
2154	3151
2155	2156
2156	2157
2156	2158
2157	2158
2157	2159
2158	2159
2158	2160
2159	2160
2160	2304
2160	2455
2160	3830
2161	2162
2161	2163
2163	2164
2163	2165
2163	3480
2164	2165
2164	2166
2165	2167
2165	3919
2166	2167
2166	2168
2167	2169
2167	2900
2168	2912
2169	2170
2169	2624
2170	2171
2170	3234
2171	2172
2171	2173
2172	2174
2172	3984
2173	2174
2173	2175
2174	2344
2174	3419
2174	3594
2175	2176
2176	2819
2176	3484
2177	2179
2178	3107
2179	2180
2180	2182
2181	2182
2181	3109
2182	2729
2182	3889
2183	2185
2184	2185
2184	2186
2185	2187
2186	2187
2186	3016
2187	2188
2187	2476
2187	3004
2188	2189
2188	2190
2189	2190
2189	2191
2190	2192
2191	2192
2191	2193
2192	2193
2192	2194
2193	2195
2193	2978
2193	3202
2194	2195
2194	2723
2195	2196
2195	2197
2196	2197
2196	2198
2197	2198
2197	3340
2198	2294
2198	2785
2199	2201
2200	2201
2200	2202
2200	2884
2201	2203
2201	3095
2202	2203
2202	2204
2202	3465
2202	3615
2203	2204
2203	2259
2203	2455
2204	2205
2204	3953
2205	2206
2205	2560
2206	2207
2207	3459
2208	2210
2208	2770
2208	3768
2209	3155
2209	3387
2210	3327
2211	2212
2211	2963
2213	2214
2213	2215
2214	2216
2215	2216
2215	3653
2216	2217
2216	2218
2218	2220
2218	2605
2219	2221
2219	3615
2220	2221
2221	2223
2222	2223
2222	3555
2223	2224
2224	2225
2224	2817
2225	2226
2225	2281
2226	2227
2227	2228
2227	2229
2228	2229
2228	2230
2229	2230
2229	2231
2230	2231
2230	2232
2231	2232
2232	2233
2232	2234
2233	2234
2233	3204
2234	2235
2235	2236
2235	2237
2237	2239
2237	3424
2238	2239
2238	2240
2238	3659
2239	2241
2239	3270
2240	2241
2240	2722
2240	2805
2241	2242
2241	2243
2242	2244
2242	2432
2243	2918
2244	2245
2244	2246
2246	2247
2246	2248
2246	2409
2246	2529
2247	2248
2247	2417
2247	3839
2248	2249
2248	3110
2249	2250
2249	2251
2250	2251
2250	2252
2250	3645
2251	2252
2251	3146
2252	2253
2252	2773
2253	2254
2253	2255
2254	2256
2254	2383
2254	2396
2255	2256
2255	2257
2256	2258
2257	2258
2257	2259
2257	3169
2258	2259
2258	2260
2258	3515
2258	3715
2259	2261
2260	2262
2260	2808
2261	2263
2261	3732
2262	2263
2262	2264
2262	3967
2263	2265
2264	2265
2264	2266
2265	2267
2265	2431
2265	2489
2266	2267
2266	2363
2266	3232
2266	3522
2267	2269
2267	2899
2268	2269
2268	2270
2269	2270
2269	3280
2270	2720
2270	2999
2270	3507
2271	2272
2271	2273
2272	2273
2272	2274
2273	2274
2273	3631
2274	2932
2274	3298
2275	3867
2276	2277
2276	2278
2277	2278
2277	2279
2278	2279
2278	2280
2279	2280
2279	2281
2280	3875
2280	3969
2281	2283
2282	2284
2283	2285
2283	2585
2284	2286
2284	3031
2285	2286
2285	2951
2285	3229
2286	2287
2286	2625
2287	2288
2288	2290
2289	2290
2289	2291
2290	2291
2291	2292
2291	2293
2292	2293
2292	2294
2293	2294
2293	2295
2295	2296
2295	2798
2296	2297
2296	2378
2296	3258
2297	2298
2297	3272
2297	3736
2298	2299
2298	3370
2299	2300
2300	2301
2300	3537
2301	2303
2302	2303
2302	2304
2302	2495
2303	2305
2303	2844
2303	3273
2303	3935
2304	2306
2305	2517
2306	2308
2307	2308
2307	3630
2308	2310
2309	2310
2309	2311
2310	2311
2310	2312
2311	2312
2312	2313
2312	2657
2312	3607
2313	2315
2313	2827
2313	2942
2314	2315
2315	2316
2316	2317
2316	2318
2316	2569
2317	2318
2317	2719
2318	2319
2318	2320
2318	3360
2318	3495
2319	2321
2320	2322
2320	2412
2320	2506
2321	2890
2322	2324
2324	2326
2324	2477
2325	2830
2326	2522
2326	2727
2327	3288
2328	2330
2329	2331
2329	3859
2330	2331
2330	2332
2331	2332
2331	2333
2332	2333
2332	3406
2333	2335
2333	3747
2334	2335
2334	2336
2335	2337
2335	3993
2336	2337
2337	2338
2337	2339
2338	2339
2338	2340
2339	2341
2339	3688
2340	2341
2340	2342
2341	2343
2342	2343
2342	2344
2342	3063
2343	2344
2343	2345
2344	2742
2345	2347
2345	3724
2346	2347
2347	2348
2347	2837
2348	2994
2349	2350
2349	3375
2350	3883
2351	2352
2351	2353
2352	2353
2352	2354
2353	2354
2353	2355
2354	2355
2354	3720
2355	2356
2356	2357
2357	2358
2357	2359
2357	2554
2358	2359
2358	2360
2358	3864
2359	2361
2360	2362
2361	2362
2362	2363
2364	2365
2364	2366
2365	2366
2366	2367
2366	2368
2367	2368
2368	2396
2369	2370
2369	2371
2370	2797
2371	2373
2371	3263
2372	2373
2372	2374
2373	2375
2373	2902
2373	3099
2374	2376
2374	3506
2375	3092
2376	2378
2376	3589
2377	2379
2377	3308
2378	2379
2379	2381
2379	3889
2380	2381
2380	2382
2381	2383
2382	2411
2382	2722
2383	2472
2384	2385
2385	2402
2386	2387
2386	2388
2386	2615
2387	2389
2388	2389
2388	3037
2389	3187
2390	2391
2390	2392
2390	2785
2391	2392
2392	2393
2392	3517
2393	2394
2393	2395
2393	3966
2394	2395
2394	3756
2394	3964
2395	2397
2397	2988
2398	2399
2398	2400
2398	2749
2398	3700
2399	2401
2399	2602
2400	2401
2401	2403
2401	3999
2402	2404
2402	3700
2404	2406
2404	3143
2405	3696
2405	3959
2406	2408
2406	3009
2407	2409
2407	2551
2408	2409
2408	3227
2408	3673
2410	2411
2410	2412
2410	2617
2411	2412
2411	2413
2411	3051
2412	2414
2412	3781
2412	3946
2413	2415
2413	3181
2414	2415
2414	3660
2415	2416
2415	2417
2416	2417
2416	2824
2417	2418
2418	3147
2418	3370
2419	2420
2419	2421
2420	2421
2420	2422
2421	3165
2422	2423
2422	3756
2423	2425
2423	2824
2423	3502
2425	2426
2425	2427
2426	2428
2427	2428
2427	2429
2428	3183
2428	3626
2429	2431
2429	3309
2430	2432
2431	3019
2431	3672
2431	3679
2432	2433
2432	3612
2433	2434
2433	2435
2434	2436
2434	3651
2435	2436
2435	2437
2435	2542
2436	2438
2436	2489
2436	3379
2437	2439
2437	3163
2437	3740
2438	2816
2438	3049
2439	2440
2439	2441
2440	2441
2440	2442
2441	2442
2441	2443
2442	2444
2444	2445
2444	2446
2445	2446
2445	2447
2445	2815
2446	2447
2447	2448
2447	3181
2448	2449
2448	3020
2449	2451
2449	3652
2450	2452
2450	2538
2450	2577
2451	2452
2451	2453
2451	2561
2452	2453
2452	2454
2453	2455
2453	3957
2454	2456
2455	2604
2455	2845
2455	3219
2456	2458
2457	2458
2457	3350
2458	2459
2458	2460
2460	2461
2460	2462
2461	2462
2462	2463
2462	2464
2462	2954
2462	3969
2463	2464
2463	2465
2464	2465
2464	2466
2466	2468
2466	3733
2466	3756
2467	2468
2467	2469
2468	2469
2468	2470
2469	2470
2469	2471
2470	2472
2471	2472
2471	2473
2471	2570
2472	2473
2472	2474
2472	2574
2473	3666
2474	2475
2474	2476
2475	2476
2475	3022
2475	3156
2476	2478
2476	2906
2477	2478
2477	2479
2478	2479
2478	2480
2479	2480
2479	2481
2480	2481
2481	2483
2481	3506
2482	2832
2483	2484
2483	2485
2484	2485
2485	2486
2486	2487
2486	2488
2487	2489
2488	2489
2488	2490
2489	2491
2490	2491
2490	2492
2491	3953
2492	2494
2493	2494
2493	2495
2494	2495
2494	2496
2494	3100
2495	2497
2495	3681
2495	3814
2496	2497
2496	3489
2497	2498
2497	2499
2498	2499
2498	3792
2499	2500
2499	2501
2500	2501
2500	2502
2501	2503
2501	2633
2501	3103
2501	3798
2502	2503
2502	2750
2503	2505
2503	2600
2504	2505
2504	2506
2504	3754
2505	2507
2505	3565
2506	3926
2507	2508
2507	2832
2508	2509
2508	2510
2509	2510
2509	2511
2509	2893
2510	2511
2511	2512
2511	2513
2513	2514
2513	2515
2514	2515
2514	2516
2515	2516
2516	2517
2516	2550
2517	2518
2517	2519
2517	3522
2517	3755
2518	2519
2518	2520
2519	2521
2520	2521
2520	2522
2520	3933
2521	3639
2522	2523
2523	2524
2524	2525
2524	2526
2524	2919
2525	2526
2526	2527
2526	2528
2527	2528
2527	3315
2528	2529
2528	2530
2528	3576
2529	2530
2529	2593
2529	2842
2530	2531
2530	2532
2531	2532
2531	3676
2532	2534
2533	2534
2534	2535
2535	2536
2535	2537
2536	2538
2536	2708
2537	2538
2537	3938
2538	2540
2538	3329
2539	2540
2540	2542
2541	2542
2541	2543
2542	2544
2543	2544
2543	2545
2543	3100
2544	2545
2544	2546
2545	2547
2545	3446
2546	2548
2547	2548
2547	2549
2548	2549
2548	2550
2548	3304
2549	2550
2549	2551
2549	3567
2550	2551
2550	3680
2551	2553
2551	3157
2551	3924
2552	2554
2553	2555
2553	2577
2554	2556
2555	2556
2555	2557
2555	3216
2556	2558
2556	2730
2556	3439
2557	2558
2557	2559
2558	2559
2558	3680
2559	2560
2559	2561
2559	3780
2560	2561
2560	3300
2561	2563
2561	2872
2561	3921
2562	2563
2562	2564
2563	2565
2564	2565
2564	2566
2565	2566
2566	2567
2566	2568
2567	2568
2567	2945
2568	2569
2571	2572
2571	2573
2572	2573
2572	2574
2573	2574
2573	2575
2573	2973
2575	2576
2575	2577
2576	2577
2576	2578
2577	2578
2577	2579
2578	2580
2578	3260
2578	3926
2579	2581
2579	3359
2580	2581
2580	2582
2581	2583
2582	2583
2582	2584
2583	2584
2584	3613
2585	2586
2585	3689
2586	2588
2587	2588
2587	2589
2588	2589
2588	2590
2589	2590
2589	2591
2590	2591
2590	2592
2591	2593
2592	2593
2592	2594
2594	2595
2595	2596
2596	3596
2597	2884
2598	2600
2598	3085
2600	2601
2600	2602
2601	2602
2601	2603
2601	2944
2602	2604
2603	3247
2605	2607
2605	3406
2606	2607
2607	2608
2608	2610
2608	3608
2609	2611
2609	3369
2610	2611
2610	2612
2611	2613
2612	2613
2613	2615
2614	2615
2614	2616
2615	3850
2616	2618
2616	2859
2617	2618
2617	2895
2618	2619
2618	3071
2618	3626
2619	2620
2619	2621
2620	2621
2621	2622
2621	2623
2622	2623
2622	3046
2623	2625
2623	3681
2624	2625
2624	2626
2625	2627
2626	2627
2626	2628
2627	2628
2627	2629
2627	3112
2628	2630
2628	3491
2629	2630
2629	2631
2630	2631
2630	2632
2631	2632
2631	2633
2632	3935
2633	2634
2634	2635
2634	2636
2635	2636
2635	2820
2636	2638
2636	2852
2637	2638
2638	2639
2638	2640
2639	2640
2639	2641
2640	2641
2640	2642
2641	2642
2641	2643
2642	2644
2643	2644
2643	3995
2644	2646
2644	2904
2645	2646
2645	2647
2646	2647
2646	3569
2647	2649
2647	2699
2647	3867
2648	2649
2649	2650
2649	2651
2650	2651
2650	2652
2650	3788
2651	2653
2652	2653
2652	2654
2653	2654
2654	2656
2655	2657
2656	2658
2656	2930
2656	3550
2656	3666
2657	2659
2657	3051
2658	2659
2659	2661
2660	2661
2660	2662
2661	2663
2661	3134
2662	2663
2662	2664
2662	3854
2663	2664
2663	2665
2664	2665
2664	2666
2665	2667
2665	3192
2665	3421
2666	2668
2667	3385
2668	2670
2668	3674
2669	2671
2669	3112
2669	3997
2670	2671
2670	2704
2671	2672
2671	2743
2673	2674
2673	2675
2674	2675
2674	2676
2674	3070
2675	2676
2675	2677
2675	3454
2676	2677
2676	2678
2677	2678
2677	2679
2678	2679
2678	2680
2679	2680
2680	2682
2680	3466
2681	2682
2682	2684
2683	2684
2683	2685
2683	3274
2684	2685
2684	2686
2685	3800
2686	2687
2688	3444
2688	3927
2689	2690
2689	2691
2690	2691
2690	3538
2691	2692
2691	2693
2692	2694
2693	2695
2693	3149
2694	2696
2695	2696
2695	2697
2696	2697
2696	2698
2696	3324
2697	2698
2697	2699
2697	2705
2697	3916
2698	2699
2699	2700
2700	2702
2701	2702
2701	3959
2702	2703
2703	2704
2703	2705
2703	2948
2704	2705
2704	2706
2705	2707
2706	2708
2706	3167
2707	2708
2707	2800
2707	2840
2708	2709
2708	2710
2709	2711
2709	3734
2710	2711
2711	2713
2711	3188
2712	2713
2712	2714
2713	2714
2716	2717
2716	2718
2717	2718
2717	3067
2718	2959
2720	2722
2721	3836
2722	2723
2722	2724
2723	2724
2723	3285
2724	2725
2724	2726
2725	2727
2725	2960
2726	2728
2726	3897
2727	2728
2727	2729
2727	2845
2728	2729
2728	2730
2728	3818
2730	2732
2731	2732
2732	2733
2732	2734
2733	2734
2734	2735
2734	2839
2735	2737
2735	2824
2736	2737
2736	3351
2737	2738
2737	2739
2738	2739
2739	2740
2739	2741
2740	2741
2740	2742
2741	2998
2743	2744
2743	2745
2744	2745
2744	2746
2745	2746
2745	2747
2745	3599
2746	2747
2746	2829
2747	2748
2747	2998
2748	2749
2748	2750
2749	2750
2750	2751
2750	3274
2750	3487
2751	2753
2751	3285
2752	2754
2752	3157
2754	2756
2755	2756
2755	2757
2756	2757
2756	2758
2757	2758
2757	2899
2758	2759
2758	2760
2758	3602
2760	2762
2760	2884
2761	2762
2761	3619
2762	2764
2762	3747
2763	2764
2763	2765
2763	2971
2764	2765
2764	2766
2764	3166
2765	2767
2765	3452
2765	3666
2766	2768
2766	3472
2768	2769
2768	2770
2769	2771
2770	2771
2771	2772
2771	2773
2772	2773
2772	2774
2773	2775
2774	2775
2774	2776
2775	2776
2775	2777
2775	3743
2776	2777
2776	2778
2777	2778
2777	2779
2778	2779
2778	3411
2779	2780
2780	2781
2780	2782
2780	3750
2781	2782
2781	2959
2782	2783
2782	3904
2784	3952
2785	2787
2786	2788
2787	2788
2787	3534
2788	2790
2788	3993
2789	2790
2790	2791
2790	2792
2790	2875
2791	2860
2791	3076
2791	3162
2792	2793
2792	2947
2792	3709
2793	2794
2793	2795
2794	2795
2795	2796
2795	3698
2796	2797
2796	2798
2797	3142
2798	2848
2799	2800
2800	2802
2801	2802
2801	2803
2803	2804
2803	3126
2804	2806
2804	3038
2805	3585
2806	2807
2806	3037
2807	2808
2807	2809
2807	2909
2808	2810
2809	2810
2809	2811
2810	2812
2810	2818
2811	2812
2811	2813
2812	2813
2812	2814
2813	2814
2813	3377
2814	2815
2816	2817
2816	2818
2817	3410
2818	3956
2819	2821
2820	2821
2820	2822
2821	2822
2821	2823
2822	2823
2822	2824
2823	2824
2823	2825
2823	3203
2823	3224
2823	3949
2824	2825
2825	2826
2825	2827
2826	2827
2826	2828
2827	3380
2828	2834
2828	3421
2828	3812
2829	2830
2830	2831
2830	2832
2831	2832
2831	2833
2831	3586
2832	3367
2833	2834
2833	2835
2833	3393
2833	3816
2834	2836
2835	2836
2835	2837
2836	2837
2836	2838
2837	2852
2838	2839
2839	2841
2839	3723
2840	2841
2840	2842
2841	2843
2843	2844
2843	2845
2844	2846
2846	3191
2846	3197
2847	3196
2847	3461
2848	2850
2849	2851
2849	3511
2849	3943
2850	2851
2850	2852
2851	3531
2851	3608
2853	2855
2854	2855
2855	2856
2855	2857
2856	2857
2856	2858
2857	2859
2857	3858
2858	2859
2858	2860
2859	2860
2859	3631
2860	2861
2861	2862
2861	2863
2862	2864
2863	2864
2864	2865
2864	2866
2865	2866
2865	2968
2865	3077
2866	2867
2867	2868
2867	3394
2868	2869
2868	2870
2869	2870
2870	2871
2870	2872
2871	2872
2871	3474
2872	3708
2873	2875
2874	2875
2874	2876
2874	3361
2875	2877
2877	2879
2877	2981
2877	3145
2877	3624
2878	2879
2878	2880
2879	2880
2879	2881
2880	2882
2881	2883
2882	2883
2882	3086
2883	2884
2883	2885
2886	3859
2887	2889
2887	3108
2887	3353
2888	2889
2888	2890
2888	3905
2889	2890
2890	2891
2890	2892
2890	3707
2891	2893
2891	3006
2892	2894
2892	3381
2893	2895
2893	3639
2894	2896
2894	3614
2896	2898
2897	2898
2897	2899
2898	2899
2899	2901
2900	2901
2900	3218
2901	2903
2901	3723
2902	2904
2903	2904
2903	3894
2904	2905
2904	2906
2905	2906
2905	2907
2905	3725
2906	2908
2907	3419
2907	3661
2908	2910
2908	2912
2909	2910
2910	2911
2911	2912
2912	2913
2913	2914
2913	2915
2914	2916
2914	3646
2915	2916
2915	3685
2915	3834
2916	2918
2916	3423
2917	2918
2917	2919
2917	3728
2918	2919
2919	2921
2920	2922
2921	2923
2921	3234
2923	2924
2923	2925
2924	2925
2925	2926
2925	2927
2925	2935
2926	2927
2926	3510
2927	2928
2927	2929
2928	2930
2928	3062
2929	2930
2929	2931
2929	3332
2930	2931
2930	3199
2931	2933
2932	3241
2933	2935
2934	2935
2934	2936
2936	2937
2936	2938
2937	2938
2937	2939
2938	2939
2938	2940
2939	2940
2939	2941
2940	2942
2941	2942
2941	3382
2941	3494
2941	3682
2942	2944
2943	2944
2943	2945
2943	3687
2946	2947
2946	2948
2946	3790
2947	2949
2947	3969
2948	2949
2949	2950
2949	2951
2950	2951
2950	3376
2950	3815
2951	2952
2951	3663
2951	3959
2952	2953
2953	2954
2953	3011
2955	2956
2955	2957
2955	3101
2956	2957
2956	2958
2957	2959
2957	3532
2958	2960
2958	3685
2959	2961
2959	3147
2961	2962
2961	2963
2962	2964
2962	3034
2963	2965
2964	2965
2964	2966
2965	2967
2966	2968
2967	3971
2968	3191
2970	2971
2970	2972
2971	2972
2972	2973
2973	2975
2974	2976
2975	2976
2976	2978
2978	2979
2978	2980
2978	3705
2979	2980
2979	2981
2980	2981
2981	3821
2982	2983
2982	2984
2983	2984
2983	2985
2984	3611
2985	2986
2985	2987
2986	2988
2987	2988
2987	2989
2988	2990
2988	3908
2989	2990
2989	2991
2990	2991
2990	2992
2990	3582
2991	2992
2991	2993
2992	2994
2992	3595
2993	2994
2993	2995
2995	2996
2995	2997
2996	2997
2996	2998
2997	3429
2998	2999
2998	3000
2999	3000
3000	3001
3000	3002
3001	3002
3001	3287
3002	3003
3002	3004
3003	3004
3003	3537
3004	3005
3004	3006
3004	3485
3005	3648
3006	3008
3006	3380
3007	3008
3008	3009
3008	3010
3009	3010
3009	3011
3010	3011
3010	3012
3011	3013
3012	3013
3013	3014
3013	3015
3014	3016
3014	3037
3015	3017
3016	3017
3016	3819
3017	3018
3017	3019
3018	3020
3019	3020
3020	3021
3021	3023
3021	3185
3022	3296
3023	3024
3023	3025
3023	3156
3024	3026
3024	3070
3025	3027
3027	3028
3027	3029
3028	3030
3028	3702
3029	3030
3030	3031
3031	3998
3032	3033
3032	3034
3033	3695
3033	3767
3035	3036
3035	3037
3036	3037
3036	3038
3038	3039
3039	3040
3040	3041
3040	3042
3040	3110
3041	3043
3042	3043
3042	3044
3043	3044
3043	3045
3044	3046
3045	3046
3045	3047
3046	3047
3046	3048
3048	3050
3049	3051
3050	3051
3050	3052
3051	3052
3052	3054
3053	3054
3054	3672
3054	3784
3055	3056
3055	3057
3056	3057
3057	3059
3058	3059
3058	3060
3060	3061
3060	3062
3060	3972
3061	3062
3061	3063
3062	3064
3062	3982
3063	3065
3065	3067
3066	3068
3066	3631
3067	3068
3068	3069
3068	3070
3069	3070
3069	3071
3070	3072
3071	3072
3072	3686
3074	3075
3074	3076
3075	3077
3075	3123
3075	3376
3076	3077
3077	3079
3077	3582
3078	3080
3078	3129
3079	3080
3080	3081
3080	3082
3080	3432
3081	3082
3081	3083
3082	3083
3082	3930
3083	3084
3083	3085
3084	3085
3084	3086
3084	3875
3085	3086
3085	3087
3085	3823
3086	3087
3088	3702
3089	3090
3089	3125
3089	3431
3089	3563
3090	3092
3091	3092
3091	3093
3092	3093
3094	3095
3094	3096
3096	3097
3096	3098
3097	3098
3097	3099
3097	3621
3098	3099
3098	3100
3099	3100
3101	3103
3102	3104
3102	3594
3102	3624
3104	3105
3106	3108
3106	3763
3107	3108
3108	3109
3109	3199
3109	3477
3110	3111
3111	3113
3112	3113
3113	3114
3113	3115
3114	3116
3115	3116
3115	3815
3117	3118
3117	3119
3118	3192
3118	3452
3118	3805
3119	3120
3120	3121
3120	3122
3121	3122
3122	3123
3122	3124
3123	3125
3124	3125
3124	3432
3126	3236
3127	3129
3128	3130
3129	3130
3129	3874
3130	3131
3130	3132
3131	3132
3132	3133
3132	3134
3133	3134
3133	3135
3134	3135
3135	3136
3137	3138
3138	3139
3138	3140
3139	3141
3140	3141
3140	3142
3140	3735
3141	3142
3141	3143
3142	3143
3142	3144
3143	3144
3143	3145
3144	3146
3145	3146
3145	3147
3146	3605
3147	3149
3147	3501
3148	3149
3148	3150
3148	3460
3149	3151
3149	3622
3150	3151
3150	3152
3151	3152
3151	3153
3152	3153
3152	3154
3152	3320
3153	3154
3153	3155
3154	3156
3155	3156
3156	3157
3156	3389
3157	3158
3157	3478
3158	3159
3158	3160
3159	3161
3159	3478
3160	3161
3161	3163
3161	3945
3162	3163
3162	3164
3163	3287
3164	3166
3165	3166
3167	3168
3167	3169
3168	3170
3168	3291
3169	3202
3169	3271
3170	3172
3170	3304
3170	3665
3171	3172
3171	3173
3172	3173
3172	3174
3173	3174
3173	3175
3174	3176
3175	3176
3175	3177
3176	3177
3176	3178
3177	3178
3177	3179
3178	3360
3178	3787
3179	3180
3180	3181
3181	3182
3181	3183
3182	3183
3182	3184
3182	3369
3183	3184
3183	3185
3184	3186
3185	3186
3185	3187
3185	3729
3186	3188
3187	3188
3187	3189
3188	3491
3188	3993
3189	3487
3190	3191
3191	3192
3191	3193
3192	3193
3192	3194
3193	3194
3194	3195
3194	3931
3196	3197
3196	3293
3197	3199
3199	3200
3199	3758
3200	3201
3200	3202
3201	3202
3202	3203
3203	3205
3204	3205
3204	3206
3205	3772
3207	3208
3207	3657
3208	3209
3208	3210
3209	3210
3209	3243
3209	3526
3210	3212
3210	3251
3211	3212
3212	3213
3212	3214
3214	3216
3215	3216
3215	3217
3215	3809
3216	3295
3217	3218
3217	3219
3217	3520
3218	3498
3218	3692
3219	3221
3220	3222
3222	3744
3223	3225
3224	3225
3225	3226
3227	3229
3228	3229
3230	3232
3231	3233
3231	3899
3232	3245
3233	3234
3234	3235
3235	3236
3235	3237
3236	3238
3236	3979
3237	3899
3239	3241
3240	3241
3240	3242
3241	3242
3241	3243
3242	3243
3242	3244
3243	3244
3243	3245
3244	3246
3244	3717
3245	3246
3246	3248
3247	3248
3247	3249
3247	3761
3248	3249
3249	3251
3250	3251
3250	3252
3251	3253
3252	3254
3253	3255
3254	3255
3255	3256
3255	3257
3257	3259
3258	3259
3258	3286
3259	3260
3259	3261
3259	3307
3260	3262
3261	3262
3261	3263
3262	3263
3262	3264
3263	3264
3263	3543
3264	3265
3264	3266
3265	3266
3265	3267
3266	3268
3267	3268
3267	3269
3268	3867
3269	3270
3269	3271
3270	3271
3272	3273
3272	3274
3273	3977
3275	3276
3275	3277
3276	3277
3276	3278
3277	3278
3277	3279
3278	3280
3279	3281
3280	3638
3281	3283
3281	3420
3282	3978
3283	3284
3283	3654
3284	3285
3284	3286
3284	3997
3285	3371
3285	3508
3285	3598
3286	3288
3287	3289
3288	3290
3289	3290
3290	3291
3290	3292
3291	3292
3291	3293
3292	3294
3293	3295
3293	3610
3294	3295
3294	3296
3295	3296
3295	3297
3297	3298
3297	3299
3298	3300
3299	3660
3300	3302
3301	3302
3302	3303
3303	3304
3305	3306
3306	3307
3307	3941
3308	3309
3308	3310
3309	3310
3310	3311
3310	3916
3311	3312
3311	3313
3312	3314
3312	3598
3313	3315
3314	3315
3314	3316
3315	3317
3316	3317
3317	3318
3317	3319
3318	3319
3318	3320
3319	3320
3320	3322
3321	3323
3321	3450
3322	3323
3322	3325
3323	3324
3324	3326
3325	3886
3326	3327
3326	3328
3327	3328
3327	3586
3328	3329
3328	3330
3329	3331
3330	3332
3331	3333
3332	3333
3333	3335
3333	3371
3334	3335
3334	3336
3335	3336
3335	3337
3336	3337
3336	3338
3337	3338
3337	3469
3338	3340
3338	3490
3339	3341
3340	3341
3340	3342
3341	3342
3341	3343
3342	3343
3342	3344
3343	3344
3343	3345
3344	3345
3344	3346
3345	3346
3345	3347
3346	3348
3347	3348
3347	3349
3348	3349
3349	3351
3349	3917
3350	3351
3350	3352
3351	3352
3351	3353
3352	3354
3353	3355
3354	3356
3354	3373
3355	3357
3356	3357
3356	3683
3357	3358
3357	3824
3357	3989
3359	3487
3360	3455
3361	3363
3362	3364
3362	3547
3362	3590
3363	3364
3363	3637
3364	3365
3364	3366
3365	3366
3365	3367
3366	3367
3366	3683
3367	3368
3367	3369
3368	3369
3368	3370
3369	3523
3369	3741
3370	3371
3370	3372
3371	3373
3372	3374
3373	3375
3373	3504
3375	3376
3375	3827
3377	3378
3377	3536
3378	3379
3378	3380
3379	3380
3381	3382
3381	3591
3382	3384
3382	3627
3383	3385
3385	3387
3385	3583
3387	3886
3388	3389
3388	3390
3389	3391
3390	3391
3390	3392
3390	3427
3391	3905
3392	3393
3392	3394
3394	3395
3394	3530
3395	3396
3395	3397
3396	3397
3396	3398
3396	3858
3397	3398
3398	3399
3398	3400
3399	3400
3399	3401
3400	3401
3400	3402
3400	3475
3401	3402
3401	3403
3402	3403
3402	3404
3404	3515
3405	3407
3406	3407
3406	3408
3407	3408
3407	3865
3408	3409
3408	3410
3408	3721
3409	3410
3409	3411
3410	3411
3412	3413
3412	3414
3412	3620
3413	3415
3413	3939
3414	3415
3414	3416
3415	3416
3415	3417
3416	3417
3416	3418
3417	3418
3418	3420
3419	3420
3419	3421
3422	3423
3422	3567
3424	3426
3426	3427
3426	3428
3428	3430
3429	3430
3429	3431
3430	3431
3430	3432
3431	3432
3433	3435
3434	3436
3434	3688
3435	3436
3435	3566
3436	3437
3437	3438
3437	3439
3438	3439
3438	3440
3439	3440
3439	3441
3440	3441
3440	3442
3441	3442
3441	3495
3442	3443
3443	3444
3443	3445
3444	3446
3445	3446
3446	3448
3447	3448
3447	3449
3448	3449
3448	3450
3448	3577
3449	3450
3449	3487
3449	3589
3450	3451
3450	3529
3451	3452
3451	3978
3452	3453
3453	3455
3454	3455
3455	3457
3456	3457
3456	3458
3457	3458
3457	3459
3458	3460
3458	3965
3459	3460
3459	3461
3460	3461
3462	3463
3462	3464
3462	3980
3463	3465
3464	3465
3465	3466
3467	3468
3467	3469
3468	3470
3469	3471
3469	3586
3470	3471
3470	3472
3471	3472
3472	3473
3473	3474
3475	3476
3476	3478
3476	3534
3477	3478
3479	3481
3479	3562
3480	3719
3481	3482
3482	3483
3483	3484
3483	3485
3484	3485
3484	3998
3485	3487
3486	3487
3486	3488
3487	3489
3488	3489
3488	3490
3489	3490
3489	3491
3490	3491
3491	3493
3491	3852
3492	3493
3492	3494
3493	3495
3494	3496
3495	3497
3496	3497
3496	3498
3497	3498
3498	3499
3498	3500
3499	3500
3499	3552
3500	3501
3500	3502
3501	3502
3501	3731
3502	3504
3502	3759
3503	3505
3504	3505
3504	3506
3506	3992
3507	3509
3509	3510
3509	3511
3510	3511
3510	3665
3511	3513
3512	3513
3512	3944
3513	3514
3514	3515
3515	3517
3517	3518
3517	3519
3518	3519
3518	3520
3519	3521
3520	3522
3521	3522
3524	3526
3525	3526
3525	3527
3526	3527
3527	3528
3527	3529
3528	3529
3528	3530
3530	3531
3530	3532
3531	3532
3531	3533
3532	3533
3532	3882
3533	3534
3534	3535
3534	3536
3535	3536
3535	3537
3536	3537
3537	3538
3538	3539
3538	3540
3539	3960
3540	3542
3541	3543
3542	3543
3542	3544
3543	3545
3544	3546
3545	3546
3545	3547
3548	3549
3548	3550
3549	3722
3550	3933
3551	3553
3552	3607
3553	3554
3553	3555
3554	3555
3554	3556
3555	3556
3555	3557
3556	3557
3556	3558
3557	3558
3557	3559
3558	3559
3558	3891
3560	3561
3560	3562
3561	3563
3562	3564
3563	3564
3564	3565
3564	3653
3565	3567
3566	3567
3568	3569
3569	3570
3569	3571
3570	3571
3570	3572
3570	3799
3570	3833
3571	3572
3572	3573
3572	3574
3573	3574
3573	3575
3574	3576
3575	3576
3575	3577
3577	3579
3578	3580
3579	3581
3580	3582
3581	3582
3581	3583
3582	3584
3583	3585
3584	3586
3585	3586
3585	3587
3586	3686
3587	3588
3587	3589
3587	3768
3587	3783
3588	3589
3589	3590
3590	3591
3590	3592
3591	3592
3591	3691
3592	3594
3592	3860
3593	3594
3593	3595
3594	3596
3595	3596
3595	3597
3597	3599
3598	3599
3600	3605
3601	3602
3601	3603
3602	3603
3603	3604
3603	3605
3604	3606
3605	3607
3606	3607
3606	3846
3607	3746
3608	3609
3609	3611
3610	3611
3610	3612
3610	3717
3611	3613
3612	3614
3613	3614
3614	3616
3614	3877
3615	3617
3616	3617
3616	3618
3617	3618
3617	3619
3618	3619
3618	3620
3619	3620
3619	3621
3620	3622
3621	3623
3622	3624
3623	3624
3623	3625
3624	3815
3625	3626
3625	3627
3626	3627
3626	3628
3626	3644
3627	3628
3628	3702
3629	3630
3629	3631
3630	3632
3631	3632
3631	3633
3632	3634
3633	3634
3633	3635
3633	3718
3634	3636
3635	3636
3635	3637
3636	3700
3637	3639
3638	3639
3639	3641
3640	3641
3640	3642
3641	3642
3641	3643
3642	3643
3642	3644
3643	3644
3643	3645
3643	3915
3644	3645
3645	3996
3646	3647
3647	3648
3648	3650
3649	3651
3649	3793
3650	3651
3651	3652
3652	3654
3653	3655
3654	3655
3654	3656
3655	3656
3655	3657
3656	3657
3657	3659
3658	3659
3658	3660
3659	3660
3660	3661
3662	3663
3662	3664
3664	3665
3664	3666
3665	3667
3666	3668
3667	3668
3667	3669
3668	3670
3669	3671
3670	3671
3670	3672
3671	3672
3672	3673
3673	3674
3673	3675
3674	3676
3675	3677
3675	3975
3676	3677
3677	3678
3677	3902
3682	3683
3683	3684
3683	3685
3687	3689
3688	3689
3688	3690
3689	3690
3689	3691
3690	3692
3691	3700
3692	3805
3693	3694
3693	3695
3694	3695
3696	3697
3696	3698
3697	3699
3698	3699
3699	3701
3699	3828
3701	3702
3701	3703
3702	3703
3703	3705
3704	3706
3705	3707
3706	3707
3706	3708
3707	3708
3709	3888
3710	3712
3711	3712
3712	3714
3713	3715
3714	3715
3714	3716
3715	3717
3716	3717
3716	3718
3717	3719
3719	3721
3720	3721
3721	3722
3722	3723
3723	3724
3724	3726
3726	3727
3726	3728
3727	3728
3727	3729
3728	3928
3729	3731
3730	3732
3732	3733
3732	3734
3733	3871
3734	3735
3734	3736
3736	3737
3737	3738
3737	3739
3738	3739
3738	3740
3739	3740
3740	3741
3741	3742
3741	3743
3743	3745
3744	3746
3745	3815
3746	3747
3746	3748
3747	3749
3747	3947
3748	3749
3748	3750
3749	3750
3749	3751
3751	3752
3751	3753
3752	3753
3753	3755
3755	3757
3756	3758
3757	3758
3757	3759
3758	3760
3759	3760
3760	3762
3761	3763
3762	3764
3763	3764
3764	3765
3764	3766
3765	3766
3765	3767
3766	3767
3766	3768
3767	3768
3767	3769
3768	3770
3769	3770
3769	3771
3769	3817
3770	3771
3770	3772
3771	3773
3772	3773
3774	3775
3775	3776
3775	3777
3776	3777
3776	3778
3777	3778
3777	3779
3778	3779
3778	3780
3779	3780
3779	3781
3780	3782
3781	3783
3782	3783
3782	3784
3783	3784
3784	3785
3784	3786
3785	3786
3785	3787
3786	3787
3786	3788
3787	3788
3787	3789
3788	3790
3789	3791
3790	3792
3791	3792
3791	3793
3792	3794
3795	3796
3795	3797
3797	3798
3799	3800
3800	3858
3802	3803
3803	3804
3803	3805
3804	3806
3805	3806
3806	3807
3807	3808
3807	3809
3808	3809
3808	3810
3810	3812
3811	3812
3812	3814
3812	3988
3813	3814
3813	3815
3814	3815
3814	3848
3816	3817
3818	3869
3819	3820
3820	3821
3820	3822
3821	3823
3822	3823
3822	3824
3826	3828
3827	3828
3829	3830
3829	3831
3830	3832
3831	3832
3832	3833
3833	3834
3834	3835
3835	3836
3835	3837
3836	3838
3837	3839
3838	3839
3838	3840
3839	3840
3840	3841
3840	3842
3841	3843
3842	3843
3843	3844
3843	3845
3844	3845
3844	3846
3845	3846
3845	3847
3846	3847
3847	3848
3847	3849
3848	3850
3849	3850
3850	3852
3851	3852
3852	3853
3852	3854
3853	3854
3853	3855
3854	3855
3855	3856
3856	3857
3856	3858
3857	3858
3857	3859
3858	3859
3859	3861
3860	3862
3861	3862
3861	3863
3862	3863
3863	3864
3863	3865
3864	3866
3865	3867
3865	3974
3866	3867
3866	3868
3867	3868
3868	3869
3868	3870
3868	3948
3869	3870
3869	3871
3870	3872
3871	3872
3871	3873
3873	3874
3873	3875
3874	3876
3875	3876
3876	3878
3877	3878
3877	3879
3878	3879
3878	3880
3879	3881
3880	3881
3880	3882
3881	3882
3882	3883
3882	3884
3884	3885
3885	3887
3886	3887
3887	3889
3888	3889
3888	3890
3889	3890
3889	3891
3890	3891
3890	3892
3892	3893
3892	3894
3893	3894
3893	3895
3894	3896
3895	3897
3896	3898
3897	3899
3898	3900
3898	3913
3899	3900
3899	3901
3899	3974
3900	3902
3901	3902
3901	3903
3902	3904
3903	3904
3904	3905
3904	3979
3905	3906
3906	3907
3906	3908
3907	3908
3907	3909
3908	3909
3909	3910
3909	3911
3910	3911
3910	3912
3911	3912
3912	3913
3914	3915
3914	3916
3915	3916
3916	3917
3917	3918
3917	3919
3918	3919
3918	3920
3919	3920
3919	3921
3920	3921
3922	3923
3922	3924
3923	3924
3923	3925
3925	3926
3925	3927
3926	3927
3928	3929
3929	3930
3929	3931
3930	3931
3930	3932
3931	3932
3931	3933
3932	3933
3932	3934
3933	3934
3934	3935
3934	3936
3935	3936
3937	3939
3938	3939
3938	3940
3939	3941
3940	3941
3940	3942
3941	3943
3942	3943
3943	3944
3943	3945
3944	3946
3945	3946
3946	3947
3947	3949
3948	3949
3949	3951
3950	3951
3950	3952
3951	3952
3951	3953
3952	3953
3952	3954
3953	3954
3953	3955
3954	3955
3955	3956
3955	3957
3956	3958
3957	3958
3957	3959
3958	3959
3958	3960
3959	3960
3959	3961
3960	3961
3961	3962
3961	3963
3962	3963
3962	3964
3963	3964
3963	3965
3964	3965
3965	3966
3965	3967
3966	3967
3967	3969
3968	3969
3968	3970
3968	3994
3970	3971
3970	3972
3971	3972
3971	3973
3975	3976
3975	3977
3976	3977
3977	3978
3977	3979
3978	3979
3980	3981
3981	3983
3982	3984
3983	3984
3983	3985
3984	3985
3984	3986
3985	3986
3985	3987
3986	3987
3986	3988
3987	3989
3988	3989
3989	3990
3990	3991
3991	3992
3991	3993
3992	3993
3993	3994
3994	3996
3995	3996
3995	3997
3996	3997
3998	3999
3999	4000
